6 0.431479 0.522954 0.128075 0.279895 0.850783
11 0.47416 0.30646 0.193881 0.31947 0.839454
6 0.698482 0.369066 0.0996426 0.294589 0.827618
6 0.593973 0.627174 0.127606 0.369692 0.785811
11 0.35934 0.464704 0.222681 0.314263 0.778148
11 0.7878 0.307317 0.228474 0.393538 0.768961
11 0.315481 0.214122 0.17962 0.34115 0.657167
10 0.496536 0.0899153 0.0593195 0.173507 0.645466
6 0.13792 0.280528 0.0916036 0.191911 0.636977
11 0.701499 0.650925 0.242131 0.391593 0.621221
6 0.132602 0.535505 0.092549 0.235455 0.540676
6 0.348926 0.237245 0.0836999 0.201598 0.50103
2 0.760816 0.236165 0.0252019 0.0929765 0.417121
6 0.530827 0.315746 0.0870259 0.239099 0.39842
10 0.715726 0.160797 0.0952654 0.245295 0.390819
6 0.168847 0.607638 0.0947648 0.180865 0.351983
6 0.113515 0.221635 0.0360474 0.0823448 0.280181
6 0.705834 0.197534 0.0817066 0.183283 0.266581
7 0.430739 0.229069 0.0249538 0.0717015 0.252869
