6 0.431115 0.52344 0.128004 0.281761 0.843903
6 0.699188 0.369692 0.100634 0.295396 0.833316
11 0.475478 0.30745 0.195341 0.320128 0.826146
11 0.360813 0.460516 0.221246 0.309176 0.755056
6 0.5948 0.627584 0.127953 0.36948 0.734395
11 0.31665 0.203598 0.180301 0.323535 0.653621
10 0.149692 0.201169 0.0879544 0.19933 0.52067
11 0.698165 0.650403 0.246424 0.393405 0.51533
11 0.790413 0.30554 0.252031 0.399129 0.512745
10 0.713622 0.152002 0.0960847 0.253825 0.494264
6 0.519006 0.327976 0.111283 0.269624 0.488374
6 0.347158 0.234531 0.0791102 0.189691 0.4825
6 0.159942 0.343074 0.103542 0.246574 0.426198
7 0.738361 0.266732 0.0268345 0.0764281 0.392736
6 0.708469 0.198197 0.0921301 0.195645 0.365821
10 0.161119 0.346898 0.102317 0.248605 0.325582
7 0.430834 0.231112 0.02614 0.0720824 0.290954
10 0.496213 0.0899866 0.0602615 0.176508 0.28833
