6 0.431164 0.521457 0.128698 0.284655 0.842285
6 0.698378 0.368905 0.0995399 0.295591 0.836926
11 0.476422 0.306596 0.19228 0.317557 0.812977
6 0.593631 0.62686 0.127595 0.37011 0.805837
11 0.794984 0.30669 0.240485 0.390596 0.800979
11 0.362782 0.470012 0.22864 0.322256 0.784154
6 0.137487 0.277101 0.0887558 0.192629 0.7489
11 0.703207 0.65072 0.236634 0.393872 0.620213
2 0.761269 0.237495 0.0244777 0.0972108 0.551272
11 0.315202 0.210833 0.176767 0.334493 0.547237
10 0.497709 0.0902182 0.0620165 0.174917 0.545907
6 0.168618 0.608663 0.0946638 0.182427 0.530443
6 0.521213 0.327224 0.107571 0.269767 0.498722
6 0.367648 0.256054 0.104833 0.2137 0.347333
6 0.706801 0.201199 0.0842227 0.196066 0.34455
2 0.738737 0.258218 0.0304533 0.0961586 0.290933
10 0.713308 0.154857 0.0919963 0.260652 0.27525
6 0.344682 0.234723 0.0735114 0.181385 0.262045
7 0.430796 0.230205 0.0253103 0.071604 0.260286
