6 0.431581 0.522755 0.127915 0.281715 0.841879
6 0.698608 0.368628 0.0994354 0.295969 0.833484
11 0.796963 0.307301 0.246078 0.392271 0.814522
11 0.475808 0.306137 0.194289 0.317877 0.803571
6 0.593863 0.62755 0.12622 0.367793 0.750898
11 0.355713 0.462238 0.215334 0.308618 0.712489
6 0.519282 0.327263 0.110568 0.264682 0.634543
11 0.698416 0.649131 0.248463 0.392531 0.573931
11 0.315159 0.213378 0.178673 0.335345 0.559148
10 0.495887 0.0901083 0.0582098 0.174394 0.559081
2 0.76137 0.236657 0.0245473 0.101646 0.55103
6 0.16855 0.606941 0.0947473 0.1782 0.429846
6 0.707156 0.201201 0.0843136 0.195753 0.386265
6 0.348337 0.235536 0.0784033 0.191724 0.379502
2 0.738493 0.255839 0.0301502 0.096942 0.312423
9 0.115214 0.221486 0.0464687 0.0994335 0.275924
7 0.43106 0.22835 0.0267591 0.0731901 0.254608
10 0.0706976 0.2423 0.0371562 0.117059 0.254584
