6 0.697378 0.368618 0.0975189 0.29295 0.833733
11 0.788574 0.307186 0.219133 0.39336 0.819992
6 0.43121 0.520214 0.12614 0.284406 0.81639
6 0.593415 0.625925 0.125067 0.367152 0.807266
11 0.491362 0.306959 0.163083 0.319724 0.72572
11 0.703497 0.650438 0.235329 0.386561 0.70457
11 0.348369 0.470082 0.176105 0.302956 0.660272
10 0.713344 0.171098 0.10084 0.247277 0.641496
6 0.13605 0.525201 0.0885555 0.215224 0.500665
2 0.761521 0.233835 0.0244429 0.0978183 0.4764
6 0.24695 0.251553 0.110625 0.301324 0.454323
6 0.136074 0.280684 0.0833907 0.194128 0.442112
10 0.385568 0.22395 0.126129 0.261515 0.416974
2 0.73868 0.257874 0.0298479 0.0971022 0.362291
10 0.169563 0.233902 0.0655763 0.207667 0.356311
