11 0.481213 0.309116 0.179628 0.316773 0.875622
6 0.431901 0.520139 0.126861 0.290797 0.851537
10 0.638633 0.340673 0.125691 0.474621 0.761254
11 0.77504 0.321486 0.214386 0.364759 0.74122
11 0.353667 0.468344 0.201513 0.303969 0.676914
11 0.679843 0.650555 0.283988 0.396845 0.54152
2 0.761437 0.237019 0.0245285 0.100779 0.52527
6 0.594778 0.629761 0.129712 0.372021 0.503402
6 0.703177 0.363256 0.100654 0.334686 0.447002
10 0.362606 0.220479 0.129724 0.313424 0.445907
10 0.71424 0.132556 0.0975254 0.1985 0.414545
9 0.121662 0.275927 0.11481 0.194399 0.403846
6 0.135214 0.278295 0.0956245 0.190536 0.352986
2 0.738471 0.257563 0.0291515 0.0950689 0.347378
11 0.324032 0.235861 0.196815 0.343474 0.263983
7 0.43106 0.231194 0.0225803 0.0692133 0.255334
