10 0.902068 0.687929 0.0541012 0.231181 0.826999
10 0.504536 0.650017 0.0472725 0.23411 0.812784
10 0.558627 0.640325 0.0551886 0.259274 0.786705
10 0.888912 0.548593 0.0297419 0.151905 0.76568
10 0.860348 0.540168 0.0308308 0.159081 0.750245
0 0.634015 0.567428 0.0604727 0.137331 0.707857
10 0.840228 0.535955 0.0243935 0.150852 0.681532
10 0.205831 0.677039 0.035853 0.163452 0.325531
10 0.164315 0.753483 0.0385626 0.152729 0.31844
6 0.263999 0.698231 0.0553563 0.18889 0.281669
6 0.404249 0.692291 0.0625974 0.157837 0.27908
