11 0.784478 0.31591 0.197803 0.429619 0.9346
11 0.350015 0.459949 0.178475 0.297122 0.806082
11 0.315249 0.185432 0.171691 0.282747 0.79942
2 0.762338 0.234911 0.0252804 0.0959925 0.763444
6 0.433488 0.51669 0.135834 0.28271 0.739425
11 0.698143 0.645809 0.241359 0.393588 0.727635
10 0.496224 0.085034 0.0589395 0.169519 0.703565
6 0.70412 0.367853 0.11363 0.30039 0.686486
11 0.191587 0.737196 0.245895 0.463851 0.650833
11 0.467138 0.283695 0.184976 0.281478 0.64875
6 0.594609 0.624789 0.136211 0.369426 0.627685
6 0.310967 0.773176 0.134545 0.253118 0.622767
2 0.837874 0.280409 0.0262753 0.0903022 0.5692
10 0.874047 0.282856 0.12069 0.358129 0.55244
2 0.74002 0.261959 0.0288668 0.092191 0.523273
7 0.804429 0.216421 0.0252499 0.0444932 0.469868
6 0.509036 0.334875 0.0964475 0.246729 0.444607
10 0.275911 0.0429267 0.0601082 0.0854425 0.441772
6 0.13199 0.55002 0.108018 0.277258 0.424676
6 0.352346 0.214374 0.0978399 0.205266 0.321585
6 0.458412 0.911722 0.161115 0.172929 0.311842
6 0.714565 0.202058 0.104597 0.216013 0.309006
7 0.667749 0.62337 0.0271816 0.0684096 0.279551
6 0.350933 0.0726065 0.116675 0.136286 0.278781
7 0.739369 0.262923 0.0282263 0.0915437 0.25809
