11 0.785433 0.314172 0.202598 0.422699 0.900683
11 0.349099 0.462676 0.181117 0.302223 0.831003
11 0.700084 0.645623 0.235686 0.393135 0.815051
2 0.761605 0.234935 0.0254042 0.09824 0.774662
10 0.495922 0.0857507 0.0598844 0.171501 0.739604
6 0.432244 0.516947 0.138323 0.284743 0.730286
6 0.703876 0.367357 0.113927 0.304711 0.698145
11 0.313402 0.185032 0.173818 0.279591 0.675906
6 0.594865 0.624529 0.136615 0.3696 0.642365
11 0.191945 0.736237 0.246871 0.468242 0.620528
10 0.158452 0.332848 0.126466 0.259227 0.617757
6 0.310423 0.773278 0.136013 0.254861 0.614155
11 0.46946 0.284278 0.188278 0.28277 0.604344
10 0.146533 0.195746 0.103729 0.20642 0.561361
2 0.838494 0.279421 0.0271172 0.0936981 0.542379
2 0.738524 0.259541 0.0240661 0.0806965 0.427821
2 0.125848 0.796175 0.0438682 0.0986535 0.413829
10 0.877531 0.293501 0.108196 0.330352 0.405663
6 0.510242 0.335853 0.0977838 0.247109 0.402018
6 0.355862 0.2164 0.0961221 0.212531 0.380323
6 0.709846 0.169217 0.0952372 0.143168 0.37027
6 0.458037 0.912308 0.161635 0.171997 0.315631
7 0.804529 0.216266 0.0251217 0.0440194 0.311331
6 0.128339 0.543468 0.103998 0.258122 0.252366
