11 0.786347 0.315402 0.196728 0.426065 0.933107
11 0.350898 0.461762 0.179813 0.299167 0.843317
2 0.761238 0.236103 0.0256468 0.0958309 0.8048
10 0.495883 0.0855494 0.0592361 0.171099 0.742822
11 0.698417 0.646539 0.242027 0.396062 0.728189
6 0.432663 0.517079 0.136969 0.283848 0.725461
11 0.313277 0.192663 0.172702 0.294925 0.720528
6 0.704244 0.366904 0.115409 0.302989 0.687819
11 0.19678 0.734699 0.235901 0.455139 0.683469
6 0.594943 0.624938 0.137291 0.370972 0.637057
6 0.311528 0.772739 0.13407 0.252448 0.594552
2 0.740586 0.259678 0.0291923 0.0924826 0.590213
11 0.468629 0.28284 0.185157 0.279892 0.575549
2 0.838642 0.280044 0.0288418 0.0943503 0.562861
7 0.804586 0.216373 0.0251266 0.0449239 0.421891
6 0.510045 0.334813 0.0976407 0.244768 0.419874
10 0.870361 0.305473 0.122754 0.333732 0.411357
10 0.56949 0.0983608 0.0472132 0.132183 0.40436
6 0.356941 0.21755 0.0979942 0.212463 0.387893
6 0.458154 0.911958 0.162526 0.172724 0.346115
2 0.126088 0.795983 0.0441218 0.098705 0.34336
6 0.868775 0.515989 0.186147 0.6301 0.293468
11 0.634233 0.150854 0.114456 0.156705 0.262581
10 0.1176 0.374232 0.120567 0.277695 0.260913
