11 0.786641 0.311669 0.197908 0.429567 0.930735
11 0.350124 0.461199 0.184085 0.297172 0.825987
2 0.761291 0.232662 0.0257981 0.101517 0.784659
11 0.698782 0.646821 0.238665 0.397008 0.773897
10 0.496354 0.0862159 0.060466 0.172432 0.732475
6 0.431857 0.516807 0.139119 0.283822 0.731814
6 0.705165 0.367286 0.115974 0.302966 0.687404
11 0.468894 0.286 0.180622 0.286289 0.659254
11 0.315383 0.187958 0.171105 0.279218 0.648698
6 0.59468 0.624767 0.136397 0.369635 0.619914
11 0.193563 0.737552 0.245451 0.470735 0.610664
6 0.311415 0.77271 0.135213 0.252193 0.603833
6 0.508195 0.337822 0.0982319 0.239044 0.57152
2 0.838669 0.279159 0.0280701 0.0946819 0.546
2 0.740546 0.260698 0.0293257 0.0931484 0.505059
10 0.877481 0.296045 0.107398 0.332954 0.47114
7 0.804491 0.216502 0.025069 0.0445703 0.416738
6 0.354509 0.216588 0.0989491 0.21179 0.412958
6 0.4567 0.912091 0.164584 0.171388 0.403055
2 0.125777 0.795302 0.0435635 0.0969725 0.392745
7 0.667825 0.618577 0.0261562 0.0649458 0.328975
10 0.72309 0.160005 0.100326 0.26026 0.321157
