11 0.779357 0.312205 0.186068 0.439542 0.909119
11 0.701181 0.643252 0.237845 0.387341 0.807861
11 0.346377 0.458022 0.190898 0.298188 0.802308
10 0.496101 0.085571 0.059239 0.171142 0.764333
2 0.761319 0.234088 0.0252048 0.0975086 0.762145
6 0.592627 0.623678 0.136625 0.371571 0.746879
2 0.838578 0.278859 0.0277424 0.094813 0.734732
6 0.433137 0.518184 0.135184 0.280809 0.709968
6 0.704155 0.36632 0.114652 0.300474 0.675197
10 0.187672 0.253139 0.112376 0.253694 0.56574
10 0.875225 0.286722 0.106142 0.328618 0.546834
6 0.313376 0.770526 0.131009 0.254176 0.509736
2 0.125524 0.795097 0.0439716 0.0964427 0.509198
2 0.739985 0.258202 0.0285744 0.0854331 0.4995
10 0.384394 0.222862 0.127685 0.265099 0.489091
11 0.322122 0.138299 0.161229 0.194107 0.471567
6 0.506641 0.336921 0.0997175 0.239183 0.468168
11 0.478205 0.231306 0.143957 0.184147 0.457089
11 0.17977 0.742509 0.280035 0.467265 0.446347
6 0.710642 0.198076 0.0960088 0.200787 0.44272
7 0.668129 0.618679 0.0270901 0.0694667 0.401686
6 0.457886 0.911193 0.165554 0.173546 0.371658
7 0.804537 0.215521 0.025246 0.0424532 0.320202
10 0.245725 0.259306 0.117885 0.297459 0.265787
