11 0.78409 0.314626 0.184582 0.429053 0.889211
11 0.705591 0.642038 0.224663 0.373441 0.811578
11 0.348686 0.461327 0.182474 0.317185 0.806067
11 0.469663 0.249441 0.169982 0.217403 0.792924
10 0.0920353 0.289237 0.104144 0.234158 0.743644
6 0.433208 0.516548 0.136626 0.282308 0.739175
10 0.496854 0.0865811 0.0610216 0.173162 0.731433
2 0.761302 0.235806 0.0235483 0.0903376 0.702258
6 0.593922 0.624357 0.13837 0.372075 0.693821
10 0.874099 0.290273 0.116807 0.322695 0.678043
6 0.706962 0.370575 0.121177 0.297733 0.66588
10 0.639273 0.314232 0.128907 0.41673 0.653244
2 0.83947 0.276737 0.023324 0.0903454 0.6243
6 0.505813 0.339586 0.106717 0.245212 0.618448
11 0.195018 0.735293 0.241846 0.469764 0.606116
6 0.310913 0.771838 0.135306 0.253207 0.605144
7 0.804509 0.216355 0.0240849 0.0421992 0.532406
2 0.740522 0.256388 0.0283857 0.0855477 0.424679
11 0.313157 0.169952 0.172138 0.271458 0.391759
6 0.457023 0.911766 0.166373 0.172203 0.382208
7 0.668095 0.617515 0.0261839 0.0661903 0.359504
2 0.125515 0.795313 0.0440346 0.0967383 0.323823
10 0.566539 0.0928849 0.0385353 0.117374 0.320958
11 0.352092 0.0935988 0.093427 0.101753 0.303033
6 0.365503 0.221079 0.133983 0.256781 0.302106
6 0.129678 0.546066 0.103617 0.267599 0.288054
10 0.717933 0.165377 0.103639 0.267939 0.275239
