1 0.375382 0.0895048 0.260738 0.18048 0.436744
1 0.245814 0.503611 0.490312 0.995633 0.352022
1 0.2711 0.0931962 0.472097 0.186964 0.325633
1 0.239844 0.626072 0.477995 0.751701 0.307478
1 0.725168 0.233062 0.54591 0.462145 0.284536
1 0.255015 0.626301 0.51026 0.748699 0.269625
1 0.173028 0.118807 0.337416 0.237951 0.224389
1 0.173224 0.0886679 0.288559 0.178063 0.197464
1 0.24804 0.703907 0.495001 0.592358 0.191358
4 0.938266 0.292952 0.0427755 0.0911946 0.187539
1 0.417137 0.0876025 0.434241 0.175741 0.181859
1 0.29113 0.111061 0.576022 0.223601 0.181182
1 0.501451 0.499028 0.999878 0.99999 0.167489
1 0.251645 0.124288 0.494788 0.252078 0.165784
1 0.308567 0.499483 0.619277 0.999988 0.164452
1 0.422254 0.0856258 0.149789 0.173772 0.16098
1 0.351639 0.609619 0.702521 0.78118 0.153453
1 0.206722 0.506009 0.410332 0.551677 0.151087
1 0.39228 0.10344 0.519227 0.207594 0.149088
1 0.507642 0.226127 0.978646 0.451132 0.148937
1 0.365774 0.0914453 0.669932 0.182754 0.148349
1 0.150447 0.0266237 0.184278 0.0532767 0.147814
1 0.184293 0.0971686 0.309774 0.194152 0.147417
1 0.15572 0.0376551 0.21773 0.0752506 0.140483
1 0.184662 0.0335017 0.103043 0.067625 0.134177
1 0.301107 0.114627 0.585934 0.231477 0.133243
1 0.60578 0.227983 0.782677 0.454803 0.131863
1 0.616283 0.225489 0.758636 0.451489 0.125295
4 0.849913 0.173198 0.0715855 0.0806019 0.125173
1 0.335739 0.10785 0.663074 0.216396 0.124156
4 0.843519 0.169301 0.0581284 0.0625996 0.122165
1 0.164408 0.0391692 0.240819 0.078902 0.121689
1 0.255572 0.116698 0.182443 0.23349 0.121137
11 0.245611 0.825707 0.487685 0.350736 0.120108
4 0.990787 0.330494 0.0189257 0.167706 0.120037
1 0.292037 0.0871486 0.511167 0.173758 0.119246
1 0.186249 0.0239271 0.0899575 0.0481468 0.117024
1 0.723645 0.274847 0.549508 0.544857 0.114411
1 0.13773 0.0736556 0.255601 0.149455 0.114227
1 0.465128 0.6244 0.932997 0.752252 0.114011
4 0.833207 0.167724 0.0354813 0.0535113 0.108864
10 0.209361 0.0321245 0.060051 0.0657234 0.108287
4 0.981965 0.144465 0.0362598 0.0954849 0.107814
1 0.469159 0.0923352 0.85236 0.185395 0.107584
1 0.131699 0.0194772 0.0906391 0.0393072 0.107331
1 0.53759 0.0910291 0.660032 0.18235 0.106765
1 0.489266 0.095536 0.567732 0.192906 0.106618
1 0.0463147 0.5695 0.0922086 0.860076 0.106392
4 0.861564 0.18163 0.0931757 0.0932767 0.106086
1 0.402577 0.0848007 0.196116 0.171781 0.105337
1 0.187382 0.124364 0.367919 0.248034 0.104773
1 0.230848 0.699541 0.455191 0.601554 0.104188
1 0.451476 0.0854179 0.329806 0.174593 0.103589
1 0.0418476 0.604438 0.083107 0.792403 0.102979
1 0.459687 0.0862899 0.498016 0.173951 0.102208
1 0.0693989 0.613107 0.138096 0.774694 0.102169
1 0.14227 0.0416692 0.201319 0.0842245 0.100612
1 0.248751 0.751433 0.497007 0.498679 0.0970596
1 0.538698 0.0868823 0.663525 0.174517 0.0941342
1 0.0756514 0.503812 0.150328 0.992259 0.0928019
1 0.730782 0.242497 0.532369 0.380705 0.0924921
1 0.206073 0.448213 0.408151 0.834255 0.0912158
1 0.339154 0.128564 0.675152 0.261542 0.0890699
10 0.992081 0.323122 0.0151525 0.112244 0.0882125
1 0.191238 0.0392109 0.287347 0.0797426 0.0875407
1 0.0313894 0.299564 0.0630366 0.566244 0.0873871
1 0.0366951 0.474117 0.0732974 0.680961 0.084027
1 0.0746397 0.597706 0.148553 0.805108 0.08389
1 0.149492 0.0455133 0.225868 0.0912018 0.0833238
1 0.460109 0.0967284 0.828401 0.195857 0.081824
4 0.976124 0.134967 0.0470385 0.262421 0.0817617
3 0.90825 0.156469 0.182212 0.30778 0.0796936
1 0.0348014 0.356748 0.0696025 0.601835 0.0783732
1 0.424961 0.108306 0.128958 0.1335 0.0780088
1 0.0842182 0.0139141 0.0794777 0.028682 0.0775499
1 0.0325044 0.587353 0.0647707 0.823144 0.0775246
1 0.22946 0.651849 0.448857 0.699997 0.0774142
1 0.501767 0.666288 0.996836 0.671956 0.0771175
4 0.941789 0.3148 0.11632 0.240497 0.0768719
4 0.989744 0.168892 0.0201651 0.0680587 0.0767617
1 0.32446 0.130171 0.639903 0.266624 0.0756975
10 0.21095 0.0199489 0.0403266 0.0400777 0.0739462
1 0.611232 0.237348 0.767802 0.482751 0.0737123
3 0.91068 0.111866 0.176361 0.221005 0.0736448
1 0.194841 0.644204 0.382326 0.687998 0.0727543
3 0.724178 0.104452 0.102865 0.110291 0.0726585
4 0.95635 0.164211 0.0872679 0.321091 0.0718267
1 0.110797 0.0194674 0.123198 0.0398381 0.0718104
1 0.64525 0.173274 0.369585 0.325504 0.0706398
3 0.673327 0.0983951 0.403881 0.196303 0.0704486
4 0.864202 0.280685 0.0613827 0.0909408 0.0695416
1 0.0452718 0.435278 0.0905562 0.401547 0.0695368
1 0.267151 0.0916719 0.135541 0.184969 0.0689829
1 0.510843 0.114497 0.946509 0.22923 0.0689607
1 0.0144633 0.367781 0.0297964 0.233876 0.068239
1 0.0232464 0.484819 0.0470066 0.681959 0.0679112
4 0.975504 0.331085 0.0495197 0.193032 0.067422
1 0.0284124 0.335311 0.058633 0.180055 0.0668062
1 0.277546 0.109508 0.215756 0.221836 0.0646004
4 0.949735 0.317225 0.100251 0.267705 0.0644058
1 0.0329428 0.27404 0.0666551 0.373086 0.0639615
4 0.973324 0.0858775 0.0513628 0.163361 0.0639175
4 0.863473 0.132093 0.026078 0.0380123 0.0638325
1 0.0176621 0.281091 0.0364763 0.372728 0.0635501
1 0.899873 0.233584 0.199268 0.454713 0.062626
6 0.223557 0.683682 0.335238 0.284356 0.0622734
4 0.939324 0.158092 0.121161 0.153102 0.0622228
3 0.705657 0.0612477 0.328929 0.12241 0.0621419
1 0.465846 0.160699 0.90771 0.318527 0.0613344
10 0.504482 0.0143923 0.0564588 0.0289455 0.0611241
1 0.0560258 0.565963 0.112074 0.872579 0.0606535
10 0.969654 0.338149 0.0228399 0.0580096 0.0586892
4 0.974365 0.345249 0.0512457 0.175317 0.058641
3 0.689818 0.0812868 0.44074 0.161608 0.0585479
1 0.0102427 0.332044 0.0213816 0.140574 0.0576626
1 0.670062 0.498102 0.672485 0.999811 0.0574041
10 0.529055 0.0203008 0.102903 0.0396608 0.0573216
3 0.736279 0.0796627 0.506169 0.161394 0.0573178
1 0.0556069 0.474555 0.110852 0.496545 0.0572549
10 0.42655 0.0211067 0.0794101 0.0421524 0.0570579
4 0.969659 0.336675 0.0224762 0.0516206 0.0565406
1 0.620729 0.128051 0.319703 0.248298 0.0558261
4 0.948966 0.0881901 0.10121 0.172469 0.055699
10 0.50676 0.0172905 0.0583303 0.0354366 0.0556631
3 0.911395 0.225028 0.176928 0.44103 0.0554111
4 0.962938 0.115898 0.0731594 0.222262 0.0550284
1 0.501092 0.674161 0.989548 0.655176 0.0547082
1 0.101424 0.0138605 0.0483164 0.0286333 0.0540077
1 0.130922 0.511804 0.262207 0.998387 0.0535769
1 0.254383 0.809061 0.507634 0.395517 0.0534484
1 0.030221 0.540847 0.061236 0.922924 0.0532608
4 0.965423 0.223487 0.0686876 0.438839 0.0532205
10 0.791449 0.262902 0.0337851 0.0570361 0.0530447
1 0.119964 0.513486 0.239796 0.991908 0.0527064
1 0.0707234 0.491234 0.141624 0.690461 0.0525759
4 0.985964 0.271074 0.0283369 0.39859 0.0525097
4 0.808614 0.139788 0.136626 0.126678 0.0523623
4 0.859431 0.167933 0.0351429 0.0444101 0.0521406
1 0.396104 0.130635 0.778998 0.265283 0.0520978
10 0.972546 0.0585867 0.0484364 0.111049 0.0518018
1 0.250516 0.793441 0.497834 0.422419 0.0517705
11 0.275321 0.875309 0.425556 0.251237 0.0517197
1 0.0129764 0.247963 0.0260289 0.252866 0.0516831
4 0.956958 0.276057 0.0861174 0.17499 0.0510589
1 0.180009 0.510985 0.357059 0.549368 0.0503985
4 0.862126 0.145362 0.0425175 0.0808295 0.05003
3 0.900569 0.286124 0.198434 0.294843 0.049291
1 0.0145444 0.452859 0.029458 0.401803 0.049273
4 0.802034 0.102432 0.0506285 0.0608807 0.0486133
1 0.397575 0.123574 0.177168 0.127858 0.0480911
1 0.251881 0.612074 0.333558 0.396985 0.0480121
1 0.404448 0.0210227 0.151866 0.0418431 0.0480066
1 0.722179 0.130598 0.34096 0.249453 0.0478696
1 0.889526 0.25381 0.219757 0.372659 0.0477268
3 0.702261 0.105646 0.396402 0.210866 0.0475786
1 0.0446352 0.635638 0.0890013 0.729337 0.0470904
10 0.546867 0.0192276 0.0695481 0.0376861 0.0466866
1 0.938087 0.259796 0.123122 0.49434 0.0459466
4 0.857152 0.222003 0.111469 0.169629 0.0455085
4 0.923657 0.132191 0.0917814 0.0952572 0.0449727
1 0.274632 0.0890049 0.502147 0.180493 0.0449009
10 0.343754 0.014956 0.145373 0.0307832 0.0447836
1 0.070545 0.689014 0.140393 0.625759 0.0446594
4 0.947039 0.145812 0.0279087 0.0376857 0.0445933
4 0.86341 0.170814 0.0350439 0.048232 0.0444762
1 0.524103 0.0981143 0.617896 0.189403 0.0441752
11 0.251302 0.946491 0.503945 0.109816 0.0440159
10 0.410639 0.0174797 0.0403033 0.0349269 0.043687
1 0.612762 0.133972 0.319957 0.272207 0.043584
4 0.530812 0.0436495 0.121858 0.0871003 0.0433864
11 0.250949 0.923295 0.490808 0.157501 0.0431046
4 0.965618 0.45588 0.0692642 0.565314 0.0430614
1 0.631331 0.105153 0.323898 0.205926 0.0427258
10 0.209317 0.0172801 0.0424891 0.0351377 0.0425103
11 0.247121 0.95191 0.491494 0.0988819 0.0421353
1 0.0189616 0.506227 0.038859 0.66193 0.0410463
10 0.385994 0.0912828 0.0526459 0.0922827 0.0404431
10 0.987912 0.254355 0.0252382 0.339217 0.0403626
1 0.824586 0.257068 0.342748 0.349129 0.0390982
3 0.752103 0.0544936 0.470604 0.113404 0.03909
4 0.792849 0.137798 0.102667 0.106945 0.0389897
4 0.936425 0.307958 0.0326111 0.0555094 0.0385372
1 0.184547 0.573696 0.367266 0.99058 0.0380367
10 0.98753 0.49736 0.0258053 0.504258 0.0376049
11 0.291457 0.879164 0.386393 0.244059 0.0375935
1 0.251968 0.707733 0.50239 0.999758 0.0365731
10 0.214119 0.0185684 0.043409 0.037734 0.0364346
4 0.904221 0.313701 0.182708 0.251067 0.0361967
1 0.216869 0.683433 0.416541 0.697001 0.0361141
1 0.606039 0.140684 0.302435 0.269393 0.0359288
11 0.254551 0.910946 0.479722 0.182807 0.0354497
1 0.965572 0.564838 0.0688555 0.849644 0.0349665
10 0.988607 0.323643 0.0220087 0.217067 0.0346012
4 0.884966 0.197618 0.0423634 0.0590233 0.0344742
1 0.0862054 0.912074 0.173752 0.17479 0.0341958
4 0.842085 0.108397 0.028746 0.0333436 0.0340659
1 0.0665707 0.76641 0.131999 0.553259 0.0340556
4 0.938931 0.147106 0.0437578 0.0477114 0.0340147
1 0.497479 0.0962934 0.173582 0.196641 0.0338015
1 0.463135 0.434011 0.921731 0.999759 0.0336719
1 0.182831 0.648841 0.340709 0.491606 0.0334448
4 0.981755 0.108714 0.0334522 0.0750174 0.0331717
1 0.156504 0.571221 0.305016 0.535437 0.0328193
11 0.0413796 0.926108 0.083622 0.14922 0.0328036
6 0.244306 0.834933 0.439672 0.334751 0.0325146
4 0.89735 0.128225 0.0397923 0.0645079 0.032396
4 0.718262 0.135146 0.138728 0.16891 0.0323727
4 0.958168 0.260614 0.0834087 0.147408 0.0316662
1 0.28591 0.0587252 0.135207 0.12482 0.0314669
4 0.953173 0.350634 0.0885471 0.123658 0.0311637
1 0.537965 0.166667 0.16291 0.254994 0.0311147
4 0.898621 0.144463 0.0467201 0.0870656 0.0308783
1 0.607621 0.0996869 0.280317 0.180599 0.0307131
1 0.0274336 0.371846 0.0557861 0.144924 0.0302934
10 0.549625 0.0426784 0.123495 0.0853573 0.0302379
1 0.0846985 0.946327 0.170159 0.108495 0.0299522
1 0.299782 0.91255 0.567451 0.285963 0.0299511
10 0.350799 0.609158 0.146268 0.336401 0.0297154
1 0.821361 0.195442 0.170853 0.214657 0.0293296
6 0.237131 0.948104 0.454453 0.119975 0.029221
1 0.234297 0.865237 0.448502 0.986528 0.0288551
4 0.863653 0.186753 0.03535 0.0537675 0.0283875
4 0.816608 0.172726 0.0479809 0.0570705 0.0283429
6 0.195408 0.722199 0.32041 0.373849 0.0281837
1 0.632214 0.0760052 0.112351 0.110812 0.028098
11 0.249389 0.971601 0.45272 0.0621563 0.0280945
1 0.127278 0.850553 0.255847 0.298789 0.0280261
4 0.753277 0.122533 0.0541209 0.0886892 0.027917
4 0.969997 0.280356 0.0568094 0.179395 0.0278702
4 0.797441 0.163409 0.0543964 0.0573315 0.0278605
1 0.377468 0.0803387 0.197776 0.160467 0.0276612
1 0.161332 0.466537 0.286486 0.332871 0.0275435
10 0.98971 0.246244 0.0192638 0.0413683 0.0275131
1 0.29926 0.145093 0.0887349 0.171835 0.0271811
1 0.390617 0.0642946 0.180476 0.129412 0.0271023
1 0.637013 0.590178 0.73805 0.966095 0.0267881
6 0.250558 0.964958 0.434767 0.0712759 0.026613
10 0.985103 0.221854 0.0259953 0.0468161 0.0262094
1 0.43079 0.173882 0.139179 0.160899 0.0255423
6 0.136167 0.775909 0.274638 0.447457 0.0252601
1 0.125522 0.60709 0.233356 0.495299 0.0251203
1 0.198975 0.639786 0.246357 0.265136 0.0248532
1 0.142296 0.481768 0.213346 0.458756 0.0245075
1 0.118306 0.443133 0.219257 0.397377 0.0243894
1 0.0108127 0.385789 0.0204967 0.109046 0.0241103
4 0.770783 0.15112 0.0259691 0.0383773 0.0240731
4 0.86068 0.168409 0.0303846 0.0333395 0.024044
1 0.444258 0.11823 0.0767097 0.100947 0.0239069
11 0.257264 0.988008 0.362067 0.0371519 0.0234364
4 0.830535 0.169413 0.024329 0.0394526 0.0233838
1 0.666234 0.179536 0.208521 0.158302 0.0231287
10 0.40849 0.0672213 0.144456 0.131176 0.0230614
4 0.620172 0.141674 0.104391 0.114195 0.0229994
6 0.250278 0.972563 0.236787 0.0488481 0.0229291
6 0.213703 0.917443 0.266918 0.176775 0.0229247
4 0.936164 0.298208 0.0350086 0.0792581 0.0221846
10 0.991419 0.646407 0.0168247 0.0980037 0.0221666
4 0.943068 0.177512 0.0400356 0.0514198 0.0221132
6 0.225257 0.970852 0.226774 0.0557276 0.022047
4 0.782845 0.142038 0.0871545 0.0985389 0.0219859
10 0.7543 0.245983 0.0274663 0.0340276 0.0219666
6 0.14471 0.682774 0.215178 0.359987 0.021933
1 0.16233 0.639008 0.22585 0.387262 0.0218799
6 0.293602 0.980564 0.360564 0.0402964 0.0217896
1 0.178218 0.0588717 0.232875 0.0941943 0.0216754
10 0.945053 0.366847 0.0214453 0.0377407 0.0214365
1 0.250971 0.99129 0.269541 0.0328066 0.0213035
1 0.112404 0.105319 0.146978 0.134156 0.0212841
1 0.134885 0.649735 0.182797 0.365941 0.0207037
1 0.71419 0.281143 0.223527 0.199656 0.0206618
6 0.157559 0.839612 0.201923 0.294681 0.0205324
10 0.889845 0.239627 0.0380085 0.0552915 0.0202069
1 0.371635 0.150091 0.175968 0.0666709 0.0199096
1 0.13983 0.959744 0.200348 0.0901749 0.0199014
10 0.499343 0.0846713 0.0504092 0.049621 0.0197402
10 0.448699 0.204144 0.0841737 0.0635176 0.0193554
6 0.145397 0.827329 0.123668 0.157159 0.0191708
4 0.813593 0.19408 0.0491184 0.0616966 0.0190719
10 0.917491 0.402511 0.0199268 0.0300376 0.0189433
6 0.160392 0.864734 0.240196 0.20559 0.0183644
4 0.949249 0.790226 0.100327 0.133837 0.0181663
4 0.967782 0.563911 0.0600237 0.0954613 0.0181028
1 0.493925 0.768808 0.99893 0.961782 0.0180376
10 0.833968 0.272771 0.0269955 0.0317172 0.0177846
1 0.7606 0.359123 0.437717 0.2495 0.0176611
1 0.734404 0.539073 0.501201 0.561005 0.0175905
10 0.139193 0.951328 0.106232 0.113251 0.0174899
10 0.86725 0.341133 0.0252798 0.0271673 0.0174534
10 0.767829 0.38099 0.0379339 0.0471867 0.017135
1 0.489768 0.753742 0.9951 0.998729 0.0170506
1 0.494522 0.783514 0.999972 0.999636 0.0166446
11 0.745826 0.802528 0.150941 0.117455 0.0164067
11 0.22767 0.946948 0.165966 0.108434 0.016307
10 0.413603 0.265212 0.0771563 0.0504799 0.0159855
1 0.488622 0.85488 0.999944 0.999369 0.015952
10 0.753372 0.2372 0.0447676 0.0363864 0.0158391
1 0.432771 0.729683 0.117869 0.137804 0.015372
10 0.950056 0.731479 0.0470282 0.0569083 0.0150809
1 0.565573 0.414413 0.748538 0.214315 0.0149957
10 0.684196 0.581719 0.0778204 0.0633213 0.0145122
