3 0.500622 0.19072 0.99949 0.382676 0.545091
3 0.707165 0.188635 0.585679 0.374986 0.326563
3 0.61183 0.187027 0.78371 0.371889 0.292935
10 0.530506 0.236273 0.122067 0.458795 0.277936
3 0.832597 0.185835 0.33279 0.369957 0.274609
9 0.740708 0.407924 0.140164 0.221007 0.268411
10 0.297532 0.0558698 0.0962778 0.111108 0.248472
10 0.305445 0.0535546 0.107386 0.106598 0.237591
10 0.494991 0.230553 0.187138 0.458208 0.220662
3 0.629788 0.187057 0.747297 0.374125 0.219745
10 0.254315 0.0483608 0.20884 0.0950738 0.217548
3 0.500276 0.257618 0.997219 0.512956 0.216696
3 0.741368 0.190864 0.5139 0.380039 0.216402
3 0.736679 0.204413 0.52133 0.406042 0.206137
10 0.254534 0.0542923 0.198043 0.107234 0.200573
1 0.215573 0.0696519 0.424149 0.137967 0.191401
10 0.935915 0.455674 0.060734 0.179424 0.191306
3 0.752456 0.189976 0.492268 0.377848 0.189865
10 0.523014 0.285642 0.15868 0.564588 0.16652
1 0.201663 0.0740886 0.392525 0.148238 0.166234
3 0.668413 0.181857 0.660782 0.36102 0.159614
3 0.960023 0.22889 0.0787659 0.453667 0.156078
1 0.288401 0.0733543 0.567421 0.145438 0.155237
4 0.832474 0.247946 0.283167 0.223992 0.147845
1 0.232706 0.0915566 0.455902 0.182165 0.143581
1 0.143311 0.968927 0.281212 0.0626471 0.140271
4 0.888796 0.254075 0.16508 0.196938 0.140115
4 0.537616 0.474209 0.176406 0.203376 0.139666
10 0.361213 0.0670871 0.211799 0.133849 0.136443
3 0.573364 0.272975 0.850639 0.545209 0.133919
10 0.366799 0.0672465 0.198175 0.134454 0.133705
3 0.634959 0.278712 0.723848 0.55853 0.131263
10 0.336404 0.0426082 0.123443 0.0843856 0.129237
9 0.739918 0.364781 0.0847914 0.140444 0.128554
10 0.467675 0.0375519 0.113337 0.0756648 0.12549
3 0.653117 0.143101 0.691577 0.279887 0.123784
10 0.453105 0.202849 0.139361 0.407958 0.12162
10 0.238655 0.0684336 0.294765 0.134886 0.121148
10 0.246784 0.037076 0.205087 0.0728721 0.119312
10 0.497012 0.236618 0.1825 0.468553 0.117448
1 0.142496 0.982417 0.279037 0.0357849 0.117272
10 0.411209 0.068786 0.253367 0.13726 0.114552
1 0.122693 0.983403 0.238203 0.0330906 0.114261
9 0.737201 0.396093 0.108276 0.191819 0.113182
10 0.860748 0.0463253 0.104213 0.0925143 0.112959
1 0.285573 0.0922204 0.561571 0.183848 0.112751
9 0.734983 0.438886 0.117627 0.145341 0.111887
10 0.494017 0.223011 0.169812 0.44307 0.111463
10 0.460164 0.0711503 0.135876 0.144552 0.111043
1 0.190933 0.972351 0.3777 0.0563647 0.11033
10 0.859585 0.0212534 0.0746445 0.0418067 0.109777
3 0.976931 0.199077 0.0455616 0.393525 0.109039
3 0.498326 0.0711423 0.97862 0.142969 0.10847
10 0.455618 0.28621 0.28673 0.570984 0.107263
1 0.2582 0.11828 0.510624 0.236984 0.106136
3 0.515244 0.191495 0.93732 0.380064 0.106097
10 0.340027 0.0573813 0.108141 0.114653 0.105623
3 0.726432 0.28823 0.541869 0.57248 0.105109
1 0.308152 0.0957203 0.616663 0.190403 0.104617
3 0.944007 0.272729 0.110326 0.541551 0.104604
1 0.241504 0.966882 0.480556 0.066851 0.104352
10 0.191734 0.0320407 0.0997637 0.0641013 0.103555
10 0.29599 0.0751819 0.237254 0.150176 0.103511
9 0.805974 0.420373 0.317328 0.298856 0.103036
10 0.419117 0.0432929 0.244991 0.0867588 0.102936
3 0.742269 0.158212 0.515101 0.310222 0.099603
10 0.841793 0.221644 0.0729368 0.156483 0.0990483
1 0.123598 0.958458 0.242902 0.0833751 0.0989154
1 0.380267 0.0885664 0.372245 0.176225 0.0985009
1 0.198764 0.896396 0.395901 0.2084 0.097992
10 0.748408 0.167759 0.104152 0.215759 0.097377
9 0.746973 0.368734 0.102494 0.149598 0.0946391
3 0.904745 0.198525 0.189035 0.393392 0.094558
3 0.745574 0.141001 0.507169 0.275445 0.0943097
10 0.432892 0.0710031 0.209616 0.14168 0.0935204
10 0.382046 0.0442005 0.17116 0.0881511 0.0933695
1 0.150338 0.89142 0.299431 0.217929 0.0927605
10 0.23643 0.0412373 0.167178 0.0808977 0.0926691
3 0.96562 0.196411 0.0689177 0.388112 0.0913526
10 0.265752 0.0889499 0.269411 0.176398 0.0911034
3 0.520273 0.275533 0.943456 0.550198 0.089202
10 0.340136 0.0253302 0.0870391 0.0505185 0.0868196
3 0.383198 0.108174 0.763001 0.218451 0.0866639
4 0.426588 0.477183 0.325933 0.217306 0.0848113
10 0.486873 0.248675 0.211742 0.492897 0.0845082
9 0.685039 0.455369 0.307584 0.3089 0.0840512
10 0.499357 0.234411 0.185185 0.463428 0.0840107
10 0.888309 0.019161 0.0628601 0.037962 0.0838203
3 0.671324 0.179676 0.659889 0.350141 0.0833203
3 0.501197 0.0595201 0.986354 0.118032 0.083202
1 0.200606 0.984724 0.39381 0.0316118 0.0819512
1 0.0858477 0.983452 0.162011 0.03274 0.0817532
3 0.403578 0.0718045 0.805828 0.143223 0.0814267
9 0.73904 0.37392 0.0895298 0.157592 0.0812822
3 0.976462 0.211328 0.0466183 0.419637 0.0812176
4 0.5179 0.507371 0.110533 0.134946 0.0806014
1 0.305982 0.965593 0.605168 0.0698854 0.0796079
10 0.313655 0.0364847 0.0672842 0.0735108 0.0793011
10 0.879774 0.0467294 0.080464 0.0931833 0.0788402
1 0.229569 0.195275 0.45691 0.391634 0.0787642
1 0.283027 0.0765235 0.322529 0.151551 0.0785497
10 0.357048 0.0378412 0.105532 0.0745949 0.0784509
1 0.250783 0.895418 0.503738 0.207491 0.0772694
10 0.416974 0.243742 0.386783 0.4836 0.0769276
1 0.110947 0.892224 0.220537 0.216769 0.0768452
10 0.814447 0.0236589 0.155793 0.0478229 0.0766959
9 0.436634 0.332374 0.372451 0.510774 0.0764407
10 0.834164 0.0486471 0.134526 0.0970156 0.0763176
9 0.736899 0.473266 0.137451 0.241405 0.0760412
9 0.429055 0.414136 0.374975 0.36662 0.0760352
10 0.749217 0.18037 0.111125 0.244784 0.0755009
3 0.50326 0.0943636 0.991892 0.18966 0.0751344
10 0.197135 0.0296584 0.104598 0.0588962 0.0750653
1 0.448038 0.288525 0.390129 0.57095 0.0745196
10 0.184099 0.0542921 0.337739 0.107367 0.0739146
9 0.454125 0.402646 0.372816 0.364698 0.0734263
10 0.420759 0.0453545 0.246974 0.091296 0.0733946
9 0.534495 0.429926 0.207722 0.30773 0.0732315
10 0.541879 0.314123 0.0916313 0.277687 0.0726994
3 0.822391 0.240576 0.298834 0.25485 0.0724857
10 0.777287 0.129548 0.0644147 0.186376 0.0719795
3 0.502637 0.181356 0.993282 0.360118 0.0719724
1 0.141204 0.877929 0.281202 0.245099 0.0719505
1 0.409925 0.100684 0.35881 0.200012 0.0712019
3 0.823058 0.177602 0.297802 0.351007 0.071141
10 0.462364 0.147324 0.173007 0.296472 0.0710664
1 0.341982 0.0766408 0.677995 0.15405 0.0686587
10 0.338798 0.0836551 0.218196 0.167576 0.0680572
10 0.128965 0.0355518 0.212672 0.0703301 0.0679251
10 0.283075 0.052324 0.0503344 0.104714 0.0674669
10 0.915508 0.0251353 0.16704 0.050622 0.0674174
10 0.432325 0.029464 0.248221 0.0580851 0.0672205
10 0.483445 0.0412929 0.139406 0.0810528 0.0670959
9 0.929476 0.482193 0.140917 0.253216 0.0670035
10 0.987266 0.23555 0.0256685 0.115085 0.0668419
3 0.917286 0.283789 0.162534 0.556836 0.0658174
9 0.510945 0.473482 0.122854 0.190123 0.0657094
3 0.766707 0.270323 0.456219 0.527249 0.0650098
9 0.734361 0.470356 0.122284 0.185516 0.064844
9 0.548437 0.510115 0.156297 0.146678 0.0631653
10 0.428277 0.124694 0.292497 0.249774 0.0631018
10 0.755171 0.153322 0.132858 0.297803 0.0631006
10 0.350704 0.0244429 0.0833513 0.0489697 0.0628055
10 0.255586 0.0734981 0.275383 0.145216 0.0623379
9 0.515425 0.508703 0.112252 0.134371 0.0619305
3 0.501948 0.0727798 0.973329 0.148227 0.0611555
1 0.321749 0.122396 0.641267 0.24643 0.0609264
10 0.844214 0.0196932 0.0385908 0.0388155 0.0609181
10 0.478129 0.285236 0.233849 0.560481 0.0603552
10 0.19666 0.0464892 0.168786 0.0922779 0.0595653
10 0.498169 0.0206314 0.0611886 0.0416166 0.059485
9 0.539744 0.448266 0.584072 0.298821 0.0592237
10 0.846756 0.0687976 0.305474 0.137056 0.0591297
1 0.232532 0.986574 0.452912 0.0285483 0.0591257
10 0.777813 0.0993823 0.0598743 0.114254 0.0590363
10 0.885903 0.0167863 0.0449593 0.0335642 0.0587955
10 0.157509 0.0330089 0.285051 0.0652298 0.0587833
1 0.107417 0.975848 0.208623 0.0482486 0.0586342
3 0.356128 0.0935042 0.710153 0.189186 0.058232
10 0.477231 0.0976553 0.18425 0.19407 0.0577929
10 0.987193 0.233603 0.0260244 0.125728 0.0576626
10 0.405533 0.256374 0.142828 0.40972 0.0574904
1 0.0840117 0.976262 0.162506 0.0472963 0.0567118
10 0.126209 0.0279906 0.205191 0.0553174 0.0563701
10 0.749207 0.22702 0.126137 0.353736 0.0563095
10 0.852819 0.179064 0.0333055 0.0611782 0.0562768
3 0.501459 0.201225 0.997549 0.401499 0.0562609
1 0.430034 0.284301 0.623943 0.56164 0.0558208
3 0.830581 0.302551 0.33383 0.590815 0.0546464
10 0.33338 0.0326992 0.0651179 0.0654851 0.0534541
10 0.988373 0.28682 0.022823 0.222671 0.0532953
3 0.862742 0.184899 0.274327 0.345427 0.0528968
4 0.463066 0.478318 0.219355 0.191826 0.0527247
1 0.0896511 0.984947 0.137554 0.0294951 0.0523135
1 0.0811287 0.963035 0.158943 0.0743794 0.0519286
10 0.836655 0.023283 0.10384 0.0456618 0.051745
10 0.868295 0.184602 0.0234747 0.0423743 0.0503773
10 0.855897 0.201944 0.0478064 0.104067 0.0503201
10 0.470294 0.145541 0.0983881 0.294302 0.0498494
9 0.737553 0.352656 0.0723146 0.11007 0.0496995
1 0.109045 0.93221 0.216554 0.135307 0.0496642
3 0.722403 0.176975 0.439344 0.325602 0.0494415
10 0.13015 0.044888 0.244339 0.0901273 0.0490902
10 0.332266 0.0201304 0.0517303 0.0398485 0.0490143
10 0.53836 0.251237 0.102726 0.435317 0.0488033
1 0.0827961 0.984427 0.131635 0.0311064 0.0485104
3 0.495884 0.490915 0.998208 0.976099 0.0481685
10 0.543925 0.0614468 0.118559 0.120608 0.0480977
10 0.894764 0.0166986 0.0665747 0.0346112 0.0480681
10 0.412864 0.308749 0.144988 0.365944 0.0479526
3 0.552478 0.15504 0.553921 0.307512 0.0478667
10 0.534962 0.0417928 0.180995 0.0819033 0.0477447
9 0.722692 0.356413 0.539313 0.440494 0.0472956
10 0.905679 0.126148 0.189806 0.279935 0.0471591
10 0.73318 0.203318 0.0753728 0.160175 0.0471337
10 0.55324 0.0424056 0.152203 0.0834799 0.0469588
9 0.794053 0.501607 0.282224 0.243252 0.0469035
10 0.986971 0.303622 0.0248022 0.258461 0.046287
10 0.875408 0.0784444 0.241427 0.153015 0.0447325
4 0.970156 0.122998 0.0594295 0.243745 0.0440735
10 0.864721 0.201997 0.0339827 0.0812383 0.0437988
1 0.22436 0.0559796 0.423123 0.110449 0.0436838
10 0.338245 0.0245999 0.0626592 0.0484242 0.0428364
10 0.738565 0.29809 0.0902712 0.24387 0.0422539
10 0.773611 0.0293213 0.269209 0.0584777 0.0421911
10 0.300046 0.0324545 0.054529 0.0685167 0.0420362
10 0.49594 0.287533 0.385533 0.565299 0.041865
10 0.789088 0.0847677 0.221898 0.165015 0.0417944
10 0.876811 0.0165777 0.0557737 0.0334196 0.0409781
10 0.293667 0.0359211 0.083596 0.069538 0.0409113
10 0.860848 0.0145541 0.0440607 0.0289664 0.0406624
10 0.427782 0.0643468 0.592335 0.128093 0.040047
10 0.539072 0.149089 0.128591 0.292869 0.0398812
3 0.606047 0.183022 0.672769 0.332528 0.039672
10 0.920039 0.126763 0.159229 0.253245 0.0396385
1 0.0269434 0.985881 0.0543938 0.0291506 0.0396082
4 0.733714 0.24165 0.0793885 0.108096 0.0393627
1 0.0747293 0.987208 0.133545 0.0263723 0.0389911
10 0.526412 0.0701185 0.138434 0.134185 0.0389855
10 0.514453 0.0173682 0.0779583 0.0360834 0.0389631
1 0.0621433 0.90756 0.124274 0.186992 0.0387111
10 0.508755 0.363083 0.193522 0.459387 0.0376843
10 0.78866 0.0963498 0.218138 0.190294 0.0376312
10 0.472381 0.0255583 0.099464 0.0455762 0.0375107
1 0.158739 0.990488 0.284386 0.0213939 0.0365613
10 0.83407 0.212098 0.0883423 0.127625 0.0359909
10 0.208714 0.0364202 0.122957 0.069928 0.0359102
3 0.729333 0.247495 0.524245 0.239527 0.0353191
10 0.332873 0.0219554 0.0843568 0.0426926 0.0349917
10 0.889414 0.205287 0.0857832 0.0946839 0.0342449
1 0.243066 0.29823 0.485494 0.589129 0.0340827
1 0.120004 0.988456 0.184997 0.0229057 0.0334315
3 0.73453 0.0479221 0.515223 0.0957572 0.033316
10 0.737623 0.167131 0.0687416 0.127431 0.0332257
1 0.100515 0.98779 0.142891 0.0234053 0.0324728
9 0.74287 0.333613 0.0494035 0.0693345 0.0321804
10 0.5385 0.114579 0.0972115 0.214493 0.0320806
10 0.587797 0.041562 0.593027 0.079023 0.030666
3 0.471812 0.0500267 0.887214 0.0994015 0.0303023
3 0.509862 0.146221 0.950645 0.281449 0.0302013
10 0.52183 0.435335 0.12886 0.303305 0.0291991
10 0.465896 0.0159351 0.0494369 0.0263902 0.028868
3 0.631799 0.363376 0.707735 0.450036 0.0287437
10 0.957361 0.243768 0.0642077 0.150151 0.0282136
1 0.397224 0.968861 0.316438 0.0622929 0.0281877
3 0.620268 0.207328 0.631454 0.243646 0.0280876
10 0.436219 0.429442 0.304612 0.373555 0.0278889
10 0.932498 0.41072 0.0759907 0.121518 0.0278653
10 0.744007 0.350064 0.0477565 0.0969692 0.0275212
9 0.712949 0.460646 0.0796766 0.144056 0.0271251
10 0.185777 0.050353 0.0811385 0.0471663 0.0270591
10 0.421568 0.379244 0.0994951 0.185482 0.0270243
1 0.0717721 0.984995 0.105244 0.0296751 0.0265434
10 0.544639 0.454796 0.085196 0.169921 0.0264736
10 0.939933 0.478025 0.0595045 0.133875 0.0259105
11 0.507516 0.259635 0.99859 0.374756 0.0257608
10 0.287499 0.087574 0.0529479 0.0962459 0.0257423
3 0.535508 0.222922 0.947525 0.336545 0.0251392
10 0.543404 0.492335 0.0455357 0.0724466 0.0251303
3 0.529209 0.193945 0.966121 0.212676 0.0243431
1 0.308419 0.981779 0.153291 0.0362679 0.0242226
10 0.961933 0.539243 0.0746897 0.344102 0.0236388
9 0.764452 0.593748 0.222791 0.178599 0.0233796
10 0.721874 0.248734 0.0472705 0.0670228 0.0228492
10 0.678127 0.0543396 0.361713 0.0598286 0.0226606
10 0.565534 0.185398 0.0492973 0.0930518 0.0219873
10 0.77942 0.451377 0.0498287 0.0600675 0.0219495
10 0.565444 0.39155 0.0477479 0.102141 0.0218336
3 0.50433 0.325818 0.990616 0.498663 0.0216979
9 0.432841 0.682457 0.35376 0.127179 0.0215639
10 0.110145 0.157634 0.20484 0.12388 0.0212609
10 0.275599 0.176434 0.0775326 0.0619242 0.0208176
1 0.514584 0.28374 0.995358 0.383333 0.0206441
10 0.13217 0.131821 0.138063 0.0470457 0.020572
3 0.405213 0.134648 0.594306 0.157636 0.0204391
10 0.962141 0.635608 0.0751308 0.341278 0.0198882
3 0.50779 0.377235 0.9873 0.496258 0.0196889
10 0.435072 0.208683 0.477708 0.186993 0.0195075
10 0.421744 0.376363 0.648619 0.27819 0.0192637
10 0.515599 0.374119 0.972226 0.381143 0.0185426
10 0.5893 0.429904 0.733462 0.348951 0.0180198
9 0.578855 0.7214 0.116476 0.0831534 0.0172147
1 0.511828 0.421008 0.988184 0.46494 0.017024
10 0.542715 0.799288 0.127031 0.165514 0.0166971
10 0.55333 0.785225 0.102106 0.132415 0.0166304
10 0.76154 0.803023 0.0792895 0.0570839 0.0165039
9 0.741944 0.754462 0.140225 0.116511 0.016423
9 0.376679 0.814864 0.214076 0.0686521 0.0163183
10 0.787344 0.840462 0.0399702 0.0300291 0.0159504
1 0.530207 0.48462 0.997237 0.337148 0.0158724
11 0.488171 0.668005 0.985281 0.195014 0.0158346
10 0.53006 0.714221 0.0669158 0.0645994 0.0157797
10 0.540235 0.471952 0.960953 0.325209 0.0156734
1 0.508361 0.536931 0.827295 0.209295 0.0155267
10 0.896473 0.700809 0.200394 0.223497 0.0155245
2 0.466594 0.81047 0.0938521 0.0685762 0.0151378
9 0.547187 0.917294 0.11596 0.0766176 0.0149205
8 0.815049 0.781427 0.190727 0.0966473 0.0146193
9 0.7274 0.926675 0.0912667 0.0795556 0.0146149
1 0.530995 0.585523 0.719763 0.242964 0.0142911
