10 0.483117 0.415729 0.0813703 0.263425 0.858946
9 0.718769 0.523002 0.195758 0.260349 0.82865
9 0.602542 0.76806 0.271551 0.278784 0.607639
9 0.625917 0.489606 0.146631 0.204931 0.403392
9 0.580597 0.473115 0.066679 0.156271 0.287184
10 0.500747 0.423824 0.0536448 0.252952 0.191788
10 0.0160174 0.794409 0.0309808 0.268246 0.170016
9 0.592252 0.743407 0.232563 0.213017 0.165736
10 0.0153483 0.819132 0.0288707 0.219324 0.164714
9 0.590169 0.478021 0.195611 0.182765 0.145393
10 0.972091 0.49831 0.0554263 0.99835 0.143025
9 0.593751 0.476423 0.0975282 0.171186 0.136518
9 0.578377 0.469135 0.172469 0.177678 0.130296
10 0.0208232 0.724579 0.0414707 0.407194 0.125278
9 0.549912 0.469225 0.120901 0.163603 0.118751
9 0.657138 0.754578 0.131901 0.171608 0.11724
9 0.560382 0.454399 0.0890577 0.123043 0.115802
9 0.602762 0.510689 0.196158 0.246651 0.113677
10 0.468367 0.408556 0.0531602 0.23843 0.112456
9 0.596905 0.652642 0.290035 0.511337 0.108936
9 0.659854 0.494059 0.215335 0.2109 0.108382
9 0.673914 0.741146 0.436138 0.351127 0.107774
9 0.555305 0.464919 0.100468 0.150847 0.107353
10 0.0156573 0.758562 0.0313984 0.342895 0.106661
10 0.036461 0.789136 0.0727854 0.271691 0.103692
9 0.689777 0.756211 0.460553 0.323569 0.103454
9 0.648514 0.749633 0.134772 0.169909 0.100329
3 0.501803 0.487633 0.999731 0.974476 0.0997915
9 0.545097 0.471975 0.12456 0.166205 0.0972002
9 0.619392 0.754669 0.200928 0.179623 0.0958138
2 0.990947 0.0712195 0.018203 0.143573 0.0927749
9 0.666305 0.477042 0.225975 0.195716 0.0925343
10 0.0301282 0.662449 0.0604952 0.526966 0.0885652
10 0.0255065 0.566262 0.0506832 0.720158 0.0874685
10 0.0256773 0.601239 0.0512436 0.64945 0.087129
10 0.0179387 0.8397 0.0342447 0.177201 0.0863577
10 0.463674 0.380147 0.0409725 0.178523 0.0863518
9 0.556348 0.743309 0.154158 0.197598 0.0858321
10 0.872633 0.531755 0.0619102 0.220188 0.0852265
9 0.66022 0.519114 0.334776 0.270437 0.083444
9 0.62064 0.498466 0.106785 0.152235 0.0826802
9 0.561904 0.75574 0.167696 0.220861 0.0826227
4 0.661014 0.351665 0.0379742 0.0501754 0.0814488
10 0.972518 0.567089 0.0543836 0.85892 0.0789097
9 0.557761 0.454481 0.08731 0.118975 0.0773844
9 0.632729 0.638932 0.374977 0.5412 0.0772142
9 0.682944 0.646684 0.450747 0.537885 0.0765515
9 0.68506 0.738154 0.175948 0.18014 0.0751316
10 0.505855 0.466259 0.0478396 0.166207 0.0728563
10 0.0368348 0.816387 0.0740129 0.221735 0.072818
10 0.0110303 0.80263 0.0211701 0.248252 0.0713001
9 0.638743 0.755553 0.517921 0.320761 0.0695206
10 0.0131542 0.782364 0.0262269 0.29147 0.0682426
9 0.549856 0.452242 0.0755845 0.122453 0.0675515
9 0.522451 0.455246 0.149649 0.163157 0.0670919
9 0.801599 0.573676 0.0552601 0.0913699 0.0658857
9 0.661491 0.509272 0.113843 0.23236 0.0650698
9 0.828593 0.587882 0.10397 0.13362 0.0644934
10 0.462941 0.352364 0.0397816 0.125107 0.0638035
9 0.660695 0.740727 0.078128 0.136968 0.0636601
9 0.654293 0.46791 0.108082 0.185973 0.0617591
10 0.052092 0.825614 0.10365 0.199311 0.0612629
9 0.662236 0.483095 0.0824533 0.178603 0.0606808
9 0.799837 0.56395 0.0450698 0.0678688 0.0605859
10 0.0186553 0.534027 0.0375927 0.788393 0.059423
10 0.735778 0.752545 0.0536531 0.116189 0.0590641
9 0.722828 0.589989 0.182626 0.124546 0.0590583
10 0.0691074 0.778461 0.137865 0.295385 0.0588611
10 0.022224 0.781698 0.0447184 0.374684 0.0588009
9 0.580692 0.44368 0.0503518 0.0950273 0.0572013
10 0.974377 0.499886 0.050601 0.921118 0.0562655
10 0.973058 0.503598 0.0536255 0.985197 0.0558499
10 0.0204826 0.851628 0.0401913 0.180992 0.0551765
9 0.733273 0.490506 0.0794655 0.172787 0.0550803
9 0.651752 0.3765 0.0635652 0.10517 0.0549637
10 0.609039 0.395198 0.0405168 0.109083 0.0543413
10 0.605894 0.406849 0.0345923 0.0844685 0.0541237
9 0.638838 0.724931 0.320602 0.215548 0.0537382
10 0.0205597 0.848003 0.0393899 0.164389 0.0534182
10 0.983635 0.294563 0.0330273 0.572451 0.052831
9 0.812273 0.588371 0.0767332 0.125334 0.052112
10 0.977852 0.298935 0.0444107 0.591906 0.0520034
9 0.673613 0.465597 0.2061 0.213844 0.0519102
7 0.992682 0.0266776 0.0156592 0.0524304 0.0504333
9 0.665679 0.508884 0.0960926 0.228977 0.0499149
0 0.643403 0.724749 0.11673 0.113329 0.0489143
9 0.722059 0.477885 0.100228 0.166204 0.0488845
9 0.682993 0.632988 0.490141 0.578098 0.0488756
9 0.543962 0.770884 0.136256 0.261549 0.0487728
10 0.734456 0.720831 0.0311808 0.0468458 0.0486289
10 0.991541 0.23547 0.0177965 0.46594 0.0483646
10 0.973274 0.457715 0.0530027 0.84789 0.0478371
10 0.0645299 0.571453 0.128487 0.702566 0.0472437
10 0.734137 0.745345 0.0339507 0.106661 0.0471855
9 0.661233 0.72082 0.0650557 0.096609 0.046793
9 0.735864 0.523486 0.102737 0.235122 0.0467615
9 0.704036 0.520717 0.135913 0.241595 0.046566
10 0.482729 0.455501 0.0488254 0.155086 0.0465399
9 0.719882 0.479686 0.106797 0.170003 0.0464669
10 0.989245 0.297147 0.0213934 0.268086 0.0461085
10 0.911705 0.497164 0.174499 0.997961 0.0460215
9 0.658378 0.458796 0.0834237 0.1311 0.0458423
9 0.661456 0.786238 0.150446 0.238007 0.0457039
10 0.456827 0.354791 0.0274017 0.10266 0.0456789
10 0.502943 0.469368 0.0504753 0.158423 0.0447841
9 0.556848 0.775684 0.168664 0.250926 0.0447722
10 0.991369 0.240243 0.0185969 0.474481 0.0446188
10 0.985285 0.412212 0.0292341 0.267853 0.0445784
10 0.73434 0.733804 0.0590179 0.157725 0.0444068
10 0.547409 0.424716 0.161558 0.273386 0.0443713
10 0.981861 0.346645 0.0360649 0.672382 0.0441609
10 0.500742 0.452292 0.0437421 0.209884 0.0438065
10 0.65249 0.374773 0.0624192 0.100447 0.0434767
9 0.559894 0.443355 0.0790276 0.0889833 0.0433581
10 0.985396 0.293871 0.0297538 0.574135 0.0431192
10 0.0706041 0.666193 0.140562 0.516005 0.0430202
10 0.481201 0.368575 0.0726365 0.133698 0.0429562
9 0.796678 0.633992 0.133357 0.219491 0.0428618
10 0.989755 0.380067 0.0214991 0.241746 0.0427082
9 0.580799 0.505814 0.044012 0.0748987 0.0422748
10 0.971568 0.576855 0.0539223 0.954696 0.0419085
10 0.757073 0.703523 0.0950106 0.174777 0.0414686
10 0.610028 0.431337 0.0531297 0.14923 0.04138
10 0.862194 0.586273 0.0455103 0.106055 0.0412662
9 0.682145 0.498248 0.103535 0.15211 0.0411961
9 0.612492 0.569205 0.145179 0.247062 0.040731
9 0.700393 0.44767 0.121076 0.114399 0.0404667
10 0.853213 0.579841 0.104392 0.318919 0.0403117
10 0.871846 0.8338 0.076722 0.151335 0.040162
10 0.986145 0.794658 0.0278703 0.406189 0.040013
10 0.732643 0.724515 0.0246308 0.0366224 0.0400047
10 0.977536 0.515959 0.0451641 0.570258 0.039867
9 0.792949 0.533337 0.124047 0.219873 0.0397023
10 0.590637 0.3596 0.0608879 0.285327 0.039694
9 0.665932 0.530759 0.315789 0.255521 0.0393202
9 0.58484 0.514662 0.0446399 0.0762143 0.0390304
10 0.776365 0.714704 0.0543453 0.0992097 0.0383761
9 0.793513 0.595448 0.119416 0.140278 0.0379437
10 0.587073 0.314709 0.0334479 0.175982 0.0373829
10 0.982239 0.604595 0.035335 0.613741 0.037294
11 0.637074 0.101952 0.726722 0.202508 0.0371942
9 0.742673 0.529174 0.180084 0.252643 0.0371325
9 0.672383 0.606843 0.470351 0.452551 0.0369539
9 0.679829 0.591544 0.0897928 0.115944 0.0368909
9 0.638859 0.430981 0.0641078 0.0926488 0.036806
10 0.481422 0.44357 0.0385615 0.184426 0.0367084
9 0.817847 0.622044 0.120539 0.196949 0.0365987
10 0.501717 0.451884 0.0383714 0.193953 0.0365639
10 0.950389 0.32443 0.0987629 0.636502 0.0365496
10 0.873758 0.494407 0.250949 0.999722 0.0363635
10 0.0186174 0.819143 0.0375347 0.322744 0.0363196
10 0.643409 0.423242 0.059269 0.1279 0.0362318
9 0.80114 0.589442 0.066154 0.12571 0.0361549
9 0.676078 0.456861 0.0791855 0.125375 0.0360133
6 0.418741 0.782491 0.0834517 0.236012 0.0355661
9 0.548017 0.749031 0.167706 0.211696 0.0355192
11 0.505052 0.088109 0.997521 0.180524 0.0354492
10 0.498518 0.45282 0.0490227 0.166481 0.0352244
10 0.483236 0.447537 0.0279932 0.162073 0.0350679
9 0.726398 0.485496 0.0871331 0.15506 0.0350551
10 0.75584 0.683682 0.0830689 0.137895 0.0349537
0 0.724812 0.725657 0.0903808 0.161015 0.0347247
9 0.687994 0.587628 0.327061 0.183753 0.0346002
10 0.991178 0.189669 0.0177655 0.372276 0.0341127
2 0.47067 0.354994 0.0197732 0.0695857 0.0340768
11 0.559892 0.0408686 0.889302 0.0811565 0.0340371
10 0.971956 0.647132 0.0522075 0.87554 0.0334579
9 0.63787 0.595643 0.56584 0.614265 0.0333527
10 0.497877 0.343134 0.0439036 0.110515 0.0329776
0 0.603872 0.811305 0.27148 0.207662 0.0328914
10 0.64396 0.388213 0.0563689 0.101104 0.0328774
10 0.49964 0.36268 0.0414208 0.10504 0.0327815
10 0.744831 0.741781 0.0575084 0.0932781 0.0326513
10 0.777946 0.675052 0.0622307 0.193054 0.0324667
10 0.98877 0.4013 0.0223209 0.207684 0.0323951
10 0.0139125 0.565355 0.027199 0.399601 0.0322251
10 0.977299 0.543101 0.0459181 0.521986 0.032073
0 0.759854 0.719363 0.14936 0.20438 0.0317888
10 0.9785 0.518802 0.0442721 0.511897 0.0312453
9 0.731444 0.453966 0.0684901 0.105203 0.0311975
9 0.784555 0.587683 0.097842 0.172196 0.0303588
10 0.745592 0.695466 0.062862 0.10202 0.030191
2 0.465642 0.363708 0.0164583 0.0469122 0.0299309
10 0.747055 0.709078 0.0523672 0.0875771 0.0298913
9 0.573844 0.567176 0.508474 0.539656 0.0295823
10 0.768615 0.694344 0.036226 0.0991606 0.0294785
10 0.463276 0.357981 0.0277624 0.0756689 0.0291589
10 0.665757 0.373407 0.0246729 0.0328657 0.02911
10 0.98857 0.504232 0.0235252 0.361661 0.0290827
9 0.580961 0.483203 0.0436715 0.0769386 0.0290078
10 0.770487 0.720755 0.0392902 0.068895 0.0289055
9 0.48559 0.790466 0.210866 0.3297 0.028492
10 0.783346 0.652013 0.0969022 0.241887 0.0284872
10 0.135674 0.486529 0.269696 0.884112 0.0281617
10 0.987542 0.627317 0.025472 0.49187 0.0281349
10 0.46017 0.316839 0.0209587 0.0409944 0.0277273
9 0.723198 0.477843 0.542417 0.940258 0.0275674
3 0.221641 0.470898 0.443441 0.924263 0.0272703
10 0.128163 0.506024 0.25522 0.847655 0.0271811
10 0.97526 0.721772 0.0489273 0.566071 0.0266296
10 0.642105 0.409299 0.0456953 0.0662551 0.0260751
10 0.746679 0.457852 0.0186472 0.0468264 0.02606
0 0.602777 0.729435 0.0602883 0.0542079 0.0256602
10 0.973818 0.79921 0.0497216 0.38143 0.0256312
10 0.833694 0.756716 0.31903 0.999384 0.0255557
10 0.988528 0.905897 0.0238922 0.183063 0.0254238
2 0.62262 0.806844 0.0430252 0.0622555 0.0252318
9 0.688467 0.831913 0.433441 0.205533 0.0249638
10 0.300336 0.583303 0.595655 0.829828 0.0249415
3 0.499815 0.460945 0.999973 0.896919 0.0248773
0 0.685707 0.821003 0.129096 0.164319 0.0246883
10 0.666442 0.782383 0.0787508 0.121101 0.0246398
10 0.216086 0.46936 0.432909 0.916344 0.0246009
9 0.685287 0.500397 0.502773 0.804128 0.0244503
10 0.479287 0.4702 0.0248867 0.071799 0.0244426
10 0.850853 0.0867876 0.304584 0.167819 0.0242957
10 0.737551 0.699196 0.0372482 0.085983 0.0242519
10 0.726696 0.697833 0.0923996 0.180566 0.0242353
10 0.71334 0.788289 0.033568 0.0558534 0.0235388
10 0.769604 0.680709 0.0266385 0.0514152 0.0232865
10 0.705286 0.496617 0.581813 0.997548 0.023061
10 0.662635 0.763367 0.0707499 0.103854 0.0230276
10 0.123657 0.585613 0.253005 0.698731 0.0229923
9 0.465704 0.644231 0.865214 0.538248 0.0229592
10 0.974046 0.766849 0.033489 0.253997 0.0228536
10 0.175338 0.563767 0.352724 0.739967 0.0224935
3 0.511036 0.267349 0.999947 0.512251 0.0219913
10 0.717604 0.745204 0.0433979 0.076361 0.0217202
10 0.568092 0.45444 0.0205039 0.0418856 0.0215551
10 0.718063 0.783482 0.0371662 0.0919664 0.0215534
2 0.51309 0.842746 0.048069 0.0820597 0.0215218
9 0.654119 0.821464 0.150329 0.1163 0.0213997
10 0.850994 0.964578 0.0915814 0.0820434 0.0213877
10 0.0278869 0.982563 0.0569447 0.0353144 0.0213698
10 0.614003 0.612867 0.0294984 0.0555757 0.0212592
10 0.554875 0.515177 0.0240203 0.0844978 0.0211606
10 0.663526 0.702361 0.0501217 0.0616176 0.0210966
10 0.683632 0.734352 0.0319785 0.05102 0.0210245
10 0.970116 0.863508 0.0562506 0.302262 0.0209294
10 0.474255 0.957097 0.0625265 0.0797936 0.0208872
10 0.675802 0.639836 0.0735549 0.166613 0.0208707
11 0.573708 0.0477305 0.767609 0.0732701 0.0205144
10 0.190935 0.82909 0.389068 0.28288 0.0201622
10 0.628075 0.488837 0.607504 0.804106 0.0200426
10 0.534554 0.527232 0.0530917 0.0875131 0.0199889
10 0.738518 0.794985 0.0457111 0.0506438 0.0199149
10 0.811773 0.643223 0.0363551 0.0682742 0.0195598
9 0.640802 0.7984 0.353299 0.118297 0.0194945
10 0.746932 0.744127 0.0177399 0.0315346 0.0194237
10 0.624666 0.623803 0.0342574 0.0578489 0.0194227
10 0.686926 0.686911 0.600067 0.933493 0.0193191
10 0.666981 0.45148 0.02035 0.0251803 0.0191541
11 0.686908 0.932874 0.535818 0.140535 0.0189979
3 0.532969 0.385172 0.996438 0.516485 0.018926
10 0.729665 0.626703 0.0399051 0.0482233 0.0188879
10 0.612167 0.957148 0.128708 0.0965516 0.0188763
10 0.757187 0.858624 0.0525144 0.084075 0.0188513
10 0.712097 0.82666 0.514709 0.674816 0.0188059
0 0.614368 0.733982 0.0579551 0.038688 0.0187901
10 0.596714 0.84593 0.0632845 0.0792317 0.0187261
6 0.551844 0.857244 0.140537 0.0917884 0.0186377
10 0.731511 0.954195 0.179505 0.0729303 0.0186125
10 0.638269 0.962412 0.120811 0.055908 0.0184656
10 0.809335 0.772431 0.0552591 0.0665023 0.0183579
10 0.629462 0.940412 0.146232 0.068466 0.0181399
6 0.508651 0.862355 0.0503094 0.0634172 0.0180152
10 0.520456 0.879179 0.110371 0.121909 0.0178709
10 0.57398 0.944338 0.0850562 0.040814 0.0178644
10 0.539274 0.93895 0.108625 0.0619269 0.0177949
10 0.79078 0.864585 0.0633515 0.0937776 0.017794
10 0.744376 0.877404 0.0620874 0.0654011 0.0176792
10 0.449028 0.555616 0.0152833 0.0416537 0.0176294
10 0.516728 0.953357 0.11755 0.0988224 0.0175976
6 0.501756 0.861516 0.0865506 0.138598 0.0175643
10 0.607862 0.801402 0.0259444 0.0317395 0.017497
0 0.533796 0.902172 0.0916709 0.0550375 0.017279
10 0.667628 0.627744 0.0308741 0.0325513 0.0172279
10 0.495389 0.770066 0.999942 0.996807 0.0172055
0 0.515233 0.713118 0.999746 0.416155 0.0171334
10 0.783368 0.866003 0.0398499 0.0487848 0.0171004
0 0.603996 0.658501 0.0265681 0.0456303 0.0170005
10 0.738694 0.863639 0.082507 0.0598335 0.0168793
10 0.544496 0.949335 0.0817357 0.108741 0.0168003
10 0.752491 0.862349 0.0511953 0.0439401 0.0166389
0 0.644029 0.867782 0.179054 0.0841513 0.0166083
11 0.697862 0.943828 0.399673 0.117731 0.0163101
10 0.637874 0.156143 0.57982 0.132549 0.0162362
10 0.510592 0.738096 0.827808 0.382506 0.0162287
10 0.622537 0.882277 0.0845327 0.0607473 0.0161465
8 0.434348 0.860101 0.034664 0.0601534 0.0161455
0 0.582551 0.970916 0.359703 0.158219 0.0158611
0 0.6534 0.909993 0.537995 0.148941 0.0158423
10 0.693641 0.86213 0.0450901 0.0401409 0.0157952
10 0.568687 0.885203 0.124239 0.0477514 0.0157071
10 0.515344 0.677681 0.994808 0.192295 0.015606
0 0.520197 0.796725 0.99912 0.320021 0.015516
0 0.650044 0.942326 0.528773 0.125535 0.0153857
10 0.816281 0.890698 0.0326515 0.0486384 0.0153763
8 0.733463 0.898194 0.122351 0.0438669 0.0153403
8 0.808567 0.896288 0.0446792 0.0359397 0.0149587
