4 0.73745 0.497433 0.377099 0.384616 0.912206
4 0.459218 0.236335 0.046261 0.0493019 0.813185
4 0.417767 0.243037 0.0412743 0.0467705 0.6104
4 0.518587 0.226637 0.052158 0.0501867 0.293029
6 0.0799567 0.706566 0.158048 0.417963 0.259733
11 0.0437189 0.946878 0.0876584 0.100234 0.232856
6 0.0582169 0.747834 0.11446 0.491292 0.211782
4 0.335715 0.216231 0.0293642 0.0581712 0.202452
6 0.0881759 0.732415 0.17554 0.504625 0.162756
6 0.0589419 0.709459 0.116081 0.401075 0.145376
6 0.0468552 0.897758 0.0936163 0.199978 0.144429
4 0.276986 0.218744 0.0234495 0.0473832 0.137618
11 0.115292 0.690049 0.104501 0.0914286 0.133964
11 0.117421 0.943849 0.235568 0.104911 0.133891
11 0.0964009 0.950499 0.190305 0.0951382 0.129883
11 0.120099 0.917804 0.240489 0.15931 0.127065
6 0.0832221 0.588139 0.166047 0.708294 0.12385
6 0.0903675 0.727914 0.177968 0.430686 0.120421
4 0.583974 0.253458 0.0505923 0.0712951 0.119221
6 0.0427763 0.828588 0.0844768 0.337864 0.117599
11 0.143386 0.946703 0.288755 0.100113 0.110758
10 0.092966 0.792521 0.0622031 0.187939 0.110505
11 0.0656526 0.889219 0.131145 0.214814 0.109491
4 0.262492 0.235045 0.0502355 0.0757173 0.108723
4 0.508445 0.233284 0.0276436 0.0346475 0.107286
11 0.118761 0.950477 0.239565 0.0946869 0.105916
6 0.0789816 0.819652 0.156886 0.347271 0.102117
6 0.0435257 0.672293 0.0848789 0.638403 0.098699
11 0.0550025 0.946319 0.10933 0.103423 0.0967987
11 0.110587 0.777358 0.110451 0.252452 0.0951435
10 0.213894 0.377249 0.0330374 0.127211 0.092771
6 0.00871549 0.733112 0.0169404 0.456584 0.0913483
11 0.0432325 0.923619 0.0863312 0.1426 0.0905275
4 0.3843 0.225769 0.0388025 0.0713693 0.0895967
6 0.0842829 0.723246 0.168098 0.551638 0.0879809
6 0.0124825 0.896899 0.0254678 0.204058 0.0869839
11 0.0596643 0.948337 0.118377 0.0982809 0.0866784
11 0.106064 0.747334 0.136329 0.321023 0.0848513
11 0.24242 0.937311 0.48511 0.117372 0.0834669
4 0.508262 0.238567 0.0247326 0.0258644 0.0821546
10 0.23214 0.267043 0.0302996 0.142523 0.0811553
10 0.0899341 0.740021 0.0876165 0.312117 0.0784488
4 0.289049 0.321686 0.0349937 0.0674433 0.0758061
3 0.101905 0.565327 0.20322 0.71109 0.0755939
4 0.534177 0.227833 0.0281469 0.0410893 0.0751245
11 0.0657747 0.887611 0.131222 0.204717 0.0749411
4 0.98871 0.322811 0.0232319 0.187374 0.0748858
6 0.0120554 0.876171 0.0245514 0.244533 0.0746356
7 0.442917 0.55497 0.0800198 0.0794128 0.0740551
4 0.458561 0.235443 0.0451962 0.0489555 0.0737661
4 0.390138 0.233171 0.0462787 0.0619448 0.0731863
11 0.446372 0.927851 0.893013 0.131442 0.0720682
10 0.0865133 0.737653 0.0727176 0.306913 0.0718046
6 0.131262 0.690322 0.261207 0.47437 0.0707199
4 0.193182 0.25892 0.0286356 0.0724679 0.0703009
11 0.311169 0.954226 0.620805 0.0857676 0.0683011
11 0.455676 0.960003 0.910964 0.0713036 0.0680201
4 0.378593 0.247785 0.0295358 0.0307938 0.0665954
4 0.257112 0.22305 0.0416581 0.0461722 0.0660171
6 0.0155896 0.873566 0.0319062 0.245228 0.0652798
4 0.388873 0.237572 0.0453927 0.0518639 0.065188
4 0.668832 0.289742 0.0794978 0.0666083 0.0609736
11 0.102958 0.905009 0.211874 0.186919 0.0604476
10 0.0599042 0.713633 0.0400303 0.250193 0.0599489
4 0.570137 0.23709 0.0226709 0.0346202 0.0598842
4 0.359886 0.218049 0.0787488 0.0817694 0.0569868
6 0.0660016 0.604681 0.131181 0.20246 0.056972
2 0.0910309 0.65949 0.0265599 0.0712871 0.0568731
11 0.315135 0.926784 0.634212 0.136286 0.0568344
3 0.103165 0.448931 0.206783 0.442193 0.056208
4 0.210887 0.26721 0.0765079 0.125622 0.0558758
6 0.0133755 0.732645 0.02566 0.449732 0.055873
6 0.0135826 0.708034 0.0266791 0.489438 0.0557816
6 0.196447 0.747033 0.387491 0.493779 0.0557463
2 0.12871 0.677427 0.0238204 0.0437949 0.0557262
11 0.00774199 0.941087 0.0158535 0.112822 0.0555216
10 0.156953 0.589193 0.0563611 0.199778 0.0547989
4 0.405706 0.242291 0.0212967 0.042623 0.0544051
4 0.960905 0.359374 0.078256 0.352283 0.0542675
3 0.146146 0.476598 0.294094 0.882974 0.0541043
6 0.00989162 0.716447 0.0190571 0.445108 0.05409
11 0.13055 0.992867 0.260653 0.0117364 0.0535944
4 0.468142 0.209201 0.0264624 0.0302036 0.0519705
2 0.107333 0.757284 0.0273832 0.101997 0.0518403
3 0.499298 0.501638 0.999982 0.97955 0.051488
10 0.0892178 0.734308 0.0991377 0.320598 0.0503444
6 0.0294805 0.624713 0.0589695 0.662755 0.0495678
4 0.307895 0.217041 0.0832918 0.0766843 0.0495427
2 0.066806 0.665893 0.0329331 0.156066 0.0493889
11 0.0421599 0.987349 0.0835305 0.0212913 0.0489458
4 0.0667716 0.457994 0.133197 0.344941 0.0484896
10 0.186198 0.366476 0.0492334 0.229563 0.0481788
11 0.149065 0.98271 0.306846 0.0345814 0.0479428
10 0.220234 0.356418 0.0205525 0.0809615 0.0479405
4 0.386134 0.203308 0.0226985 0.0234654 0.0476666
10 0.186728 0.3221 0.0477545 0.186044 0.0475222
4 0.261545 0.226997 0.052393 0.0641453 0.0473863
10 0.141772 0.59031 0.0481821 0.195083 0.0473202
2 0.172558 0.536342 0.0216927 0.0914677 0.0472129
10 0.992211 0.286851 0.0156052 0.0862961 0.0467922
10 0.138986 0.563668 0.0237938 0.105532 0.0466975
4 0.307556 0.218274 0.0471628 0.0425317 0.0463506
10 0.218959 0.322046 0.061481 0.240904 0.0462894
2 0.0856572 0.665686 0.0418788 0.143112 0.0453515
10 0.76158 0.780591 0.0420062 0.107261 0.0452745
4 0.966541 0.259896 0.0674113 0.144866 0.045068
3 0.100846 0.410356 0.201217 0.36208 0.0448749
10 0.0090209 0.601828 0.0173466 0.57009 0.044452
6 0.0637385 0.572458 0.127084 0.133153 0.0440209
7 0.122168 0.676983 0.0351634 0.0499899 0.0438759
10 0.177852 0.410417 0.0610125 0.338325 0.0437444
4 0.9193 0.345877 0.16043 0.319787 0.0434223
4 0.265807 0.272378 0.0589007 0.149436 0.0431686
2 0.111369 0.645999 0.0309952 0.103682 0.0430368
10 0.490976 0.229827 0.0146672 0.0385636 0.0429773
6 0.00672071 0.696231 0.0127035 0.39506 0.0427269
3 0.145681 0.575121 0.292838 0.818083 0.0422541
4 0.519842 0.223154 0.0257243 0.0372354 0.0420543
10 0.138869 0.560401 0.0231098 0.0974643 0.0419963
10 0.740747 0.246377 0.0250748 0.0733202 0.0418383
10 0.199165 0.34765 0.0201013 0.102407 0.0418269
4 0.541055 0.221597 0.0176209 0.0441267 0.0417242
11 0.155453 0.99191 0.312925 0.0128546 0.0414307
4 0.534854 0.227227 0.0236382 0.0360503 0.0413613
11 0.492923 0.725813 0.944885 0.526687 0.0409153
10 0.137504 0.584768 0.0401951 0.164753 0.0403187
10 0.207517 0.392492 0.0177068 0.0775445 0.0402124
4 0.470404 0.214232 0.0240748 0.0364617 0.0400112
2 0.172518 0.537621 0.0235565 0.0942649 0.0396144
10 0.145197 0.562244 0.0280584 0.120366 0.0395457
10 0.0906468 0.795001 0.0527951 0.145369 0.0385782
4 0.440249 0.238977 0.0940467 0.0561895 0.038419
4 0.532235 0.237558 0.0231269 0.0316062 0.0383596
2 0.129561 0.668271 0.0250592 0.059255 0.0381964
10 0.0437651 0.719655 0.0401567 0.228098 0.0377944
6 0.0313203 0.827866 0.063049 0.277252 0.0376697
11 0.0119663 0.955697 0.0230014 0.0867138 0.0374363
10 0.235882 0.276069 0.0220354 0.120014 0.0372258
2 0.129316 0.682438 0.0182605 0.0376799 0.0372005
10 0.176239 0.274005 0.0224189 0.0875677 0.0370806
11 0.0369588 0.980079 0.0752474 0.0346793 0.0369394
2 0.0943159 0.684685 0.0401033 0.127846 0.0369115
4 0.416046 0.243177 0.0387149 0.0471711 0.0364567
6 0.0540468 0.874942 0.108356 0.169937 0.0361341
11 0.428401 0.72495 0.684012 0.533701 0.0358059
10 0.107495 0.27643 0.0255718 0.0482239 0.0357919
2 0.113073 0.671211 0.0566082 0.0676833 0.0357837
10 0.16102 0.538698 0.0461069 0.100205 0.0357708
10 0.150051 0.489169 0.0198401 0.109313 0.0357615
10 0.219999 0.363754 0.0232208 0.0955659 0.0353821
10 0.713749 0.235112 0.0141743 0.0334708 0.035186
2 0.443857 0.479931 0.0797737 0.221275 0.0350583
6 0.137185 0.597339 0.277102 0.779576 0.0349222
10 0.148588 0.529348 0.0187217 0.077887 0.034846
4 0.196589 0.2672 0.0190942 0.0444881 0.0348007
10 0.439388 0.242292 0.0244425 0.0503383 0.0347741
4 0.474145 0.226128 0.0234377 0.0470144 0.0346451
6 0.0487951 0.610103 0.0994331 0.503953 0.0345746
3 0.136677 0.533842 0.273435 0.873274 0.0343209
10 0.441589 0.239433 0.0169781 0.053276 0.034021
2 0.082123 0.661174 0.0201966 0.0715438 0.0339286
10 0.441561 0.24829 0.0191571 0.0373015 0.0338442
4 0.619634 0.282973 0.0829327 0.0761973 0.0338019
11 0.498779 0.847947 0.976573 0.291133 0.033756
4 0.438457 0.241713 0.0270628 0.0507997 0.0333815
10 0.0648727 0.797925 0.0413562 0.182615 0.0333642
10 0.492244 0.234213 0.0120456 0.0360711 0.0332688
11 0.112799 0.908256 0.126838 0.12272 0.0328998
4 0.516663 0.208891 0.0318666 0.0251258 0.0328465
4 0.986584 0.435487 0.0280661 0.38169 0.0328033
10 0.221541 0.353353 0.0191707 0.0805745 0.0327312
11 0.0328875 0.975008 0.067801 0.0410334 0.0327073
10 0.157027 0.443388 0.0278208 0.176076 0.0326897
2 0.0845837 0.66827 0.0200424 0.0550314 0.0326237
4 0.524858 0.232022 0.0154886 0.0345024 0.0322988
10 0.487863 0.230946 0.0163267 0.0472612 0.0317203
6 0.03722 0.938743 0.0812011 0.0939392 0.0316972
10 0.191324 0.610114 0.215269 0.769245 0.0314814
2 0.748168 0.854978 0.0855104 0.264739 0.0314266
10 0.174164 0.507389 0.0216631 0.147496 0.0310824
2 0.0855829 0.673656 0.0200422 0.041333 0.0305012
4 0.637199 0.288291 0.0494448 0.0664453 0.0303898
2 0.443895 0.493942 0.0815114 0.194321 0.030348
4 0.491814 0.652126 0.944018 0.671763 0.0303136
7 0.025093 0.953895 0.0510232 0.0795476 0.0302967
10 0.494917 0.226154 0.0180172 0.0471075 0.0297896
10 0.173096 0.489784 0.0204977 0.109693 0.0297471
2 0.0974008 0.677262 0.0237776 0.0465263 0.0295037
4 0.333397 0.213883 0.0217971 0.0333303 0.0294727
11 0.123386 0.868936 0.102273 0.0848683 0.0294185
2 0.0879622 0.666431 0.0191765 0.0643313 0.0294131
4 0.410979 0.234525 0.0220524 0.0353341 0.0293396
11 0.446995 0.697692 0.772648 0.588772 0.0291768
10 0.147358 0.520998 0.0144954 0.05398 0.0289421
4 0.0526238 0.401292 0.107219 0.262018 0.0287607
10 0.0566134 0.53821 0.116852 0.740292 0.0287477
3 0.198049 0.546408 0.398273 0.835693 0.0285304
6 0.0335644 0.822594 0.061174 0.130352 0.0281943
10 0.135851 0.774746 0.0633855 0.233396 0.0281136
4 0.48799 0.234151 0.0150883 0.0387616 0.028044
6 0.0318464 0.758263 0.0558038 0.195053 0.0280377
4 0.483481 0.450255 0.8999 0.418932 0.0278637
11 0.500588 0.741539 0.981047 0.511813 0.0276499
10 0.0980611 0.945262 0.0530378 0.0940357 0.0272637
4 0.45303 0.252702 0.296646 0.105577 0.0271602
2 0.148282 0.679853 0.0412266 0.0525052 0.0267554
4 0.339656 0.20564 0.0156356 0.0304431 0.0264751
3 0.490775 0.557005 0.972876 0.869043 0.026447
10 0.281892 0.59226 0.377074 0.804709 0.0264235
10 0.0605713 0.59656 0.1242 0.494874 0.0263614
10 0.479261 0.22687 0.0170239 0.0440968 0.0262151
11 0.108526 0.903407 0.108556 0.150636 0.0261277
4 0.259369 0.275495 0.0436563 0.123253 0.0260736
4 0.472567 0.22344 0.0171803 0.0365478 0.0258775
11 0.297931 0.645684 0.59096 0.687892 0.0254719
3 0.13637 0.292792 0.282448 0.350815 0.0254571
11 0.0335772 0.978102 0.0682179 0.0356162 0.0250008
10 0.198707 0.443878 0.0225934 0.104539 0.0246197
3 0.498089 0.491238 0.980942 0.992739 0.0243329
4 0.279469 0.228984 0.0175171 0.0312665 0.0243012
10 0.453448 0.214578 0.0163877 0.0247753 0.0242639
6 0.106741 0.803474 0.158092 0.30454 0.0241961
4 0.736609 0.496478 0.369763 0.390076 0.0239297
2 0.167543 0.565251 0.0213978 0.0616228 0.023884
11 0.446372 0.739368 0.752086 0.507905 0.0236325
11 0.0470328 0.987953 0.0988817 0.0239428 0.0234461
4 0.341495 0.237517 0.025878 0.0435917 0.0234076
11 0.562801 0.683223 0.370954 0.430873 0.0233022
3 0.295005 0.484915 0.573254 0.631442 0.0232693
4 0.477785 0.59081 0.945137 0.796779 0.0231768
2 0.0749915 0.702044 0.0198997 0.071727 0.0231099
11 0.322033 0.544345 0.648236 0.891415 0.0230605
4 0.58673 0.387392 0.0668308 0.0628734 0.0229779
4 0.953677 0.363721 0.094051 0.602769 0.022941
10 0.100996 0.582975 0.211956 0.621696 0.0228688
2 0.145481 0.697696 0.0293576 0.0637843 0.0228614
4 0.515365 0.229459 0.0475026 0.0464493 0.0226331
6 0.0980118 0.634147 0.134545 0.263902 0.0224428
10 0.0358291 0.651912 0.0551516 0.128324 0.0224179
2 0.154486 0.737574 0.0528807 0.121721 0.0222629
4 0.431775 0.229877 0.0125165 0.0181406 0.0222615
4 0.193016 0.269045 0.0190346 0.0336676 0.0221196
2 0.167137 0.660813 0.0258462 0.0549381 0.0218874
11 0.297439 0.757206 0.557872 0.456126 0.0217656
4 0.0544619 0.440152 0.0519061 0.0850913 0.0217116
11 0.424152 0.718389 0.68173 0.548855 0.0216023
11 0.461452 0.846988 0.795634 0.281501 0.0211729
10 0.238885 0.352543 0.0312069 0.0885945 0.0207756
4 0.257241 0.243064 0.0122854 0.026728 0.0206638
1 0.459428 0.256091 0.0456138 0.0482949 0.020566
10 0.44104 0.265881 0.0146878 0.0335283 0.0204453
4 0.851639 0.485967 0.148595 0.316562 0.02037
11 0.351564 0.640639 0.690559 0.708013 0.0202628
10 0.180209 0.535481 0.0195185 0.0694725 0.0202459
10 0.18447 0.742295 0.0232132 0.0852814 0.0202319
10 0.403358 0.257651 0.0128599 0.0268046 0.0202119
4 0.839561 0.549156 0.174198 0.273862 0.0201819
2 0.142406 0.785226 0.0391704 0.0811513 0.0201585
6 0.046542 0.874618 0.0341053 0.0392086 0.0201341
11 0.473668 0.624348 0.94747 0.735019 0.0200619
4 0.665697 0.391724 0.144671 0.128079 0.0200341
4 0.407301 0.218882 0.013188 0.0241305 0.0200178
6 0.0979307 0.61542 0.168187 0.225379 0.0198106
4 0.848037 0.536062 0.162904 0.293813 0.0196052
11 0.460229 0.598 0.918348 0.782599 0.0194262
0 0.751494 0.932552 0.0693076 0.122973 0.0193792
10 0.327184 0.234409 0.015976 0.0246493 0.0193144
6 0.0679606 0.878405 0.0354484 0.0777132 0.019178
4 0.340095 0.24649 0.0178001 0.0230389 0.0190896
11 0.386533 0.688568 0.753263 0.603039 0.018963
10 0.734347 0.632772 0.0192804 0.0453269 0.0188077
10 0.39692 0.307113 0.0209933 0.0320109 0.0187472
11 0.461953 0.780538 0.877958 0.419739 0.018502
10 0.44503 0.70994 0.102223 0.353927 0.0184214
11 0.530378 0.926815 0.982606 0.123129 0.0181549
11 0.411115 0.965238 0.658964 0.0640291 0.0179785
4 0.590673 0.445049 0.0916028 0.212271 0.0178819
11 0.412643 0.929614 0.566646 0.113539 0.0177862
0 0.342862 0.020278 0.0696579 0.0301881 0.0177183
11 0.488717 0.680514 0.999982 0.994693 0.0173792
6 0.26123 0.643251 0.0290273 0.0587619 0.0173425
10 0.531985 0.312469 0.0189013 0.0295784 0.017132
10 0.506768 0.520478 0.016625 0.0210507 0.016963
8 0.737139 0.606382 0.368774 0.348944 0.0169577
11 0.470192 0.851746 0.840921 0.260082 0.0169538
10 0.229721 0.719469 0.0251266 0.0474457 0.0167563
11 0.334087 0.850783 0.520969 0.277243 0.0166853
8 0.557671 0.508717 0.0238659 0.0341185 0.0163863
10 0.263528 0.57252 0.0388072 0.0544336 0.0163857
4 0.470677 0.602131 0.890251 0.764479 0.0163647
11 0.432693 0.953094 0.666837 0.0926664 0.0161291
0 0.392604 0.508655 0.0210289 0.021083 0.0160851
11 0.50355 0.73477 0.999942 0.998265 0.016084
10 0.379694 0.530562 0.0149315 0.0219837 0.015967
11 0.430233 0.964778 0.591245 0.0613588 0.0158927
10 0.257923 0.510559 0.016649 0.0379691 0.0157222
11 0.401328 0.909121 0.597579 0.146723 0.0155765
10 0.405781 0.462999 0.0260025 0.0247224 0.0154231
10 0.485436 0.765331 0.841899 0.995496 0.0154104
2 0.45743 0.803546 0.0282637 0.0250769 0.0150696
