6 0.431502 0.5181 0.12797 0.269663 0.886911
11 0.34079 0.458153 0.177263 0.289664 0.873953
6 0.69975 0.36855 0.100435 0.299741 0.867415
11 0.700422 0.643618 0.221983 0.365569 0.865684
11 0.463884 0.279813 0.161209 0.252864 0.86152
6 0.518353 0.333373 0.106516 0.240449 0.854083
11 0.314994 0.198394 0.164677 0.281892 0.848445
6 0.309236 0.773215 0.140241 0.247095 0.843131
11 0.0666995 0.529345 0.103118 0.211663 0.810922
6 0.593547 0.625236 0.131135 0.353159 0.804785
6 0.344632 0.229316 0.0897499 0.198289 0.804475
10 0.495558 0.0934084 0.0579165 0.187105 0.802387
11 0.18396 0.751729 0.243945 0.451159 0.800205
2 0.762135 0.23236 0.0179839 0.0836278 0.785327
6 0.129739 0.53162 0.0924863 0.239956 0.760649
11 0.78478 0.342012 0.202026 0.419354 0.759057
6 0.442342 0.915002 0.132535 0.170774 0.635023
7 0.741036 0.259707 0.0213367 0.0880527 0.488159
7 0.164656 0.828994 0.0248114 0.059983 0.391397
6 0.869867 0.56561 0.256551 0.867829 0.378487
6 0.942807 0.941545 0.0735689 0.11823 0.377271
7 0.236597 0.648025 0.0219458 0.0511902 0.365686
6 0.902131 0.816215 0.194009 0.368946 0.360403
6 0.952586 0.816854 0.0930792 0.366778 0.347287
6 0.934071 0.940918 0.0937496 0.118997 0.306276
6 0.422584 0.283892 0.0836409 0.238345 0.302501
6 0.277284 0.283986 0.0769848 0.138664 0.298898
6 0.153485 0.59801 0.119744 0.17347 0.290846
6 0.835918 0.805147 0.237587 0.392286 0.28605
6 0.169533 0.601411 0.0910321 0.17368 0.279926
6 0.4242 0.321817 0.0785143 0.168857 0.278228
6 0.856209 0.916136 0.120006 0.169686 0.275864
2 0.842878 0.265009 0.016378 0.0672029 0.274639
6 0.898525 0.938721 0.185574 0.123399 0.271767
7 0.122064 0.825623 0.0260915 0.0399683 0.264667
6 0.288942 0.381466 0.0773092 0.138191 0.260252
7 0.311411 0.416082 0.0242268 0.0495151 0.257853
7 0.314731 0.401987 0.0339643 0.0766897 0.256121
6 0.89787 0.813422 0.199595 0.375451 0.255056
7 0.739851 0.26756 0.0210409 0.0731335 0.242842
7 0.193207 0.660822 0.0245118 0.0424002 0.241688
7 0.669834 0.616972 0.0222481 0.065922 0.240464
6 0.934594 0.558978 0.129529 0.872554 0.239294
7 0.73705 0.620358 0.0215804 0.102978 0.236512
7 0.158744 0.869154 0.0331299 0.0784098 0.235936
7 0.12612 0.795118 0.0352789 0.0923851 0.235326
7 0.429053 0.232505 0.0202436 0.0406425 0.231838
7 0.831204 0.198315 0.0172474 0.0595204 0.226065
6 0.979066 0.794009 0.0405212 0.323232 0.22606
4 0.118039 0.0764726 0.0765742 0.112568 0.224871
4 0.127702 0.0688288 0.0993783 0.132558 0.222384
6 0.937762 0.585706 0.122557 0.825318 0.222108
2 0.268415 0.167958 0.0160585 0.0496441 0.220242
6 0.974792 0.773557 0.0499165 0.28519 0.219729
6 0.845868 0.61995 0.244024 0.753995 0.218302
6 0.960735 0.593923 0.0776106 0.797617 0.216828
6 0.119835 0.524402 0.0754488 0.220535 0.215821
6 0.985538 0.732707 0.0282679 0.197488 0.212775
7 0.803938 0.220678 0.0222888 0.0500065 0.210829
6 0.0922257 0.425289 0.0507561 0.0842928 0.20905
7 0.739547 0.593034 0.0203003 0.0467699 0.208129
4 0.0637844 0.0720837 0.0312512 0.0592296 0.207529
6 0.827628 0.858267 0.214027 0.284407 0.19947
6 0.848333 0.73317 0.235897 0.537429 0.198839
6 0.854842 0.958978 0.0954445 0.0834133 0.197632
6 0.942373 0.820868 0.112598 0.360462 0.193544
6 0.017466 0.100811 0.0337077 0.103073 0.192579
4 0.266314 0.0385485 0.0816537 0.0778229 0.190663
10 0.879782 0.305647 0.094124 0.187147 0.189323
6 0.261749 0.281968 0.0639263 0.125786 0.188151
6 0.941426 0.901928 0.112923 0.19684 0.187245
10 0.715927 0.180766 0.0897598 0.123631 0.186903
7 0.804165 0.212474 0.0219881 0.0339491 0.184519
2 0.838865 0.274279 0.0195732 0.08009 0.18447
6 0.396019 0.225127 0.0596878 0.143251 0.184455
6 0.304674 0.457545 0.111706 0.28672 0.18329
11 0.0647529 0.594251 0.106772 0.339452 0.183174
6 0.0145368 0.726675 0.0280153 0.2146 0.1814
6 0.936786 0.608239 0.124553 0.781498 0.180607
6 0.858488 0.407989 0.146821 0.435772 0.180486
6 0.983549 0.77465 0.0321743 0.279739 0.176733
6 0.869108 0.543862 0.258095 0.915799 0.176089
7 0.432397 0.233622 0.0192752 0.039429 0.174049
6 0.16601 0.647853 0.106663 0.267413 0.172374
2 0.744119 0.231015 0.0173691 0.0738902 0.172005
6 0.932673 0.242868 0.044419 0.130112 0.17029
6 0.867555 0.665685 0.256713 0.678743 0.169618
6 0.464814 0.101767 0.0358459 0.150567 0.169475
7 0.743596 0.219401 0.0188117 0.0495941 0.168871
6 0.00733031 0.528597 0.0160311 0.263756 0.166632
6 0.398079 0.267175 0.0657611 0.219476 0.166313
6 0.857186 0.505975 0.19076 0.665615 0.166099
6 0.0911364 0.46587 0.0611982 0.162602 0.165774
7 0.756458 0.640881 0.0323157 0.100583 0.165076
6 0.683227 0.186495 0.0323027 0.112706 0.164531
10 0.523904 0.180286 0.112275 0.36465 0.162817
6 0.933783 0.276006 0.0488369 0.198616 0.162649
6 0.129908 0.498497 0.073221 0.174748 0.162494
7 0.77329 0.172229 0.0286881 0.0650213 0.162235
6 0.694403 0.217553 0.055698 0.176938 0.160481
10 0.103817 0.0788873 0.0134549 0.0285498 0.159992
2 0.463968 0.143588 0.0127668 0.0508504 0.157548
7 0.829853 0.249099 0.0213875 0.0621357 0.157044
10 0.878768 0.343912 0.0989101 0.27708 0.156913
6 0.897205 0.339752 0.122027 0.323151 0.156676
7 0.85952 0.213226 0.0219395 0.0608946 0.156029
7 0.119722 0.805417 0.0218452 0.0645507 0.155418
7 0.234078 0.672629 0.0287233 0.100633 0.155173
6 0.896756 0.339262 0.118685 0.319664 0.154325
10 0.0154676 0.449207 0.0313813 0.410263 0.154273
6 0.00719293 0.462144 0.0151068 0.133772 0.153237
6 0.893207 0.384535 0.131328 0.432765 0.153149
7 0.485448 0.208544 0.0148291 0.035083 0.153121
7 0.855778 0.284748 0.0194824 0.0497134 0.151484
7 0.0661622 0.524895 0.0152177 0.0372384 0.149174
10 0.0183842 0.499365 0.0367308 0.310145 0.148735
6 0.00699601 0.519337 0.0150198 0.245945 0.148345
7 0.164489 0.82597 0.0236234 0.0534804 0.148248
10 0.568024 0.0937371 0.0436348 0.166282 0.146979
6 0.488324 0.103897 0.0890182 0.16714 0.146656
6 0.730128 0.169836 0.0573681 0.09053 0.145703
6 0.309762 0.234221 0.148443 0.220343 0.143674
10 0.00672365 0.411697 0.0136457 0.167004 0.143492
6 0.128933 0.528622 0.0888165 0.231268 0.142853
6 0.0169357 0.801415 0.0343731 0.395746 0.1419
6 0.873954 0.406225 0.169645 0.482687 0.14177
6 0.00491668 0.242212 0.010058 0.122067 0.141543
6 0.834918 0.563514 0.322657 0.869474 0.141105
7 0.432084 0.299689 0.0357652 0.046757 0.139728
6 0.00653381 0.537723 0.0144939 0.24333 0.139644
7 0.857194 0.231017 0.0130363 0.0323015 0.138892
7 0.856046 0.282062 0.0166701 0.0424533 0.136778
6 0.107454 0.743737 0.0738272 0.14512 0.135173
10 0.153486 0.0359322 0.0194377 0.0607555 0.134671
10 0.0191458 0.616922 0.0379267 0.432854 0.133155
6 0.4409 0.917884 0.135791 0.165989 0.13226
6 0.703851 0.301696 0.0837137 0.357288 0.132014
7 0.835653 0.286819 0.0201519 0.0639097 0.131982
10 0.559903 0.182037 0.0723703 0.360199 0.131086
6 0.166699 0.670201 0.109852 0.310188 0.129872
7 0.306729 0.408711 0.0189443 0.0514659 0.129081
6 0.103161 0.48655 0.0392513 0.105311 0.128361
6 0.396683 0.275382 0.0573977 0.200665 0.1282
7 0.196193 0.634285 0.037099 0.0963108 0.127996
6 0.973571 0.474759 0.0520297 0.887599 0.127672
6 0.00595103 0.144977 0.0125329 0.172029 0.126888
7 0.830557 0.239087 0.0227894 0.0469625 0.126846
7 0.164315 0.849089 0.0264966 0.0988182 0.123269
7 0.0562829 0.548721 0.027765 0.0507062 0.119488
6 0.820704 0.541307 0.283215 0.806595 0.119283
10 0.0952644 0.0805262 0.0178618 0.0298808 0.119097
6 0.984129 0.942942 0.0320004 0.114517 0.117612
6 0.840842 0.952792 0.138316 0.0918938 0.11712
7 0.284041 0.19309 0.0159673 0.0378392 0.114994
7 0.124538 0.804077 0.03144 0.081606 0.113805
10 0.859704 0.355393 0.138594 0.323413 0.113062
7 0.0847238 0.488616 0.0217299 0.0562014 0.112388
7 0.745264 0.22516 0.0161495 0.0625716 0.112176
6 0.795817 0.558847 0.40532 0.875628 0.111857
10 0.572467 0.115458 0.0483711 0.185864 0.111619
6 0.00663374 0.478615 0.0140721 0.134715 0.111295
6 0.7154 0.203731 0.0938981 0.167207 0.111119
2 0.270299 0.17552 0.0160759 0.0658362 0.111033
10 0.0922075 0.0969 0.0194487 0.0591199 0.109913
6 0.884261 0.65504 0.171285 0.689035 0.109698
10 0.118783 0.0720132 0.0163912 0.0362285 0.109375
6 0.850404 0.96632 0.105554 0.0660843 0.109288
7 0.314974 0.423317 0.0178373 0.0358268 0.108545
10 0.00624354 0.709401 0.0126831 0.179911 0.108323
6 0.153369 0.587535 0.136695 0.323682 0.107441
7 0.0559672 0.516443 0.018929 0.0651696 0.1074
6 0.315928 0.228215 0.158047 0.238509 0.10673
11 0.501108 0.965272 0.0661211 0.0715484 0.104886
10 0.00542501 0.316038 0.0110026 0.149296 0.104833
6 0.444505 0.916877 0.13972 0.168164 0.104092
6 0.404732 0.317353 0.0431706 0.121042 0.102864
2 0.142486 0.0428489 0.0286029 0.0599549 0.102818
6 0.518599 0.332217 0.10523 0.237077 0.102721
6 0.64782 0.66571 0.151592 0.347954 0.102234
7 0.125235 0.827369 0.0197267 0.0353462 0.101698
7 0.674962 0.595955 0.0171525 0.0865428 0.101174
6 0.852276 0.790623 0.281497 0.410119 0.0993486
6 0.862053 0.795259 0.26352 0.40455 0.0978637
7 0.65075 0.573531 0.0460812 0.104264 0.0975215
4 0.133923 0.0496753 0.0712213 0.0886894 0.0968566
2 0.49206 0.228302 0.0333465 0.0608718 0.0967921
6 0.108136 0.501268 0.0418874 0.143762 0.0958287
6 0.778859 0.541831 0.336501 0.808056 0.0956788
6 0.83041 0.906662 0.20196 0.186125 0.0953874
10 0.873407 0.363011 0.10866 0.317847 0.0943721
10 0.599024 0.0129771 0.0121483 0.0259079 0.0940357
6 0.0886134 0.473354 0.0534932 0.0940204 0.0939508
6 0.88879 0.527542 0.150743 0.582574 0.0930599
7 0.770206 0.193034 0.0291212 0.0396278 0.0928607
6 0.456671 0.0948996 0.0333573 0.139642 0.0919926
7 0.835156 0.21849 0.0175585 0.0822508 0.0914058
7 0.771918 0.185246 0.0227467 0.0338278 0.0893195
6 0.0629449 0.627741 0.120206 0.402065 0.0875252
6 0.387143 0.195332 0.0444352 0.172702 0.0869789
7 0.0586579 0.531458 0.0171782 0.0358106 0.0856847
7 0.739866 0.260933 0.0197523 0.0719972 0.0851912
11 0.705619 0.614059 0.0492139 0.094496 0.0849214
7 0.267519 0.200719 0.0295614 0.0378135 0.0845966
7 0.433543 0.214154 0.0329844 0.0769838 0.0844025
6 0.0348324 0.526683 0.0489132 0.0892097 0.0842444
3 0.794149 0.239783 0.0335606 0.0529126 0.083441
11 0.780906 0.207539 0.19671 0.168928 0.0833173
7 0.835774 0.242469 0.0341546 0.0598308 0.0821685
7 0.314252 0.398818 0.0343503 0.076868 0.0814237
7 0.164407 0.824618 0.0227576 0.0496245 0.0812249
4 0.0658902 0.0784642 0.0222383 0.0354534 0.0809197
7 0.0676591 0.526338 0.0129412 0.0378859 0.0808855
6 0.477553 0.312809 0.182243 0.271552 0.0806763
7 0.843625 0.246628 0.0127054 0.0342875 0.080305
6 0.345367 0.228538 0.083834 0.193088 0.0802921
7 0.315542 0.389329 0.0338924 0.0672596 0.0796975
7 0.0599888 0.486376 0.0136877 0.0379974 0.0785869
7 0.797383 0.212935 0.0112427 0.0313221 0.0781282
7 0.827092 0.190313 0.0127708 0.0443845 0.0777272
7 0.0721626 0.477824 0.0267343 0.0459111 0.0772049
7 0.830314 0.2337 0.0164712 0.0394517 0.075606
2 0.759903 0.234019 0.0147129 0.0785026 0.07498
6 0.309638 0.520282 0.0884108 0.163127 0.073922
6 0.89613 0.287267 0.0620909 0.163139 0.0733469
7 0.794478 0.2367 0.0207461 0.0359448 0.073035
6 0.436526 0.962164 0.195552 0.0778759 0.0709895
6 0.224595 0.667118 0.163628 0.264454 0.0701956
7 0.732933 0.59195 0.0148335 0.0473293 0.0700647
7 0.166801 0.855215 0.0198537 0.0557087 0.0673507
7 0.0566424 0.542118 0.0263764 0.0608701 0.0666007
7 0.832919 0.253106 0.019055 0.0668808 0.0653081
2 0.745236 0.253964 0.0155706 0.0806001 0.0635144
7 0.856726 0.280953 0.0145748 0.0329047 0.0632303
7 0.806341 0.218962 0.0184708 0.029509 0.0617649
7 0.119962 0.819435 0.0232206 0.0442469 0.0614543
7 0.757436 0.158357 0.0167917 0.0270384 0.059616
7 0.730327 0.588397 0.0145534 0.0473059 0.059444
7 0.659865 0.550164 0.0255212 0.0542325 0.0590649
7 0.433266 0.246748 0.0378252 0.135107 0.0589014
2 0.757592 0.243297 0.0110443 0.0667833 0.0584558
6 0.866479 0.543794 0.134609 0.198397 0.0581832
11 0.0689229 0.523206 0.0778643 0.164907 0.0578088
7 0.737693 0.278065 0.0152214 0.0472798 0.0575706
6 0.813518 0.969364 0.195281 0.109694 0.0574584
7 0.159444 0.865338 0.0268156 0.0586317 0.0569899
7 0.845839 0.253904 0.0122746 0.0515633 0.0557041
4 0.144066 0.0467271 0.0480206 0.0805815 0.0556186
6 0.680062 0.770613 0.0812899 0.138058 0.0551477
10 0.518617 0.207608 0.110911 0.423708 0.0547573
11 0.789476 0.429811 0.208017 0.594479 0.0537727
11 0.779138 0.20369 0.204443 0.170176 0.053374
7 0.832943 0.29388 0.0165059 0.0521479 0.0533563
2 0.849881 0.274588 0.0132059 0.0614764 0.0532149
6 0.186167 0.597229 0.0613273 0.141808 0.052872
7 0.0821645 0.501866 0.0134167 0.0342833 0.0513678
7 0.769963 0.156764 0.0172775 0.0313216 0.0494442
7 0.771106 0.180051 0.033918 0.0804984 0.048923
7 0.15756 0.873667 0.0343831 0.0733223 0.0488384
6 0.881344 0.327813 0.0925165 0.141424 0.0485863
7 0.156554 0.887478 0.0308677 0.0458674 0.0482118
6 0.914474 0.747996 0.0569633 0.0934022 0.0466465
6 0.437727 0.440519 0.384156 0.36772 0.0459164
7 0.738165 0.29121 0.0185692 0.0423872 0.04523
6 0.312961 0.453668 0.0442904 0.175573 0.0448034
7 0.762098 0.615581 0.0236371 0.0628091 0.0446487
7 0.19268 0.662632 0.023835 0.0404595 0.0445099
6 0.411318 0.984987 0.166877 0.0361853 0.0421106
7 0.741261 0.606498 0.0120462 0.0354978 0.0411162
7 0.733805 0.614038 0.0172902 0.0922784 0.0408067
11 0.212471 0.76418 0.160411 0.361656 0.0398479
7 0.771683 0.19385 0.0161149 0.0464885 0.0385615
6 0.803393 0.763952 0.205742 0.130607 0.0382951
7 0.239018 0.649159 0.0149895 0.0427187 0.0375999
4 0.102338 0.100651 0.0475045 0.0523795 0.0360392
7 0.195239 0.627883 0.0265363 0.0416725 0.034232
6 0.689232 0.721753 0.213459 0.359159 0.0331163
6 0.391096 0.509623 0.0364305 0.0597195 0.0328698
6 0.276962 0.728623 0.0452661 0.0661491 0.0321537
7 0.235345 0.656171 0.0167221 0.0340257 0.0320014
6 0.705865 0.302231 0.0422815 0.0445184 0.0309841
7 0.320773 0.391427 0.0227563 0.0460171 0.0305921
6 0.410186 0.952323 0.0450285 0.0486107 0.0305481
6 0.370123 0.780744 0.0598206 0.114467 0.0301166
7 0.159612 0.889028 0.0209622 0.039016 0.0299902
6 0.202366 0.897008 0.174532 0.202987 0.0298917
6 0.807986 0.84647 0.107921 0.122839 0.0287672
7 0.161027 0.849973 0.0158667 0.0272169 0.0285444
7 0.0688937 0.514766 0.0258997 0.051819 0.027349
7 0.746746 0.682559 0.0201502 0.0356167 0.0266247
6 0.0992433 0.404224 0.0292109 0.0399903 0.024897
6 0.359004 0.428537 0.061269 0.0917658 0.0235251
2 0.66571 0.636771 0.0320545 0.058811 0.0234964
7 0.758927 0.644306 0.0259071 0.0817647 0.0228773
7 0.201903 0.786255 0.0356324 0.0559756 0.0206506
2 0.206336 0.744699 0.0202938 0.0373257 0.0201371
6 0.531036 0.443027 0.0290413 0.0447873 0.0201197
6 0.174816 0.946119 0.0245088 0.0461481 0.0181653
10 0.250269 0.853969 0.0145893 0.0369902 0.018131
10 0.217536 0.776357 0.00910409 0.0227502 0.0170457
6 0.201267 0.884462 0.0275519 0.0360289 0.0165054
