11 0.499854 0.673045 0.367379 0.376173 0.869787
6 0.47278 0.875897 0.141898 0.246954 0.861875
6 0.616914 0.875987 0.1654 0.248545 0.851561
5 0.363471 0.329739 0.0585409 0.0922837 0.796264
6 0.350774 0.682785 0.120759 0.292277 0.574285
6 0.645387 0.693202 0.196981 0.381035 0.572082
6 0.678961 0.657742 0.131931 0.311779 0.475696
6 0.562039 0.474408 0.0942781 0.0890506 0.398782
6 0.92942 0.545734 0.110955 0.295391 0.332902
11 0.923252 0.612471 0.0821022 0.166256 0.290239
6 0.935088 0.486744 0.114255 0.18878 0.286415
6 0.94966 0.793326 0.0998334 0.411842 0.261081
11 0.461614 0.154883 0.0402538 0.0462308 0.254862
6 0.643749 0.751937 0.199137 0.493967 0.249585
6 0.471862 0.480229 0.0857492 0.0967992 0.240077
6 0.239537 0.975674 0.275482 0.0489525 0.232864
6 0.474156 0.732513 0.125527 0.119664 0.228824
6 0.954647 0.884184 0.0903506 0.231042 0.22613
6 0.0213439 0.600582 0.0429545 0.254833 0.220576
6 0.465017 0.494406 0.0746479 0.0747951 0.205866
6 0.925682 0.774455 0.147213 0.450588 0.202399
6 0.985085 0.642714 0.0299187 0.395794 0.19873
6 0.925843 0.482667 0.0949028 0.179216 0.195617
6 0.953541 0.500649 0.0917171 0.28113 0.195009
6 0.30184 0.166904 0.0333148 0.0577906 0.192672
6 0.985758 0.557732 0.0279995 0.228135 0.187682
6 0.0218838 0.587978 0.0436666 0.339841 0.18351
6 0.910077 0.791554 0.178052 0.414104 0.183334
6 0.983943 0.715875 0.0317179 0.257059 0.178955
6 0.680511 0.73968 0.133751 0.476367 0.173033
6 0.474475 0.771067 0.146485 0.201605 0.172198
6 0.932145 0.880483 0.134714 0.238429 0.172127
6 0.0229005 0.622161 0.0457193 0.375879 0.170489
6 0.949862 0.502378 0.0992378 0.270063 0.16748
6 0.931899 0.737813 0.136396 0.524472 0.163764
6 0.467937 0.688601 0.163699 0.372509 0.157148
6 0.481802 0.722942 0.103223 0.0970358 0.156801
6 0.0232374 0.665755 0.0465984 0.452469 0.154662
6 0.643372 0.763765 0.195686 0.235213 0.15311
6 0.268277 0.973203 0.248324 0.0539686 0.152825
6 0.471534 0.662487 0.138958 0.321356 0.152789
6 0.0219283 0.719724 0.0448152 0.558058 0.152662
0 0.213863 0.21911 0.0328781 0.0693946 0.152071
11 0.609089 0.166164 0.0707567 0.0453618 0.15165
6 0.938891 0.56144 0.121562 0.366317 0.149753
2 0.924943 0.955794 0.0327014 0.0894163 0.149719
11 0.474903 0.768823 0.10428 0.0420071 0.147846
6 0.621237 0.165915 0.0481515 0.0438728 0.147803
6 0.200773 0.98224 0.198262 0.0358193 0.146676
6 0.642842 0.684145 0.207467 0.364753 0.142262
4 0.651989 0.182297 0.0228385 0.03853 0.138349
6 0.976487 0.610212 0.0465872 0.465038 0.136723
6 0.24353 0.978517 0.181874 0.0428209 0.135635
6 0.981989 0.708354 0.0365201 0.573017 0.135429
11 0.926598 0.591115 0.073944 0.123515 0.135116
6 0.3563 0.681665 0.11045 0.289786 0.134398
6 0.240591 0.976432 0.17709 0.046697 0.133587
6 0.312251 0.972576 0.429655 0.0544232 0.132839
6 0.937177 0.529981 0.123613 0.265998 0.13189
7 0.257784 0.72467 0.0953233 0.134557 0.12988
6 0.93731 0.703113 0.12545 0.594548 0.128556
6 0.444434 0.480955 0.141502 0.112324 0.128274
6 0.0207066 0.683687 0.042171 0.407389 0.12783
11 0.0421715 0.916437 0.0854367 0.167284 0.127776
6 0.242533 0.924934 0.288599 0.150976 0.122762
11 0.476217 0.764992 0.11305 0.0648296 0.122049
6 0.274875 0.982226 0.233247 0.0365336 0.115728
6 0.981646 0.499256 0.0365101 0.301776 0.115599
6 0.388125 0.685877 0.17416 0.31796 0.11534
11 0.596124 0.165634 0.096924 0.0439789 0.115126
6 0.603026 0.675904 0.163332 0.367142 0.113021
6 0.953938 0.440817 0.0905172 0.161684 0.110871
6 0.572778 0.757699 0.0872025 0.190086 0.110406
11 0.0535582 0.969538 0.107431 0.0616907 0.106544
6 0.310077 0.606379 0.0760691 0.157669 0.105248
6 0.0323636 0.750639 0.0668509 0.504659 0.103425
6 0.595081 0.662813 0.162009 0.360143 0.102011
6 0.674911 0.729889 0.121234 0.169009 0.10168
6 0.565948 0.166243 0.0412504 0.0357875 0.101178
6 0.679978 0.794795 0.136687 0.349338 0.100966
7 0.259849 0.711872 0.103188 0.162935 0.0997434
11 0.0375285 0.849911 0.0753475 0.299767 0.0989818
6 0.977413 0.734898 0.0459852 0.366585 0.098851
4 0.499781 0.154262 0.0245025 0.0358469 0.0971436
6 0.312607 0.653643 0.0752396 0.245197 0.0966655
11 0.566257 0.168147 0.0405322 0.0320379 0.0966576
6 0.969306 0.750802 0.0606148 0.314562 0.096326
6 0.110817 0.722222 0.218263 0.428823 0.0954502
4 0.331667 0.148004 0.0421016 0.0552575 0.0948513
6 0.420159 0.696027 0.253691 0.350134 0.0943316
6 0.470248 0.801339 0.134107 0.120066 0.092228
6 0.562226 0.566704 0.103625 0.249274 0.0895739
11 0.0328982 0.841314 0.0660336 0.113401 0.0878555
6 0.57333 0.72859 0.0829604 0.123565 0.0847725
6 0.366051 0.678304 0.143497 0.334764 0.08446
6 0.366236 0.972081 0.537411 0.0555939 0.0842901
6 0.951765 0.881734 0.0961212 0.234536 0.0840305
6 0.212255 0.979231 0.234803 0.0418685 0.0839229
6 0.347585 0.615232 0.0729193 0.144066 0.0825362
6 0.3389 0.61451 0.0944947 0.164892 0.0820723
6 0.729893 0.652847 0.241511 0.32232 0.0820647
6 0.627875 0.792747 0.163549 0.145108 0.0820164
6 0.278132 0.657476 0.14645 0.259436 0.0819628
6 0.0359348 0.815824 0.0725258 0.368595 0.0815936
6 0.155462 0.9853 0.114231 0.0298905 0.081133
4 0.919643 0.0237695 0.16251 0.0479624 0.0807798
6 0.926634 0.581736 0.096913 0.322277 0.078653
6 0.984226 0.708792 0.029612 0.204159 0.0775948
11 0.0465667 0.943283 0.0948789 0.114521 0.0775335
6 0.109794 0.64053 0.214605 0.276544 0.0775166
6 0.696638 0.587509 0.0930473 0.167241 0.0774583
6 0.577309 0.711873 0.0787715 0.0917307 0.0771055
6 0.783211 0.749049 0.421483 0.501946 0.0770959
6 0.984267 0.732313 0.0312495 0.228153 0.0770604
6 0.565103 0.480761 0.0823093 0.0753125 0.0761675
5 0.652144 0.189964 0.0205556 0.0251397 0.0761067
6 0.623814 0.822307 0.142241 0.141809 0.0760217
6 0.464394 0.15879 0.0315846 0.0383455 0.075961
2 0.912903 0.954996 0.0590356 0.0908255 0.0757645
6 0.154314 0.985247 0.114431 0.0299065 0.075529
2 0.92722 0.961083 0.0221985 0.0792065 0.0745697
6 0.172089 0.976047 0.167266 0.0486012 0.0744995
6 0.504767 0.722001 0.0593212 0.0954433 0.0736847
6 0.765026 0.746891 0.463297 0.505191 0.0724135
6 0.756074 0.742905 0.310235 0.506108 0.0723591
7 0.244685 0.726876 0.0679491 0.130404 0.0707481
6 0.154764 0.978113 0.125044 0.0442957 0.0699861
7 0.235068 0.709874 0.0433831 0.0860458 0.0697396
11 0.522195 0.593653 0.309745 0.215626 0.0688639
6 0.954315 0.432019 0.0901207 0.149623 0.068528
6 0.363589 0.750344 0.0999563 0.152581 0.0678984
5 0.393389 0.3302 0.0213076 0.0693746 0.0677253
6 0.937009 0.48425 0.122941 0.216843 0.0668525
6 0.475225 0.66082 0.118392 0.237864 0.0667933
6 0.475989 0.718175 0.120087 0.158044 0.0665773
6 0.303882 0.176021 0.0277709 0.0421402 0.0657083
6 0.020167 0.569385 0.0410019 0.611256 0.0638628
6 0.987417 0.589334 0.0245621 0.1308 0.0637837
6 0.614453 0.87499 0.162227 0.240745 0.0635829
6 0.985511 0.751481 0.0289207 0.198106 0.0635535
7 0.239083 0.587885 0.0437356 0.0608237 0.0634532
6 0.0209533 0.647527 0.0426676 0.258691 0.06314
6 0.61245 0.645221 0.144169 0.279617 0.0631384
6 0.616779 0.668575 0.150753 0.250254 0.0625428
6 0.34009 0.611035 0.0943818 0.158314 0.062333
6 0.653897 0.647582 0.082631 0.236798 0.0616561
7 0.30526 0.975315 0.0353985 0.0307023 0.0608437
6 0.109357 0.603658 0.210168 0.209841 0.0608137
6 0.20697 0.986704 0.243373 0.0283483 0.0603173
6 0.75463 0.75798 0.475597 0.486267 0.0598956
6 0.598979 0.723157 0.143208 0.289977 0.0594678
6 0.443899 0.732572 0.0727311 0.104876 0.0585586
6 0.0155985 0.517575 0.0313898 0.232463 0.0584939
6 0.145008 0.741925 0.289472 0.521012 0.0582977
6 0.579518 0.17062 0.0168671 0.0304418 0.0579965
11 0.0641009 0.958384 0.130341 0.082313 0.0564429
6 0.46172 0.729559 0.182803 0.283253 0.0563305
6 0.683114 0.583287 0.117966 0.18093 0.055608
6 0.476697 0.876126 0.14839 0.242203 0.0551935
11 0.927171 0.579767 0.0704119 0.100537 0.0549897
6 0.653941 0.654745 0.0836694 0.223786 0.05483
6 0.302918 0.170946 0.0273028 0.0453499 0.0534368
6 0.603123 0.779418 0.119462 0.150066 0.0522869
6 0.541726 0.759396 0.0360994 0.180188 0.0521852
11 0.594969 0.163166 0.10349 0.0544634 0.0511316
6 0.472356 0.793192 0.133472 0.153963 0.0510655
6 0.486402 0.616744 0.0923933 0.300128 0.0502302
6 0.642629 0.827597 0.214522 0.365327 0.050041
11 0.0351907 0.878057 0.0712351 0.169988 0.0496302
6 0.484456 0.8259 0.118735 0.141075 0.0492478
6 0.972484 0.961931 0.0484236 0.238384 0.0492322
6 0.981303 0.945032 0.0336079 0.195882 0.0491294
6 0.479975 0.802473 0.121335 0.147924 0.0489834
10 0.972419 0.361214 0.054427 0.688412 0.048335
6 0.373555 0.982059 0.106887 0.0351703 0.0479836
2 0.919592 0.959321 0.0253724 0.0825722 0.0479267
7 0.494605 0.706789 0.038303 0.0430234 0.0470066
6 0.229828 0.607116 0.0721439 0.111541 0.046683
6 0.51704 0.671544 0.319383 0.363128 0.0464981
6 0.454981 0.156903 0.030975 0.0385543 0.0464934
10 0.0112608 0.498262 0.0226877 0.136921 0.0461649
6 0.503513 0.737064 0.368173 0.517029 0.0460326
6 0.541868 0.760221 0.0622268 0.180062 0.045616
6 0.557655 0.678303 0.25553 0.393625 0.0451854
7 0.235933 0.727432 0.0472237 0.120467 0.0444619
5 0.360561 0.330268 0.0567177 0.0895305 0.0441608
6 0.68079 0.860525 0.126476 0.284977 0.0438311
6 0.477511 0.708392 0.116549 0.137813 0.0434249
6 0.279065 0.71524 0.275244 0.382833 0.0429452
6 0.434512 0.731452 0.0557049 0.0991065 0.0429318
6 0.426391 0.7616 0.058342 0.166484 0.0426977
6 0.678472 0.721278 0.104118 0.133397 0.0421644
6 0.312467 0.684338 0.057072 0.19486 0.0417229
6 0.962519 0.911624 0.0759739 0.202754 0.0416662
7 0.271752 0.738887 0.0798151 0.099639 0.04137
6 0.527225 0.660937 0.193946 0.377672 0.0412652
6 0.892755 0.891662 0.0990885 0.216002 0.04122
6 0.719961 0.588118 0.191328 0.208356 0.0410148
7 0.246447 0.577539 0.0279194 0.0353593 0.0407645
2 0.926612 0.976548 0.0243912 0.0448404 0.0403574
6 0.587086 0.707654 0.0587721 0.0826854 0.0401819
6 0.457944 0.719763 0.0382654 0.0448846 0.0394975
6 0.623237 0.92172 0.196036 0.172064 0.0394766
6 0.594862 0.167014 0.0410037 0.0422352 0.0393713
6 0.459447 0.498578 0.0626374 0.0542527 0.0392615
6 0.578582 0.854729 0.104235 0.0869353 0.0392353
6 0.315381 0.616663 0.0666894 0.144851 0.0392015
2 0.310142 0.980009 0.0725203 0.0384752 0.0390032
6 0.610141 0.177791 0.0203693 0.025884 0.0387853
10 0.0143967 0.500771 0.0280508 0.131626 0.0386909
6 0.345997 0.988264 0.149019 0.0246918 0.0383644
6 0.442482 0.921618 0.0967029 0.155393 0.0376281
6 0.364517 0.805558 0.138438 0.173659 0.0372429
6 0.616846 0.730272 0.751377 0.534807 0.0367271
6 0.678667 0.879783 0.082462 0.231704 0.036461
6 0.557863 0.662078 0.110502 0.36455 0.0362874
6 0.570214 0.710275 0.0582043 0.069653 0.0358945
11 0.630249 0.780861 0.116691 0.049949 0.0357005
6 0.575861 0.801652 0.152133 0.262507 0.0353268
2 0.924697 0.980722 0.0600015 0.0400224 0.0351869
6 0.651795 0.185065 0.0181496 0.0281427 0.0348547
6 0.683438 0.860516 0.128415 0.235879 0.0347511
6 0.649445 0.682269 0.0818865 0.18709 0.0346292
6 0.51752 0.831239 0.429205 0.329793 0.0341833
6 0.452448 0.139176 0.0178556 0.0226294 0.0339365
2 0.224973 0.637926 0.0272359 0.0588887 0.0338639
6 0.663939 0.594467 0.0635313 0.136468 0.0330542
6 0.889363 0.99105 0.138051 0.0566029 0.0325986
6 0.51377 0.869557 0.0887368 0.252354 0.0323025
2 0.597671 0.784554 0.0338486 0.0298384 0.0319392
6 0.980754 0.964442 0.0325765 0.0832725 0.0318753
5 0.286435 0.580136 0.0284548 0.0495935 0.0310284
6 0.529306 0.79037 0.229879 0.122911 0.0308868
6 0.641639 0.94605 0.177084 0.174573 0.0308831
6 0.674142 0.620636 0.0955373 0.112707 0.0304449
2 0.926688 0.951806 0.0309513 0.0663303 0.0300524
6 0.441615 0.950731 0.0919548 0.102608 0.0296868
6 0.460096 0.856749 0.0595524 0.0323406 0.0295033
6 0.978475 0.783211 0.0421613 0.119167 0.0287557
6 0.588937 0.695553 0.0432632 0.0463148 0.0281469
6 0.526657 0.968506 0.286359 0.0663214 0.027803
6 0.475392 0.91539 0.106317 0.0618382 0.0277823
6 0.417885 0.806083 0.0463001 0.14074 0.0275016
5 0.370001 0.369443 0.0858018 0.112356 0.0269125
6 0.446191 0.947263 0.0819631 0.102041 0.0268806
6 0.591335 0.688996 0.11484 0.167952 0.0267591
6 0.687508 0.554128 0.113086 0.123669 0.0267547
6 0.318239 0.164387 0.0213059 0.0295616 0.0267538
6 0.515074 0.843984 0.0498366 0.0581787 0.0266964
6 0.939508 0.985816 0.099379 0.0390351 0.0266507
6 0.805624 0.938176 0.355431 0.159603 0.0262504
6 0.350157 0.79143 0.050671 0.0871869 0.0261288
6 0.545662 0.89433 0.0717596 0.0738093 0.0250252
6 0.214228 0.991602 0.0872795 0.0136444 0.0247223
10 0.506533 0.92164 0.0835847 0.0669136 0.0245608
6 0.613214 0.97608 0.223801 0.129093 0.0242936
6 0.396778 0.975794 0.108849 0.0542026 0.0237848
6 0.930472 0.761724 0.122301 0.189002 0.0229877
6 0.476392 0.976968 0.145812 0.0624115 0.0225636
6 0.623954 0.85104 0.0785475 0.042054 0.0225356
6 0.570594 0.975715 0.168284 0.0604724 0.0221239
6 0.453757 0.961839 0.136272 0.0928877 0.0217998
2 0.243543 0.589738 0.0306683 0.0453876 0.0217932
6 0.139111 0.934651 0.126062 0.140826 0.0216573
6 0.465556 0.964622 0.124692 0.0912933 0.0213555
6 0.591669 0.946573 0.0928867 0.0615482 0.0213535
6 0.366767 0.842922 0.0919778 0.138703 0.0209757
6 0.0995215 0.758287 0.15269 0.119159 0.0209735
4 0.491986 0.171489 0.328377 0.0964117 0.0206265
6 0.405843 0.82731 0.0391787 0.0807207 0.020543
10 0.504367 0.920652 0.0405134 0.0302428 0.0200683
6 0.507137 0.97879 0.0874459 0.0548812 0.0199648
6 0.638838 0.973092 0.0978113 0.0671248 0.0199333
6 0.444432 0.957846 0.089442 0.0728768 0.0197838
6 0.596194 0.968897 0.112706 0.065845 0.0196072
6 0.590247 0.967575 0.105661 0.0808754 0.0192076
2 0.226518 0.647737 0.0312835 0.0288081 0.018959
10 0.51985 0.941029 0.0405265 0.0685825 0.0189212
6 0.470034 0.948247 0.0789141 0.0502266 0.018812
6 0.278945 0.923282 0.0659031 0.138581 0.0183084
10 0.919522 0.754202 0.0681833 0.0987717 0.0180347
6 0.57317 0.953652 0.0414755 0.0470557 0.0179367
6 0.270016 0.977176 0.102471 0.0635191 0.0176603
2 0.983643 0.943363 0.029138 0.0618449 0.017602
2 0.663209 0.929242 0.0430018 0.0415228 0.0175069
10 0.616665 0.978294 0.111346 0.0622953 0.0172731
10 0.850463 0.734898 0.0612537 0.146065 0.0172121
11 0.089953 0.92891 0.0766442 0.0665005 0.0168986
2 0.532816 0.869216 0.0249327 0.019438 0.0164628
10 0.378645 0.970178 0.0831477 0.0659315 0.0164459
6 0.358561 0.965569 0.0709198 0.0581894 0.016352
10 0.939081 0.771631 0.0342567 0.0308989 0.0163176
10 0.26709 0.874173 0.0621553 0.103554 0.0162034
6 0.381617 0.971179 0.0570672 0.055577 0.0161634
10 0.727619 0.890728 0.0520391 0.0570676 0.0159576
2 0.35096 0.92735 0.0528837 0.0512487 0.0155878
2 0.366638 0.540326 0.0404807 0.0413492 0.0153143
2 0.25317 0.886373 0.0342648 0.0528406 0.015081
1 0.377041 0.450601 0.0654218 0.0674075 0.015071
2 0.239461 0.922831 0.0507968 0.0602354 0.0146505
