4 0.757431 0.459543 0.0909828 0.113021 0.455078
4 0.773644 0.470517 0.072274 0.0941463 0.228612
4 0.0299807 0.522443 0.0612843 0.174933 0.170609
4 0.746411 0.451708 0.0701849 0.0879123 0.167797
4 0.765485 0.462851 0.0599102 0.10488 0.167588
4 0.732479 0.454539 0.0405199 0.0773461 0.152831
4 0.0323739 0.475794 0.0659023 0.279679 0.149663
3 0.49913 0.499673 0.999985 0.99999 0.13456
0 0.950086 0.748251 0.10087 0.50223 0.126336
4 0.0275581 0.49728 0.0557716 0.110672 0.110585
4 0.0314349 0.481137 0.0639073 0.25071 0.10763
0 0.955516 0.726087 0.0899181 0.545802 0.0999035
0 0.952851 0.810763 0.0954941 0.376192 0.0938321
0 0.904755 0.738626 0.19074 0.522675 0.0932017
3 0.76479 0.972172 0.466988 0.057214 0.0929667
4 0.0341697 0.423762 0.0688736 0.388501 0.0853692
0 0.9088 0.822721 0.182162 0.353065 0.0791975
10 0.87754 0.494473 0.0369467 0.0845777 0.0768808
4 0.0515897 0.935785 0.104062 0.129387 0.0754694
1 0.77726 0.980185 0.441385 0.0408296 0.0745798
4 0.800519 0.471874 0.126406 0.100407 0.0733844
0 0.953747 0.851059 0.0936294 0.29639 0.072932
4 0.0271679 0.49847 0.0551983 0.101977 0.0724623
10 0.880836 0.467623 0.0552841 0.143766 0.0724198
10 0.958395 0.89517 0.0845261 0.208969 0.0718457
4 0.970078 0.484013 0.0608846 0.128194 0.0685998
4 0.0457314 0.928146 0.091617 0.144554 0.0677967
10 0.990766 0.499644 0.0185129 0.0893414 0.0665079
0 0.965889 0.673933 0.0681307 0.65208 0.0663672
4 0.0151662 0.533079 0.0306573 0.168239 0.0660688
10 0.897846 0.508526 0.058864 0.181249 0.0648509
10 0.981452 0.89387 0.0374074 0.201737 0.0631245
4 0.764494 0.476699 0.0511047 0.0831745 0.0630088
4 0.0335058 0.4682 0.0676982 0.289993 0.0627479
1 0.718694 0.972139 0.554771 0.0568848 0.0624888
1 0.768741 0.937636 0.459464 0.125127 0.0624653
0 0.913765 0.662246 0.173711 0.674905 0.0612424
4 0.145772 0.905876 0.292639 0.189061 0.0606222
4 0.0456689 0.953937 0.0922012 0.0930996 0.0598385
1 0.631681 0.969394 0.72406 0.06259 0.0595892
4 0.825948 0.433531 0.107261 0.17128 0.0591156
4 0.0213847 0.493081 0.0438455 0.24203 0.0587335
0 0.912209 0.510331 0.176284 0.97342 0.0576328
10 0.99033 0.473824 0.020236 0.148581 0.0574189
0 0.892181 0.786405 0.215154 0.423917 0.0574006
4 0.0278251 0.439317 0.0565007 0.220631 0.0571282
4 0.0529908 0.966867 0.106551 0.0671798 0.056755
4 0.16395 0.942144 0.327507 0.116153 0.0560443
4 0.823732 0.474173 0.0926149 0.0957316 0.0548981
10 0.878608 0.48718 0.0491972 0.106191 0.0545974
4 0.126129 0.898943 0.252511 0.20247 0.0543072
1 0.618453 0.900328 0.757442 0.200093 0.0535605
4 0.0270223 0.396906 0.0544101 0.440446 0.0530354
10 0.985516 0.721172 0.0298828 0.551645 0.0516573
4 0.00869511 0.454425 0.0178704 0.31768 0.0516319
4 0.80369 0.437726 0.187706 0.178801 0.0508855
4 0.779019 0.460551 0.139733 0.138255 0.0505507
10 0.892299 0.507385 0.0811919 0.205512 0.0504257
0 0.908353 0.868397 0.18312 0.260153 0.0502808
10 0.979522 0.950683 0.0416449 0.0999119 0.0497265
10 0.98581 0.741005 0.0292146 0.512555 0.0496858
4 0.765202 0.473908 0.052255 0.0873764 0.0494387
4 0.0924381 0.936186 0.185223 0.128752 0.04903
10 0.981251 0.912408 0.0385553 0.176294 0.0489633
4 0.0367926 0.46083 0.0742236 0.315114 0.0478273
1 0.497293 0.873953 0.999412 0.246905 0.046183
4 0.827205 0.434445 0.117668 0.176591 0.0461769
1 0.580099 0.96478 0.831251 0.0718189 0.0459328
4 0.0256089 0.324392 0.051769 0.577088 0.0448627
10 0.0117934 0.406688 0.0240577 0.417091 0.0445983
10 0.986669 0.469165 0.0274005 0.138796 0.0443631
10 0.985629 0.735461 0.029666 0.523305 0.0441138
4 0.0149025 0.502945 0.0305671 0.259421 0.0440017
10 0.98238 0.840022 0.0361194 0.317173 0.0438784
4 0.0185833 0.926075 0.0377956 0.14779 0.0438419
1 0.788818 0.98051 0.414884 0.0391373 0.0435668
10 0.900694 0.486817 0.0484484 0.127556 0.0431322
4 0.752295 0.443111 0.0775143 0.0945551 0.0429842
4 0.153516 0.829992 0.308007 0.339701 0.0428416
10 0.984975 0.451386 0.0312414 0.175379 0.0422184
10 0.690524 0.467549 0.0232122 0.0487801 0.0416636
0 0.965153 0.522063 0.0700948 0.951388 0.0415512
1 0.502344 0.968467 0.988207 0.0652495 0.0413661
4 0.0357504 0.672012 0.0712539 0.657325 0.0412589
2 0.0448779 0.816557 0.0896906 0.365766 0.0405909
4 0.0364344 0.539507 0.0738375 0.154305 0.0405196
10 0.989958 0.484542 0.0210146 0.182621 0.0404885
10 0.00753855 0.420944 0.0156658 0.353856 0.0400798
10 0.984085 0.853476 0.0320663 0.262865 0.0398465
0 0.966848 0.792798 0.0679186 0.415212 0.0398255
10 0.0087351 0.405774 0.0182829 0.392469 0.039687
4 0.932658 0.479709 0.134859 0.214492 0.0394039
4 0.137894 0.938015 0.274653 0.124502 0.0391385
4 0.0226211 0.913484 0.0459339 0.173768 0.038984
10 0.986076 0.667107 0.0283434 0.391165 0.0383382
4 0.0350842 0.711878 0.0702805 0.576921 0.0382155
3 0.501553 0.697494 0.99999 0.60229 0.0381791
4 0.10489 0.83038 0.210507 0.338441 0.0376688
1 0.769217 0.743072 0.458169 0.513307 0.0376452
10 0.905987 0.493024 0.0383753 0.111914 0.0374708
1 0.497067 0.776608 0.999869 0.438507 0.0369486
10 0.955102 0.943707 0.0908554 0.112513 0.0367213
0 0.919226 0.885428 0.161681 0.2274 0.0365511
10 0.990559 0.565997 0.0198682 0.331204 0.0364675
1 0.772584 0.981036 0.441019 0.037626 0.0364666
10 0.0520008 0.362108 0.0716881 0.119158 0.0363634
10 0.990148 0.528866 0.020775 0.307866 0.0360329
10 0.035289 0.534606 0.0710647 0.927535 0.0359373
4 0.819482 0.471752 0.0849237 0.100121 0.0358588
3 0.504991 0.0386261 0.990007 0.0794941 0.0356306
10 0.953965 0.951211 0.093482 0.0986362 0.0354246
10 0.876661 0.462449 0.0399983 0.146013 0.0347514
4 0.101888 0.742526 0.202921 0.513144 0.0345513
10 0.897658 0.511002 0.0443235 0.138334 0.0345475
4 0.792965 0.479385 0.0461034 0.0775998 0.0340886
6 0.92986 0.899261 0.141531 0.202077 0.034024
4 0.0390853 0.629354 0.0772582 0.486544 0.0336247
4 0.748362 0.44774 0.0750853 0.0870805 0.0333312
10 0.988969 0.389511 0.0228737 0.340089 0.0331777
4 0.128863 0.969984 0.257042 0.060261 0.0330012
1 0.722178 0.983678 0.317235 0.0336623 0.0326758
1 0.528769 0.963616 0.928287 0.0749161 0.0325826
4 0.0484767 0.912602 0.0974459 0.175698 0.032392
2 0.401933 0.957369 0.058579 0.0844736 0.0323168
4 0.0665372 0.315742 0.132025 0.608742 0.0322415
1 0.773535 0.976081 0.440951 0.0468336 0.0321205
4 0.232075 0.908463 0.466667 0.184781 0.031962
3 0.63075 0.0395037 0.745087 0.0796512 0.0318507
11 0.872888 0.98009 0.252312 0.0399036 0.0316608
10 0.0546504 0.354756 0.0589589 0.0968479 0.0313602
10 0.903794 0.751745 0.100324 0.459636 0.0310563
5 0.506929 0.123915 0.999983 0.249254 0.0310364
2 0.0821093 0.708499 0.163329 0.58194 0.0309417
10 0.9885 0.442773 0.0246209 0.244334 0.0308667
0 0.969053 0.71942 0.0649595 0.560471 0.0308183
10 0.956451 0.462749 0.0347132 0.144553 0.0308027
10 0.958971 0.921867 0.0628756 0.112622 0.0306918
10 0.900161 0.811122 0.116121 0.378504 0.0306069
1 0.60274 0.842788 0.789699 0.313583 0.0305916
4 0.00839264 0.405532 0.016833 0.213346 0.0304241
10 0.0127901 0.542387 0.0251727 0.137778 0.030224
10 0.968129 0.443771 0.0616554 0.191241 0.0300098
10 0.866454 0.47154 0.0312834 0.125267 0.0298885
1 0.816649 0.896114 0.356948 0.210416 0.0297531
4 0.967651 0.502657 0.065502 0.148068 0.0296249
10 0.857978 0.482426 0.0229958 0.101304 0.029497
0 0.917088 0.743727 0.166068 0.528281 0.0294285
10 0.9873 0.474029 0.0261187 0.504053 0.0293944
4 0.766618 0.424738 0.0391592 0.0538998 0.0292945
10 0.909474 0.738861 0.0874908 0.449846 0.0291498
10 0.983392 0.868475 0.0344256 0.117795 0.0288779
4 0.504099 0.72101 0.999816 0.548671 0.0288075
4 0.207139 0.88539 0.422318 0.229765 0.0286948
10 0.956271 0.897425 0.0670591 0.17579 0.0286724
10 0.989561 0.594851 0.0215483 0.221498 0.0286496
10 0.909549 0.777679 0.102612 0.427935 0.0286244
10 0.786702 0.464119 0.0313495 0.101056 0.0285193
10 0.912683 0.493041 0.0365418 0.102439 0.0284803
4 0.0144428 0.963282 0.0296351 0.0745157 0.0284521
10 0.864734 0.472329 0.030072 0.123847 0.0283462
10 0.987865 0.437382 0.0246051 0.508057 0.0282004
10 0.884995 0.51252 0.0232391 0.0670629 0.0278832
10 0.854389 0.479811 0.0309563 0.0962992 0.027883
10 0.984574 0.928429 0.0303722 0.13853 0.027785
2 0.0386258 0.7382 0.076702 0.524892 0.0277317
4 0.298067 0.817295 0.606045 0.365456 0.0277212
10 0.0331068 0.645058 0.0663 0.70934 0.0276086
0 0.911221 0.834546 0.176485 0.341579 0.0274397
10 0.955368 0.428106 0.0207562 0.0620343 0.0273604
10 0.986863 0.920901 0.0266838 0.126732 0.0273099
3 0.713592 0.038056 0.568673 0.0771057 0.0272515
6 0.772324 0.465276 0.0661099 0.10431 0.0272477
0 0.722733 0.750997 0.55314 0.50197 0.0272427
10 0.955351 0.426587 0.0202815 0.0579687 0.026919
4 0.364325 0.886796 0.73819 0.228904 0.0268947
4 0.747799 0.438489 0.0807799 0.118288 0.0268707
10 0.858381 0.494982 0.0284397 0.099331 0.0262975
10 0.890915 0.429239 0.0296646 0.0697501 0.0262251
4 0.306023 0.298427 0.62086 0.594355 0.0261159
10 0.860642 0.509042 0.0265192 0.0742129 0.0260285
10 0.898152 0.543558 0.0421381 0.118016 0.0260189
10 0.989089 0.815519 0.0229574 0.35878 0.0259775
4 0.0514004 0.976026 0.102957 0.0477157 0.0259405
10 0.207212 0.50283 0.416317 0.995588 0.025936
10 0.0466082 0.975953 0.0887498 0.0489762 0.0258757
4 0.257492 0.783619 0.522678 0.436857 0.0258247
10 0.956426 0.936983 0.0656229 0.112474 0.0258024
4 0.157853 0.466573 0.31901 0.290691 0.0256708
0 0.809456 0.84583 0.36542 0.315347 0.0255685
10 0.900661 0.63478 0.0505964 0.126435 0.0255075
11 0.897195 0.976834 0.208532 0.0458118 0.0254418
10 0.955028 0.929357 0.0576496 0.110852 0.0251916
4 0.156582 0.302328 0.31531 0.583576 0.0251482
10 0.899716 0.529702 0.0453617 0.11953 0.0250251
10 0.026594 0.974113 0.0537233 0.0524622 0.0248642
4 0.015115 0.561278 0.0300136 0.10948 0.0248502
1 0.693175 0.985626 0.251871 0.0298168 0.0248004
10 0.984085 0.957274 0.0338137 0.0846609 0.0247288
10 0.953562 0.680195 0.0957443 0.879046 0.0247264
6 0.910435 0.973467 0.182511 0.0536957 0.0246748
10 0.0178095 0.353 0.0349592 0.132326 0.0246377
10 0.942881 0.886087 0.0856751 0.210374 0.0245841
4 0.969229 0.532234 0.0642377 0.130911 0.0244634
10 0.877973 0.413693 0.0608776 0.29944 0.0244519
10 0.946839 0.5266 0.0259807 0.101385 0.0244354
10 0.767522 0.415059 0.0509829 0.135245 0.0243982
4 0.268078 0.487989 0.530663 0.277376 0.0243894
10 0.990927 0.949223 0.0180405 0.101152 0.0240937
10 0.757224 0.439609 0.0219216 0.0327341 0.0240543
10 0.758693 0.447464 0.0360984 0.0727279 0.024047
6 0.87153 0.948439 0.258573 0.101812 0.0240327
6 0.935399 0.981705 0.126891 0.0382484 0.0240273
10 0.945092 0.847503 0.0663405 0.252367 0.0237933
10 0.767184 0.4294 0.0421165 0.0884886 0.0236869
11 0.89211 0.976279 0.221053 0.0473497 0.023465
6 0.979725 0.983695 0.0400225 0.032655 0.0234105
4 0.504908 0.869223 0.999981 0.259031 0.0231106
10 0.0417766 0.97675 0.0842937 0.0471495 0.0230372
10 0.98677 0.56009 0.0235149 0.0828254 0.0230033
1 0.611627 0.989828 0.192653 0.0215803 0.0229715
6 0.969544 0.958693 0.060329 0.0801472 0.0226419
10 0.986022 0.952525 0.0225233 0.0488625 0.0224232
4 0.764243 0.453532 0.0495348 0.116964 0.0223972
10 0.151706 0.583948 0.301735 0.831607 0.0223324
4 0.0389273 0.569986 0.0789441 0.108843 0.022213
10 0.905708 0.709723 0.0407301 0.08177 0.0221541
5 0.156401 0.179187 0.29802 0.328194 0.0219757
10 0.283267 0.386878 0.100991 0.169607 0.0219518
10 0.912702 0.620957 0.0389053 0.0906489 0.021915
10 0.101223 0.330331 0.210055 0.540408 0.0218185
10 0.979912 0.947203 0.0403764 0.082514 0.0217768
10 0.986977 0.965191 0.0262531 0.0678631 0.0215708
0 0.762799 0.671786 0.46508 0.650024 0.0213996
6 0.762109 0.492565 0.041742 0.0628068 0.0213799
10 0.788684 0.490125 0.038862 0.0648434 0.0212598
4 0.180623 0.44159 0.369602 0.375416 0.0209995
10 0.984459 0.720932 0.0306227 0.0901941 0.0209829
10 0.35128 0.502885 0.715896 0.997953 0.0206875
10 0.911104 0.841478 0.0410904 0.0840656 0.0203766
10 0.824232 0.491916 0.0670759 0.0897816 0.0203638
10 0.0407016 0.385643 0.0822022 0.184468 0.0202708
6 0.721727 0.996184 0.243292 0.0113598 0.0202307
4 0.0257336 0.739743 0.0517035 0.291669 0.0201543
10 0.783734 0.493007 0.0513255 0.0574903 0.0201502
1 0.568507 0.993006 0.0910062 0.0140671 0.0201284
10 0.984687 0.975698 0.0302916 0.0523087 0.0200395
11 0.824009 0.986446 0.352663 0.0277918 0.0200265
4 0.715051 0.364878 0.0477119 0.0801705 0.0199863
6 0.695237 0.99442 0.216098 0.0122078 0.0199151
10 0.922641 0.827009 0.0327265 0.0650151 0.0198788
1 0.748932 0.502347 0.0694341 0.0791859 0.0198362
10 0.793927 0.526379 0.0317045 0.0619929 0.0198008
10 0.848191 0.992131 0.123861 0.0147102 0.0197592
4 0.54429 0.474452 0.999915 0.354797 0.0192533
6 0.803487 0.996246 0.212296 0.0109768 0.019147
4 0.964474 0.527671 0.0640211 0.103967 0.0190387
4 0.317747 0.5295 0.607983 0.55292 0.0189675
10 0.26398 0.638864 0.542679 0.883945 0.0187814
4 0.130571 0.977633 0.265958 0.0456976 0.0186795
10 0.898729 0.914354 0.0741022 0.17251 0.0186455
10 0.902422 0.600802 0.042643 0.089076 0.0186412
10 0.0224029 0.986533 0.0453272 0.029187 0.0186338
4 0.559091 0.53563 0.982969 0.284048 0.018582
10 0.979648 0.976867 0.0395961 0.048932 0.0185494
4 0.787673 0.546101 0.320913 0.320946 0.0184487
10 0.285176 0.694322 0.52881 0.9997 0.018365
10 0.841083 0.700935 0.0192982 0.0500696 0.0182818
4 0.249902 0.572648 0.45612 0.327246 0.0180724
10 0.308076 0.712547 0.489999 0.9992 0.0180624
1 0.677593 0.621862 0.0181607 0.0349257 0.0179778
4 0.340551 0.286044 0.69524 0.522279 0.0177299
10 0.0292371 0.69482 0.0459513 0.0484653 0.0175048
6 0.973038 0.78599 0.0438365 0.0690546 0.0174046
4 0.293845 0.546933 0.560912 0.429598 0.0172687
10 0.252894 0.708418 0.498515 0.65212 0.017203
4 0.24914 0.674075 0.485754 0.212916 0.0169842
10 0.708483 0.664327 0.0278102 0.0384362 0.0169277
6 0.891091 0.978431 0.210019 0.0428228 0.0168944
1 0.495857 0.558004 0.999977 0.999744 0.0168477
10 0.89785 0.954381 0.110806 0.103289 0.0167825
4 0.496919 0.726054 0.998179 0.773955 0.0166316
10 0.777098 0.638025 0.0484531 0.0570195 0.0164038
4 0.403742 0.546177 0.595802 0.264783 0.0163948
10 0.507313 0.0400069 0.814449 0.0556353 0.0163586
10 0.788088 0.746973 0.0551321 0.0430186 0.0162072
4 0.498306 0.565218 0.999962 0.979608 0.0162029
10 0.0342439 0.928671 0.0672934 0.0796788 0.0161229
8 0.675699 0.764425 0.029295 0.0339475 0.0160497
10 0.109247 0.699803 0.230838 0.24461 0.0159224
4 0.517752 0.589264 0.993887 0.844745 0.0159124
10 0.756654 0.59759 0.0315452 0.0393459 0.0158637
1 0.723457 0.615767 0.0401267 0.0448281 0.0158518
10 0.756289 0.550662 0.0324194 0.0393364 0.0157097
8 0.527576 0.0642982 0.928193 0.0560201 0.0154291
10 0.755651 0.64679 0.0337547 0.0347516 0.0149829
10 0.757825 0.712571 0.032583 0.0430551 0.0148786
10 0.762305 0.655833 0.044773 0.0418163 0.0148383
10 0.742674 0.752668 0.0410458 0.0454899 0.0148144
4 0.150138 0.846156 0.227383 0.169156 0.014775
1 0.748008 0.712412 0.0263252 0.0311484 0.0145294
