6 0.766486 0.467398 0.0552182 0.0957051 0.233311
3 0.77367 0.970657 0.447766 0.0590225 0.18611
11 0.766929 0.484904 0.0525973 0.0655328 0.156034
6 0.732893 0.451909 0.0415007 0.0765531 0.127315
4 0.755502 0.460164 0.0903548 0.113699 0.126077
10 0.965676 0.887613 0.069802 0.196873 0.123481
3 0.49732 0.936921 0.996631 0.127759 0.111668
10 0.876171 0.486389 0.0443136 0.0934935 0.111496
3 0.49857 0.499624 0.995721 0.999915 0.106651
4 0.0514001 0.939749 0.103477 0.120898 0.106498
10 0.98996 0.488946 0.0205012 0.112037 0.103801
3 0.149201 0.915978 0.29884 0.168309 0.101639
10 0.87393 0.487361 0.0393229 0.0877351 0.100067
0 0.957775 0.746067 0.0852522 0.506825 0.0999156
6 0.703424 0.458321 0.0489378 0.0733048 0.0983366
3 0.160217 0.941423 0.319718 0.11731 0.0920361
0 0.961063 0.84597 0.0783815 0.307127 0.0910725
10 0.982079 0.476827 0.0365088 0.131728 0.0906842
0 0.960412 0.728004 0.0797612 0.543357 0.0890527
10 0.989348 0.497183 0.0215631 0.0998975 0.0870527
3 0.640577 0.967069 0.706636 0.0667471 0.0866748
10 0.890423 0.511762 0.0695494 0.171424 0.0843585
3 0.0940453 0.936156 0.188341 0.128234 0.0839818
10 0.877366 0.491566 0.0297077 0.0773306 0.0801419
0 0.959082 0.843276 0.0831487 0.307393 0.0799886
4 0.0456366 0.955122 0.0924212 0.0903707 0.0789759
3 0.111651 0.905025 0.222904 0.189577 0.07888
3 0.496021 0.872643 0.997433 0.250632 0.078686
4 0.756684 0.441027 0.0692652 0.0955486 0.0769344
0 0.905603 0.742202 0.187757 0.51525 0.0760484
10 0.980887 0.892109 0.0387026 0.173211 0.0754102
3 0.605267 0.95724 0.783701 0.0872123 0.0747543
3 0.74547 0.917859 0.505173 0.163924 0.0733786
4 0.0290039 0.497355 0.059214 0.217472 0.0718759
3 0.777803 0.973543 0.434855 0.0527897 0.0717227
10 0.898206 0.511112 0.0533032 0.175468 0.0707766
10 0.980669 0.689919 0.0392927 0.618267 0.0695821
10 0.982053 0.839706 0.0362919 0.315001 0.0690229
10 0.989279 0.485766 0.0216398 0.208162 0.0675998
3 0.496775 0.90087 0.999957 0.198323 0.0662328
10 0.981077 0.86787 0.0378818 0.232855 0.0662161
4 0.0185459 0.931148 0.0377898 0.137437 0.0658011
10 0.971143 0.70905 0.057991 0.580034 0.0648773
4 0.0494971 0.969697 0.0995553 0.0609208 0.0644711
4 0.765104 0.444872 0.047385 0.0728708 0.0639479
4 0.0566006 0.876867 0.11358 0.245619 0.0626113
10 0.975449 0.474201 0.0258182 0.103912 0.0622545
4 0.0427922 0.928468 0.085782 0.144043 0.0621772
0 0.919285 0.746455 0.161217 0.507424 0.0611688
4 0.767452 0.442489 0.0604265 0.14452 0.0606259
3 0.499359 0.965436 0.989751 0.0707911 0.0598689
4 0.765076 0.453473 0.0458081 0.0585669 0.0595055
10 0.976588 0.949175 0.0471524 0.103124 0.0593764
6 0.778141 0.488851 0.0346692 0.0563154 0.0591918
3 0.251807 0.938102 0.504219 0.123694 0.0591862
10 0.989312 0.62365 0.0220477 0.444768 0.0585022
10 0.99066 0.631089 0.0192356 0.443987 0.0563933
6 0.77969 0.485121 0.0323489 0.0630913 0.0553375
10 0.980194 0.666359 0.0403426 0.667724 0.0550338
0 0.917963 0.693237 0.163258 0.614416 0.0549127
6 0.761886 0.488033 0.0431556 0.0559161 0.0547871
3 0.105487 0.909825 0.209328 0.179649 0.0535945
10 0.989145 0.737337 0.0225384 0.521257 0.0522712
3 0.154504 0.824162 0.309743 0.349981 0.0522494
3 0.094169 0.830695 0.188795 0.337263 0.051586
3 0.619643 0.910698 0.750714 0.179581 0.0515437
10 0.0268415 0.909067 0.0542985 0.182639 0.0510754
10 0.990529 0.613552 0.019264 0.453299 0.050872
0 0.874004 0.74718 0.249247 0.504016 0.0506165
2 0.0445814 0.823325 0.0889267 0.352666 0.0506021
4 0.0321361 0.423426 0.064786 0.425347 0.0500925
4 0.682487 0.444965 0.0986857 0.0987799 0.0497357
3 0.0889498 0.746558 0.177138 0.504667 0.0485869
4 0.824344 0.473729 0.0808262 0.0919685 0.0484193
4 0.0494909 0.97545 0.0991129 0.049926 0.0479615
3 0.121149 0.939832 0.241217 0.120119 0.047942
3 0.781495 0.98137 0.394068 0.0373461 0.0476731
10 0.985355 0.472374 0.0298565 0.140813 0.0474576
0 0.893022 0.860613 0.213137 0.27713 0.0473662
10 0.964491 0.523081 0.071256 0.948941 0.0472375
10 0.989501 0.72931 0.0221708 0.534448 0.0471423
10 0.971049 0.528801 0.0584873 0.218188 0.046084
10 0.946674 0.880153 0.107724 0.239531 0.045798
10 0.901499 0.509818 0.0528121 0.168922 0.0457359
3 0.495414 0.798994 0.999974 0.395497 0.045423
4 0.765705 0.432774 0.053091 0.131129 0.0448902
10 0.889 0.482672 0.0308611 0.114949 0.0445933
4 0.613928 0.41339 0.0814524 0.0939628 0.0445139
10 0.9848 0.947892 0.0308748 0.10431 0.0443596
10 0.991075 0.725474 0.0182327 0.500246 0.0438653
10 0.953527 0.844426 0.061904 0.264498 0.0437833
3 0.220473 0.918948 0.442579 0.16324 0.0437177
10 0.992431 0.44138 0.0154671 0.192299 0.0427856
10 0.905974 0.492716 0.0413221 0.110079 0.0425734
10 0.982514 0.645183 0.0355219 0.696298 0.042356
10 0.988946 0.473419 0.0226961 0.141642 0.0422424
4 0.0521966 0.880138 0.104963 0.242822 0.0421735
10 0.905636 0.493155 0.0431051 0.115872 0.0419853
0 0.917298 0.842299 0.166589 0.315031 0.0419033
3 0.303888 0.881937 0.61171 0.236777 0.0418074
10 0.959928 0.504992 0.0815302 0.993013 0.0417691
4 0.828234 0.433432 0.10625 0.172417 0.0406241
4 0.036849 0.403551 0.0744969 0.395019 0.040623
6 0.961832 0.9444 0.0776066 0.111885 0.040387
10 0.893431 0.509651 0.0361007 0.171597 0.0398706
10 0.953315 0.870119 0.0680721 0.21735 0.0398143
2 0.0170296 0.897622 0.034752 0.20605 0.0393894
10 0.783816 0.46707 0.0271568 0.0975564 0.0392677
10 0.992635 0.840646 0.0159683 0.269545 0.0392414
3 0.498949 0.671989 0.999635 0.646353 0.0391031
10 0.96591 0.912727 0.0693925 0.143872 0.0388087
10 0.991656 0.832061 0.0179346 0.318291 0.0388051
2 0.0424381 0.701827 0.0841562 0.595967 0.0387735
3 0.733352 0.854446 0.525144 0.289203 0.0386688
10 0.0226331 0.894278 0.0458953 0.211736 0.0385013
10 0.0266436 0.315081 0.0535679 0.587957 0.0383563
3 0.816448 0.980887 0.370394 0.0387827 0.0382127
10 0.904741 0.518858 0.0503335 0.158334 0.037978
10 0.0123186 0.395709 0.0252092 0.421763 0.0379757
10 0.983206 0.936908 0.0334363 0.0861103 0.0379361
10 0.0369573 0.513251 0.0745967 0.971074 0.0377813
3 0.211686 0.819872 0.425541 0.361934 0.0369134
4 0.0129183 0.977921 0.0258546 0.0422123 0.0368529
10 0.983112 0.940085 0.0336142 0.0904751 0.0363868
10 0.989753 0.712104 0.0211545 0.482163 0.0358924
10 0.989053 0.502555 0.0204962 0.0826104 0.035615
3 0.141047 0.947365 0.281048 0.10507 0.0355537
4 0.839603 0.477929 0.0503227 0.0853473 0.035155
10 0.905484 0.521638 0.0467083 0.138771 0.0351304
2 0.0363705 0.665043 0.0722643 0.670823 0.0351175
10 0.902845 0.750942 0.104967 0.493811 0.0351035
10 0.897804 0.512329 0.0463404 0.169955 0.0350854
10 0.989922 0.399242 0.0208778 0.349194 0.0350095
10 0.912517 0.490654 0.0350202 0.0980383 0.0348818
3 0.288062 0.8044 0.584134 0.390348 0.0347702
10 0.027871 0.386281 0.0562804 0.467089 0.0347069
0 0.889519 0.873712 0.217559 0.254026 0.0345869
4 0.832911 0.433724 0.121265 0.175812 0.0344106
10 0.957962 0.952151 0.0850216 0.0972588 0.0343723
6 0.752193 0.493921 0.0281227 0.0507037 0.034272
3 0.773694 0.962957 0.435446 0.0720454 0.0341648
10 0.897101 0.48248 0.0865311 0.237576 0.0341083
10 0.0123698 0.965247 0.0254067 0.0700152 0.0340846
4 0.765924 0.427996 0.0477781 0.105316 0.0340512
10 0.985408 0.858923 0.0298647 0.113519 0.033951
10 0.0473872 0.977596 0.0529153 0.0450688 0.033752
10 0.984642 0.936139 0.0308605 0.103601 0.0336281
10 0.989568 0.587309 0.0215096 0.457472 0.0335951
10 0.989594 0.498717 0.0211606 0.609197 0.0334163
10 0.954092 0.425488 0.0175112 0.0528411 0.0329634
10 0.954176 0.429301 0.0188562 0.0598854 0.0329559
10 0.989614 0.238324 0.0208626 0.172538 0.0328715
10 0.0348761 0.541074 0.0703095 0.229931 0.0327167
6 0.766409 0.521448 0.0534332 0.051971 0.0326866
1 0.782568 0.755637 0.426342 0.48653 0.0326196
10 0.861114 0.476103 0.0243995 0.106253 0.0324225
10 0.953987 0.459927 0.0306639 0.123903 0.0322637
4 0.764975 0.433034 0.040263 0.0556191 0.0322428
4 0.685618 0.450149 0.115854 0.0991617 0.032231
3 0.730718 0.0394587 0.533441 0.0792722 0.0321658
10 0.963465 0.461321 0.055308 0.150717 0.0320805
3 0.432553 0.813831 0.879502 0.370058 0.0317276
10 0.89272 0.540445 0.0699428 0.11341 0.0316485
10 0.899657 0.518984 0.0387234 0.149827 0.0316267
10 0.988849 0.499861 0.0187933 0.078047 0.0314977
10 0.899245 0.825621 0.0970568 0.344359 0.0314699
10 0.950424 0.845163 0.0824717 0.265653 0.031464
4 0.678662 0.424293 0.0896771 0.0678997 0.031011
10 0.987126 0.915585 0.0267807 0.169433 0.0308962
10 0.956879 0.804753 0.0480928 0.176227 0.0308888
10 0.87885 0.450693 0.0665153 0.242841 0.0307283
3 0.520177 0.980613 0.904754 0.0399881 0.0304131
10 0.858064 0.478454 0.0358272 0.0953454 0.0302358
10 0.719106 0.455747 0.0250115 0.0686878 0.0301947
10 0.98906 0.932097 0.0222605 0.0899918 0.0301775
10 0.897679 0.528917 0.0409227 0.132684 0.030118
0 0.874606 0.516985 0.25064 0.965345 0.0300978
4 0.140158 0.959791 0.28294 0.0809956 0.0297646
4 0.939506 0.480992 0.121434 0.215203 0.029552
10 0.0424897 0.354673 0.0798346 0.112099 0.0295507
10 0.0137806 0.274757 0.0279398 0.219375 0.0294562
10 0.0149297 0.978555 0.0299518 0.0414078 0.0289064
10 0.953347 0.899679 0.0490052 0.15232 0.0287749
10 0.966162 0.885444 0.0716829 0.21247 0.0285661
10 0.943486 0.528785 0.0202688 0.0887131 0.0285019
10 0.0714585 0.974034 0.0721476 0.051886 0.0283284
10 0.782394 0.451827 0.0186388 0.0496231 0.0282386
4 0.964799 0.511124 0.0621949 0.113709 0.0281257
0 0.786889 0.713427 0.420835 0.575186 0.0281053
10 0.757418 0.430976 0.0193253 0.0324061 0.0280468
10 0.988184 0.879679 0.0240019 0.112937 0.0279893
10 0.860475 0.477023 0.0242967 0.114888 0.0279598
6 0.745313 0.493148 0.0195399 0.0378829 0.0277035
10 0.857063 0.485906 0.030809 0.0957139 0.0276887
10 0.923693 0.76159 0.118329 0.452065 0.0275899
10 0.0328829 0.407099 0.0660466 0.532464 0.0275723
10 0.882051 0.50174 0.0224795 0.0573257 0.0274484
10 0.0238333 0.482587 0.0485589 0.190001 0.0271982
3 0.583197 0.0446376 0.822913 0.0883865 0.0271582
10 0.0699085 0.976275 0.063071 0.0472801 0.0269929
4 0.985864 0.544414 0.028936 0.0970337 0.0269479
10 0.905379 0.785709 0.0801311 0.419978 0.0269062
10 0.966621 0.951672 0.0452923 0.0766398 0.0268457
10 0.911127 0.734857 0.0675657 0.326834 0.02665
6 0.757282 0.465506 0.0374257 0.0807152 0.0266244
10 0.894973 0.829975 0.134016 0.340586 0.0266237
3 0.501839 0.969691 0.999943 0.0625864 0.0266083
10 0.779412 0.447199 0.0226799 0.066471 0.0265487
10 0.776556 0.441154 0.024925 0.0776766 0.0263735
10 0.947471 0.885977 0.0398807 0.171753 0.0262167
10 0.946832 0.852042 0.0712357 0.254566 0.0261491
6 0.961623 0.96757 0.0738021 0.0679474 0.0259578
3 0.69782 0.984376 0.254599 0.0318033 0.0258534
4 0.840328 0.488242 0.0412943 0.0751234 0.0258389
6 0.907106 0.976762 0.188134 0.0467853 0.0257884
4 0.230656 0.380095 0.471327 0.416947 0.0256501
10 0.896892 0.539776 0.0436001 0.120441 0.0254951
4 0.283379 0.319094 0.580515 0.631305 0.0254677
10 0.991594 0.369316 0.0170788 0.239661 0.0252231
10 0.95495 0.924925 0.0527068 0.105565 0.0248833
10 0.0293412 0.960433 0.0570641 0.0783376 0.024737
10 0.862306 0.517837 0.0223564 0.0649923 0.0245314
10 0.0394509 0.576487 0.0784752 0.465067 0.0243547
10 0.957525 0.901435 0.0499725 0.104184 0.0243388
10 0.0327943 0.981216 0.0659873 0.0376932 0.0242913
6 0.987194 0.59685 0.0253748 0.106206 0.024139
10 0.94827 0.941561 0.0984637 0.121016 0.0239857
6 0.76217 0.47585 0.0477749 0.0725783 0.023877
4 0.925431 0.526402 0.0611346 0.0971208 0.0237418
3 0.611826 0.701191 0.778138 0.600218 0.0237147
10 0.940035 0.935284 0.0327593 0.0956926 0.0236109
4 0.123232 0.970884 0.251439 0.0585262 0.0234905
10 0.833891 0.929074 0.326001 0.142778 0.023177
6 0.98488 0.966839 0.0310677 0.0691135 0.0231289
4 0.277345 0.268288 0.568732 0.537014 0.0230848
4 0.166857 0.246686 0.340414 0.485657 0.0230764
10 0.0159807 0.969567 0.030077 0.0644305 0.0229431
10 0.0604513 0.983022 0.0451046 0.032692 0.0228581
10 0.906694 0.603266 0.0535496 0.126848 0.0227616
10 0.906472 0.81668 0.0486208 0.0957679 0.0227096
10 0.975436 0.950082 0.0414721 0.0686109 0.0226575
0 0.819637 0.606616 0.361413 0.793084 0.0226275
6 0.672719 0.986874 0.217088 0.0274137 0.022459
0 0.811538 0.918066 0.370618 0.166052 0.0224381
10 0.0146082 0.978868 0.0291219 0.0408192 0.0224088
1 0.55068 0.986864 0.209974 0.0270826 0.0222297
10 0.961215 0.938716 0.0607771 0.0909552 0.0221491
6 0.753474 0.993979 0.334653 0.0141674 0.0221196
1 0.676718 0.985363 0.229224 0.0301298 0.0220053
10 0.92586 0.54638 0.0488947 0.0769927 0.0218795
1 0.354444 0.98445 0.207239 0.0306706 0.0217487
10 0.90503 0.872568 0.0738411 0.243784 0.0216874
10 0.757524 0.458041 0.0266677 0.0495955 0.0216103
3 0.391542 0.283614 0.798713 0.558625 0.0214258
3 0.500261 0.97691 0.999932 0.0491579 0.0212666
10 0.864508 0.782576 0.0222494 0.0440955 0.0211491
3 0.294915 0.504103 0.606297 0.99349 0.0211053
10 0.98872 0.965619 0.0217554 0.0528757 0.0210241
10 0.448623 0.981879 0.0918194 0.0356488 0.0209199
10 0.923326 0.800801 0.0265625 0.052086 0.0208841
10 0.460873 0.977732 0.104843 0.0438351 0.0202444
10 0.567338 0.98314 0.0871173 0.0336473 0.0198305
6 0.715486 0.994878 0.212718 0.0116787 0.0198203
6 0.601439 0.994242 0.104199 0.0106003 0.0196243
10 0.89123 0.443243 0.0346041 0.0535495 0.0195907
11 0.800252 0.988324 0.391517 0.0239224 0.0195736
10 0.986509 0.970475 0.0257176 0.0502178 0.0194603
4 0.369533 0.385274 0.743693 0.446473 0.0193604
10 0.882985 0.58566 0.0241152 0.0569902 0.0193495
10 0.852417 0.574842 0.0212539 0.0567227 0.0193058
10 0.760071 0.582365 0.0174369 0.0372762 0.0189764
10 0.960054 0.692191 0.0144824 0.0555156 0.0189212
6 0.659512 0.991061 0.155852 0.0144224 0.01857
4 0.230258 0.5254 0.47143 0.328937 0.0185433
10 0.935962 0.970195 0.0521908 0.0682327 0.0185323
6 0.748159 0.515796 0.0208247 0.0358807 0.0183536
6 0.780596 0.527726 0.0288404 0.0304648 0.0182262
10 0.739144 0.561371 0.0207335 0.0271923 0.0179922
10 0.978093 0.971571 0.0402218 0.0414434 0.0179034
10 0.975947 0.624891 0.0255903 0.064144 0.0178564
10 0.923509 0.623929 0.0438128 0.0683396 0.0178052
4 0.316302 0.470521 0.646585 0.795378 0.0177002
10 0.0373979 0.775783 0.0601519 0.0577484 0.0174069
0 0.943181 0.790956 0.047756 0.0670379 0.0174061
10 0.886361 0.958726 0.125817 0.0925766 0.0171144
3 0.505696 0.589079 0.999907 0.909179 0.0170517
6 0.977569 0.98669 0.0394949 0.0371153 0.0170315
10 0.713066 0.53721 0.0160858 0.0295697 0.0168725
10 0.86882 0.644602 0.0262097 0.0421201 0.016668
8 0.685801 0.748273 0.0390164 0.0412364 0.0165958
10 0.756987 0.561102 0.0253209 0.02937 0.0165742
10 0.77646 0.74561 0.0353122 0.034664 0.0164931
4 0.387794 0.595143 0.676331 0.326596 0.0163172
10 0.689891 0.630666 0.0247408 0.0398439 0.0163081
10 0.932854 0.984217 0.0475482 0.0367766 0.0161624
10 0.743065 0.55954 0.0286283 0.0363809 0.0156556
8 0.699408 0.755745 0.0365088 0.0351517 0.015338
6 0.7794 0.68765 0.0400246 0.0328353 0.0149173
8 0.707414 0.823194 0.0412639 0.036887 0.0147007
10 0.677964 0.856692 0.0645573 0.0366464 0.0141999
