6 0.390616 0.610676 0.218196 0.612491 0.847625
5 0.39445 0.235355 0.119521 0.177886 0.839829
5 0.479973 0.165726 0.0870522 0.118846 0.797734
6 0.263959 0.25079 0.195126 0.497775 0.29837
6 0.268037 0.397436 0.23176 0.7911 0.261585
11 0.360059 0.682491 0.283588 0.561106 0.260669
5 0.506435 0.176015 0.0390195 0.0884311 0.258914
6 0.258553 0.172874 0.185104 0.343012 0.228125
11 0.304428 0.610072 0.168089 0.389262 0.226445
5 0.464963 0.181331 0.0512151 0.0826647 0.19747
5 0.499201 0.163945 0.0530766 0.112411 0.196254
11 0.355263 0.672334 0.273332 0.508517 0.193848
6 0.260911 0.383715 0.211424 0.76021 0.193075
5 0.705932 0.0168923 0.0604135 0.0336995 0.178368
5 0.486172 0.179593 0.0775229 0.0961038 0.163396
11 0.296922 0.554753 0.149826 0.26727 0.156701
5 0.714291 0.459246 0.033586 0.0713081 0.147391
6 0.329105 0.475217 0.342206 0.939914 0.145689
11 0.341765 0.552527 0.247773 0.498142 0.13815
11 0.321275 0.661958 0.200859 0.513966 0.135639
6 0.268552 0.420077 0.232093 0.841348 0.127449
2 0.612684 0.163465 0.0191271 0.0824666 0.126034
5 0.471127 0.163391 0.0672876 0.112072 0.123049
6 0.318108 0.392709 0.321873 0.762631 0.123036
5 0.490698 0.145809 0.0342123 0.0804455 0.113055
6 0.312771 0.366252 0.318047 0.713202 0.109615
6 0.264507 0.441361 0.228186 0.877392 0.108616
6 0.26494 0.391225 0.233571 0.742599 0.102516
10 0.712093 0.0126537 0.048851 0.0252392 0.100259
10 0.59028 0.0789086 0.0567989 0.160766 0.0995418
11 0.768307 0.649087 0.271779 0.663475 0.0919692
5 0.712507 0.0212878 0.0797409 0.0432067 0.091962
6 0.327174 0.475643 0.348928 0.938594 0.0909349
6 0.265753 0.215725 0.162284 0.244712 0.0906465
10 0.719023 0.0139432 0.0298199 0.0280935 0.0902164
6 0.431923 0.0554727 0.0376062 0.110565 0.0872644
6 0.35043 0.556713 0.232233 0.510792 0.0866838
10 0.592182 0.10406 0.0625942 0.207535 0.0859876
5 0.509579 0.176751 0.0270142 0.0812968 0.0852871
11 0.315306 0.515507 0.189687 0.426808 0.0795902
2 0.615622 0.164465 0.0129849 0.0780256 0.079457
10 0.593311 0.10711 0.0741686 0.213395 0.0785628
6 0.427511 0.606847 0.144993 0.597706 0.0771897
6 0.375271 0.525339 0.17449 0.44006 0.0760675
10 0.705304 0.0137285 0.0585771 0.0276862 0.0749885
5 0.490349 0.134206 0.0310177 0.0564962 0.0746598
11 0.513711 0.0532722 0.194356 0.105389 0.0720746
6 0.266931 0.246664 0.164848 0.292595 0.0709372
11 0.361243 0.706031 0.268199 0.452035 0.0670052
11 0.637389 0.647426 0.529992 0.68918 0.0651791
5 0.483315 0.180097 0.0813965 0.0923143 0.0640633
2 0.58231 0.0965721 0.0182372 0.0423323 0.0634503
11 0.683786 0.649704 0.442158 0.680679 0.0619887
2 0.933867 0.025768 0.0306286 0.0530598 0.0616549
6 0.370767 0.569003 0.183592 0.487891 0.0608963
6 0.250998 0.421002 0.222817 0.812805 0.0608575
10 0.932593 0.0419403 0.0359707 0.0870198 0.0605436
10 0.74804 0.141224 0.0200798 0.0482117 0.0597549
6 0.344763 0.595577 0.251001 0.588196 0.0574656
2 0.602856 0.15907 0.0147269 0.0655374 0.0570704
6 0.00255202 0.86134 0.00466725 0.274972 0.0560286
10 0.934384 0.0657452 0.0365168 0.132508 0.0556567
10 0.590009 0.103708 0.0655746 0.207184 0.0537801
6 0.347367 0.678121 0.135141 0.231101 0.0535641
11 0.293893 0.563551 0.147265 0.264998 0.0533139
6 0.281107 0.370894 0.131139 0.228624 0.0531832
5 0.463498 0.187466 0.036405 0.0691358 0.0530832
2 0.428061 0.0432836 0.0235972 0.0694072 0.0523321
10 0.587542 0.0217231 0.0485964 0.0438293 0.0519481
5 0.267975 0.402468 0.0789969 0.145641 0.0514199
5 0.420839 0.235362 0.179857 0.246852 0.0501722
6 0.3896 0.737333 0.2215 0.35641 0.0501355
6 0.351494 0.642852 0.146243 0.307466 0.049001
5 0.505237 0.15911 0.0210537 0.0464262 0.0479526
11 0.297919 0.468063 0.15007 0.114913 0.0478643
11 0.35426 0.962524 0.151085 0.0749808 0.0474697
11 0.549917 0.677117 0.685274 0.63556 0.0465196
5 0.445424 0.184474 0.0307594 0.0851302 0.0464692
11 0.755614 0.83252 0.255251 0.318715 0.046325
6 0.276654 0.497379 0.273013 0.971208 0.0461651
6 0.25171 0.118347 0.168248 0.237119 0.0452391
11 0.582085 0.636424 0.627671 0.709957 0.0448404
2 0.333586 0.761696 0.039034 0.0674674 0.0443723
10 0.684632 0.0154469 0.0198315 0.0314652 0.0442561
10 0.587265 0.0375889 0.0522307 0.0762933 0.0441172
6 0.397784 0.520932 0.133029 0.422584 0.0436446
6 0.0024667 0.806382 0.00431068 0.381675 0.0429812
6 0.354812 0.582366 0.15346 0.423073 0.0428048
2 0.428484 0.0377998 0.028221 0.0756504 0.0424745
6 0.390009 0.621419 0.202617 0.555659 0.0423159
6 0.41617 0.520516 0.115225 0.439571 0.0421497
11 0.556378 0.650551 0.700085 0.677474 0.042107
4 0.434663 0.0872806 0.027904 0.0475831 0.0418348
6 0.348598 0.625039 0.248332 0.536381 0.0413725
6 0.436298 0.721587 0.123906 0.360751 0.0413235
10 0.59399 0.1636 0.0679384 0.325004 0.0412565
5 0.462289 0.197757 0.0356563 0.0541935 0.0411102
6 0.344077 0.654527 0.130335 0.273678 0.0408473
2 0.602437 0.160268 0.0173662 0.0702054 0.0405301
2 0.614907 0.176828 0.0128388 0.0527675 0.0404292
5 0.509366 0.193339 0.0262072 0.0511814 0.040374
5 0.424115 0.216488 0.190395 0.228626 0.0399844
6 0.897619 0.925127 0.0880487 0.14948 0.0398989
2 0.339794 0.761439 0.0550218 0.0746013 0.0395062
5 0.417204 0.201167 0.0707527 0.115421 0.0379274
11 0.539938 0.661346 0.731357 0.6544 0.0372349
6 0.396863 0.540696 0.138454 0.437228 0.0369517
5 0.753374 0.461621 0.115265 0.109287 0.0367982
5 0.480191 0.165649 0.0819246 0.119007 0.0365726
5 0.444841 0.204966 0.0342269 0.120267 0.0365692
11 0.546541 0.493325 0.713998 0.986499 0.0364388
5 0.598246 0.254902 0.0563017 0.141349 0.0362845
10 0.594292 0.164097 0.063963 0.322659 0.0360317
5 0.389489 0.320662 0.0588397 0.0752065 0.0357617
11 0.787584 0.782192 0.213333 0.42246 0.0355525
2 0.427373 0.0386473 0.0248871 0.0690556 0.0354597
11 0.355392 0.782416 0.272261 0.36337 0.0353558
2 0.614179 0.181414 0.0137388 0.0444942 0.0352908
10 0.936328 0.0990413 0.0443764 0.194147 0.0352107
11 0.757698 0.764795 0.317813 0.464659 0.034811
5 0.443277 0.212386 0.0482538 0.132529 0.0346832
2 0.5313 0.0542998 0.0131292 0.0217658 0.0333037
2 0.253925 0.403427 0.048161 0.120173 0.0332985
0 0.881813 0.927212 0.0548977 0.14509 0.0328305
10 0.942274 0.117035 0.0490522 0.0973012 0.032556
2 0.405743 0.978549 0.0561471 0.0424706 0.032494
11 0.296227 0.682763 0.150471 0.234138 0.0321617
5 0.313479 0.37296 0.0940967 0.169455 0.0321554
5 0.459723 0.19301 0.0435835 0.06627 0.0320042
6 0.273472 0.358272 0.154535 0.292433 0.0307761
6 0.334679 0.708599 0.107466 0.174165 0.0305001
11 0.708773 0.84658 0.317568 0.296642 0.0301573
2 0.335348 0.37093 0.0551389 0.149604 0.0301317
2 0.53393 0.0956628 0.0103585 0.0258202 0.0301232
6 0.436354 0.719133 0.120934 0.371948 0.0300316
6 0.409152 0.47587 0.103015 0.354488 0.0300111
6 0.262778 0.332141 0.161906 0.334809 0.0300003
2 0.429225 0.0538483 0.02279 0.0855928 0.0295367
5 0.40542 0.25805 0.0763211 0.10706 0.0294036
5 0.465757 0.154937 0.0639162 0.0871334 0.0292576
6 0.2873 0.674454 0.130496 0.124973 0.0291824
6 0.322844 0.59563 0.373279 0.757223 0.0287407
11 0.825322 0.50161 0.273126 0.976268 0.0286994
5 0.4421 0.159207 0.018469 0.0266155 0.0283448
5 0.469657 0.19307 0.0236001 0.054812 0.0283384
6 0.334632 0.73886 0.13217 0.241656 0.0281644
5 0.494255 0.179169 0.0579514 0.0901092 0.0280951
5 0.840719 0.565346 0.107502 0.197974 0.0280679
8 0.400521 0.239449 0.101614 0.146722 0.0279264
5 0.286378 0.394867 0.0445336 0.118978 0.0278287
6 0.248076 0.132938 0.151983 0.229895 0.0275324
11 0.787376 0.496962 0.330086 0.999177 0.0275241
6 0.314829 0.693414 0.350401 0.709575 0.0274571
2 0.583237 0.0799245 0.0300465 0.122081 0.0273411
2 0.612947 0.193334 0.0117731 0.0495436 0.0270313
2 0.257894 0.274523 0.0277668 0.044847 0.02699
11 0.558757 0.777173 0.700511 0.443602 0.0267659
5 0.435244 0.250262 0.0437059 0.109996 0.0267356
2 0.582462 0.117533 0.0256886 0.0916454 0.0265266
5 0.454362 0.216728 0.0447916 0.0552429 0.0265146
6 0.352865 0.760755 0.13816 0.258877 0.0263732
5 0.385307 0.318791 0.0508325 0.0746465 0.0263692
5 0.507827 0.197201 0.025554 0.0481756 0.0263371
6 0.424061 0.696903 0.106774 0.235281 0.0263175
11 0.942396 0.499131 0.106873 0.999961 0.0262708
6 0.355195 0.781705 0.155387 0.31936 0.0259993
5 0.461022 0.170757 0.0464657 0.0806689 0.0258296
5 0.712501 0.457504 0.0277527 0.0588674 0.0257288
2 0.60271 0.165057 0.0138453 0.0559679 0.0256747
5 0.418151 0.223514 0.0676405 0.16493 0.0256164
11 0.775243 0.79195 0.254898 0.383287 0.0255976
6 0.35489 0.746768 0.128159 0.180604 0.0255858
6 0.391027 0.801756 0.206293 0.28614 0.0255446
6 0.871094 0.927776 0.0606133 0.142803 0.0255035
5 0.406503 0.203559 0.0349524 0.0717774 0.0252866
10 0.214329 0.0846112 0.098569 0.182195 0.0252643
2 0.397391 0.65937 0.0394389 0.088079 0.0252362
6 0.26536 0.498214 0.503225 0.975364 0.0252099
6 0.384053 0.472534 0.16721 0.335258 0.0250858
7 0.387418 0.377033 0.0216322 0.0397506 0.0250615
6 0.320837 0.780769 0.298664 0.433556 0.0248486
10 0.585387 0.0408526 0.326804 0.0840383 0.0247452
11 0.684169 0.65211 0.464193 0.631888 0.0247236
11 0.0260751 0.914558 0.0503851 0.168337 0.0246308
6 0.337373 0.793225 0.344642 0.448491 0.0246162
11 0.788471 0.875299 0.223516 0.242484 0.0245209
5 0.40382 0.289876 0.0789976 0.12558 0.0245201
5 0.458096 0.187372 0.0480987 0.0832358 0.0242505
11 0.79677 0.419717 0.205062 0.216632 0.0240691
2 0.396557 0.406198 0.0851763 0.220658 0.0239002
10 0.219998 0.0673496 0.0908568 0.143028 0.0238556
6 0.353625 0.763027 0.132487 0.24373 0.0237908
10 0.253484 0.0611995 0.10379 0.129245 0.0236669
5 0.492245 0.0719355 0.0260216 0.0267603 0.0236591
5 0.492062 0.189586 0.0357031 0.0636895 0.0235188
5 0.312014 0.389419 0.110046 0.206189 0.023512
6 0.434558 0.820198 0.121707 0.326219 0.0233672
5 0.381047 0.239067 0.0524882 0.125708 0.0231183
2 0.40131 0.669737 0.0549623 0.111237 0.0229567
11 0.538079 0.807538 0.749646 0.368471 0.0229505
6 0.366779 0.682302 0.174023 0.137191 0.0228259
2 0.393427 0.396675 0.097682 0.211624 0.0227254
2 0.386046 0.351828 0.0478115 0.0967414 0.0226996
2 0.42602 0.0668378 0.0114017 0.0378081 0.0222249
11 0.432425 0.838907 0.15034 0.349593 0.0220127
6 0.327029 0.921368 0.230616 0.188264 0.021987
6 0.251707 0.374427 0.129398 0.241766 0.0218409
5 0.378734 0.220271 0.037771 0.0536265 0.0216667
5 0.361439 0.271454 0.0615775 0.112852 0.0214242
11 0.64076 0.883365 0.446109 0.223773 0.0214214
6 0.411099 0.472389 0.0923746 0.102559 0.0211774
10 0.711815 0.455755 0.0257578 0.0471761 0.0210628
11 0.624266 0.860273 0.481229 0.261423 0.0209841
6 0.401534 0.535402 0.0791731 0.170637 0.0208233
6 0.243848 0.429547 0.133307 0.160531 0.0206834
11 0.239033 0.918832 0.141873 0.159323 0.0203489
11 0.232423 0.958941 0.161393 0.132327 0.0201423
6 0.404486 0.399031 0.0512769 0.0567861 0.0200416
2 0.492687 0.171628 0.0225141 0.0504889 0.0200179
11 0.251696 0.959925 0.148152 0.0917807 0.0199958
2 0.618379 0.283831 0.0126301 0.0533492 0.0199444
11 0.251353 0.640689 0.0690553 0.37244 0.0198397
11 0.240851 0.927534 0.136333 0.143395 0.0197055
11 0.432285 0.850728 0.145829 0.315413 0.0195486
11 0.538065 0.768555 0.710797 0.970702 0.0194145
10 0.34382 0.136276 0.106328 0.269188 0.0193935
11 0.229719 0.961415 0.147244 0.125015 0.0193647
11 0.338968 0.91803 0.173205 0.171156 0.0193224
2 0.399595 0.38277 0.096692 0.13108 0.0192565
2 0.278168 0.416283 0.0330535 0.031986 0.0191637
6 0.345592 0.830424 0.158109 0.230435 0.0191238
7 0.296387 0.494529 0.0263254 0.0534708 0.0189361
5 0.737517 0.676385 0.0711278 0.130858 0.0188617
8 0.431503 0.290414 0.0353121 0.0611155 0.0187058
2 0.307377 0.454754 0.104633 0.0951507 0.0186925
2 0.393364 0.394001 0.031463 0.100719 0.018678
8 0.407009 0.760981 0.0674351 0.0741787 0.0185267
6 0.449363 0.652918 0.0882685 0.066782 0.0185128
6 0.341583 0.810411 0.126529 0.205694 0.0185018
2 0.627312 0.277359 0.0114232 0.0390137 0.0184139
2 0.310861 0.434118 0.053085 0.0678865 0.0183449
11 0.219313 0.944367 0.10593 0.107953 0.0183428
11 0.270145 0.488144 0.0924517 0.0912894 0.0183355
8 0.426911 0.301798 0.0380113 0.0576669 0.0182507
10 0.599809 0.274104 0.0560789 0.108575 0.0182254
6 0.319121 0.675948 0.072778 0.094372 0.0181883
6 0.595562 0.273092 0.0558171 0.116949 0.0179735
2 0.379005 0.387515 0.0387757 0.0546362 0.0178303
6 0.403859 0.842674 0.0647454 0.128125 0.0176994
6 0.47245 0.828407 0.0775293 0.155894 0.017612
6 0.434192 0.88469 0.101702 0.237297 0.0175642
11 0.222017 0.962591 0.132916 0.0771849 0.0174665
8 0.437461 0.306027 0.0418311 0.0407715 0.0174315
6 0.37478 0.930646 0.209824 0.153163 0.0173634
10 0.456661 0.310748 0.0259522 0.0270926 0.0173124
8 0.408572 0.856566 0.0594839 0.0539192 0.0172826
11 0.334957 0.979688 0.183105 0.0965408 0.0172276
10 0.533946 0.253651 0.0141084 0.0178439 0.0172009
6 0.427922 0.517604 0.0811893 0.065255 0.0171802
6 0.41375 0.868653 0.0740632 0.185991 0.0170849
6 0.407807 0.920012 0.0797151 0.198229 0.0170539
11 0.365516 0.949755 0.201211 0.133709 0.0170215
11 0.199276 0.972882 0.133057 0.0871361 0.0170161
6 0.458773 0.873444 0.0944674 0.235457 0.0170026
2 0.370998 0.743662 0.0552107 0.0748372 0.016924
11 0.211579 0.98585 0.143009 0.0571376 0.0168821
11 0.422957 0.921531 0.118749 0.153322 0.0165643
2 0.368508 0.733724 0.0509206 0.106905 0.0164983
10 0.422481 0.384037 0.0799035 0.0960813 0.0163711
8 0.460031 0.756409 0.0408884 0.0956623 0.0162486
11 0.256361 0.957938 0.118719 0.0834101 0.016035
2 0.425991 0.501132 0.0399605 0.0582243 0.0159407
10 0.462656 0.326811 0.023734 0.0188123 0.015821
10 0.468618 0.410772 0.0318036 0.0294128 0.0157968
11 0.768803 0.946501 0.204157 0.116269 0.0156546
10 0.315246 0.968427 0.068853 0.0718363 0.0156533
11 0.351488 0.988263 0.13367 0.0622836 0.0156104
11 0.493484 0.0809415 0.0226685 0.0228717 0.0155952
2 0.308384 0.909317 0.104729 0.100367 0.0155608
11 0.331941 0.961312 0.127199 0.0825729 0.0155099
11 0.338148 0.97796 0.128903 0.0719469 0.0154775
11 0.569877 0.957534 0.494384 0.14706 0.0154104
10 0.534488 0.618258 0.0176363 0.0302563 0.0153964
10 0.485823 0.52684 0.0339847 0.0333217 0.015383
8 0.522849 0.459604 0.034793 0.0528996 0.0153628
11 0.810739 0.875512 0.0792789 0.116501 0.0152941
8 0.721971 0.850277 0.0312885 0.0574465 0.0152533
11 0.318224 0.960744 0.111408 0.0980175 0.0152228
11 0.554204 0.935842 0.29256 0.124822 0.0151663
11 0.33036 0.946988 0.106237 0.105602 0.0151495
11 0.266631 0.954121 0.11187 0.0962956 0.0151123
2 0.638129 0.881422 0.0727071 0.105234 0.0150086
10 0.329508 0.971541 0.0833546 0.069701 0.0149049
6 0.273398 0.867243 0.123594 0.201099 0.0146157
11 0.563351 0.96992 0.470375 0.1395 0.0142561
0 0.473967 0.485581 0.0386161 0.0473645 0.0140551
10 0.298082 0.966141 0.0866748 0.077247 0.0140373
11 0.432454 0.970073 0.0941278 0.0705533 0.0137818
11 0.557504 0.975092 0.456363 0.136689 0.0137324
10 0.431929 0.959181 0.120432 0.106429 0.0137065
