3 0.723484 0.45336 0.556659 0.895214 0.610751
3 0.501489 0.489091 0.99882 0.969356 0.328346
3 0.32891 0.290557 0.357753 0.387959 0.318669
3 0.26393 0.243721 0.525319 0.48677 0.314719
3 0.500831 0.420187 0.9992 0.84035 0.311064
3 0.272782 0.243427 0.54241 0.484183 0.297874
3 0.32355 0.246383 0.384046 0.479885 0.255059
3 0.722046 0.500515 0.556862 0.99998 0.242373
3 0.908337 0.117146 0.183229 0.234582 0.222144
3 0.339823 0.239085 0.679954 0.477585 0.216785
10 0.29857 0.0514037 0.176532 0.102043 0.216034
3 0.339067 0.241732 0.391538 0.479227 0.212221
10 0.217474 0.506931 0.0840358 0.178641 0.207428
3 0.499853 0.236205 0.99744 0.474576 0.204932
10 0.215306 0.485036 0.066881 0.126631 0.197529
3 0.901318 0.1935 0.196975 0.385361 0.19308
3 0.386303 0.238417 0.766655 0.477444 0.19307
3 0.898727 0.250313 0.202104 0.49794 0.192044
3 0.902532 0.496676 0.19375 0.969643 0.181059
3 0.438187 0.229259 0.871798 0.460027 0.180588
3 0.887781 0.41054 0.223773 0.809335 0.166725
3 0.907042 0.156157 0.185788 0.313071 0.161504
3 0.548976 0.2383 0.894281 0.476966 0.155415
10 0.640248 0.0482338 0.161123 0.0961808 0.152131
10 0.645684 0.0479596 0.146946 0.09594 0.145984
10 0.489927 0.0384222 0.0847833 0.0773678 0.144719
3 0.828835 0.18474 0.34121 0.365054 0.144708
3 0.269522 0.287838 0.538062 0.574414 0.143087
10 0.685447 0.0692829 0.099085 0.139257 0.140393
10 0.218523 0.539757 0.10028 0.244103 0.138122
10 0.61827 0.0411329 0.197716 0.0824489 0.138043
4 0.784264 0.777861 0.167889 0.324256 0.137158
10 0.35572 0.0446 0.0955325 0.0886514 0.136058
3 0.864841 0.501812 0.269829 0.994086 0.133067
10 0.283914 0.046734 0.145 0.0933298 0.130979
10 0.595922 0.0280617 0.0661317 0.0561253 0.129799
3 0.758528 0.190898 0.481644 0.380726 0.128521
3 0.336323 0.329857 0.339875 0.302362 0.123569
10 0.487891 0.0225222 0.0681842 0.0445637 0.123061
3 0.843254 0.245038 0.312802 0.484798 0.122698
10 0.686519 0.0460143 0.0737076 0.0929092 0.122421
10 0.355461 0.0702387 0.109506 0.139807 0.122228
3 0.50069 0.326708 0.999581 0.650658 0.120702
3 0.360327 0.17781 0.721264 0.357409 0.120678
3 0.735265 0.135896 0.525623 0.271525 0.118479
3 0.499669 0.160774 0.993638 0.325269 0.117289
10 0.317613 0.0777867 0.193061 0.154668 0.117181
10 0.702454 0.0580273 0.126991 0.114303 0.115879
10 0.228688 0.529672 0.130779 0.23246 0.115872
3 0.260677 0.32361 0.521799 0.657463 0.114625
3 0.291919 0.313575 0.58668 0.627751 0.114533
10 0.584207 0.0340979 0.256445 0.0703906 0.112672
3 0.598681 0.414122 0.802356 0.815121 0.112284
10 0.700712 0.08838 0.193481 0.175389 0.111739
3 0.563694 0.501515 0.875012 0.991703 0.111648
10 0.53938 0.0400883 0.1794 0.0802106 0.111503
3 0.311764 0.0743859 0.437427 0.146466 0.111268
3 0.826628 0.124445 0.346433 0.246928 0.108243
4 0.400856 0.351571 0.2183 0.252071 0.107401
10 0.239128 0.508161 0.128171 0.185048 0.106622
3 0.728187 0.357613 0.544112 0.70459 0.10553
10 0.682519 0.0468754 0.058551 0.0953222 0.104945
3 0.876198 0.548933 0.247035 0.893608 0.104382
3 0.830807 0.502078 0.338902 0.999445 0.104023
3 0.847134 0.40301 0.304752 0.800215 0.103574
3 0.855315 0.587783 0.290468 0.822512 0.103088
3 0.727129 0.176629 0.540739 0.352581 0.102759
3 0.653495 0.500748 0.706638 0.99997 0.102409
3 0.191832 0.192805 0.380979 0.382584 0.10072
10 0.539436 0.0252019 0.165649 0.0508624 0.10021
10 0.350479 0.0463428 0.0886662 0.0918991 0.0991604
10 0.310443 0.0912729 0.221317 0.181089 0.0990399
10 0.514331 0.0255077 0.147046 0.0504494 0.0957181
10 0.392235 0.049512 0.153114 0.0976874 0.0957089
4 0.82966 0.776434 0.339827 0.446801 0.0952344
3 0.343481 0.117972 0.691554 0.235635 0.0948168
10 0.644307 0.100957 0.238999 0.200425 0.0930234
10 0.655345 0.0281549 0.109392 0.0562208 0.092852
3 0.346968 0.184335 0.410798 0.367329 0.092797
10 0.532054 0.0508474 0.174903 0.101347 0.0925447
10 0.585886 0.0617114 0.299424 0.123322 0.0923319
3 0.913503 0.195144 0.173546 0.394085 0.0917873
4 0.777751 0.804372 0.218904 0.386595 0.0912724
3 0.861579 0.094165 0.275911 0.189374 0.0897764
3 0.867772 0.483725 0.265587 0.57158 0.089513
4 0.22091 0.258402 0.099978 0.2231 0.0891004
10 0.748041 0.0558969 0.244875 0.110579 0.0885475
3 0.865946 0.617172 0.268818 0.764958 0.0879129
3 0.898737 0.340129 0.202711 0.681876 0.0873468
10 0.243166 0.040883 0.0866264 0.0817759 0.0870159
3 0.849648 0.322023 0.298047 0.64162 0.0862844
10 0.729349 0.0790022 0.252119 0.157894 0.0858072
3 0.798013 0.228945 0.40361 0.457908 0.0853157
10 0.567737 0.036775 0.163639 0.0739154 0.0851984
3 0.894116 0.540359 0.211227 0.851859 0.084556
10 0.26689 0.0432502 0.130638 0.0860431 0.0827039
10 0.60428 0.0393522 0.101326 0.0790388 0.0815856
3 0.630309 0.136334 0.521984 0.272657 0.0809882
10 0.984596 0.604628 0.0312901 0.139226 0.0800023
3 0.549504 0.462431 0.912861 0.934951 0.0792706
3 0.866703 0.489282 0.268554 0.597794 0.0790975
4 0.470458 0.586325 0.0803315 0.181228 0.0778269
3 0.641816 0.0703504 0.69737 0.142007 0.0774092
3 0.225265 0.0620372 0.402653 0.121432 0.0771921
10 0.36318 0.293356 0.0586188 0.129883 0.0766934
3 0.72592 0.0762953 0.537682 0.155813 0.0760695
4 0.860951 0.766971 0.277941 0.465441 0.0755197
10 0.598613 0.0281919 0.0541773 0.0573971 0.0747963
10 0.792344 0.726906 0.136744 0.20776 0.0746315
3 0.659011 0.0718564 0.660756 0.14433 0.0735954
10 0.233003 0.505003 0.111848 0.173848 0.0727448
10 0.622551 0.0919352 0.349409 0.182667 0.0726715
3 0.326296 0.366473 0.398025 0.645228 0.0726529
4 0.855332 0.750245 0.28967 0.497868 0.0709728
10 0.228371 0.0827018 0.343222 0.162676 0.0706416
10 0.196069 0.0562417 0.382745 0.111626 0.0702624
3 0.579125 0.450493 0.840409 0.811209 0.0701663
10 0.604988 0.0388148 0.131292 0.078068 0.0698419
10 0.349419 0.0287801 0.0793893 0.0565327 0.0687046
3 0.271843 0.39143 0.546963 0.784029 0.0684722
10 0.205454 0.058722 0.40215 0.116025 0.0683744
3 0.724763 0.479977 0.55101 0.718485 0.0677273
10 0.730693 0.123865 0.33813 0.246974 0.0670256
10 0.612328 0.115002 0.312937 0.229574 0.0654261
3 0.325756 0.170254 0.330847 0.338401 0.065364
3 0.908053 0.070218 0.187975 0.139281 0.0652473
10 0.708839 0.14345 0.267492 0.285148 0.0650788
10 0.542991 0.0710866 0.20679 0.139564 0.0647201
10 0.978376 0.674134 0.0431747 0.306441 0.0644218
10 0.565685 0.0460297 0.168144 0.0924457 0.0641296
3 0.26144 0.497392 0.519812 0.998372 0.0639654
3 0.202379 0.0954219 0.398258 0.190012 0.0638809
10 0.377241 0.0427763 0.0565683 0.0844502 0.063573
10 0.188511 0.0337425 0.162369 0.0673869 0.0634942
10 0.597869 0.0294091 0.0702185 0.0588887 0.0633308
3 0.131706 0.196065 0.263045 0.388586 0.0629385
10 0.475972 0.0205867 0.0386571 0.0400233 0.0628976
3 0.912998 0.383786 0.175109 0.737372 0.0628534
3 0.540555 0.300951 0.851946 0.605317 0.0616654
3 0.918752 0.503353 0.163144 0.999979 0.0614541
10 0.857875 0.075548 0.103748 0.150505 0.060688
10 0.98125 0.559317 0.0373182 0.506296 0.0606485
3 0.300154 0.128631 0.357766 0.258043 0.0598498
10 0.287543 0.0222872 0.0968488 0.0437973 0.0590926
10 0.244635 0.0299997 0.0872253 0.0597801 0.0581201
3 0.357301 0.499411 0.716041 0.999243 0.0574977
10 0.743645 0.11569 0.19133 0.229961 0.0574068
3 0.896736 0.504748 0.207844 0.640778 0.0569454
10 0.346113 0.330882 0.100966 0.196777 0.0566234
3 0.732008 0.0968279 0.524783 0.195363 0.0565635
10 0.390276 0.0717869 0.134344 0.142423 0.0558513
3 0.266354 0.386448 0.529017 0.751168 0.0552678
3 0.453858 0.0505375 0.852505 0.0999191 0.0550177
10 0.370277 0.0183525 0.0594367 0.0360817 0.0547482
10 0.302797 0.0393018 0.159838 0.0767109 0.0545377
10 0.857519 0.0744837 0.0882031 0.147445 0.0539302
3 0.478362 0.163106 0.957735 0.325235 0.0535001
4 0.717882 0.750284 0.561146 0.498534 0.0531051
10 0.196614 0.0413644 0.17576 0.0821211 0.0513591
10 0.651832 0.0836528 0.40216 0.168568 0.0511239
3 0.654198 0.152556 0.442233 0.310369 0.049732
3 0.696572 0.481184 0.606689 0.953335 0.0495801
3 0.591218 0.180879 0.403208 0.365437 0.0494786
4 0.402817 0.345114 0.202335 0.233673 0.049326
10 0.959743 0.749301 0.0812899 0.499981 0.0487696
3 0.235661 0.0953987 0.460785 0.192281 0.0486407
10 0.766176 0.0743475 0.118547 0.130342 0.0483079
10 0.423437 0.0224179 0.137004 0.0443873 0.0477551
10 0.211138 0.332943 0.0767668 0.110109 0.0470386
3 0.532564 0.366568 0.887801 0.716448 0.046975
3 0.934478 0.630053 0.13073 0.733252 0.0464213
3 0.727304 0.502631 0.536056 0.922563 0.0462392
10 0.41227 0.322029 0.152104 0.180186 0.0454601
10 0.751209 0.125058 0.110774 0.214748 0.0453662
3 0.328219 0.287451 0.384963 0.424209 0.0450533
10 0.946997 0.105872 0.107009 0.218256 0.0449656
10 0.702959 0.016615 0.0832379 0.0334955 0.0446405
3 0.417539 0.0957074 0.806255 0.196587 0.0443641
3 0.715836 0.0747461 0.550844 0.154346 0.0440294
3 0.144492 0.15164 0.284731 0.303239 0.0435488
3 0.870513 0.620137 0.257899 0.666168 0.0426202
10 0.0343884 0.953796 0.0698845 0.0933899 0.0421059
10 0.71791 0.0116717 0.0732298 0.0247992 0.0417919
10 0.409701 0.016926 0.11453 0.0349947 0.0415212
3 0.945145 0.619367 0.109249 0.755076 0.0415164
3 0.623357 0.186422 0.352191 0.372429 0.0414812
10 0.654821 0.144076 0.411064 0.28761 0.041388
3 0.557142 0.254397 0.544682 0.502385 0.0410245
10 0.223709 0.219421 0.0877428 0.129159 0.0404903
3 0.269875 0.233648 0.396276 0.444984 0.0393864
4 0.310383 0.461298 0.406045 0.504536 0.0392846
3 0.13911 0.22114 0.276918 0.445439 0.0380227
4 0.844367 0.708717 0.311995 0.611403 0.0377178
3 0.50009 0.370484 0.997295 0.618261 0.0376485
3 0.617105 0.31185 0.319679 0.60879 0.0376154
3 0.212304 0.44474 0.433078 0.873484 0.0375811
3 0.697024 0.519075 0.598353 0.988331 0.0375526
10 0.325454 0.0343729 0.052601 0.0705345 0.037546
3 0.454476 0.250841 0.301548 0.496899 0.0375391
3 0.893227 0.305288 0.207245 0.305815 0.0373967
4 0.235868 0.235391 0.143867 0.246467 0.0369577
3 0.67542 0.53022 0.645236 0.996372 0.0368782
10 0.21376 0.342389 0.0788735 0.159361 0.0360211
3 0.724415 0.507391 0.542189 0.989081 0.0359243
3 0.497655 0.361968 0.973514 0.640653 0.0355027
10 0.957953 0.71977 0.0852592 0.562039 0.0352177
10 0.0831085 0.145877 0.167083 0.289997 0.0347771
10 0.584822 0.0229486 0.0320731 0.0322684 0.0347128
3 0.512147 0.351206 0.714309 0.548325 0.0347115
10 0.277315 0.161043 0.0557784 0.111654 0.0344458
10 0.798582 0.734728 0.116459 0.157041 0.0342799
3 0.914315 0.440794 0.168983 0.385523 0.0339624
3 0.82621 0.628687 0.33795 0.999921 0.0331574
10 0.217082 0.216239 0.0772974 0.12687 0.032704
3 0.495212 0.35434 0.964165 0.483439 0.0326161
3 0.506608 0.358082 0.999209 0.347018 0.0322633
10 0.216257 0.489701 0.0536108 0.101337 0.0319093
3 0.494876 0.384097 0.92372 0.434344 0.0299311
3 0.924062 0.65091 0.153377 0.987953 0.0295854
4 0.497293 0.739799 0.999397 0.518317 0.0290773
4 0.70999 0.860492 0.557379 0.30325 0.0289002
10 0.805257 0.385992 0.14999 0.283538 0.0287263
3 0.503125 0.502957 0.99908 0.999977 0.0286508
10 0.844562 0.169305 0.100879 0.2283 0.0285611
4 0.135822 0.500551 0.268843 0.998991 0.02837
10 0.225493 0.0297574 0.0420786 0.034886 0.0281271
3 0.503589 0.504375 0.999962 0.992191 0.0278748
3 0.523108 0.494099 0.98731 0.604643 0.027812
10 0.295637 0.315347 0.0949599 0.0915289 0.0277753
3 0.448299 0.420592 0.619448 0.545095 0.0274579
4 0.495807 0.643555 0.879782 0.705944 0.0271607
10 0.216915 0.511224 0.0549527 0.0976885 0.0270619
3 0.270634 0.594264 0.546012 0.998196 0.0267853
4 0.823734 0.720019 0.359986 0.573021 0.0265142
6 0.337909 0.346814 0.329376 0.293857 0.0260241
3 0.623624 0.41281 0.310301 0.388448 0.025723
10 0.220064 0.175712 0.0774022 0.104201 0.0255099
10 0.941733 0.594521 0.110239 0.226023 0.0254929
3 0.504835 0.570901 0.988182 0.711923 0.0254276
4 0.87452 0.62399 0.254581 0.455682 0.0254211
3 0.458612 0.274497 0.223264 0.546261 0.0252494
10 0.557102 0.367065 0.251793 0.377872 0.0252253
9 0.782468 0.943108 0.155664 0.109079 0.0252243
3 0.511055 0.589823 0.99929 0.748219 0.0250888
10 0.202671 0.512786 0.0396512 0.0853372 0.0250882
3 0.828967 0.39795 0.278165 0.354485 0.0250606
10 0.932964 0.693821 0.135991 0.987976 0.0247551
3 0.519925 0.609476 0.997675 0.577019 0.0246979
10 0.212057 0.359408 0.0686407 0.107766 0.0246635
3 0.724912 0.52873 0.475014 0.471216 0.0244471
3 0.508164 0.636497 0.999855 0.999316 0.0240606
10 0.766791 0.807897 0.128059 0.250284 0.0240223
3 0.513915 0.620829 0.99888 0.997541 0.0235252
10 0.325215 0.493217 0.0718445 0.0626437 0.0231896
4 0.857809 0.857923 0.282251 0.388479 0.0230828
3 0.502168 0.648928 0.999784 0.962349 0.0230392
10 0.231605 0.420723 0.0398835 0.0647024 0.022965
3 0.521217 0.617729 0.999846 0.517804 0.0229433
3 0.501535 0.527146 0.910892 0.303855 0.0228855
3 0.511075 0.610032 0.996872 0.37665 0.0227715
3 0.510407 0.486447 0.981088 0.247692 0.0227261
3 0.500756 0.651899 0.99956 0.999787 0.0227008
3 0.451558 0.501825 0.927532 0.990396 0.0226765
10 0.932161 0.337598 0.108346 0.129304 0.0226698
3 0.715444 0.608098 0.552385 0.872351 0.0226036
10 0.567598 0.395026 0.254696 0.514485 0.0223803
4 0.25244 0.467468 0.475239 0.318459 0.0222517
3 0.507856 0.67853 0.997368 0.9998 0.0219175
3 0.466462 0.359454 0.286789 0.504401 0.0218122
10 0.200286 0.516924 0.0345891 0.0511908 0.0217638
10 0.488644 0.347399 0.146696 0.393828 0.0217067
3 0.504622 0.680056 0.999961 0.999375 0.0216866
10 0.314841 0.475439 0.178573 0.164019 0.0212486
10 0.2876 0.457041 0.215194 0.183389 0.0211348
3 0.502784 0.691107 0.999949 0.776849 0.0209744
10 0.220657 0.583671 0.0652912 0.0908839 0.020966
10 0.336106 0.632463 0.0757473 0.0693876 0.0209639
10 0.194565 0.359985 0.206509 0.159363 0.0209327
10 0.709575 0.13893 0.043973 0.058847 0.0209307
10 0.461515 0.793438 0.0700542 0.0859311 0.0208864
6 0.324997 0.413929 0.290335 0.224312 0.0207327
10 0.437756 0.646087 0.138591 0.105049 0.0199967
10 0.44733 0.733267 0.119935 0.29263 0.0197679
10 0.207724 0.685677 0.0711483 0.10885 0.0195624
10 0.229387 0.759776 0.0943892 0.111274 0.0192366
10 0.509952 0.564659 0.184139 0.328823 0.0190484
10 0.591064 0.554958 0.198716 0.165289 0.0190121
6 0.231105 0.663529 0.0633572 0.0721678 0.0188722
10 0.415536 0.897158 0.168939 0.120339 0.0188169
10 0.248842 0.775257 0.492691 0.666499 0.0183875
6 0.297373 0.40522 0.391276 0.259921 0.0182458
10 0.717702 0.770282 0.507718 0.989792 0.0182407
10 0.362479 0.542808 0.236135 0.135289 0.0179595
10 0.470754 0.819778 0.0784314 0.0847061 0.0175146
10 0.367559 0.655634 0.037748 0.0319934 0.0174849
10 0.667413 0.630514 0.466927 0.420911 0.0172603
10 0.752696 0.803891 0.405416 0.384492 0.0170273
10 0.764835 0.859537 0.332656 0.230027 0.0168754
10 0.761096 0.822052 0.372685 0.359538 0.0166403
10 0.327167 0.794726 0.265457 0.129819 0.0146353
