9 0.575681 0.488184 0.183943 0.361662 0.722159
9 0.467565 0.389418 0.0764664 0.170564 0.720346
7 0.942502 0.838979 0.114145 0.318759 0.252299
9 0.480486 0.690518 0.272707 0.278586 0.236424
7 0.959409 0.743478 0.0808716 0.131056 0.234652
7 0.904538 0.888239 0.0421375 0.1156 0.185165
4 0.549296 0.269721 0.033655 0.0406011 0.182
7 0.958518 0.782733 0.0830177 0.205251 0.176921
9 0.534096 0.674076 0.389737 0.31934 0.163337
9 0.550706 0.56098 0.43535 0.536114 0.159708
9 0.512888 0.39542 0.165273 0.177313 0.148647
7 0.953533 0.791911 0.0935379 0.192047 0.147629
7 0.93945 0.80211 0.121066 0.394462 0.143588
9 0.581334 0.409232 0.143968 0.197696 0.136657
9 0.449594 0.691005 0.2069 0.266452 0.130695
7 0.954709 0.785142 0.0913401 0.201148 0.129925
9 0.457822 0.681007 0.368034 0.299449 0.12762
9 0.536218 0.418605 0.21246 0.233738 0.126461
7 0.941034 0.91304 0.117366 0.174075 0.124543
9 0.575034 0.441151 0.169 0.258485 0.123358
7 0.946443 0.710424 0.107072 0.192937 0.120193
9 0.61544 0.4973 0.259702 0.37472 0.119213
7 0.945701 0.736719 0.109151 0.243879 0.119164
7 0.977569 0.787641 0.0448044 0.185874 0.11744
9 0.495893 0.63054 0.318965 0.402351 0.113434
9 0.542151 0.636347 0.443676 0.399676 0.111291
9 0.433147 0.673765 0.14461 0.212783 0.110485
9 0.541689 0.396477 0.223415 0.191658 0.107836
9 0.579981 0.587429 0.221146 0.328502 0.104643
9 0.603385 0.575773 0.286798 0.307987 0.103077
7 0.980195 0.755279 0.0402415 0.112094 0.10258
7 0.940189 0.89803 0.119977 0.201922 0.0979977
2 0.983408 0.043055 0.0337378 0.0846839 0.0970391
9 0.516664 0.4799 0.178548 0.353388 0.0958726
7 0.939186 0.916548 0.122872 0.16716 0.0941695
9 0.556773 0.530684 0.37198 0.477401 0.0918445
9 0.533925 0.420567 0.203865 0.207368 0.0909299
9 0.606483 0.581029 0.296465 0.309961 0.0890487
7 0.909584 0.913632 0.0609201 0.170764 0.0868084
9 0.53115 0.560397 0.432962 0.538095 0.0853551
9 0.534811 0.463996 0.211838 0.326109 0.084968
9 0.523532 0.541691 0.357028 0.512192 0.0849438
2 0.968415 0.0419506 0.0632618 0.0839452 0.0849364
9 0.654976 0.561342 0.165891 0.216238 0.0817501
7 0.941803 0.897839 0.116734 0.203466 0.0808966
9 0.610783 0.414647 0.0862424 0.181251 0.0805052
7 0.958264 0.033616 0.0367849 0.0696101 0.0801609
9 0.544824 0.482401 0.250525 0.362202 0.0800321
9 0.531962 0.669105 0.121417 0.173108 0.0794611
7 0.939629 0.90176 0.121422 0.194961 0.0783765
9 0.678435 0.496409 0.0512623 0.0802558 0.0736737
7 0.946022 0.811927 0.105198 0.22366 0.0692623
9 0.550296 0.473119 0.10959 0.32442 0.0682635
9 0.532969 0.454656 0.147556 0.295044 0.0665019
9 0.538739 0.456243 0.212911 0.306114 0.0662923
10 0.903996 0.0498424 0.0716022 0.100766 0.065538
9 0.538704 0.371335 0.0692569 0.1148 0.0653308
9 0.608384 0.520355 0.199043 0.155053 0.0652812
9 0.610345 0.497224 0.110979 0.327229 0.0645908
9 0.554928 0.380998 0.0727458 0.135542 0.0643897
3 0.498243 0.497892 0.999026 0.999916 0.063993
9 0.506642 0.562018 0.500646 0.53047 0.0631299
9 0.46195 0.365132 0.0538956 0.107696 0.0612839
9 0.666119 0.515806 0.0921447 0.117358 0.0612613
2 0.992246 0.048754 0.0165207 0.0940441 0.0611559
9 0.5859 0.631899 0.26818 0.236179 0.0607892
9 0.592826 0.556574 0.150384 0.217246 0.0597029
7 0.911213 0.684292 0.0351 0.139455 0.0595563
7 0.97955 0.843714 0.0413393 0.306994 0.0586804
9 0.604286 0.473779 0.120981 0.304015 0.0581429
7 0.963539 0.75341 0.0736063 0.244932 0.0576216
9 0.489521 0.401484 0.127601 0.195892 0.0567973
9 0.545459 0.402548 0.0983296 0.177601 0.0563307
7 0.930111 0.911039 0.13959 0.177821 0.0557796
9 0.580907 0.610491 0.16931 0.232812 0.0550426
7 0.909402 0.841489 0.0588072 0.246116 0.0539951
2 0.942427 0.679565 0.114669 0.637601 0.0537964
9 0.507004 0.401733 0.286539 0.209955 0.0533624
9 0.507576 0.485623 0.160074 0.330802 0.0520266
9 0.515936 0.64037 0.509867 0.393594 0.0514663
10 0.961495 0.502869 0.077632 0.987814 0.0510236
9 0.678378 0.513093 0.0632731 0.116483 0.0492634
7 0.905533 0.863554 0.0534474 0.181407 0.048957
7 0.940358 0.724142 0.0966025 0.156178 0.0487617
9 0.460773 0.361418 0.054063 0.103158 0.0478903
2 0.908866 0.780739 0.0478739 0.340788 0.0474207
7 0.913483 0.728866 0.0453108 0.231518 0.046635
7 0.953048 0.816983 0.079623 0.156393 0.0463549
2 0.976768 0.627617 0.0462513 0.709549 0.0452131
9 0.613372 0.56447 0.188269 0.209464 0.0445274
7 0.933713 0.738174 0.0371729 0.110629 0.0443445
2 0.910186 0.790234 0.0587653 0.315946 0.0439537
7 0.974861 0.852118 0.0509063 0.2873 0.0426062
10 0.587828 0.55305 0.153403 0.260323 0.0411334
9 0.671876 0.572895 0.155232 0.257059 0.039165
10 0.54584 0.540522 0.0578588 0.180056 0.0390886
9 0.584591 0.51277 0.15378 0.242317 0.0386018
10 0.542621 0.526533 0.061783 0.179641 0.0383721
2 0.971605 0.641446 0.0565974 0.706083 0.0383364
9 0.542655 0.297624 0.0630907 0.0936281 0.0382723
4 0.552877 0.274055 0.0209502 0.0276817 0.0382338
10 0.579076 0.572763 0.131637 0.206236 0.0381543
9 0.489136 0.550601 0.614405 0.552193 0.0381454
7 0.95635 0.851071 0.085048 0.130108 0.0379587
7 0.917394 0.687018 0.0531706 0.146183 0.0374343
9 0.466724 0.398028 0.0729011 0.156193 0.0373965
9 0.59386 0.584543 0.147525 0.184031 0.0373058
10 0.944984 0.0406523 0.107694 0.0821333 0.0373046
7 0.987844 0.68034 0.0247207 0.260872 0.0371444
11 0.499367 0.9532 0.999978 0.0951559 0.0370697
2 0.938097 0.0401386 0.0742489 0.0792215 0.0367455
10 0.987297 0.928986 0.0258654 0.139345 0.0361273
11 0.833866 0.856779 0.331854 0.286778 0.0359995
10 0.4866 0.243026 0.0563455 0.25273 0.0359479
9 0.428428 0.713581 0.161161 0.233124 0.035923
11 0.502986 0.945625 0.993125 0.110551 0.0358976
10 0.967475 0.0483741 0.064624 0.0959897 0.0355859
2 0.617076 0.649297 0.0276102 0.0492499 0.0353498
11 0.804827 0.919963 0.38131 0.161499 0.0352552
6 0.693446 0.55174 0.0983926 0.19647 0.0351923
10 0.989602 0.0496351 0.0200131 0.0685112 0.0350036
7 0.903595 0.91333 0.0451864 0.160345 0.0348611
2 0.932452 0.668413 0.135186 0.661271 0.0344525
9 0.586464 0.423617 0.131243 0.160332 0.0340218
2 0.991128 0.0246599 0.018358 0.0468374 0.0337974
10 0.758196 0.45872 0.0659296 0.240174 0.0333384
10 0.576874 0.577112 0.0772182 0.18832 0.0333086
10 0.988421 0.905599 0.0236488 0.184922 0.0332707
6 0.702145 0.547062 0.0905251 0.194925 0.0332647
7 0.904987 0.928405 0.0412426 0.087569 0.0320384
11 0.495297 0.847631 0.999987 0.306163 0.0320304
9 0.685638 0.471818 0.127023 0.233837 0.0315308
2 0.960691 0.0697873 0.0797509 0.135371 0.0313517
7 0.951639 0.890412 0.0954439 0.21306 0.0311003
10 0.757843 0.402723 0.0508578 0.128526 0.0306548
9 0.527512 0.430588 0.08516 0.118421 0.0303404
10 0.580643 0.64006 0.0830509 0.191398 0.0300727
7 0.98376 0.0676015 0.0336731 0.0466983 0.0294014
9 0.671113 0.524741 0.0667897 0.109185 0.0292828
2 0.502719 0.73471 0.0396956 0.0791496 0.0292244
7 0.929745 0.718006 0.0255366 0.0678401 0.0284879
2 0.676855 0.572545 0.0588747 0.161494 0.0284025
10 0.905766 0.104929 0.0824592 0.181353 0.0281788
9 0.717705 0.496988 0.118261 0.143366 0.0280908
10 0.987387 0.887021 0.0256687 0.212642 0.0279105
9 0.556106 0.384985 0.0454624 0.0952914 0.0278963
9 0.537253 0.303247 0.0693203 0.115792 0.0277145
0 0.474975 0.771927 0.254898 0.1676 0.0276356
9 0.52258 0.740284 0.49375 0.231493 0.0276262
10 0.545703 0.527065 0.0638589 0.0652594 0.0273143
2 0.592681 0.692404 0.037088 0.0823616 0.0272008
9 0.534108 0.385172 0.0597084 0.124278 0.0271787
10 0.5631 0.587662 0.0280012 0.121903 0.0269987
9 0.611024 0.368806 0.058548 0.0872884 0.0269172
10 0.941452 0.0469222 0.079016 0.0837216 0.0268999
10 0.832972 0.258547 0.0884438 0.510952 0.0265919
2 0.740333 0.49645 0.0308693 0.127687 0.0265008
10 0.967175 0.848724 0.0623177 0.308528 0.0264608
10 0.952512 0.0424374 0.0294354 0.0506528 0.0264158
10 0.98553 0.867666 0.0289648 0.24505 0.02639
10 0.907293 0.0489525 0.190083 0.0982546 0.0261921
2 0.700468 0.557241 0.0758172 0.18023 0.0261207
2 0.745568 0.490503 0.0729459 0.153428 0.0257281
2 0.93919 0.0177582 0.0236277 0.0386585 0.025598
0 0.421701 0.785787 0.141178 0.105785 0.0253921
9 0.414452 0.628288 0.791249 0.451952 0.0252905
2 0.621387 0.65015 0.0553868 0.139204 0.0252199
7 0.894796 0.885002 0.0207869 0.046615 0.0251462
7 0.985602 0.769567 0.0275939 0.0855313 0.0251338
7 0.973441 0.897147 0.0520786 0.121483 0.0244764
9 0.396391 0.643719 0.767184 0.570919 0.0244487
10 0.590837 0.678446 0.118064 0.150514 0.0244455
10 0.544621 0.662252 0.047022 0.0823958 0.0241417
2 0.6203 0.667219 0.077903 0.171771 0.0238476
2 0.512938 0.709189 0.0703921 0.133755 0.0236343
2 0.461099 0.800487 0.0385699 0.0710251 0.0235562
10 0.54312 0.675427 0.0510458 0.100313 0.0234221
7 0.987601 0.782941 0.0211143 0.0490523 0.0234063
10 0.549212 0.274402 0.0221052 0.0283173 0.0232557
2 0.983921 0.874073 0.0310272 0.139264 0.0232421
9 0.383417 0.523472 0.770669 0.655389 0.0232091
2 0.76796 0.533547 0.0304405 0.0828944 0.0229436
11 0.551174 0.924528 0.806048 0.153891 0.0229094
2 0.700262 0.599678 0.0639322 0.125778 0.0228908
3 0.338737 0.50449 0.67954 0.984246 0.0226948
10 0.548786 0.273017 0.0239817 0.0312298 0.0226715
9 0.593229 0.775454 0.656868 0.456617 0.0225884
9 0.580134 0.356785 0.123476 0.113797 0.0225658
3 0.336827 0.504196 0.660332 0.971308 0.0225403
10 0.540034 0.660465 0.048702 0.0635083 0.0225401
9 0.566876 0.390989 0.0392504 0.106325 0.0225372
10 0.969168 0.942565 0.053933 0.0595551 0.0224901
3 0.223109 0.480811 0.445026 0.929569 0.0224044
9 0.714616 0.529825 0.126394 0.203556 0.0222003
2 0.582976 0.733274 0.0374251 0.0526401 0.0221925
10 0.545171 0.628578 0.0395847 0.0515246 0.0219181
10 0.478054 0.941282 0.0635871 0.12264 0.0217214
10 0.437563 0.926138 0.0845831 0.0683079 0.0216508
2 0.763179 0.553725 0.0206821 0.06148 0.0215694
2 0.69348 0.599468 0.0792857 0.206612 0.0214962
3 0.287812 0.228754 0.576476 0.38091 0.0214958
7 0.894018 0.935795 0.0281258 0.0650137 0.0212717
7 0.984719 0.837435 0.026322 0.0507936 0.0212397
10 0.985194 0.824343 0.0245765 0.0494611 0.021235
2 0.710276 0.563071 0.0457577 0.130534 0.0211878
3 0.46006 0.492386 0.897486 0.996591 0.0211811
10 0.524908 0.531825 0.040938 0.104189 0.0211181
9 0.476622 0.416051 0.0359124 0.0486853 0.0210938
10 0.639324 0.946235 0.0657377 0.0783979 0.0209211
9 0.608653 0.645509 0.0774779 0.163537 0.0208551
7 0.884697 0.931149 0.0258938 0.079358 0.0207005
10 0.537295 0.944282 0.0430373 0.0602955 0.0205989
10 0.960409 0.965262 0.0696289 0.0741195 0.0205336
10 0.584728 0.953214 0.0742826 0.0963468 0.0204994
10 0.508411 0.964798 0.0814488 0.0799335 0.0204854
2 0.908866 0.660548 0.0266354 0.0738089 0.0204843
10 0.869954 0.98737 0.044606 0.0345935 0.0204624
2 0.580765 0.683497 0.0253589 0.0518554 0.0203994
10 0.569249 0.92967 0.0578485 0.0723329 0.020344
10 0.384625 0.941974 0.0613972 0.0655555 0.0203407
10 0.986294 0.896833 0.0243541 0.0626438 0.0203398
3 0.224578 0.160728 0.429471 0.274286 0.0200611
10 0.83447 0.454974 0.0987722 0.50964 0.0200138
10 0.462476 0.653421 0.030657 0.0491417 0.0200059
2 0.461351 0.792326 0.0453087 0.0868899 0.0200018
9 0.566222 0.802416 0.409921 0.215521 0.0199825
10 0.553448 0.719535 0.0681271 0.0942053 0.0198311
2 0.583478 0.743823 0.0896728 0.157308 0.0198069
10 0.946485 0.982871 0.108215 0.0406462 0.0197507
2 0.68437 0.599138 0.105052 0.261775 0.0197177
10 0.930414 0.974544 0.0743808 0.0641203 0.0196276
3 0.510881 0.512568 0.974034 0.946466 0.0196229
10 0.582486 0.91987 0.0730955 0.097924 0.0196038
10 0.467067 0.927429 0.157329 0.0810028 0.0195301
0 0.521818 0.833885 0.306188 0.184946 0.0194917
10 0.895455 0.972697 0.0477892 0.0577044 0.0194746
0 0.621838 0.683475 0.128855 0.280158 0.0194326
10 0.529389 0.69867 0.0379175 0.0651945 0.0194065
10 0.918672 0.966593 0.0347281 0.0489144 0.0193856
10 0.503189 0.937122 0.0607326 0.109442 0.0193842
10 0.639098 0.920003 0.0409621 0.0579646 0.0193787
7 0.917189 0.956583 0.0415405 0.0691728 0.0193395
10 0.96097 0.971834 0.074143 0.0569038 0.0193254
9 0.571247 0.449653 0.0309284 0.0312031 0.019242
10 0.564037 0.950008 0.167998 0.11417 0.0192213
10 0.47873 0.969341 0.0967969 0.0723962 0.0191997
3 0.441461 0.53072 0.877555 0.998398 0.0188644
10 0.632061 0.925535 0.0569655 0.0493554 0.0188592
0 0.457857 0.891127 0.410108 0.136237 0.0188477
10 0.715019 0.880253 0.0541241 0.06252 0.0187385
10 0.571846 0.397774 0.0502107 0.0524233 0.0185979
10 0.529783 0.706299 0.0620207 0.0567088 0.018593
10 0.499568 0.574112 0.0446399 0.0637343 0.0185526
10 0.533721 0.729084 0.123406 0.0877747 0.0185456
10 0.883086 0.969485 0.0391249 0.0684204 0.018501
2 0.665894 0.560307 0.0312397 0.0523891 0.0184425
10 0.518877 0.956868 0.144868 0.0975308 0.0183952
10 0.425142 0.496866 0.0236191 0.0457442 0.0183755
10 0.596068 0.87644 0.173455 0.115859 0.0183211
10 0.535909 0.735248 0.118231 0.126752 0.0182279
0 0.45557 0.936619 0.251441 0.111881 0.018135
10 0.0949321 0.60056 0.188928 0.648881 0.0180865
2 0.490418 0.757156 0.0289146 0.046746 0.018079
10 0.671879 0.894593 0.175629 0.0959709 0.0180707
8 0.551517 0.848555 0.0318668 0.0457939 0.0177714
0 0.462819 0.755159 0.906679 0.50663 0.0175849
10 0.450525 0.90362 0.162574 0.104798 0.0175611
2 0.838507 0.786649 0.337065 0.424273 0.0175065
10 0.144484 0.713428 0.302212 0.545729 0.0172994
10 0.630414 0.821657 0.193474 0.149934 0.0172821
0 0.411364 0.793689 0.102251 0.0817174 0.0172578
9 0.525791 0.839478 0.497866 0.33214 0.0172422
9 0.397089 0.647043 0.770989 0.668984 0.0172286
10 0.479807 0.961736 0.185033 0.0879824 0.0171982
8 0.570782 0.807829 0.0468319 0.0537328 0.0171871
10 0.505094 0.7932 0.0459381 0.0663405 0.0171153
4 0.502436 0.656673 0.999923 0.998371 0.0170825
11 0.514487 0.958005 0.957667 0.0874602 0.0170749
8 0.506268 0.836291 0.0359747 0.0517889 0.0169558
4 0.507393 0.761749 0.99994 0.989732 0.0168768
8 0.656436 0.682067 0.0218315 0.0220348 0.0167634
0 0.500422 0.812777 0.0282619 0.0448806 0.0165802
0 0.509581 0.959109 0.487831 0.0916225 0.0165199
10 0.141839 0.725737 0.293179 0.486059 0.0164197
10 0.571258 0.799295 0.127982 0.0928183 0.0162591
10 0.624668 0.332682 0.0394468 0.0564442 0.0162585
0 0.519913 0.985395 0.281311 0.0384325 0.0161999
10 0.488615 0.761886 0.0460274 0.0355628 0.0161807
0 0.467953 0.779528 0.0404399 0.0555452 0.016035
0 0.361677 0.984173 0.295329 0.0273863 0.0159489
10 0.481532 0.889197 0.221894 0.152277 0.015941
4 0.505477 0.699859 0.999933 0.982804 0.0158682
11 0.406703 0.909848 0.541322 0.164901 0.0158211
10 0.218152 0.687495 0.416021 0.717097 0.0156937
0 0.423899 0.835755 0.092472 0.0493517 0.0156403
0 0.510202 0.86993 0.543956 0.210978 0.0155576
10 0.70181 0.784693 0.0313428 0.0462668 0.0155537
10 0.425031 0.979451 0.244082 0.0354311 0.0153755
10 0.476399 0.909226 0.491232 0.140538 0.0153749
0 0.511151 0.776358 0.78058 0.310802 0.0152922
