4 0.796238 0.435021 0.0959289 0.119091 0.340342
3 0.499736 0.500173 0.99999 0.99999 0.279158
4 0.805078 0.438435 0.0767597 0.110582 0.256207
4 0.807784 0.447311 0.0666358 0.0929403 0.195965
3 0.500163 0.945925 0.998999 0.108938 0.14844
3 0.498247 0.900534 0.999987 0.198678 0.143037
4 0.769562 0.431476 0.0451655 0.080417 0.13791
3 0.498248 0.840511 0.997967 0.316986 0.124427
4 0.834916 0.410697 0.17432 0.174355 0.124247
4 0.835024 0.416779 0.179808 0.18305 0.111186
0 0.948213 0.703748 0.103491 0.510215 0.107757
10 0.914383 0.468632 0.0328292 0.0815907 0.107521
3 0.498628 0.942231 0.999989 0.116241 0.104706
3 0.498599 0.891433 0.999838 0.216766 0.104652
10 0.914034 0.465105 0.0401352 0.0933088 0.100305
3 0.498979 0.859937 0.997995 0.277877 0.0991942
10 0.978798 0.803508 0.0424643 0.295066 0.0960944
4 0.853397 0.412384 0.153223 0.178068 0.0960258
10 0.931721 0.482463 0.066405 0.179904 0.0951468
4 0.863353 0.390198 0.0963508 0.133115 0.0891044
0 0.94765 0.820987 0.105051 0.35594 0.085115
0 0.947672 0.782582 0.105027 0.43276 0.0844147
4 0.953192 0.598092 0.0952047 0.261583 0.0817372
3 0.939815 0.499914 0.120876 0.985123 0.0797159
10 0.981359 0.723842 0.0374132 0.464252 0.079566
10 0.94741 0.632172 0.104154 0.638824 0.0792141
3 0.499359 0.816769 0.999685 0.36489 0.0785337
0 0.955359 0.805855 0.0893332 0.297888 0.0779244
3 0.499362 0.941281 0.999988 0.118246 0.0765942
4 0.863041 0.377391 0.0874754 0.103225 0.0752532
6 0.961506 0.749369 0.0779541 0.400876 0.0736969
3 0.498247 0.86962 0.999988 0.260769 0.0718433
6 0.957003 0.755752 0.0865235 0.389043 0.0697064
10 0.985698 0.774252 0.0288164 0.209596 0.0693016
3 0.499651 0.773883 0.99999 0.449957 0.068695
0 0.95963 0.818372 0.0814495 0.360581 0.0685312
10 0.916346 0.432788 0.0570448 0.174598 0.066518
10 0.955395 0.719209 0.0894219 0.449327 0.0657137
10 0.98195 0.753796 0.0365063 0.486715 0.0656587
4 0.785027 0.427238 0.0765363 0.0948471 0.0653803
10 0.981861 0.695164 0.0373512 0.454305 0.0648973
10 0.985197 0.604562 0.0301838 0.552235 0.06467
10 0.985883 0.43061 0.0284676 0.208812 0.0646662
10 0.981285 0.689155 0.0385532 0.470155 0.0637051
10 0.967966 0.729133 0.065362 0.412291 0.0627916
10 0.93844 0.576595 0.0817029 0.443522 0.0627409
10 0.982292 0.703766 0.0361197 0.436238 0.0625634
10 0.981793 0.89757 0.0369633 0.204079 0.0620412
10 0.954482 0.734349 0.0903526 0.417329 0.0619213
10 0.945498 0.622678 0.108512 0.540511 0.0607328
10 0.933966 0.649516 0.0903072 0.588622 0.0606504
0 0.945423 0.762275 0.111877 0.46306 0.0599012
10 0.950076 0.684254 0.0987504 0.501545 0.0591577
4 0.957618 0.0419974 0.0854015 0.0846889 0.0588403
0 0.910871 0.732764 0.179065 0.52968 0.0584434
3 0.501334 0.962997 0.997681 0.0756767 0.0578177
4 0.982562 0.561341 0.0359499 0.192655 0.0575659
10 0.982312 0.849176 0.0358086 0.297154 0.0573522
10 0.927559 0.459722 0.080032 0.224122 0.057217
3 0.49811 0.93548 0.999986 0.130228 0.0571711
4 0.872885 0.424188 0.244699 0.188089 0.056937
0 0.900225 0.741335 0.198675 0.514531 0.0563214
3 0.501694 0.965777 0.999922 0.0705746 0.0562338
4 0.957577 0.546914 0.0856693 0.162063 0.0560355
10 0.938654 0.677153 0.0762404 0.494401 0.0550985
0 0.944898 0.554299 0.110594 0.805631 0.0545367
4 0.871843 0.430664 0.247802 0.214767 0.0528518
10 0.985379 0.455117 0.0296151 0.247995 0.0528202
10 0.945784 0.650947 0.1088 0.576827 0.0527923
10 0.949499 0.543249 0.101408 0.867876 0.0519166
10 0.934951 0.636937 0.129408 0.636873 0.0513955
10 0.92724 0.461649 0.0670048 0.119601 0.050383
10 0.946499 0.524636 0.104807 0.388877 0.0503276
10 0.941958 0.487884 0.049535 0.159127 0.0502168
10 0.983379 0.790719 0.0336359 0.217252 0.0484612
10 0.953154 0.639521 0.0958564 0.347517 0.0480781
10 0.98656 0.740981 0.0268227 0.275306 0.0476965
10 0.970692 0.66647 0.0602484 0.386373 0.0462746
4 0.956083 0.4482 0.0879732 0.246321 0.0460085
10 0.941834 0.476546 0.0437161 0.125734 0.0457264
3 0.264788 0.960594 0.525311 0.0787302 0.045346
4 0.125339 0.935855 0.250032 0.128518 0.0452206
10 0.910963 0.414902 0.0465008 0.199259 0.0451208
10 0.934844 0.698957 0.132607 0.600876 0.0448707
6 0.960112 0.803704 0.0807989 0.282783 0.0443391
10 0.944043 0.597018 0.0803028 0.240543 0.0442438
10 0.977558 0.841054 0.0457593 0.319387 0.0435784
10 0.916325 0.439812 0.0383715 0.145935 0.0434788
10 0.943891 0.49136 0.0591463 0.16813 0.0434131
5 0.503002 0.0458638 0.995262 0.0924441 0.0430847
4 0.160461 0.477061 0.320987 0.368256 0.0415301
10 0.94547 0.44146 0.108351 0.258355 0.0408249
10 0.980089 0.871431 0.0399256 0.1812 0.04023
4 0.814933 0.401751 0.135566 0.191551 0.0398061
4 0.985217 0.512157 0.0304621 0.102916 0.0392864
10 0.979927 0.876506 0.040326 0.188075 0.0392095
10 0.942733 0.46965 0.0401141 0.110291 0.038642
6 0.948732 0.811666 0.1027 0.284749 0.0383988
10 0.820913 0.457842 0.0446469 0.073117 0.0375217
4 0.293418 0.332351 0.587093 0.657139 0.0373889
10 0.944512 0.37372 0.111103 0.713177 0.0372784
10 0.98041 0.887032 0.0395905 0.194169 0.0369326
10 0.904127 0.439306 0.0387384 0.139523 0.0369308
10 0.948483 0.468747 0.0354338 0.10451 0.0369111
10 0.985725 0.498942 0.0294489 0.291502 0.0368635
5 0.210816 0.18889 0.421567 0.377052 0.0367188
4 0.288083 0.439933 0.574805 0.453372 0.0366443
10 0.901121 0.443665 0.032156 0.126324 0.0362989
5 0.14416 0.1935 0.286381 0.379434 0.0359539
10 0.922823 0.449618 0.0504276 0.153425 0.0357654
4 0.79466 0.423452 0.0397276 0.0846899 0.0357201
3 0.25444 0.900522 0.51053 0.200588 0.0355641
4 0.957479 0.532534 0.0860847 0.309531 0.03553
4 0.168273 0.903802 0.337105 0.193 0.0354309
4 0.122106 0.327542 0.0693908 0.101975 0.0345319
4 0.858853 0.449048 0.0740265 0.101117 0.0345235
5 0.359565 0.202334 0.727614 0.406205 0.034331
3 0.698114 0.944218 0.600552 0.112694 0.0342245
3 0.327165 0.982998 0.394284 0.0341005 0.0341465
10 0.934466 0.473509 0.0628388 0.113346 0.0339122
4 0.182341 0.330377 0.364208 0.649514 0.033342
4 0.26053 0.45699 0.519879 0.440549 0.0333345
3 0.495944 0.930165 0.999975 0.141175 0.0332657
10 0.0566323 0.195832 0.113542 0.383221 0.0331959
3 0.265853 0.961506 0.53417 0.0775353 0.0331593
10 0.984917 0.810725 0.0300617 0.154154 0.0327033
10 0.98514 0.407084 0.0295646 0.452484 0.0322867
10 0.107216 0.342342 0.214418 0.670357 0.0321236
4 0.564427 0.326067 0.0483492 0.0958566 0.0317819
4 0.42513 0.323989 0.848333 0.644909 0.0316076
10 0.933529 0.475572 0.0688057 0.11865 0.03155
4 0.239559 0.299543 0.480495 0.592073 0.031443
4 0.804096 0.0443828 0.388707 0.089261 0.0313816
4 0.498771 0.498811 0.999968 0.998599 0.0312911
10 0.031793 0.318062 0.0638898 0.584562 0.0310021
0 0.863733 0.837036 0.270284 0.324722 0.0309624
10 0.0808971 0.297467 0.162111 0.585922 0.0308965
10 0.985793 0.8047 0.0282369 0.140173 0.030875
3 0.500704 0.938817 0.999985 0.125731 0.0306637
4 0.503549 0.495037 0.989496 0.998604 0.0304426
10 0.894171 0.453998 0.023811 0.113786 0.030113
10 0.547472 0.388831 0.100753 0.209506 0.0301114
10 0.794737 0.424594 0.0385749 0.0881199 0.0300977
4 0.217211 0.286086 0.145057 0.190961 0.0299635
3 0.325087 0.985861 0.328944 0.0285437 0.0299379
4 0.500179 0.503894 0.984349 0.954556 0.0298901
5 0.501959 0.0464082 0.995435 0.0929883 0.0298002
6 0.800714 0.451844 0.0502405 0.0851599 0.0297132
4 0.269204 0.618274 0.541294 0.768299 0.0296682
6 0.967881 0.856996 0.065324 0.205997 0.0295553
10 0.904148 0.499361 0.193013 0.999443 0.0293686
10 0.931716 0.58504 0.0936032 0.677243 0.0292769
4 0.204723 0.471394 0.416136 0.372001 0.0292663
4 0.403637 0.498977 0.81025 0.99353 0.0292582
10 0.944421 0.80235 0.0799936 0.293315 0.0291668
10 0.938798 0.501434 0.122392 0.998224 0.0290106
10 0.131008 0.201744 0.105818 0.390618 0.0289795
4 0.304062 0.35819 0.60591 0.716608 0.0288044
5 0.602075 0.0463371 0.787873 0.0934242 0.0286937
10 0.986326 0.912222 0.0272021 0.174658 0.0286679
6 0.818321 0.464785 0.0489126 0.0631066 0.0286193
3 0.328264 0.908204 0.662377 0.187187 0.0285483
10 0.98563 0.829508 0.0284858 0.110103 0.0282369
5 0.501444 0.129853 0.968856 0.26139 0.0282018
10 0.985533 0.891943 0.0287075 0.107927 0.0281956
4 0.772726 0.239836 0.0593886 0.103942 0.0280767
4 0.425876 0.632454 0.847367 0.740795 0.0279036
10 0.0274081 0.904888 0.0552563 0.191667 0.0276087
4 0.560467 0.325307 0.0589674 0.104348 0.0275888
4 0.312479 0.446498 0.623839 0.883024 0.0274537
10 0.939034 0.815939 0.085329 0.271935 0.0273094
4 0.803417 0.400671 0.0453266 0.0714314 0.0270383
5 0.152547 0.0547063 0.303329 0.111217 0.027001
4 0.326463 0.989213 0.308908 0.0222008 0.026996
10 0.980664 0.879723 0.039044 0.164923 0.0269689
4 0.477751 0.292663 0.954348 0.58324 0.0269459
10 0.803971 0.380064 0.0512748 0.132999 0.0269402
10 0.985478 0.840485 0.02858 0.123542 0.0269183
4 0.870502 0.521417 0.258746 0.472843 0.0269146
4 0.079821 0.947663 0.159374 0.104825 0.0269074
10 0.940522 0.581024 0.0522249 0.132621 0.0268798
4 0.490101 0.372262 0.963888 0.545581 0.02687
10 0.0226345 0.938981 0.0456022 0.123383 0.0268267
10 0.9874 0.892729 0.025103 0.0921315 0.026789
10 0.989851 0.372609 0.019974 0.113074 0.0265585
10 0.986902 0.844241 0.0242613 0.091086 0.026527
6 0.799855 0.464341 0.0496285 0.0643623 0.0264244
10 0.942912 0.681723 0.040362 0.0798997 0.026398
10 0.798814 0.421935 0.0398368 0.0819166 0.0262461
10 0.951771 0.834825 0.0865297 0.178536 0.0262285
4 0.159143 0.278744 0.327437 0.549341 0.0260992
10 0.986663 0.87909 0.0251985 0.096149 0.0259188
3 0.50057 0.969406 0.996762 0.063406 0.0257269
5 0.169742 0.221477 0.348527 0.407782 0.0256706
10 0.0880704 0.306791 0.17966 0.602458 0.0256303
4 0.633407 0.364161 0.120868 0.151119 0.025607
5 0.296154 0.129999 0.567635 0.269848 0.0255879
10 0.936104 0.625794 0.0658682 0.200284 0.025556
4 0.345196 0.452761 0.696665 0.913108 0.0255409
5 0.772618 0.0844052 0.453189 0.168943 0.0255246
4 0.200632 0.63032 0.403977 0.728002 0.0249675
10 0.936453 0.638646 0.0704111 0.142379 0.024853
4 0.953133 0.167013 0.09488 0.336812 0.0248366
10 0.870912 0.978408 0.120658 0.0414703 0.0247559
10 0.728584 0.980173 0.132167 0.0382574 0.0247159
10 0.818556 0.428352 0.020269 0.0519064 0.0247088
10 0.937401 0.718404 0.115042 0.752316 0.0246117
10 0.951562 0.41578 0.0361999 0.120907 0.0245771
3 0.496624 0.966523 0.999961 0.0683252 0.0245711
4 0.230853 0.838418 0.464866 0.323848 0.0245593
3 0.504084 0.966542 0.999978 0.0696259 0.0244775
4 0.0932492 0.82533 0.186507 0.348164 0.0244269
4 0.253085 0.64123 0.509367 0.718479 0.0244103
3 0.499921 0.97457 0.999699 0.0543914 0.0243068
6 0.792941 0.469727 0.0298389 0.0502911 0.0242757
10 0.733444 0.436736 0.0445488 0.0802663 0.0242282
10 0.919655 0.491156 0.0216297 0.0578811 0.0240422
4 0.262352 0.53726 0.523573 0.924666 0.024002
10 0.79918 0.433616 0.0484601 0.124435 0.0239419
10 0.799698 0.391228 0.0325452 0.0766035 0.0238961
10 0.0385666 0.483146 0.0775397 0.888576 0.0238085
4 0.217273 0.988806 0.377015 0.0237244 0.023751
10 0.797818 0.405809 0.0328298 0.0556574 0.0236936
4 0.422605 0.988045 0.326715 0.0237692 0.0236884
6 0.968248 0.782812 0.0572219 0.11593 0.0236859
3 0.275782 0.842279 0.560636 0.315907 0.0236857
4 0.45079 0.98842 0.187146 0.0227758 0.0235844
10 0.788669 0.447497 0.0299314 0.0742266 0.0235797
4 0.403383 0.51102 0.832368 0.974638 0.0235569
4 0.244279 0.520344 0.501316 0.519701 0.0232561
10 0.836704 0.897549 0.0542666 0.100958 0.0232069
10 0.969701 0.965044 0.0608174 0.0689565 0.0230015
10 0.888891 0.977907 0.158695 0.0431604 0.0229053
10 0.938359 0.544127 0.0540201 0.131024 0.022874
4 0.928023 0.945898 0.142945 0.11574 0.0227708
10 0.802319 0.389829 0.0438901 0.119785 0.0226163
10 0.130838 0.236116 0.0778791 0.275004 0.022592
4 0.306594 0.57266 0.622678 0.842133 0.0222442
5 0.369134 0.261474 0.755342 0.534924 0.0220106
10 0.101563 0.546978 0.208336 0.915351 0.0219541
6 0.960419 0.943951 0.0748738 0.124448 0.0218931
10 0.98391 0.935715 0.0318763 0.096535 0.021754
4 0.509048 0.975776 0.999981 0.052697 0.0217089
4 0.872845 0.177426 0.258276 0.357029 0.0216509
10 0.896467 0.559854 0.0251431 0.10195 0.0216404
10 0.985634 0.951366 0.0252823 0.0947048 0.021567
10 0.941102 0.910651 0.103149 0.188945 0.0215296
1 0.223789 0.990463 0.264722 0.0197756 0.0215024
10 0.380133 0.272452 0.0452322 0.0836242 0.0214283
10 0.965435 0.820722 0.0272714 0.0697407 0.0213584
10 0.987035 0.95207 0.0232699 0.0695755 0.0213275
10 0.958319 0.810755 0.0286152 0.0668147 0.0212188
3 0.519604 0.959926 0.999965 0.083555 0.0211906
3 0.508372 0.967865 0.999971 0.0667205 0.0210488
10 0.382549 0.986683 0.334373 0.0258999 0.0210163
4 0.749635 0.339487 0.0384086 0.0753827 0.0206798
6 0.793328 0.477386 0.0296051 0.0533408 0.0198687
10 0.986082 0.962827 0.0247186 0.0858214 0.0197125
5 0.79272 0.137743 0.417732 0.275521 0.0196768
4 0.6326 0.359778 0.0625241 0.113445 0.0196505
10 0.52988 0.988891 0.252493 0.0216746 0.0196241
10 0.302431 0.394461 0.172255 0.208421 0.0194371
10 0.933027 0.852762 0.0886125 0.22114 0.0191636
10 0.798551 0.949175 0.250009 0.100738 0.0189143
4 0.495409 0.978235 0.999946 0.0443183 0.0189094
4 0.190441 0.467982 0.326952 0.28721 0.0188597
10 0.241715 0.969935 0.234726 0.0608021 0.018859
10 0.307855 0.985049 0.342389 0.028136 0.018773
10 0.812506 0.55035 0.0502535 0.0700049 0.0187638
10 0.322749 0.986036 0.276514 0.0247963 0.0187618
10 0.91129 0.350755 0.0306025 0.110055 0.0186634
4 0.145908 0.693891 0.302823 0.630141 0.0184745
10 0.248648 0.971025 0.357736 0.0544546 0.0183862
10 0.144969 0.983084 0.269525 0.033828 0.0182601
4 0.507498 0.983648 0.999974 0.0361244 0.0177716
4 0.494086 0.663995 0.999986 0.999356 0.017739
4 0.506812 0.992816 0.999866 0.0198062 0.0177265
10 0.797024 0.484983 0.0451603 0.0727681 0.0176827
4 0.496005 0.621398 0.99998 0.999859 0.0174849
10 0.895818 0.640928 0.0265549 0.0509016 0.0174351
10 0.88476 0.531087 0.0239014 0.052034 0.0172035
4 0.49784 0.597714 0.999979 0.999877 0.0171224
10 0.838173 0.734929 0.0281927 0.04135 0.0170989
10 0.417035 0.313012 0.0873368 0.117049 0.0169635
10 0.851281 0.071059 0.3051 0.078694 0.016876
8 0.781325 0.51668 0.0298982 0.0426992 0.0167734
10 0.561065 0.0472199 0.692683 0.0731274 0.0166715
10 0.178842 0.670903 0.374522 0.538885 0.0166632
2 0.741951 0.683073 0.0237601 0.0362416 0.016663
10 0.492775 0.749714 0.999978 0.982831 0.0166526
10 0.492574 0.690974 0.999978 0.997666 0.0166344
10 0.88846 0.661489 0.0180714 0.040618 0.0166169
10 0.831851 0.692844 0.0871824 0.0659767 0.016566
4 0.270668 0.797896 0.559701 0.376223 0.0162229
10 0.0744415 0.842573 0.115744 0.141487 0.0158785
10 0.748092 0.604663 0.0209762 0.0335123 0.015639
10 0.124803 0.457448 0.0516445 0.0572121 0.0152202
8 0.536215 0.191728 0.979992 0.130846 0.0148269
0 0.140811 0.728023 0.0606921 0.0619742 0.0144991
2 0.232547 0.701943 0.226545 0.224933 0.0138802
