4 0.374506 0.268649 0.080723 0.0929961 0.867012
4 0.458726 0.236431 0.0480513 0.0505173 0.841845
4 0.519682 0.226245 0.0526866 0.0495094 0.41314
4 0.417729 0.240942 0.0399774 0.049522 0.368837
11 0.041399 0.944293 0.08267 0.104046 0.293815
4 0.335947 0.209246 0.0273952 0.0466055 0.272249
4 0.277041 0.219406 0.0214003 0.0441259 0.219432
11 0.0632622 0.936386 0.12539 0.120565 0.19045
11 0.0435989 0.90729 0.0862263 0.178396 0.184058
10 0.760347 0.782276 0.0422891 0.106732 0.148478
11 0.112235 0.940538 0.224722 0.110911 0.142363
11 0.111956 0.922336 0.223064 0.149363 0.137734
6 0.803387 0.379622 0.0497578 0.111469 0.137072
4 0.259211 0.234365 0.0477298 0.0686068 0.131501
10 0.090226 0.791495 0.0563541 0.188591 0.130854
11 0.107971 0.765683 0.115271 0.265924 0.128372
11 0.113274 0.704469 0.0967383 0.0781778 0.125444
11 0.11436 0.688366 0.0970063 0.107072 0.121314
11 0.067837 0.90205 0.135019 0.1865 0.113707
6 0.0424386 0.839245 0.0836019 0.311323 0.113551
10 0.234847 0.261768 0.0240809 0.135806 0.111404
6 0.0407405 0.908308 0.0814135 0.175927 0.109131
11 0.151888 0.944127 0.306163 0.104463 0.108117
11 0.118256 0.948465 0.23885 0.0989083 0.107836
3 0.080058 0.593317 0.158963 0.708734 0.102232
11 0.120198 0.934044 0.239265 0.124434 0.101642
10 0.0817852 0.739185 0.0597961 0.304873 0.0920401
10 0.214115 0.37632 0.0320302 0.122801 0.091919
11 0.0882183 0.951258 0.175736 0.0918003 0.0917102
6 0.803901 0.367011 0.0476801 0.0837486 0.0913085
10 0.0830295 0.740585 0.086019 0.313569 0.0908656
6 0.0115211 0.908618 0.0234957 0.175107 0.0888837
11 0.0748269 0.845761 0.149108 0.294654 0.0885334
1 0.951494 0.492218 0.0973442 0.140819 0.0867232
4 0.196328 0.257976 0.0251751 0.0707835 0.0857605
6 0.0435281 0.684291 0.0850561 0.614062 0.0793469
4 0.311523 0.21174 0.0769797 0.0587612 0.0787327
10 0.141748 0.561751 0.0285108 0.117198 0.0763019
10 0.748233 0.830039 0.0704902 0.214966 0.0758359
10 0.0866506 0.748132 0.0564981 0.287209 0.0741599
4 0.257987 0.223983 0.0474474 0.0470284 0.0740996
11 0.24874 0.934372 0.498882 0.122783 0.0736367
11 0.112259 0.742373 0.10134 0.164851 0.072181
4 0.380521 0.21324 0.0410206 0.0423089 0.071916
1 0.657501 0.728715 0.256293 0.314888 0.0718487
3 0.0884246 0.609586 0.176013 0.760667 0.0696773
6 0.0327516 0.765571 0.0639323 0.455404 0.069472
4 0.507381 0.231015 0.028043 0.0386848 0.0692152
4 0.254516 0.221374 0.0365082 0.0390198 0.0689815
10 0.795943 0.376349 0.0298856 0.0883157 0.0688567
11 0.11026 0.781902 0.0972636 0.220412 0.0684513
4 0.0576721 0.451232 0.109533 0.174843 0.0676026
10 0.0741929 0.736368 0.0587879 0.295106 0.0657634
4 0.457919 0.235183 0.0461547 0.0493567 0.0656282
11 0.459033 0.960226 0.914464 0.0707262 0.0653128
10 0.749557 0.854416 0.0757654 0.261411 0.0651632
2 0.10752 0.641387 0.0314258 0.104667 0.0651572
4 0.213799 0.261049 0.0687714 0.10826 0.0649206
4 0.135773 0.268314 0.0768762 0.0742246 0.0645456
2 0.107501 0.761527 0.0252941 0.107623 0.0642059
6 0.0104661 0.8882 0.019847 0.115454 0.0637798
10 0.0552472 0.718495 0.0438476 0.236983 0.0635777
1 0.952596 0.470898 0.0950054 0.0848588 0.0633665
4 0.386558 0.205037 0.0205025 0.0237911 0.0618188
4 0.196098 0.264772 0.0210434 0.0508388 0.0617976
3 0.498749 0.500342 0.99955 0.991782 0.0611975
11 0.11121 0.732581 0.0999671 0.150164 0.0608526
4 0.468906 0.210468 0.0240049 0.0300589 0.0604673
4 0.535588 0.226892 0.0273029 0.0425898 0.0603512
1 0.444292 0.481951 0.0803734 0.215231 0.0603343
4 0.811432 0.357549 0.0298655 0.0596035 0.0601954
2 0.107603 0.646853 0.0256586 0.0930058 0.0600969
11 0.130365 0.993364 0.260327 0.0106528 0.0594834
4 0.311393 0.215395 0.0360189 0.0426186 0.0576219
11 0.081321 0.799664 0.160267 0.319771 0.0567145
11 0.365457 0.948795 0.729418 0.0949041 0.0560944
11 0.0381085 0.986208 0.0756116 0.0229202 0.0551838
4 0.401991 0.230302 0.0753887 0.0707519 0.0549568
10 0.727788 0.797375 0.110559 0.144621 0.0546879
10 0.13742 0.564065 0.0212879 0.0966943 0.0545437
4 0.0649824 0.47936 0.128755 0.253945 0.0543792
1 0.950729 0.499749 0.0984777 0.17456 0.0535613
4 0.335855 0.221887 0.0216295 0.0334913 0.0535571
7 0.44384 0.55528 0.0782073 0.0746253 0.0532959
10 0.199235 0.350374 0.0201085 0.0938788 0.0532833
10 0.0651181 0.714733 0.0331878 0.262448 0.052858
10 0.148312 0.539525 0.0231484 0.0885658 0.0525884
2 0.0815559 0.658506 0.0364675 0.145313 0.0520279
4 0.291033 0.320418 0.0391154 0.0701821 0.0519462
6 0.0295836 0.704787 0.0584524 0.575588 0.0518886
3 0.103524 0.384932 0.204339 0.30653 0.0517691
10 0.0683193 0.661854 0.0370586 0.154046 0.0516549
10 0.219757 0.36132 0.0216776 0.0897426 0.0514851
4 0.0573457 0.405864 0.113227 0.279656 0.0508852
10 0.235401 0.22874 0.015169 0.0732745 0.0507849
3 0.132163 0.601295 0.266154 0.779348 0.050775
4 0.595188 0.263384 0.0336671 0.0722544 0.0498456
10 0.157941 0.612261 0.052432 0.160429 0.0498018
2 0.0831165 0.655486 0.022735 0.0844095 0.0490117
4 0.258913 0.2624 0.0495849 0.119401 0.0488155
6 0.0143114 0.918951 0.0285055 0.158856 0.0478952
10 0.236831 0.260178 0.0177372 0.129103 0.0477597
2 0.0863739 0.661975 0.0241749 0.0792199 0.0476777
10 0.233743 0.225168 0.0156521 0.0669369 0.0476652
2 0.0860974 0.642842 0.0325469 0.118962 0.0474577
4 0.276868 0.228574 0.0190294 0.0307094 0.047057
10 0.0468142 0.658374 0.0313038 0.0830482 0.046939
10 0.102364 0.777502 0.0287762 0.141095 0.0466743
11 0.0457094 0.965099 0.0907666 0.0641451 0.0465182
10 0.0391265 0.75157 0.0744417 0.328776 0.0461487
10 0.217776 0.316333 0.04902 0.226736 0.0459063
4 0.507821 0.239866 0.0234908 0.0231763 0.0453614
11 0.386988 0.92049 0.771234 0.149356 0.0450671
6 0.00802529 0.738873 0.015522 0.431058 0.0450298
1 0.948528 0.542704 0.103638 0.262844 0.044459
10 0.219805 0.356374 0.0199079 0.0777538 0.0443004
6 0.00802093 0.720194 0.0149532 0.441728 0.0439983
10 0.232935 0.292079 0.0245918 0.134219 0.0438116
10 0.200458 0.371425 0.0225035 0.133966 0.043569
4 0.156134 0.247125 0.0250507 0.0327825 0.0434627
10 0.76575 0.771834 0.0264771 0.0749619 0.0433967
10 0.101319 0.782094 0.0404224 0.181414 0.043387
2 0.107681 0.733222 0.0164775 0.0476795 0.0433473
10 0.141112 0.612378 0.0302001 0.145201 0.0432986
4 0.374494 0.268428 0.0798996 0.09342 0.0432485
2 0.133425 0.655885 0.0252835 0.0746757 0.0428525
10 0.142045 0.588417 0.0245369 0.0814435 0.0428333
1 0.497125 0.5893 0.997266 0.805176 0.0426242
10 0.0861822 0.768249 0.0482224 0.13974 0.0425168
11 0.100484 0.716766 0.130469 0.377099 0.0419248
6 0.030359 0.631753 0.0610102 0.71631 0.0419162
10 0.140651 0.574686 0.019532 0.0595517 0.0418499
2 0.122485 0.668406 0.0277567 0.0619104 0.0414307
2 0.130476 0.67503 0.0183187 0.0445043 0.0412343
10 0.148068 0.527144 0.0179298 0.0628654 0.0407652
10 0.723903 0.856146 0.137726 0.265328 0.0407592
10 0.233969 0.272713 0.0206197 0.111663 0.0406208
4 0.66367 0.292134 0.0894899 0.0750696 0.0406138
10 0.763539 0.767572 0.0316038 0.0733165 0.0405856
7 0.122729 0.676674 0.0271667 0.0500397 0.0404186
10 0.0491086 0.68677 0.0347285 0.154374 0.0403457
4 0.612749 0.277145 0.066066 0.0782388 0.0401465
2 0.118207 0.66183 0.0229068 0.0699399 0.0401345
3 0.0853358 0.455766 0.168321 0.420211 0.0400634
4 0.540022 0.219808 0.0202124 0.0427331 0.0397546
4 0.984157 0.314115 0.0321455 0.23056 0.0397125
7 0.0940659 0.670858 0.0273604 0.058529 0.0394957
10 0.791387 0.355544 0.0196461 0.039514 0.0392823
10 0.156761 0.587579 0.0580875 0.172882 0.0392634
6 0.024015 0.822461 0.0499574 0.358883 0.0389932
6 0.0770763 0.736379 0.152589 0.514883 0.0389876
4 0.519277 0.219657 0.0192662 0.0268526 0.0386454
10 0.149629 0.492853 0.0197071 0.105401 0.0386439
10 0.0804553 0.787965 0.0321503 0.124665 0.0385772
10 0.206339 0.39159 0.018189 0.07597 0.0383956
4 0.0574601 0.531803 0.109952 0.454078 0.0383816
10 0.0198668 0.618349 0.03828 0.62163 0.0382872
10 0.147357 0.522624 0.0158716 0.0557147 0.0382339
2 0.0938828 0.664454 0.0272994 0.0707764 0.0381288
4 0.313312 0.219951 0.0204357 0.0290172 0.038088
4 0.57018 0.238688 0.0226672 0.0386307 0.0379153
4 0.10975 0.278086 0.13976 0.0978002 0.0378613
10 0.721862 0.847305 0.132419 0.245159 0.0378501
1 0.905839 0.482851 0.189532 0.318424 0.0375878
2 0.0727068 0.63953 0.0181032 0.100909 0.0375789
4 0.471308 0.218817 0.0224881 0.0414309 0.0372008
11 0.0144767 0.955843 0.0285158 0.0849386 0.0366449
11 0.033613 0.980061 0.0694421 0.0321211 0.036636
4 0.286979 0.290196 0.0393951 0.126568 0.0363708
1 0.631984 0.781752 0.334851 0.420045 0.0363389
4 0.372514 0.242448 0.0663807 0.0462928 0.0362235
1 0.440517 0.772848 0.790744 0.439114 0.0362086
2 0.0676042 0.637368 0.02432 0.099291 0.0361468
10 0.0320739 0.755546 0.056769 0.274272 0.0360264
3 0.0925944 0.582454 0.193301 0.664223 0.0359368
2 0.110359 0.660706 0.0217786 0.0763285 0.0358864
6 0.0231614 0.769967 0.0468938 0.453069 0.0358835
4 0.474316 0.223688 0.0247974 0.0541118 0.0358598
4 0.336132 0.225234 0.0239491 0.0417521 0.0358383
10 0.158756 0.590688 0.0479308 0.0921629 0.0357464
4 0.538227 0.22523 0.0222361 0.0438761 0.03546
6 0.978795 0.38757 0.0413284 0.161528 0.0351541
10 0.163619 0.437764 0.0376108 0.230319 0.034598
10 0.48833 0.223925 0.0196854 0.0534837 0.0345936
10 0.388649 0.21546 0.0252129 0.0425122 0.0345586
4 0.400589 0.239149 0.0382826 0.0628163 0.0345025
10 0.00608314 0.59719 0.0115587 0.386523 0.0344634
10 0.491731 0.227508 0.0169111 0.0445554 0.0341833
2 0.0921315 0.690117 0.0312844 0.0950428 0.034182
10 0.0649639 0.643265 0.0184575 0.0969435 0.0336539
11 0.0271753 0.954695 0.0552385 0.0772503 0.033588
4 0.758858 0.316098 0.0732678 0.112506 0.033576
2 0.133792 0.66833 0.0192738 0.0569085 0.0335729
4 0.350501 0.247658 0.0261201 0.031888 0.0331733
4 0.340227 0.202509 0.0163815 0.0305368 0.0330908
4 0.390239 0.237339 0.0289207 0.0353266 0.032797
4 0.533715 0.236728 0.0259189 0.0353999 0.0326948
2 0.13179 0.634938 0.0240284 0.0725167 0.032618
1 0.732191 0.860458 0.317547 0.260199 0.0323489
4 0.505208 0.207644 0.0256426 0.0294205 0.0321848
10 0.192741 0.419656 0.0424632 0.270101 0.0319537
10 0.235689 0.223205 0.0123702 0.0432249 0.0319436
2 0.105949 0.673017 0.0209637 0.0510764 0.031725
4 0.259233 0.270047 0.0396173 0.107253 0.0317056
1 0.572985 0.726061 0.632156 0.533543 0.0316919
2 0.0698054 0.691596 0.0203462 0.0940639 0.0315646
1 0.644462 0.863006 0.434745 0.264913 0.0315331
4 0.386084 0.206546 0.0194055 0.0257129 0.0313987
4 0.196279 0.281034 0.0308259 0.110803 0.0306372
10 0.191283 0.319902 0.0421437 0.184474 0.0304942
4 0.568256 0.237729 0.0212727 0.0369612 0.0303347
4 0.499084 0.261465 0.473194 0.142186 0.0302058
10 0.1612 0.536182 0.0467498 0.088646 0.0301857
10 0.131286 0.776658 0.0625133 0.193288 0.0301847
4 0.984158 0.330099 0.0317173 0.255895 0.0301799
10 0.143937 0.628171 0.0292877 0.121749 0.0299608
2 0.0927325 0.636436 0.0194278 0.0964248 0.0299375
10 0.492297 0.230905 0.0160649 0.0452699 0.0295944
4 0.518896 0.207252 0.0316215 0.0265643 0.0294216
2 0.130013 0.621963 0.0309473 0.105022 0.0292907
2 0.0861813 0.670436 0.020882 0.0573088 0.029076
10 0.742056 0.251489 0.0245991 0.0765101 0.029028
10 0.171666 0.483252 0.0221337 0.100124 0.0289754
3 0.149018 0.321022 0.294173 0.251244 0.0287997
4 0.527515 0.229444 0.0194385 0.0378029 0.028686
0 0.734175 0.841012 0.148539 0.295489 0.0285413
4 0.159158 0.264188 0.0339538 0.0695569 0.0283522
10 0.438514 0.23895 0.0163401 0.0536019 0.0277767
10 0.175583 0.538491 0.022738 0.0900617 0.0274687
4 0.112009 0.298942 0.200681 0.163306 0.0274231
10 0.13651 0.590848 0.0149416 0.0557466 0.0273771
3 0.227736 0.594635 0.465421 0.798745 0.0269547
10 0.23875 0.294528 0.0152762 0.0679619 0.0269445
4 0.437048 0.240812 0.0224076 0.0539194 0.0269168
10 0.0978508 0.751478 0.0165227 0.043622 0.0268858
10 0.133967 0.271301 0.0294079 0.0493415 0.026822
2 0.105894 0.625314 0.0170255 0.0714023 0.0265333
6 0.112051 0.768156 0.0940411 0.089408 0.026524
10 0.723292 0.803445 0.114925 0.11182 0.0265071
4 0.404347 0.227589 0.0213411 0.0343583 0.0263634
11 0.136423 0.708752 0.0547809 0.0926779 0.0262688
1 0.650784 0.666935 0.41984 0.647961 0.0259708
10 0.173554 0.511528 0.0231939 0.14707 0.0259659
10 0.155484 0.478003 0.026129 0.119998 0.0258202
7 0.0862434 0.677517 0.020145 0.0444315 0.0257915
2 0.131599 0.666092 0.0163317 0.05319 0.0255858
4 0.0629016 0.568431 0.125807 0.260802 0.0255207
1 0.518513 0.623351 0.929365 0.729712 0.0251182
10 0.961514 0.258998 0.0785797 0.448287 0.0250461
10 0.43969 0.240063 0.0183617 0.0545171 0.0249917
4 0.479884 0.236712 0.0168616 0.0488601 0.0249313
4 0.423143 0.230268 0.0210186 0.0318353 0.0246502
4 0.515856 0.224984 0.0534107 0.0548734 0.024508
4 0.377219 0.260657 0.043553 0.0330311 0.0244321
2 0.119211 0.778716 0.0202301 0.0503607 0.0242369
11 0.0932987 0.984192 0.112579 0.0499578 0.0241236
4 0.536477 0.234952 0.0192518 0.031575 0.0240273
1 0.951633 0.649491 0.0972607 0.659933 0.0238363
6 0.81075 0.356408 0.0275836 0.048827 0.0235667
4 0.914652 0.310584 0.171828 0.32941 0.0235351
2 0.0950469 0.62495 0.0193152 0.0511415 0.0230897
4 0.0336394 0.331534 0.068533 0.140382 0.0227916
1 0.952653 0.494964 0.0952261 0.516734 0.0226498
4 0.332699 0.217024 0.0204602 0.0312495 0.0220887
10 0.26711 0.232225 0.00808338 0.0290048 0.0217778
10 0.113858 0.782995 0.0904182 0.152108 0.0211615
4 0.148527 0.268502 0.031376 0.0606608 0.0210253
10 0.175781 0.44623 0.014923 0.0282753 0.0209625
10 0.492554 0.244886 0.0111108 0.0313988 0.0208599
10 0.279613 0.228361 0.0116025 0.0304492 0.0205478
10 0.437848 0.260759 0.0169748 0.0447787 0.0200139
10 0.16588 0.630791 0.0272999 0.0497865 0.0199571
6 0.0423637 0.914466 0.0782327 0.0905693 0.0198897
10 0.0708362 0.638895 0.115393 0.290727 0.0197519
10 0.127771 0.931813 0.0418361 0.0609341 0.0191132
8 0.346843 0.313896 0.0170683 0.0204679 0.0188513
0 0.482234 0.588076 0.0191873 0.0101101 0.0187571
11 0.52657 0.938689 0.995653 0.096422 0.0187225
10 0.447546 0.282006 0.0133509 0.0162419 0.0183895
10 0.256555 0.35471 0.0157537 0.041492 0.0183789
3 0.499651 0.709971 0.999979 0.973665 0.0179502
10 0.195485 0.794206 0.0192083 0.0618857 0.017927
2 0.147995 0.679923 0.026258 0.0433714 0.017694
4 0.49896 0.866032 0.918991 0.26824 0.0176266
4 0.53137 0.784844 0.980315 0.398524 0.0175341
10 0.221226 0.601336 0.0242679 0.0527381 0.0173104
10 0.426065 0.291387 0.0276705 0.0306665 0.016765
4 0.405204 0.283861 0.0346382 0.0891992 0.0165848
10 0.164854 0.623538 0.0599568 0.0651507 0.0165638
10 0.0690229 0.568378 0.0429621 0.0589834 0.0163989
11 0.491683 0.786243 0.999972 0.997089 0.015796
6 0.409865 0.648722 0.0799959 0.0666071 0.0157302
10 0.42386 0.299489 0.0305447 0.0399732 0.0156621
10 0.462002 0.325251 0.047249 0.0429557 0.0154292
8 0.44145 0.896729 0.0514019 0.0408936 0.015412
10 0.399575 0.52694 0.0498248 0.0468536 0.0153543
0 0.499206 0.508717 0.0225167 0.0228294 0.0152499
1 0.427685 0.448258 0.0458424 0.0559162 0.0151484
8 0.527091 0.808342 0.453744 0.188846 0.0149451
10 0.26137 0.50635 0.0350075 0.0712821 0.0146991
