6 0.431921 0.519657 0.129164 0.27008 0.882074
6 0.309965 0.772757 0.141621 0.250176 0.870705
6 0.702152 0.368326 0.106541 0.300008 0.866609
11 0.463576 0.277932 0.163843 0.256157 0.858824
11 0.701157 0.642507 0.22062 0.363287 0.85339
11 0.314512 0.202524 0.164795 0.289026 0.848345
10 0.498412 0.0946433 0.0636056 0.189179 0.832961
11 0.34092 0.458808 0.177966 0.290805 0.832783
6 0.622151 0.643483 0.177932 0.385953 0.81113
6 0.517385 0.333978 0.107894 0.23888 0.789282
2 0.761925 0.232382 0.0184807 0.0837956 0.787322
6 0.347824 0.229316 0.0845716 0.192285 0.767245
11 0.185458 0.752446 0.244067 0.455186 0.73627
10 0.159982 0.337829 0.109675 0.271275 0.73014
11 0.0690971 0.530136 0.0979906 0.215341 0.675747
6 0.132269 0.536957 0.0952949 0.244288 0.660732
6 0.440732 0.916609 0.132511 0.167786 0.614388
11 0.778645 0.346804 0.186036 0.422423 0.60557
7 0.741008 0.263857 0.0219943 0.0857099 0.562079
10 0.158413 0.233012 0.107393 0.248772 0.51626
6 0.939243 0.94203 0.0885588 0.117088 0.42844
6 0.863799 0.575773 0.269204 0.85223 0.426311
6 0.423498 0.309463 0.0814512 0.195986 0.367454
7 0.235756 0.647275 0.0230079 0.0539565 0.354518
11 0.0703779 0.57637 0.100887 0.306899 0.338383
7 0.165385 0.829032 0.0264377 0.0582192 0.335593
7 0.310406 0.416995 0.0234825 0.0486012 0.317558
6 0.421085 0.281974 0.0890288 0.246471 0.317505
6 0.158053 0.596535 0.111589 0.166928 0.306007
2 0.842555 0.26576 0.0169298 0.0686846 0.303599
6 0.714739 0.176816 0.085219 0.111197 0.302961
6 0.947636 0.818855 0.102619 0.362087 0.295811
7 0.737149 0.619834 0.0219851 0.103699 0.283142
6 0.897719 0.936721 0.192233 0.127217 0.28053
6 0.28743 0.38133 0.0742788 0.136919 0.272948
7 0.738529 0.591971 0.0207119 0.0479407 0.266719
6 0.254948 0.925175 0.209956 0.150052 0.258403
6 0.725063 0.164163 0.0424623 0.0731337 0.258036
6 0.827201 0.859151 0.216327 0.283082 0.256406
6 0.960276 0.816849 0.0772831 0.366509 0.248642
7 0.670298 0.614417 0.0222466 0.0635263 0.246887
7 0.429767 0.232226 0.0210531 0.0412006 0.246237
7 0.193231 0.661262 0.0241889 0.0409384 0.243813
7 0.126276 0.796052 0.0355787 0.0937611 0.237611
2 0.268427 0.167725 0.0150113 0.04794 0.231447
6 0.279452 0.276065 0.097773 0.157998 0.231398
2 0.838259 0.274131 0.019243 0.0819745 0.229847
6 0.23622 0.925313 0.181707 0.149645 0.227264
7 0.158968 0.867979 0.0326976 0.0788145 0.226494
7 0.165538 0.825882 0.0255167 0.0514757 0.225279
6 0.889664 0.76575 0.215966 0.47329 0.222193
6 0.270765 0.937302 0.253901 0.125816 0.222105
6 0.144664 0.542351 0.119357 0.248087 0.219232
7 0.830286 0.250828 0.021698 0.0606455 0.219023
6 0.121414 0.53234 0.0793032 0.236482 0.218244
2 0.464012 0.145563 0.0140158 0.0516523 0.217369
6 0.978183 0.776774 0.0424023 0.289416 0.216501
6 0.732561 0.178666 0.115015 0.111321 0.215368
7 0.122233 0.825054 0.0260407 0.0386793 0.21219
6 0.962465 0.621873 0.074016 0.751056 0.21098
6 0.942041 0.584245 0.114307 0.820861 0.210975
6 0.985841 0.73151 0.0277599 0.197716 0.210363
7 0.314727 0.403057 0.0347567 0.0762247 0.210116
6 0.936666 0.58813 0.124433 0.823476 0.207052
6 0.862218 0.577941 0.271571 0.8499 0.202779
7 0.233394 0.671006 0.0293579 0.101357 0.200736
6 0.279503 0.243143 0.0945526 0.217204 0.196342
7 0.740442 0.279666 0.0201853 0.0562148 0.193499
6 0.338013 0.915613 0.384189 0.168416 0.190466
6 0.85861 0.915611 0.121764 0.170404 0.189343
6 0.259693 0.275001 0.0617226 0.138474 0.187611
7 0.773165 0.172241 0.028722 0.065275 0.187434
6 0.865802 0.634908 0.265405 0.73439 0.186203
7 0.80387 0.22213 0.023518 0.0536259 0.184525
6 0.305776 0.455768 0.115481 0.283188 0.183555
6 0.976514 0.771669 0.0464615 0.27718 0.18338
6 0.934521 0.621549 0.12954 0.761954 0.183346
2 0.200812 0.323835 0.0210019 0.0555823 0.18269
6 0.859257 0.728855 0.27074 0.549332 0.182285
7 0.119522 0.807145 0.0207813 0.0628768 0.180899
11 0.037519 0.181392 0.0443694 0.0937096 0.180232
6 0.335818 0.915889 0.37532 0.167578 0.179108
10 0.156983 0.290785 0.116655 0.361374 0.176019
7 0.314046 0.422791 0.0195208 0.0375361 0.176004
6 0.397492 0.228888 0.0600226 0.151188 0.172798
6 0.841957 0.816425 0.249547 0.369802 0.172127
6 0.00519521 0.240481 0.0108485 0.115356 0.171777
6 0.0061054 0.521113 0.0133948 0.256936 0.168148
10 0.104233 0.0791992 0.014357 0.0295098 0.167396
6 0.143254 0.245749 0.0862781 0.185535 0.166514
6 0.855604 0.959028 0.0932461 0.0832223 0.166083
6 0.0924937 0.424229 0.0499277 0.0879091 0.165618
6 0.122087 0.250858 0.0595759 0.178297 0.165087
6 0.205628 0.925799 0.119898 0.149095 0.161726
6 0.172802 0.594153 0.0819814 0.155363 0.161474
7 0.856077 0.286991 0.0220568 0.0400092 0.160472
10 0.0169577 0.804801 0.0343372 0.389019 0.159838
7 0.284188 0.193731 0.0162098 0.0375253 0.159818
7 0.0842735 0.488407 0.0218376 0.0576447 0.159702
7 0.312031 0.421598 0.0232885 0.0400148 0.159037
6 0.00598617 0.143213 0.0125405 0.167887 0.155917
2 0.85668 0.233163 0.0129662 0.0337972 0.15463
6 0.354417 0.947179 0.359931 0.106319 0.154457
7 0.756425 0.640669 0.0321742 0.100547 0.154036
2 0.144503 0.041425 0.0224694 0.0583121 0.153633
6 0.856668 0.606272 0.28353 0.794471 0.153571
6 0.00746782 0.520768 0.0167327 0.268938 0.152599
6 0.117999 0.522069 0.0677283 0.215311 0.15204
6 0.0152782 0.724562 0.0299688 0.216302 0.149702
11 0.100882 0.160006 0.198797 0.31492 0.146181
11 0.118622 0.0786023 0.080076 0.109565 0.142063
6 0.463672 0.101757 0.0335853 0.145327 0.141369
6 0.835497 0.821794 0.234394 0.362373 0.140372
6 0.183585 0.173975 0.0431503 0.106969 0.140088
7 0.830656 0.240808 0.0226395 0.0462618 0.139366
7 0.0667171 0.524906 0.0168294 0.0386133 0.138939
10 0.0162484 0.69478 0.0344151 0.605795 0.138914
2 0.485646 0.211072 0.0147 0.0386739 0.137761
11 0.0834699 0.155599 0.162951 0.296704 0.137608
6 0.309873 0.238474 0.155795 0.218974 0.136686
6 0.859209 0.39954 0.149756 0.422959 0.136618
7 0.124902 0.826336 0.021279 0.0353126 0.136443
6 0.846249 0.777198 0.240198 0.467597 0.135118
6 0.414493 0.289283 0.0828291 0.206936 0.13065
6 0.678978 0.18249 0.0264547 0.111231 0.130484
10 0.156657 0.281791 0.11644 0.358022 0.130294
6 0.120455 0.205813 0.0331367 0.0854867 0.1301
7 0.835403 0.287155 0.0204103 0.0612746 0.130047
6 0.202628 0.951735 0.112047 0.0978947 0.128916
6 0.306186 0.965802 0.190155 0.0677122 0.127934
10 0.141934 0.0491881 0.0292269 0.0736601 0.127527
6 0.0178393 0.47865 0.0352329 0.366498 0.127221
6 0.487782 0.109047 0.0877036 0.152153 0.126476
2 0.742106 0.236974 0.0180307 0.0719238 0.126392
6 0.439683 0.918002 0.136167 0.165719 0.126082
6 0.00980994 0.103997 0.0192848 0.102396 0.126039
6 0.887314 0.33242 0.106775 0.286692 0.125884
6 0.69594 0.211078 0.0613724 0.173434 0.125213
10 0.00719585 0.678244 0.0142595 0.105454 0.125127
6 0.943495 0.942745 0.075685 0.115944 0.123923
6 0.135406 0.221563 0.0670532 0.136289 0.12302
11 0.618381 0.224295 0.141156 0.263768 0.121837
6 0.626431 0.645647 0.182557 0.390834 0.121499
10 0.138019 0.0528623 0.0442353 0.0834882 0.119939
7 0.431025 0.299392 0.0347253 0.0434661 0.119497
7 0.0545787 0.517072 0.0193489 0.0655298 0.118226
7 0.804731 0.21567 0.0213747 0.0390896 0.118015
6 0.147094 0.167863 0.0843304 0.121367 0.117569
10 0.118515 0.0710743 0.0164425 0.0340574 0.11674
7 0.305891 0.409302 0.0185999 0.0487526 0.116506
6 0.792288 0.553966 0.412796 0.884908 0.116457
11 0.0179809 0.17269 0.0347855 0.235291 0.116172
7 0.771223 0.182526 0.0224018 0.0364964 0.114943
6 0.853008 0.701055 0.285385 0.617983 0.114358
10 0.567343 0.0986521 0.0440926 0.168753 0.113168
7 0.196222 0.643914 0.0369055 0.108013 0.11231
6 0.155351 0.195423 0.0749664 0.165411 0.111471
11 0.502271 0.964931 0.0685294 0.0721676 0.1107
6 0.901496 0.320402 0.107809 0.278607 0.109321
2 0.271189 0.174419 0.0149086 0.0625391 0.10843
7 0.740153 0.267497 0.0205496 0.0787715 0.108103
2 0.492394 0.228256 0.0326642 0.0612723 0.10766
2 0.0644107 0.076585 0.0326805 0.0581861 0.107057
7 0.433852 0.233699 0.0166925 0.0380949 0.105287
2 0.120026 0.116719 0.0185309 0.0319612 0.104924
7 0.746958 0.14922 0.0152269 0.0464544 0.104867
6 0.860999 0.687513 0.255393 0.627915 0.104814
2 0.157537 0.0335361 0.0234091 0.0601044 0.104379
7 0.65074 0.574159 0.0458454 0.103295 0.104338
7 0.122882 0.809063 0.0278015 0.0695925 0.102959
7 0.831898 0.19955 0.0219833 0.0617534 0.102647
10 0.133946 0.0557317 0.0205727 0.0502134 0.102618
7 0.715865 0.164283 0.01628 0.0564887 0.101767
6 0.399311 0.292906 0.0541261 0.166829 0.101341
7 0.0564703 0.548649 0.0284891 0.0512366 0.100568
11 0.0972785 0.226233 0.193753 0.442508 0.100474
2 0.18754 0.311977 0.0497381 0.0949025 0.100437
11 0.772017 0.186098 0.191331 0.137803 0.100351
6 0.767992 0.477055 0.0803333 0.148514 0.0990888
6 0.162243 0.679365 0.120953 0.326244 0.0985005
7 0.835281 0.242682 0.0321274 0.0560823 0.097784
7 0.766486 0.193233 0.0228382 0.0449358 0.0973779
6 0.162115 0.588846 0.163104 0.323315 0.0958745
6 0.164458 0.681434 0.116804 0.33313 0.0957028
6 0.854349 0.759186 0.284921 0.474414 0.0956085
7 0.165528 0.845212 0.0261583 0.0932944 0.0947734
10 0.0175606 0.269185 0.0354737 0.423849 0.0938155
11 0.784094 0.43569 0.202795 0.611479 0.093777
6 0.103633 0.487691 0.0394349 0.109235 0.093423
4 0.794132 0.240505 0.0335631 0.052851 0.092915
6 0.512656 0.331582 0.102303 0.223912 0.0928491
6 0.910735 0.648637 0.158237 0.705588 0.0906471
6 0.121459 0.178785 0.0453345 0.144968 0.0903274
2 0.742839 0.245933 0.0171105 0.0622988 0.0895172
7 0.0672521 0.526498 0.0160753 0.0414221 0.088317
2 0.0795571 0.479042 0.01978 0.0417926 0.0879206
6 0.137284 0.478909 0.0502816 0.132141 0.0875646
6 0.316472 0.206875 0.151626 0.252362 0.0865733
6 0.957204 0.949322 0.0411057 0.109966 0.0864376
6 0.476014 0.311689 0.178673 0.275335 0.0858614
6 0.235128 0.165712 0.0413591 0.0898846 0.0857915
7 0.0727891 0.479663 0.0272348 0.0454744 0.0854616
2 0.760319 0.233405 0.0166229 0.0805919 0.0850691
2 0.269929 0.160334 0.0115848 0.0344461 0.0839089
6 0.769962 0.575904 0.367521 0.778857 0.0812841
7 0.0573504 0.531851 0.0170969 0.03403 0.0809465
6 0.833377 0.956 0.216535 0.0926575 0.0796776
7 0.833009 0.258486 0.0215031 0.0740018 0.0793892
2 0.830547 0.232672 0.0153919 0.0401045 0.0792769
6 0.393655 0.219595 0.0510002 0.133492 0.0777892
7 0.726743 0.166477 0.0244321 0.0545516 0.0765365
7 0.760593 0.246089 0.0163976 0.0524225 0.074813
11 0.0844275 0.476853 0.0607518 0.103799 0.0742972
10 0.312754 0.0916941 0.181341 0.179701 0.0737346
11 0.0682718 0.61924 0.115891 0.403156 0.0736379
6 0.347493 0.229924 0.0809619 0.186998 0.0735606
7 0.31605 0.415177 0.0284054 0.0539949 0.0733597
7 0.842646 0.246957 0.0127579 0.0337354 0.0729867
11 0.267354 0.199845 0.0307358 0.0380923 0.0725892
6 0.677264 0.171317 0.0327293 0.132083 0.0719642
7 0.795113 0.237126 0.0210497 0.0366865 0.0686179
6 0.883884 0.55524 0.14155 0.229004 0.0664154
7 0.739983 0.593929 0.016783 0.0418837 0.0649827
7 0.160004 0.863848 0.0279227 0.060323 0.0645469
7 0.317129 0.389221 0.0304646 0.0621652 0.0643376
7 0.730711 0.58801 0.0145022 0.0435105 0.0635257
11 0.70563 0.614592 0.0479991 0.0935546 0.0634102
7 0.316066 0.388551 0.0328783 0.0631969 0.0633606
7 0.166059 0.854889 0.0213442 0.0585696 0.0624163
7 0.431128 0.249817 0.039941 0.14055 0.058482
7 0.659838 0.552621 0.0261215 0.0561769 0.0584404
7 0.0364689 0.525805 0.0496623 0.0887466 0.0581983
10 0.51981 0.197023 0.114308 0.388895 0.0576717
7 0.769409 0.152224 0.0167133 0.027145 0.0574558
6 0.921113 0.950377 0.100546 0.105816 0.05724
6 0.112099 0.481412 0.0408054 0.12885 0.0562605
6 0.664617 0.753302 0.126904 0.187596 0.0560545
11 0.04393 0.0842017 0.0753176 0.0605474 0.0554223
6 0.512195 0.225029 0.126234 0.388835 0.0532328
6 0.314444 0.525708 0.0825991 0.153251 0.0530465
7 0.741316 0.256559 0.018264 0.0773093 0.0525195
7 0.056565 0.544711 0.0271118 0.0560357 0.0523353
7 0.832524 0.291971 0.0164253 0.0539669 0.0517746
6 0.733877 0.454338 0.141464 0.133772 0.0509268
7 0.120524 0.823313 0.0232074 0.0411037 0.0499594
6 0.931799 0.979042 0.115395 0.0474518 0.0491796
7 0.238925 0.6506 0.0149091 0.0432483 0.0478528
6 0.722878 0.167056 0.0323352 0.0592163 0.0476003
6 0.462373 0.477611 0.126447 0.159466 0.0472942
7 0.156458 0.886671 0.0301605 0.0482252 0.0469023
7 0.193193 0.662894 0.023229 0.0384559 0.0467116
6 0.209937 0.735641 0.397584 0.512667 0.0466163
2 0.85058 0.276768 0.0137505 0.0590357 0.0465055
6 0.40937 0.974608 0.167375 0.044665 0.0456364
7 0.731702 0.590962 0.0135435 0.0421494 0.0450709
7 0.767854 0.200473 0.030619 0.042014 0.0441904
7 0.23536 0.649004 0.0192179 0.0409036 0.0438843
7 0.844941 0.249286 0.0127964 0.045638 0.0433434
7 0.0836714 0.500154 0.0139956 0.0392829 0.0427601
7 0.761891 0.619793 0.0248439 0.0697134 0.0420548
6 0.448284 0.132997 0.0331288 0.0995697 0.0414245
7 0.158191 0.875718 0.0330395 0.067913 0.0410189
7 0.15881 0.880771 0.0223579 0.0435225 0.0399075
11 0.0710004 0.516188 0.0688222 0.148298 0.0379153
7 0.667432 0.618104 0.018648 0.0447459 0.0378064
7 0.73928 0.605119 0.0137313 0.0337922 0.0369347
6 0.466543 0.463686 0.448439 0.361445 0.0366934
6 0.778872 0.879174 0.223998 0.241901 0.0365225
6 0.372414 0.469681 0.0700878 0.148173 0.0354028
6 0.196852 0.907646 0.190016 0.191282 0.0342683
7 0.163962 0.829687 0.0235977 0.0448443 0.0340746
6 0.2797 0.738158 0.0509369 0.0623342 0.0339085
6 0.124041 0.174139 0.0269857 0.0455038 0.033027
7 0.158193 0.83519 0.0152558 0.0298597 0.0327912
7 0.735378 0.6416 0.0192616 0.0868813 0.032595
6 0.284063 0.530875 0.0715843 0.0731583 0.0322079
6 0.721452 0.371154 0.0832331 0.12405 0.0321554
6 0.762713 0.765748 0.1437 0.0833365 0.0312438
6 0.410123 0.951367 0.0538839 0.0657768 0.0310387
6 0.374083 0.660063 0.0612412 0.108637 0.0308254
7 0.16393 0.858157 0.0247248 0.0477772 0.0304957
6 0.104106 0.420707 0.024416 0.0602291 0.0301739
7 0.861536 0.324185 0.0164996 0.0225437 0.0294073
6 0.378048 0.987285 0.160523 0.0341111 0.0284537
6 0.126397 0.385956 0.0300621 0.0444031 0.0284229
6 0.122034 0.962309 0.13456 0.0902432 0.0275707
11 0.689723 0.744407 0.219239 0.367257 0.0270662
6 0.424701 0.626795 0.0511781 0.0678269 0.0254249
7 0.757507 0.653106 0.0264537 0.0721195 0.0253604
6 0.174347 0.890893 0.0744043 0.103405 0.0249644
6 0.104383 0.766905 0.0692955 0.0870939 0.0240906
2 0.747975 0.297326 0.0118008 0.0494398 0.0238686
6 0.198439 0.721202 0.0888785 0.176473 0.0236541
6 0.791369 0.595039 0.130345 0.0654404 0.0235856
6 0.0474862 0.820094 0.0666625 0.130376 0.0234111
7 0.668343 0.632608 0.0317848 0.0578876 0.0232024
6 0.540911 0.533663 0.0340052 0.0728978 0.0231078
7 0.250979 0.742086 0.0183898 0.0493275 0.0204628
6 0.319786 0.86546 0.033948 0.0479136 0.0189049
2 0.223494 0.739219 0.0120969 0.0201025 0.0169076
