3 0.501474 0.497426 0.999644 0.986895 0.72457
3 0.121305 0.211043 0.242083 0.329649 0.248856
3 0.902885 0.172392 0.194944 0.344578 0.233732
4 0.013039 0.380314 0.0268071 0.126145 0.196145
3 0.906775 0.117496 0.186739 0.233893 0.190388
4 0.0165542 0.428843 0.0339607 0.23154 0.18596
3 0.196281 0.183966 0.392022 0.367125 0.171072
10 0.683941 0.0344041 0.0912975 0.0695408 0.167872
3 0.500208 0.316564 0.996127 0.638817 0.164861
4 0.162218 0.256222 0.152372 0.209966 0.160621
3 0.501199 0.383465 0.999985 0.774823 0.152331
3 0.138794 0.185749 0.276829 0.368913 0.148039
3 0.895648 0.254139 0.208216 0.504628 0.14464
10 0.353855 0.067021 0.092368 0.134675 0.13449
3 0.590305 0.501277 0.822101 0.997544 0.12949
4 0.0181011 0.316925 0.0370461 0.505356 0.129302
3 0.895095 0.353982 0.210191 0.699037 0.128341
10 0.302721 0.0695259 0.184695 0.138405 0.127922
10 0.912419 0.0943406 0.175653 0.18602 0.125392
10 0.304007 0.0467461 0.166829 0.0931268 0.117201
3 0.835309 0.172071 0.329055 0.339933 0.116934
10 0.918186 0.0987603 0.16319 0.196894 0.116235
4 0.0132795 0.331357 0.0269272 0.230908 0.113407
10 0.4866 0.0209343 0.0663726 0.0424098 0.112356
4 0.188924 0.498697 0.096943 0.212468 0.110438
3 0.849264 0.200262 0.300502 0.396153 0.108063
3 0.198869 0.177293 0.395022 0.354879 0.107627
4 0.142288 0.222017 0.199981 0.279984 0.105423
4 0.0186433 0.301513 0.0381299 0.496437 0.104321
4 0.0187429 0.500939 0.0382499 0.417344 0.103594
10 0.656951 0.0284796 0.121158 0.0568848 0.101256
9 0.0191588 0.429801 0.0385704 0.343547 0.101106
10 0.304553 0.0388225 0.16118 0.077947 0.10091
3 0.500754 0.370087 0.999884 0.73457 0.0983592
4 0.012509 0.356915 0.0256254 0.175343 0.0964052
3 0.196449 0.102835 0.391722 0.206989 0.0937822
10 0.614017 0.0305366 0.223093 0.0620868 0.0925016
3 0.604344 0.178752 0.788353 0.353494 0.0906883
10 0.586489 0.035438 0.316328 0.0710702 0.0852891
3 0.908351 0.349381 0.183315 0.694827 0.0845453
3 0.352122 0.173342 0.70172 0.350491 0.0844333
10 0.62707 0.0471575 0.243867 0.0939892 0.0814022
3 0.59307 0.33254 0.802905 0.660771 0.0813388
10 0.337 0.045627 0.108614 0.0896567 0.0810526
10 0.290898 0.0873781 0.22446 0.172321 0.0802059
1 0.0199028 0.392472 0.0402068 0.52641 0.0799662
4 0.0113623 0.296525 0.0229762 0.342914 0.0796016
3 0.499923 0.206535 0.999894 0.415362 0.0768684
3 0.634177 0.0839482 0.723573 0.16914 0.0745426
4 0.153808 0.235548 0.306547 0.465679 0.0744292
4 0.111051 0.217392 0.22327 0.270512 0.0743462
4 0.127695 0.300246 0.253834 0.566999 0.0741791
3 0.502474 0.502424 0.99999 0.996861 0.0740914
3 0.751365 0.212756 0.495875 0.423871 0.0740675
3 0.190186 0.240597 0.382219 0.473927 0.073796
10 0.328603 0.0745991 0.173638 0.149208 0.0729859
3 0.500459 0.152765 0.999334 0.308471 0.0712427
3 0.723039 0.503661 0.554566 0.989899 0.0711732
3 0.25723 0.283585 0.521081 0.567525 0.0710471
3 0.731753 0.501501 0.536239 0.996087 0.0678213
10 0.980625 0.57612 0.0382601 0.372769 0.0677763
3 0.228828 0.0769034 0.332045 0.151851 0.0677265
10 0.360525 0.0347037 0.0699234 0.0702732 0.0668951
4 0.0158924 0.446854 0.032464 0.189701 0.0657773
4 0.0228524 0.161884 0.046441 0.196248 0.0654652
1 0.0162213 0.47301 0.0327414 0.147972 0.0653854
10 0.374331 0.0468386 0.0554501 0.0934736 0.0646222
10 0.762205 0.0647633 0.270246 0.128206 0.0646182
3 0.500416 0.0742658 0.974857 0.150959 0.064303
3 0.592735 0.381415 0.807454 0.746975 0.0639336
3 0.621431 0.0628445 0.744098 0.126728 0.0637618
4 0.0258546 0.145103 0.0523948 0.270815 0.0636094
10 0.347121 0.028149 0.0950979 0.0568368 0.0635185
10 0.194063 0.0595946 0.383578 0.120125 0.0633321
9 0.016128 0.477617 0.0322717 0.199874 0.0628206
10 0.532339 0.0362222 0.392147 0.072987 0.0623173
1 0.0205467 0.543519 0.0413846 0.677017 0.0621856
10 0.915952 0.0518146 0.16987 0.105935 0.0617551
10 0.410307 0.0679777 0.238773 0.135651 0.0606856
1 0.0159821 0.477926 0.0323497 0.140136 0.0606561
10 0.523714 0.020743 0.211744 0.042665 0.0599203
10 0.418091 0.0553716 0.307081 0.110076 0.0590063
4 0.0330608 0.0902171 0.0673038 0.182472 0.0587391
4 0.0226743 0.155898 0.0463721 0.142181 0.0584017
3 0.875828 0.499191 0.246549 0.998679 0.0580769
3 0.86655 0.276289 0.266763 0.544106 0.0579573
10 0.719795 0.0444881 0.134999 0.0888944 0.0571143
4 0.0579697 0.160078 0.116952 0.309341 0.0571132
4 0.107515 0.124212 0.212195 0.245425 0.0570357
10 0.476765 0.0188741 0.0382104 0.0380142 0.0560679
10 0.900642 0.0603027 0.140409 0.117514 0.0557151
10 0.877296 0.0764904 0.110484 0.151167 0.055329
10 0.274088 0.038848 0.12019 0.0771518 0.0552959
10 0.563905 0.0146512 0.100554 0.0298407 0.054687
10 0.976687 0.654339 0.0461288 0.531826 0.0542705
10 0.54294 0.0216754 0.313837 0.0445265 0.0542249
4 0.0774976 0.196127 0.154449 0.228786 0.0537897
10 0.481337 0.049807 0.166846 0.0993954 0.0537387
4 0.188437 0.547772 0.147007 0.372225 0.0535865
3 0.909257 0.498808 0.179629 0.998963 0.053207
10 0.187434 0.0370693 0.135078 0.0740212 0.0527606
1 0.936096 0.499221 0.127512 0.999195 0.0520872
4 0.0167367 0.263969 0.0346506 0.361429 0.0511393
10 0.510586 0.0409773 0.243183 0.0814521 0.0510905
10 0.366582 0.0183006 0.0570271 0.0370485 0.050417
4 0.067545 0.197994 0.135039 0.239486 0.0499709
3 0.739127 0.390626 0.518063 0.764236 0.0498912
4 0.127201 0.444407 0.255195 0.786653 0.0494326
4 0.216151 0.531242 0.199147 0.381943 0.0493722
3 0.751713 0.408946 0.494577 0.829796 0.0492315
4 0.233912 0.226891 0.116954 0.191408 0.0490863
10 0.534022 0.0785322 0.371617 0.157793 0.0489136
3 0.207549 0.153931 0.414549 0.305457 0.0487111
10 0.587216 0.0157838 0.16892 0.0322063 0.0486342
10 0.211577 0.10357 0.154525 0.206403 0.0481356
4 0.0210191 0.220837 0.0428537 0.30047 0.0481353
4 0.136816 0.502251 0.27309 0.998975 0.0478141
10 0.328197 0.0657064 0.41519 0.131521 0.0477268
4 0.0608057 0.177177 0.122922 0.278194 0.0472968
10 0.382676 0.0651158 0.466247 0.130183 0.0469867
1 0.0183504 0.576326 0.0373602 0.831891 0.046645
10 0.199776 0.0792105 0.133705 0.154549 0.046311
10 0.246897 0.0221912 0.0697329 0.0439893 0.0458732
4 0.196646 0.530956 0.172016 0.360198 0.0458149
10 0.378061 0.0437103 0.072303 0.0842416 0.0456177
10 0.71195 0.0756352 0.412428 0.150078 0.0454975
10 0.700631 0.0156349 0.0632421 0.030851 0.0453041
10 0.908517 0.587444 0.181376 0.430665 0.0450037
10 0.830292 0.544455 0.101034 0.152934 0.0448473
10 0.979983 0.599644 0.039917 0.174579 0.0447842
3 0.220979 0.393731 0.441099 0.779733 0.0443275
4 0.0372639 0.122649 0.0764178 0.168073 0.0441161
3 0.231005 0.091708 0.310011 0.182294 0.0437399
3 0.330599 0.245718 0.630128 0.464188 0.0435802
10 0.338901 0.153242 0.20119 0.303096 0.0435481
4 0.126525 0.15464 0.184865 0.164306 0.0433439
10 0.860511 0.0745109 0.112331 0.14747 0.043341
10 0.0141962 0.188309 0.0284519 0.226334 0.0432299
10 0.0113327 0.250276 0.0230943 0.328207 0.0431086
4 0.132254 0.161515 0.17533 0.176353 0.0430634
10 0.986036 0.460054 0.0276638 0.153784 0.0421402
10 0.391077 0.0712741 0.0982052 0.133799 0.0420346
4 0.118174 0.565347 0.234781 0.512761 0.0420203
3 0.497883 0.162567 0.999304 0.321082 0.0408381
10 0.468187 0.0783486 0.229353 0.158323 0.0408079
10 0.982893 0.484829 0.0345945 0.14358 0.0408023
10 0.366038 0.015382 0.0447528 0.0309943 0.0402368
10 0.901247 0.511837 0.196718 0.374796 0.0391428
10 0.94873 0.702392 0.102342 0.590237 0.0391421
4 0.124719 0.511494 0.248528 0.95096 0.0390095
3 0.90801 0.499719 0.184101 0.9931 0.038766
10 0.982445 0.454102 0.0346685 0.31409 0.0386168
10 0.263827 0.0237549 0.102017 0.0468066 0.0381616
10 0.3668 0.139444 0.317889 0.276595 0.0380332
10 0.250733 0.0389419 0.102604 0.0746349 0.0376351
10 0.874095 0.0460934 0.111227 0.09097 0.0370422
10 0.371628 0.0154912 0.0441325 0.031506 0.0369824
10 0.967322 0.645224 0.06625 0.550993 0.0366366
1 0.805493 0.498564 0.384974 0.999981 0.0365556
10 0.959889 0.605289 0.0801077 0.780417 0.0357935
4 0.0896536 0.159247 0.17852 0.173239 0.0357689
10 0.00987275 0.136557 0.0208386 0.24398 0.035671
4 0.0293183 0.183298 0.0566038 0.158068 0.0354396
4 0.0880975 0.174334 0.182377 0.260845 0.0352131
10 0.96566 0.622686 0.0688808 0.738341 0.0352052
10 0.021596 0.247559 0.0422875 0.285478 0.0350791
10 0.034573 0.106249 0.0707795 0.167657 0.0349517
3 0.50552 0.404911 0.999966 0.693115 0.0347745
10 0.985928 0.594479 0.0278078 0.212076 0.0346714
4 0.0952885 0.478657 0.19049 0.93312 0.0345687
1 0.71583 0.690077 0.571384 0.617617 0.0344714
3 0.316191 0.0905185 0.530694 0.182892 0.0344282
10 0.966522 0.487984 0.0666597 0.6263 0.0343574
10 0.0102979 0.394681 0.0202616 0.0892566 0.0340834
6 0.0120536 0.390648 0.0235451 0.0977171 0.0339528
10 0.0358458 0.099313 0.0728609 0.130039 0.0336522
1 0.0150442 0.487384 0.030053 0.110495 0.0335944
10 0.0346978 0.103097 0.0636723 0.112455 0.0333073
1 0.818955 0.502917 0.357893 0.991283 0.0332989
10 0.370005 0.0380953 0.0513544 0.0681786 0.0330143
10 0.219388 0.0709069 0.376379 0.142048 0.0328616
4 0.194362 0.50205 0.390223 0.996134 0.0327423
3 0.851732 0.444855 0.295915 0.710269 0.0324676
10 0.0112243 0.14657 0.0223597 0.141378 0.0319453
4 0.0713355 0.474289 0.145742 0.763288 0.0319166
10 0.0114428 0.358174 0.0215738 0.0664003 0.0317495
1 0.425822 0.966629 0.269554 0.0674814 0.0315951
3 0.519827 0.419266 0.999828 0.545713 0.0315266
1 0.4544 0.964833 0.330355 0.0711805 0.0315005
10 0.937719 0.615121 0.124855 0.763313 0.0312685
10 0.865817 0.0187875 0.0867252 0.0380221 0.0312678
6 0.0124216 0.502715 0.0246851 0.101591 0.0311722
3 0.611128 0.67705 0.788257 0.645427 0.0311648
10 0.245411 0.198846 0.072911 0.119336 0.0307727
3 0.555592 0.219986 0.657662 0.25248 0.0307245
11 0.501655 0.878727 0.99988 0.24174 0.0305099
10 0.854041 0.0554482 0.0855797 0.108063 0.0305021
3 0.49988 0.321414 0.601442 0.272811 0.0303138
4 0.108357 0.68018 0.215655 0.641549 0.0301709
10 0.377488 0.0970444 0.0609638 0.0852754 0.0299105
3 0.512064 0.50948 0.999978 0.733634 0.0295524
3 0.552634 0.541703 0.895703 0.997725 0.0290564
10 0.919463 0.471609 0.153393 0.396989 0.0289916
10 0.946136 0.756827 0.107635 0.482251 0.0288949
3 0.505409 0.500762 0.999985 0.999972 0.0286733
4 0.199135 0.452398 0.0646924 0.1084 0.0283664
4 0.122679 0.635772 0.245183 0.502126 0.0280047
10 0.269926 0.240593 0.0546817 0.129574 0.027628
10 0.197017 0.454255 0.070002 0.113814 0.0274078
10 0.913435 0.0449487 0.163068 0.0865719 0.0274065
11 0.505934 0.905687 0.984833 0.187973 0.0273658
10 0.942976 0.708679 0.113268 0.934292 0.0273368
10 0.902009 0.503101 0.194178 0.650141 0.0267173
6 0.0196615 0.630476 0.0369864 0.125302 0.0264503
10 0.311737 0.260456 0.143107 0.205828 0.0259478
1 0.356679 0.484805 0.712811 0.991909 0.0259021
3 0.880768 0.525385 0.233464 0.728877 0.0256652
10 0.366801 0.0894448 0.0493506 0.0504257 0.0255308
10 0.228851 0.216056 0.102878 0.224066 0.0255254
3 0.45383 0.0559867 0.845606 0.114258 0.0255203
3 0.509061 0.527363 0.999912 0.986664 0.0255116
1 0.354046 0.970851 0.370884 0.0589488 0.0254653
10 0.0164245 0.215209 0.0308235 0.0801044 0.0254089
6 0.0121667 0.471215 0.0223922 0.0782973 0.0250393
3 0.536452 0.396123 0.972986 0.29062 0.0248904
3 0.615256 0.714107 0.781186 0.601332 0.0248012
4 0.113377 0.405249 0.231824 0.191777 0.024799
3 0.533542 0.54449 0.987354 0.59397 0.0246153
4 0.213821 0.674072 0.429267 0.656062 0.0246038
6 0.931462 0.268396 0.131847 0.222566 0.0245515
10 0.16893 0.128899 0.243657 0.113028 0.0245044
3 0.877253 0.603232 0.244033 0.971665 0.0244916
3 0.491678 0.505549 0.999964 0.95753 0.0244752
6 0.887714 0.152648 0.214525 0.179496 0.0244032
10 0.71324 0.504713 0.0510421 0.125129 0.0242152
1 0.836609 0.721065 0.324949 0.55099 0.0237873
10 0.151212 0.207398 0.0498644 0.0928255 0.0236959
3 0.491731 0.407668 0.815734 0.247571 0.0235985
3 0.526157 0.564482 0.956127 0.97888 0.0235013
11 0.696212 0.897345 0.614923 0.220225 0.0232724
4 0.139716 0.210362 0.128634 0.131955 0.0232385
11 0.511479 0.812218 0.999413 0.386546 0.0232164
3 0.530214 0.516332 0.9999 0.424742 0.0229442
11 0.810584 0.901699 0.388604 0.208205 0.0226945
10 0.983031 0.848681 0.0340378 0.261506 0.0225498
3 0.528221 0.571429 0.999961 0.545261 0.0224741
3 0.441199 0.480476 0.852739 0.991343 0.0222535
6 0.889184 0.764374 0.222584 0.489968 0.0222285
3 0.498442 0.62014 0.982648 0.999032 0.0220613
10 0.0990303 0.189639 0.161728 0.113032 0.0220162
1 0.509633 0.980116 0.186286 0.0404744 0.0218621
3 0.508532 0.0682788 0.982618 0.143898 0.0218575
10 0.774662 0.764973 0.440298 0.99831 0.0216308
10 0.017749 0.608719 0.0348849 0.131505 0.0215554
6 0.941579 0.262975 0.109562 0.14126 0.021237
1 0.48701 0.989251 0.111189 0.0227908 0.021199
10 0.983686 0.785358 0.0321819 0.124797 0.0211883
3 0.482958 0.573298 0.996164 0.988488 0.0207499
3 0.468881 0.576809 0.993481 0.995846 0.0207041
10 0.113175 0.854065 0.242867 0.924999 0.0206927
10 0.172594 0.37888 0.12418 0.143151 0.02065
3 0.535607 0.607518 0.998257 0.504542 0.0205889
3 0.481247 0.652937 0.999558 0.996779 0.020276
3 0.483726 0.655177 0.99972 0.983604 0.0202682
3 0.490168 0.652795 0.99984 0.994322 0.0202251
10 0.225432 0.38902 0.102652 0.186228 0.0202032
10 0.936583 0.914144 0.123941 0.169184 0.0201745
3 0.534005 0.625863 0.999916 0.43313 0.0201587
10 0.683905 0.842482 0.570255 0.970142 0.020087
10 0.361118 0.99454 0.111598 0.0183093 0.0199565
3 0.504959 0.703054 0.999982 0.999858 0.0199297
10 0.208666 0.307771 0.0654683 0.116598 0.0199173
1 0.523434 0.980352 0.157145 0.0398013 0.0196097
10 0.0464707 0.717611 0.0773891 0.115029 0.0193394
3 0.491357 0.696712 0.999924 0.669773 0.0192062
3 0.658019 0.652194 0.569672 0.971094 0.0189862
1 0.682738 0.8314 0.649793 0.36805 0.0189792
10 0.694692 0.8686 0.547824 0.922319 0.0187731
10 0.269778 0.558475 0.0828745 0.133706 0.0185995
10 0.175245 0.629793 0.102633 0.0958138 0.0185916
3 0.481325 0.73688 0.999942 0.99586 0.0185391
10 0.147121 0.423631 0.148074 0.131503 0.0184892
11 0.491306 0.766079 0.999969 0.999764 0.0184798
11 0.483354 0.824283 0.999967 0.999586 0.0182014
10 0.207692 0.311675 0.0467099 0.0689866 0.0181666
11 0.477949 0.798656 0.999957 0.999567 0.01809
11 0.485562 0.778786 0.999927 0.892162 0.017817
1 0.490992 0.989748 0.999769 0.033623 0.0177977
10 0.181753 0.745843 0.0854228 0.113812 0.017708
10 0.588686 0.800703 0.746695 0.793916 0.0176911
11 0.47642 0.823101 0.984263 0.999447 0.0176251
3 0.503919 0.651026 0.999894 0.387215 0.0175524
11 0.0829281 0.858885 0.176982 0.291854 0.0173868
3 0.463361 0.751219 0.936052 0.95643 0.0173469
11 0.471218 0.840525 0.998879 0.872068 0.0173323
4 0.4679 0.756803 0.999787 0.679051 0.0171675
10 0.481322 0.855892 0.988414 0.999149 0.0170655
11 0.479941 0.840106 0.999915 0.965229 0.017002
11 0.504366 0.75828 0.999859 0.444714 0.0169276
1 0.596614 0.85701 0.771335 0.712374 0.0168001
