6 0.389454 0.608788 0.220928 0.602883 0.866827
5 0.406163 0.25057 0.0643875 0.170452 0.780459
5 0.479744 0.172855 0.0900481 0.135192 0.753106
11 0.295931 0.5536 0.150551 0.299202 0.367018
11 0.297577 0.606364 0.155463 0.3921 0.336766
6 0.258093 0.180604 0.186905 0.357854 0.302128
6 0.264584 0.385088 0.216972 0.762643 0.231937
11 0.348421 0.649756 0.259456 0.511655 0.216636
11 0.316425 0.66405 0.194669 0.524528 0.201178
5 0.705483 0.0172705 0.0600187 0.0344459 0.198621
6 0.262692 0.251408 0.201993 0.502731 0.190978
11 0.300369 0.550777 0.163156 0.514153 0.142798
6 0.368218 0.546825 0.186653 0.472324 0.127254
11 0.348559 0.578824 0.260659 0.537618 0.126587
11 0.794058 0.641141 0.221656 0.656632 0.112861
2 0.613596 0.162938 0.0180675 0.0809526 0.111128
5 0.504902 0.163943 0.0415267 0.113056 0.108323
11 0.357225 0.652257 0.282488 0.499651 0.0990253
6 0.266374 0.432373 0.223917 0.859813 0.0979592
11 0.353407 0.655119 0.266376 0.509835 0.0931617
11 0.343724 0.539327 0.246813 0.465788 0.091656
10 0.590072 0.0748066 0.0565753 0.151393 0.0892026
6 0.43186 0.0556597 0.0375389 0.110073 0.0886631
10 0.71966 0.0137668 0.0283922 0.0277547 0.0839462
11 0.294718 0.461054 0.142663 0.109814 0.0824011
11 0.515709 0.0523518 0.18723 0.103543 0.0814254
5 0.71256 0.0218894 0.0817277 0.0445006 0.0791827
6 0.340978 0.574532 0.241143 0.527854 0.0761867
6 0.288681 0.370982 0.141233 0.214492 0.0757511
6 0.257602 0.282239 0.205942 0.559511 0.0755159
6 0.429945 0.604727 0.136826 0.585887 0.075332
6 0.253185 0.123246 0.165749 0.246171 0.0715488
2 0.42844 0.0424789 0.0243108 0.0684866 0.0700442
5 0.456116 0.182439 0.0489725 0.0895979 0.0680007
6 0.345126 0.572774 0.250055 0.546022 0.0677911
5 0.713742 0.458388 0.0313696 0.0687297 0.0653423
2 0.615852 0.166528 0.0117048 0.0717274 0.0650647
10 0.74803 0.140855 0.0201959 0.0480573 0.0633388
10 0.93363 0.0435744 0.033507 0.0893098 0.0625948
6 0.335885 0.504634 0.2234 0.41843 0.0604151
6 0.00267799 0.871992 0.00502207 0.252437 0.0596384
2 0.428388 0.0413276 0.0262177 0.0722143 0.0596178
6 0.25836 0.229048 0.177239 0.408322 0.059051
10 0.935032 0.0709183 0.0375332 0.142649 0.0589159
2 0.582492 0.0960234 0.0190842 0.0462157 0.0576743
10 0.705034 0.0138657 0.0588889 0.0284973 0.0576221
11 0.353987 0.963037 0.149579 0.0736652 0.0555942
11 0.771025 0.696431 0.203664 0.557634 0.0548896
2 0.934264 0.0245665 0.0291964 0.0504905 0.0548192
5 0.447109 0.185313 0.0277886 0.0872379 0.0545341
5 0.501857 0.139165 0.0324307 0.0664711 0.0535358
5 0.469131 0.186151 0.0646236 0.0773477 0.0522525
5 0.419013 0.226821 0.0343259 0.122598 0.0520087
5 0.415109 0.194693 0.0229949 0.0569006 0.0518641
10 0.593505 0.13077 0.0609565 0.258205 0.0515524
5 0.418581 0.223978 0.0335687 0.113429 0.0513614
6 0.88225 0.928363 0.042597 0.143383 0.0494995
6 0.871816 0.926252 0.069936 0.145946 0.0487903
6 0.322456 0.478061 0.355251 0.94569 0.0487352
6 0.34474 0.630139 0.129304 0.317587 0.0483568
11 0.291767 0.452974 0.155574 0.374773 0.0477017
6 0.389317 0.722311 0.212218 0.385915 0.0475188
10 0.587055 0.0209364 0.0475834 0.0420907 0.0474743
6 0.353541 0.582661 0.149601 0.43077 0.0473149
10 0.623098 0.105497 0.121562 0.211961 0.0462407
5 0.479481 0.173092 0.0907257 0.136937 0.0461545
2 0.600602 0.158913 0.0157567 0.0600281 0.045645
10 0.684883 0.0158652 0.0204722 0.0322847 0.0454923
6 0.275626 0.374925 0.108583 0.200788 0.0451156
6 0.386164 0.724791 0.221646 0.363045 0.0446636
10 0.587367 0.0389376 0.0517378 0.0787058 0.0441081
7 0.336555 0.367888 0.0534074 0.146156 0.0440634
6 0.364471 0.527207 0.191342 0.394346 0.0438092
5 0.597229 0.243296 0.0550411 0.171788 0.043737
6 0.352364 0.651331 0.262102 0.48523 0.0436702
5 0.405833 0.22242 0.0537238 0.110742 0.0436203
6 0.00242534 0.812977 0.00440679 0.363454 0.0435119
10 0.434381 0.0844898 0.030106 0.0538016 0.0434434
11 0.556047 0.644126 0.682064 0.689638 0.0427388
11 0.797569 0.536756 0.208668 0.45563 0.0427011
5 0.269247 0.40043 0.0834056 0.150865 0.0424934
6 0.344125 0.684585 0.125835 0.227223 0.0422293
6 0.387892 0.464566 0.156946 0.328956 0.0414552
6 0.413685 0.529277 0.106805 0.416609 0.0413487
5 0.48031 0.183467 0.0787794 0.088704 0.0412504
6 0.413738 0.557144 0.106533 0.381268 0.041134
6 0.282948 0.569737 0.255076 0.731583 0.0411294
5 0.418781 0.228543 0.0319346 0.126366 0.0409621
10 0.996628 0.905478 0.00497875 0.191035 0.0409617
5 0.443317 0.218993 0.144822 0.242175 0.0403982
5 0.472553 0.19214 0.0384584 0.0514921 0.0403635
6 0.00254493 0.884457 0.00507552 0.214524 0.0391251
2 0.755939 0.339902 0.0154242 0.081692 0.0390111
6 0.431968 0.690262 0.116364 0.382015 0.0389046
5 0.497351 0.166247 0.0564198 0.117752 0.0388037
5 0.445615 0.174638 0.0222213 0.063712 0.0387285
11 0.554203 0.642203 0.68718 0.695863 0.0386486
2 0.252405 0.382837 0.0312942 0.0744157 0.0383499
6 0.43589 0.712042 0.122336 0.373126 0.0382011
6 0.249418 0.103128 0.159787 0.206534 0.0379682
5 0.48927 0.191853 0.0638498 0.0699876 0.0372199
11 0.637682 0.64416 0.518675 0.677865 0.0370573
6 0.311825 0.373978 0.0987236 0.166358 0.0369331
6 0.301181 0.784117 0.158825 0.315058 0.0367596
2 0.614688 0.179626 0.0122003 0.0455121 0.0365174
10 0.593515 0.16603 0.0711912 0.329907 0.0365058
6 0.412252 0.510525 0.10185 0.389397 0.0361578
2 0.249924 0.400858 0.0422515 0.116069 0.0361065
6 0.433295 0.623147 0.131553 0.552915 0.0358285
2 0.408174 0.979896 0.0442446 0.0389042 0.0354977
5 0.508697 0.184535 0.0315863 0.0752264 0.035481
11 0.628144 0.642881 0.529349 0.695026 0.0346955
5 0.446302 0.215086 0.0344733 0.0909167 0.0343322
2 0.287798 0.389292 0.0402315 0.109243 0.0342351
2 0.531245 0.0545845 0.012806 0.0224151 0.0340014
2 0.755239 0.339552 0.0153652 0.0844264 0.0339489
6 0.268006 0.271431 0.146856 0.200639 0.0339132
2 0.269216 0.426667 0.0318169 0.10252 0.0336861
6 0.408856 0.442079 0.107086 0.272397 0.0336022
5 0.277201 0.303758 0.113006 0.0944938 0.033549
6 0.373512 0.474537 0.183746 0.344936 0.033544
6 0.352936 0.657818 0.152615 0.268152 0.0333684
6 0.403421 0.50456 0.124849 0.40234 0.0333138
2 0.26803 0.417455 0.0220245 0.109611 0.0331917
5 0.50602 0.166773 0.0342011 0.10646 0.033093
6 0.263331 0.627947 0.208362 0.601149 0.0329679
2 0.608772 0.179364 0.0109147 0.057309 0.0327872
2 0.428403 0.0495749 0.0103254 0.0417189 0.0327659
11 0.797625 0.778102 0.192632 0.395279 0.0324354
6 0.33674 0.669007 0.13189 0.245859 0.0321396
2 0.613789 0.181472 0.0138507 0.0438286 0.0318956
11 0.697269 0.643348 0.408412 0.678665 0.0314262
11 0.555824 0.63572 0.685319 0.698712 0.031077
11 0.579597 0.632935 0.630641 0.70464 0.0303878
6 0.406443 0.449636 0.105419 0.284312 0.030313
5 0.452474 0.213668 0.0494727 0.0761469 0.0302747
11 0.789484 0.723603 0.181676 0.418268 0.030169
6 0.00286871 0.424232 0.00567229 0.802036 0.0301192
2 0.255843 0.415195 0.0349096 0.100396 0.0299608
6 0.390466 0.764734 0.211433 0.279212 0.0299302
2 0.422884 0.0393316 0.0158463 0.0618822 0.0295211
6 0.38274 0.571281 0.0734216 0.304617 0.0293837
10 0.573693 0.101913 0.0920112 0.186546 0.0291494
5 0.283555 0.272046 0.0606684 0.0480219 0.0289297
10 0.426834 0.0237824 0.0265583 0.0494864 0.0286398
2 0.598369 0.157881 0.0118951 0.0515355 0.0283115
11 0.0256908 0.905018 0.0497065 0.189468 0.0278851
6 0.336251 0.727294 0.103626 0.15966 0.0277279
5 0.477075 0.133333 0.0737593 0.0662609 0.0277196
5 0.506814 0.184919 0.0332831 0.065639 0.0276426
2 0.246622 0.38951 0.0286398 0.0623968 0.027449
11 0.281711 0.508095 0.122423 0.14937 0.027406
6 0.378286 0.557041 0.0688669 0.302676 0.0270731
7 0.328913 0.435285 0.0676611 0.0475496 0.0270234
6 0.368248 0.971685 0.182368 0.0575297 0.0269367
2 0.426 0.266993 0.018404 0.0449948 0.0268942
11 0.761077 0.563109 0.143433 0.397965 0.0268806
2 0.257348 0.274365 0.0265586 0.0428181 0.0265845
2 0.413326 0.207482 0.0227278 0.079733 0.025731
5 0.497127 0.161035 0.0984499 0.0744825 0.0256889
2 0.437091 0.201979 0.0236274 0.114403 0.0256687
6 0.327007 0.696465 0.0874179 0.134499 0.0256192
2 0.434758 0.0551863 0.0173974 0.0796169 0.025601
2 0.424012 0.260503 0.0197631 0.0402505 0.0255579
6 0.256252 0.499303 0.496847 0.99305 0.0252744
5 0.53122 0.112966 0.0143205 0.0624639 0.0252016
6 0.323234 0.211947 0.0660661 0.246806 0.0250149
11 0.374498 0.852207 0.247931 0.312355 0.0249151
2 0.267794 0.438007 0.0297676 0.0848896 0.024861
2 0.534248 0.0961984 0.00927925 0.0242453 0.0248343
6 0.393461 0.876303 0.200568 0.274276 0.0247415
2 0.269903 0.444754 0.0236746 0.0752483 0.0246674
6 0.409415 0.447353 0.102013 0.281787 0.0245559
11 0.523269 0.63099 0.747431 0.678476 0.0243435
8 0.50034 0.139899 0.0262011 0.0550098 0.0243291
2 0.598169 0.17154 0.0217262 0.0719915 0.0241616
6 0.351294 0.760878 0.141893 0.291541 0.0241155
6 0.436178 0.745865 0.0915059 0.215259 0.023981
2 0.397518 0.660981 0.0327624 0.0871056 0.0238778
6 0.352329 0.491604 0.0702448 0.0987047 0.0237341
6 0.264244 0.953192 0.171841 0.167414 0.0237312
2 0.271866 0.460571 0.0199834 0.0454206 0.0237084
2 0.40287 0.669699 0.055711 0.119503 0.0236822
10 0.248183 0.406861 0.0442596 0.0990386 0.0236431
11 0.948765 0.502117 0.0922705 0.996593 0.0235607
8 0.408229 0.323151 0.0580218 0.10149 0.0234699
5 0.408388 0.222475 0.0486574 0.0977334 0.0234649
2 0.425954 0.275983 0.0239018 0.112406 0.0233752
10 0.589741 0.037603 0.315504 0.0778153 0.023343
6 0.31679 0.178066 0.0542768 0.169706 0.0233421
6 0.416943 0.73574 0.0833898 0.246984 0.0232299
2 0.270374 0.4515 0.0156403 0.0506875 0.0231284
10 0.487372 0.0528465 0.11493 0.108603 0.0229928
7 0.333338 0.437365 0.0489343 0.032841 0.0228162
11 0.340698 0.824635 0.176173 0.248402 0.0227951
6 0.3463 0.761691 0.102457 0.157208 0.0227077
2 0.291869 0.401733 0.0349207 0.124427 0.022692
2 0.427258 0.280401 0.0239386 0.0273358 0.022557
2 0.41381 0.19676 0.0227516 0.0613301 0.0224736
5 0.461758 0.320916 0.123428 0.18601 0.0222849
6 0.239932 0.100392 0.104185 0.171039 0.0221973
6 0.407639 0.825667 0.0826313 0.204484 0.0216642
10 0.284939 0.397158 0.0394206 0.109745 0.021397
2 0.597362 0.221566 0.0116673 0.0414928 0.0212607
6 0.348878 0.301783 0.0886721 0.297767 0.0209152
11 0.816632 0.6896 0.192529 0.607045 0.0206834
5 0.513036 0.212276 0.0225839 0.0317198 0.0206134
6 0.427433 0.84438 0.161349 0.282236 0.0205297
7 0.303573 0.437178 0.0432587 0.0424536 0.0204741
10 0.604783 0.234956 0.0431788 0.0850822 0.0204381
7 0.300109 0.449445 0.0394559 0.0420987 0.0204183
1 0.0248 0.504236 0.0491247 0.994492 0.0203887
5 0.720004 0.531399 0.0685818 0.218566 0.0202659
8 0.509496 0.219848 0.0336129 0.0669012 0.0202198
6 0.339902 0.947069 0.205572 0.133742 0.020175
11 0.271613 0.529268 0.108667 0.133044 0.0201402
6 0.468575 0.717717 0.0553135 0.118207 0.0200392
6 0.263637 0.89448 0.145208 0.202525 0.0200324
2 0.599843 0.148504 0.0240045 0.0846489 0.0200284
7 0.434282 0.340015 0.0241633 0.0561771 0.0200038
6 0.850859 0.663563 0.122639 0.677362 0.0199892
6 0.413796 0.829895 0.0770406 0.17039 0.0198823
2 0.71359 0.489278 0.0220819 0.0368762 0.019797
10 0.32194 0.122583 0.0774988 0.247556 0.0197523
10 0.71008 0.467611 0.0235997 0.0503587 0.0195134
11 0.323789 0.915245 0.338133 0.328307 0.0194374
11 0.271526 0.569134 0.0591003 0.0581812 0.0194127
10 0.595615 0.256249 0.0517539 0.157706 0.0193165
6 0.366312 0.773833 0.0409866 0.0472946 0.0191894
6 0.350149 0.795316 0.112875 0.225148 0.0191143
6 0.381516 0.482565 0.0491616 0.107508 0.0189831
11 0.51137 0.504215 0.743286 0.939869 0.0189496
8 0.4371 0.778115 0.0456752 0.0549139 0.0188291
6 0.233118 0.136336 0.0560084 0.0832459 0.0186489
6 0.39022 0.621388 0.0499709 0.0764125 0.0184079
6 0.433225 0.769869 0.0305506 0.0636753 0.0183172
7 0.433683 0.33379 0.0261861 0.0467639 0.0183145
0 0.0500043 0.0116254 0.0457256 0.0688135 0.0182864
10 0.321945 0.0699711 0.0732369 0.140313 0.0182166
11 0.559047 0.838547 0.693375 0.29974 0.0181548
11 0.606574 0.881595 0.469244 0.24608 0.0181543
10 0.292225 0.566041 0.0711528 0.0733449 0.0181111
2 0.295283 0.765569 0.0578755 0.0704826 0.0180864
2 0.624759 0.305637 0.011277 0.0358014 0.0180506
2 0.29711 0.452232 0.0688156 0.0719115 0.0179671
6 0.286342 0.802121 0.152519 0.202151 0.0179471
11 0.403179 0.885925 0.181539 0.260167 0.0177291
6 0.351821 0.798505 0.0879189 0.142058 0.0177094
6 0.373049 0.852004 0.127044 0.236085 0.0176141
11 0.248613 0.527108 0.0563775 0.0482444 0.0175833
6 0.445757 0.840071 0.091065 0.0709331 0.0175564
8 0.460188 0.264922 0.0448841 0.0475636 0.0175297
8 0.466341 0.305725 0.0850796 0.0901503 0.017481
8 0.450833 0.25327 0.0256902 0.0282481 0.0174377
10 0.412867 0.326711 0.0223065 0.0290927 0.0174322
6 0.199446 0.815475 0.197838 0.321137 0.0173826
6 0.23868 0.924794 0.0853585 0.115399 0.0173399
6 0.21553 0.96865 0.148752 0.0907356 0.0173149
6 0.455748 0.831367 0.091841 0.104061 0.0171666
6 0.334047 0.382204 0.0576953 0.146835 0.0171199
6 0.216231 0.960758 0.134536 0.085108 0.0170631
11 0.30468 0.834796 0.109176 0.0899073 0.0170415
8 0.58591 0.427803 0.0598497 0.0921946 0.0170162
6 0.774958 0.960943 0.254811 0.131431 0.0169652
6 0.410928 0.919281 0.0634976 0.134687 0.0168961
7 0.413241 0.330571 0.0272826 0.0295315 0.0168438
11 0.375851 0.918697 0.197865 0.160751 0.0167396
10 0.426562 0.551339 0.0301732 0.0506254 0.016734
10 0.499952 0.604352 0.0572353 0.0968992 0.0165766
6 0.467603 0.858168 0.0711951 0.132418 0.0164867
2 0.342875 0.348714 0.036797 0.0595958 0.0164439
11 0.906222 0.545222 0.159644 0.982622 0.0163811
7 0.245554 0.472474 0.0479649 0.0924577 0.016372
10 0.343454 0.563905 0.0445287 0.0336177 0.0163706
10 0.52318 0.289971 0.0222983 0.0384766 0.0163622
11 0.247411 0.973537 0.136551 0.0755344 0.0162393
11 0.32276 0.946851 0.0959831 0.104149 0.015891
11 0.294254 0.900502 0.0984363 0.119108 0.0158515
8 0.345213 0.332813 0.0382013 0.0789538 0.0158323
11 0.206637 0.975081 0.113304 0.0530733 0.0158051
10 0.4201 0.949111 0.116697 0.112032 0.0158008
11 0.226523 0.95425 0.11161 0.0916585 0.015752
11 0.209865 0.972797 0.130309 0.0774286 0.0156618
2 0.343554 0.886366 0.107836 0.128229 0.0156534
11 0.317035 0.860967 0.0699852 0.0503721 0.0156362
11 0.227385 0.956178 0.111737 0.0859495 0.015629
2 0.868967 0.888922 0.0735199 0.203624 0.0155886
2 0.335099 0.884254 0.101758 0.115393 0.0155856
6 0.455454 0.891064 0.0986056 0.170964 0.0155708
11 0.779651 0.96756 0.178577 0.0731905 0.0155282
6 0.458024 0.888702 0.0661308 0.137045 0.0155126
10 0.459112 0.565794 0.0762251 0.0595483 0.0154972
10 0.465585 0.348445 0.0425636 0.0476153 0.015427
6 0.272512 0.844843 0.0747249 0.111186 0.0151192
11 0.351397 0.98675 0.112895 0.0605003 0.0151074
2 0.35364 0.907948 0.106844 0.12367 0.0150146
8 0.721762 0.877607 0.0197038 0.0283795 0.0149577
4 0.32022 0.571576 0.579095 0.88676 0.0149524
6 0.343999 0.903079 0.111541 0.119105 0.01478
10 0.357026 0.985102 0.116573 0.0511142 0.014592
