3 0.499929 0.466828 0.999704 0.934639 0.8028
10 0.944354 0.583829 0.0908529 0.149156 0.283532
0 0.253596 0.538089 0.157565 0.249702 0.249968
2 0.860099 0.0701719 0.0770779 0.141331 0.236471
10 0.289064 0.0476412 0.164912 0.0949967 0.179747
10 0.267521 0.53619 0.105045 0.199717 0.176445
3 0.868062 0.502413 0.262995 0.983596 0.172515
3 0.909189 0.111335 0.180775 0.222064 0.164572
2 0.892354 0.0775498 0.138755 0.156087 0.134964
3 0.906494 0.0837014 0.168234 0.168292 0.131461
3 0.501703 0.16292 0.978476 0.325112 0.130654
3 0.499729 0.170331 0.999988 0.341554 0.127001
3 0.499339 0.27854 0.999613 0.565429 0.126489
3 0.872686 0.172662 0.253824 0.343347 0.122633
3 0.869344 0.239546 0.260192 0.473533 0.121613
10 0.255859 0.518595 0.131248 0.182431 0.114757
10 0.239494 0.0518819 0.302116 0.10295 0.114271
2 0.906207 0.0950859 0.125707 0.138799 0.111257
3 0.599256 0.12261 0.548356 0.242598 0.107329
3 0.663526 0.143022 0.662517 0.283324 0.10717
10 0.629618 0.0440423 0.195816 0.0873956 0.10636
10 0.111074 0.137371 0.101146 0.132359 0.103103
3 0.872546 0.230598 0.254278 0.457105 0.102953
3 0.867277 0.332572 0.265247 0.656443 0.102523
3 0.654729 0.177049 0.682619 0.349974 0.101021
4 0.0202049 0.323756 0.0415814 0.634147 0.100614
10 0.595204 0.0379641 0.281292 0.076007 0.0986482
10 0.947018 0.654652 0.105922 0.310312 0.0960782
3 0.869648 0.34129 0.259971 0.670978 0.0953049
10 0.986614 0.604778 0.0262436 0.146707 0.0945619
3 0.890513 0.174858 0.218039 0.345788 0.0945009
10 0.556933 0.439896 0.102116 0.145121 0.0935362
3 0.20054 0.0491798 0.389649 0.0969921 0.0924047
10 0.0124586 0.458737 0.025043 0.329316 0.0915322
10 0.276196 0.521484 0.08167 0.129926 0.0915057
3 0.197732 0.0612338 0.389264 0.121351 0.0909824
0 0.0240976 0.728881 0.0487441 0.499728 0.0905256
3 0.588179 0.500997 0.822742 0.995035 0.0894573
4 0.552406 0.106112 0.452435 0.211078 0.0885987
10 0.131972 0.138369 0.0656865 0.126036 0.088586
10 0.95814 0.087604 0.0853756 0.176959 0.0881971
10 0.636307 0.463185 0.105025 0.142545 0.0881933
0 0.252556 0.584036 0.188067 0.377426 0.0868424
3 0.658426 0.236136 0.674836 0.472486 0.0859492
10 0.789544 0.0841381 0.235906 0.167129 0.084207
10 0.427907 0.0654666 0.19066 0.131808 0.0838205
10 0.609232 0.0395548 0.217847 0.0790734 0.0832253
3 0.500616 0.425742 0.999919 0.858326 0.0825792
2 0.871064 0.089555 0.0497528 0.113465 0.081296
10 0.861215 0.550594 0.0790823 0.141542 0.081118
3 0.851614 0.103522 0.292523 0.20584 0.0800059
3 0.189475 0.230957 0.380157 0.457755 0.079207
3 0.489082 0.139423 0.727967 0.278802 0.0789407
3 0.578664 0.147357 0.571919 0.292763 0.078692
3 0.387973 0.110714 0.709321 0.221868 0.0786542
10 0.23861 0.0320078 0.0711395 0.0642201 0.0786146
10 0.64869 0.0284382 0.136228 0.0566904 0.0775669
9 0.0208065 0.648555 0.0420107 0.602327 0.0775071
3 0.59754 0.423768 0.797431 0.842406 0.0773881
10 0.768822 0.116103 0.235178 0.23039 0.0772357
3 0.869619 0.1426 0.259094 0.282999 0.0770855
10 0.985862 0.956875 0.027594 0.0873718 0.0759396
3 0.314532 0.0587466 0.487363 0.116111 0.0758012
10 0.94882 0.504312 0.102167 0.359909 0.0754882
3 0.67761 0.170351 0.624583 0.341551 0.0754005
10 0.9588 0.59908 0.0527884 0.113988 0.0753322
10 0.778157 0.114999 0.268202 0.227712 0.0752883
3 0.213648 0.332458 0.427377 0.661089 0.0743013
10 0.318379 0.0450477 0.12461 0.0900937 0.0737694
10 0.239 0.0350077 0.0818698 0.0703522 0.073423
10 0.571961 0.023435 0.109996 0.0468005 0.0725594
10 0.780524 0.0466017 0.249398 0.0926747 0.0724506
10 0.705764 0.045655 0.124714 0.0895026 0.0715335
10 0.0119207 0.399957 0.0243849 0.458539 0.071093
10 0.704851 0.0502066 0.111611 0.0982425 0.0710368
2 0.839416 0.064219 0.0517225 0.135162 0.0709118
10 0.190963 0.035298 0.151818 0.0704758 0.0708539
5 0.020959 0.83121 0.042263 0.26702 0.0706082
10 0.985101 0.547137 0.0294439 0.390798 0.0703841
10 0.354321 0.0671232 0.322437 0.132893 0.0703787
3 0.460948 0.0610094 0.913255 0.12207 0.0699073
0 0.0303428 0.748997 0.061183 0.499493 0.0699044
4 0.0425624 0.0956523 0.0872728 0.192384 0.0694268
10 0.543318 0.0255148 0.160462 0.050971 0.0692003
10 0.956458 0.952562 0.0870441 0.0951704 0.0687666
1 0.0246882 0.529863 0.0503055 0.876385 0.0686967
10 0.94581 0.746258 0.107953 0.505112 0.0686855
3 0.724825 0.0796887 0.541143 0.159952 0.0686821
10 0.919411 0.0959828 0.0984531 0.126159 0.0686479
10 0.937761 0.113111 0.123223 0.224581 0.0686136
3 0.195821 0.146045 0.391061 0.290598 0.0680825
3 0.847518 0.49938 0.301818 0.999926 0.0680533
3 0.766558 0.320686 0.459391 0.63628 0.0680064
3 0.500177 0.498852 0.999989 0.999989 0.067777
10 0.987049 0.573667 0.0255564 0.209268 0.0675498
10 0.353864 0.0454759 0.0825266 0.0902483 0.0672443
10 0.380345 0.0529869 0.253885 0.105018 0.0661575
3 0.19534 0.103734 0.387345 0.206912 0.0658078
10 0.219241 0.529228 0.0798645 0.199519 0.0641639
3 0.772722 0.2145 0.45064 0.426176 0.0640553
3 0.608185 0.0552079 0.567213 0.109925 0.0639669
3 0.572771 0.164699 0.616595 0.327649 0.0635331
5 0.0157992 0.788562 0.0320499 0.174938 0.062736
3 0.184561 0.0534838 0.363768 0.106787 0.0627177
10 0.946069 0.665489 0.107004 0.665668 0.0621572
3 0.647283 0.109146 0.567575 0.217976 0.0617779
10 0.943131 0.645145 0.112632 0.707614 0.061757
9 0.0221342 0.49726 0.0454258 0.913718 0.0615049
10 0.437337 0.0708979 0.237521 0.141483 0.0613881
10 0.351331 0.0487665 0.138804 0.0972762 0.0610284
10 0.599445 0.0252967 0.0578887 0.0503656 0.0609519
10 0.629263 0.45339 0.0758137 0.117304 0.0609015
10 0.957647 0.76284 0.0842777 0.466839 0.060852
10 0.367126 0.0766956 0.326024 0.151889 0.0608123
4 0.0353036 0.138597 0.0720366 0.274721 0.0606828
4 0.0337022 0.34828 0.0669159 0.663315 0.0606196
3 0.254549 0.306711 0.51405 0.60852 0.0594632
10 0.222959 0.0813768 0.355299 0.16108 0.0590708
3 0.0742424 0.324896 0.148557 0.640624 0.0589627
4 0.0151092 0.200392 0.0307051 0.37921 0.0587751
10 0.759703 0.0638287 0.198188 0.126508 0.0587586
10 0.270231 0.52038 0.093326 0.150131 0.0573181
10 0.966829 0.500415 0.0653282 0.336352 0.0570771
3 0.319332 0.155998 0.64497 0.311929 0.0570402
10 0.700883 0.049662 0.104033 0.0964628 0.0568714
10 0.949423 0.658242 0.100205 0.676635 0.0567167
10 0.372894 0.0482905 0.0696949 0.0963939 0.0564176
3 0.416427 0.0452035 0.765597 0.0894593 0.0561471
9 0.0162041 0.555413 0.0331732 0.179292 0.0561403
10 0.596518 0.057672 0.303901 0.115553 0.0549769
10 0.128254 0.096248 0.253907 0.192584 0.0543007
3 0.506008 0.302982 0.987217 0.585343 0.0540333
10 0.74666 0.122657 0.270908 0.243614 0.05387
10 0.748307 0.0445866 0.245329 0.0863862 0.0533019
10 0.921539 0.218016 0.155906 0.433353 0.053208
4 0.0259753 0.188133 0.0524353 0.361674 0.0526518
10 0.507494 0.05556 0.353755 0.112545 0.051946
10 0.0924716 0.158763 0.0477834 0.0703968 0.0519065
5 0.0145082 0.773514 0.0295948 0.14229 0.0516512
10 0.985736 0.651444 0.0282244 0.280536 0.0510347
10 0.480747 0.0851126 0.0649998 0.124899 0.0504238
10 0.192203 0.0520204 0.370749 0.103717 0.0503721
9 0.0173454 0.553657 0.0349189 0.27034 0.0500971
10 0.220818 0.527631 0.0863642 0.173774 0.0497476
10 0.72365 0.0702477 0.132647 0.138604 0.0495765
10 0.0190235 0.32052 0.0394424 0.623401 0.0493971
10 0.922631 0.84928 0.154166 0.300273 0.049306
10 0.00798623 0.111164 0.017285 0.211098 0.0491891
10 0.987613 0.980112 0.0242849 0.0398195 0.0489211
9 0.271035 0.598697 0.12531 0.189933 0.0486374
10 0.011009 0.507702 0.0219532 0.270904 0.0484987
10 0.0155822 0.545843 0.031937 0.152706 0.0484283
4 0.0943669 0.501094 0.189096 0.995117 0.0483871
2 0.847279 0.0386867 0.0577635 0.0813148 0.0479617
3 0.114517 0.371765 0.22686 0.742337 0.0478974
4 0.0782553 0.0998512 0.157485 0.199292 0.0478903
10 0.243308 0.546682 0.128212 0.201713 0.0476011
3 0.725649 0.499839 0.547914 0.999482 0.0472346
4 0.0336426 0.189794 0.068153 0.368663 0.0471139
10 0.94661 0.621787 0.10592 0.755813 0.0469482
10 0.94125 0.120243 0.0455744 0.093366 0.0469067
3 0.627666 0.276248 0.74075 0.55497 0.046882
10 0.491216 0.0246659 0.264605 0.0499566 0.0467351
3 0.528659 0.158521 0.666821 0.313812 0.0467116
10 0.00920873 0.128057 0.019562 0.234064 0.0466825
10 0.177045 0.151168 0.132471 0.167442 0.0466041
10 0.0180157 0.516677 0.0370064 0.848586 0.0465783
10 0.223585 0.514143 0.0870519 0.155599 0.0465402
3 0.499996 0.50025 0.999989 0.998155 0.0462572
0 0.258894 0.555907 0.177024 0.27468 0.0460567
3 0.229118 0.116601 0.410874 0.232362 0.0460198
10 0.520112 0.0186936 0.155826 0.0385205 0.0458748
10 0.2425 0.0444081 0.257507 0.0876846 0.0457374
10 0.958247 0.984842 0.0821993 0.0312556 0.0456082
10 0.952761 0.385348 0.094162 0.741833 0.0452532
4 0.145108 0.500616 0.289783 0.997445 0.045066
10 0.967563 0.610289 0.06325 0.122363 0.0447228
10 0.92219 0.578162 0.0618822 0.137057 0.0438821
10 0.450991 0.0725662 0.26603 0.145202 0.0435555
10 0.709571 0.0148342 0.0697496 0.0306069 0.0432055
3 0.492817 0.263118 0.999852 0.503998 0.0430771
4 0.0817414 0.501038 0.163014 0.995979 0.0429439
2 0.855706 0.0368002 0.0631245 0.0762049 0.0428711
10 0.9305 0.0358602 0.139522 0.0727546 0.0427184
4 0.0551348 0.167374 0.111692 0.323948 0.0426784
3 0.505574 0.098446 0.958577 0.199311 0.0423925
10 0.956325 0.543332 0.0862867 0.90151 0.0423362
10 0.938536 0.534139 0.122188 0.928874 0.0420053
10 0.947059 0.569297 0.105224 0.860797 0.0419087
4 0.103394 0.17138 0.207678 0.338612 0.0418994
10 0.502258 0.0835434 0.379957 0.166947 0.0418314
10 0.92987 0.169738 0.136745 0.334026 0.0415061
10 0.722423 0.0964596 0.14554 0.177796 0.0413519
3 0.212883 0.499778 0.429137 0.999711 0.0413494
3 0.115426 0.230707 0.23041 0.457195 0.0412011
9 0.0234705 0.727611 0.0479342 0.596604 0.0409765
10 0.909649 0.107155 0.116356 0.13928 0.0408851
10 0.464705 0.13009 0.243558 0.256107 0.0408126
4 0.0360977 0.316937 0.0728527 0.60761 0.0402905
3 0.579743 0.50109 0.840746 0.994464 0.0402631
10 0.572693 0.0345977 0.125898 0.0655338 0.039907
3 0.869572 0.530873 0.259739 0.92928 0.0398053
10 0.014698 0.548924 0.0300914 0.151085 0.03979
10 0.269774 0.551233 0.0969101 0.183453 0.039579
10 0.52392 0.0319337 0.259193 0.0644594 0.0391596
10 0.645803 0.0465014 0.152042 0.089939 0.0390893
10 0.940436 0.676838 0.119682 0.657685 0.0390249
10 0.913799 0.0247725 0.172474 0.050966 0.0389837
10 0.453426 0.122713 0.249898 0.226695 0.0387329
3 0.862619 0.439824 0.274438 0.696009 0.0383739
10 0.128947 0.133754 0.208464 0.170492 0.0382993
10 0.0920835 0.148242 0.0558113 0.0926965 0.0378834
10 0.865813 0.55617 0.0678663 0.133296 0.0376865
0 0.261011 0.60282 0.103377 0.160801 0.0369488
10 0.116769 0.169137 0.240487 0.334795 0.0366796
10 0.0231653 0.137356 0.0476555 0.149968 0.0366354
10 0.0257527 0.173488 0.051026 0.181895 0.0365097
10 0.709589 0.0150346 0.08088 0.0307601 0.0364812
10 0.38068 0.0293545 0.132342 0.058618 0.0362476
3 0.801329 0.533003 0.387027 0.889606 0.0360566
10 0.891861 0.72919 0.214446 0.540058 0.0359927
10 0.861219 0.0143823 0.0782246 0.0296778 0.0357909
10 0.0132614 0.50126 0.0273797 0.270998 0.0355325
3 0.406098 0.22411 0.678201 0.404304 0.0354011
0 0.25896 0.593063 0.0860199 0.130079 0.0348719
10 0.872771 0.166372 0.106739 0.30007 0.0340028
3 0.440862 0.0509605 0.855309 0.102515 0.0339594
10 0.884605 0.566607 0.223689 0.455683 0.0335881
4 0.081861 0.303221 0.162976 0.587638 0.0334093
3 0.365599 0.282715 0.546476 0.540907 0.032761
10 0.138098 0.131517 0.0361537 0.0415115 0.0323771
3 0.263064 0.500342 0.538585 0.997853 0.0323654
3 0.256155 0.356165 0.526354 0.640446 0.032215
10 0.91778 0.595311 0.0811949 0.128135 0.0318378
10 0.838304 0.152937 0.143123 0.298856 0.0316276
10 0.0809051 0.213353 0.103397 0.235761 0.0316192
3 0.414851 0.196536 0.615151 0.326845 0.0314475
10 0.892844 0.11942 0.101205 0.162882 0.0313179
3 0.779282 0.620112 0.439925 0.808402 0.0310161
3 0.109771 0.336215 0.226443 0.638729 0.0309582
10 0.596073 0.456559 0.117521 0.1456 0.0306531
6 0.19591 0.0354441 0.140903 0.0704463 0.0302403
6 0.0250816 0.835107 0.0517781 0.330494 0.0295624
10 0.897832 0.089945 0.0483938 0.0892261 0.0295056
9 0.843644 0.93581 0.310315 0.128675 0.0294889
1 0.499159 0.515181 0.999986 0.997062 0.0287778
3 0.522578 0.228195 0.999609 0.318285 0.0287627
10 0.505072 0.072984 0.116092 0.058509 0.028007
10 0.677372 0.499338 0.232335 0.240211 0.0279823
10 0.022831 0.196328 0.04394 0.128655 0.0279097
4 0.591891 0.66657 0.825806 0.666456 0.027602
7 0.846634 0.093212 0.0477997 0.107672 0.0275362
10 0.875066 0.109057 0.0653294 0.109869 0.0272364
3 0.758653 0.640872 0.480395 0.710226 0.027216
10 0.692681 0.548633 0.147649 0.141708 0.0270388
10 0.961568 0.614873 0.042919 0.0885689 0.0268058
4 0.50702 0.719975 0.999943 0.567122 0.0266922
10 0.958725 0.633808 0.0479874 0.095443 0.0263397
10 0.928845 0.085668 0.130248 0.120574 0.0258094
10 0.0101461 0.584031 0.0194783 0.10025 0.0252017
4 0.787321 0.658794 0.42453 0.674292 0.0242097
10 0.812433 0.725781 0.374689 0.546492 0.0241537
4 0.570404 0.719264 0.868511 0.566255 0.0239396
10 0.209637 0.614462 0.0859455 0.194945 0.0236052
10 0.875063 0.880752 0.245117 0.281676 0.0230131
3 0.880483 0.639954 0.238523 0.935175 0.0229695
10 0.207827 0.0650873 0.280412 0.0838062 0.022933
7 0.836639 0.07702 0.0691929 0.156979 0.02276
7 0.871711 0.138493 0.0403656 0.056968 0.0225158
10 0.26227 0.64761 0.0980679 0.126185 0.0224311
10 0.0292943 0.777224 0.0586743 0.517734 0.0222685
3 0.489452 0.465228 0.999833 0.42532 0.0219989
10 0.809189 0.856775 0.379402 0.297633 0.0217637
10 0.254614 0.0698417 0.0470481 0.0428596 0.0215751
4 0.161935 0.465517 0.323156 0.406752 0.0210675
10 0.986914 0.918082 0.0231819 0.07078 0.0210562
1 0.503271 0.689551 0.999972 0.958573 0.0209658
10 0.123253 0.523763 0.0562223 0.0493284 0.0208809
10 0.984504 0.811786 0.0215084 0.0516699 0.0203123
3 0.493156 0.643722 0.999856 0.993385 0.0202997
11 0.510809 0.857172 0.999949 0.304252 0.0199752
10 0.751467 0.789778 0.501324 0.426419 0.0199565
10 0.985387 0.794156 0.0195416 0.0514804 0.0199351
10 0.0390022 0.318333 0.0756421 0.120045 0.0199068
3 0.507667 0.539346 0.983776 0.336051 0.0193528
10 0.90788 0.379202 0.16637 0.128179 0.0183522
11 0.51435 0.792137 0.998004 0.361469 0.0181763
6 0.0368674 0.591416 0.057981 0.0685903 0.0180017
10 0.482232 0.597152 0.999685 0.288311 0.0179182
10 0.157765 0.487468 0.038788 0.0419791 0.0177997
3 0.492639 0.695326 0.999881 0.48575 0.0177222
3 0.490608 0.657557 0.999805 0.569498 0.0175718
10 0.959594 0.711348 0.0204573 0.0269493 0.0173405
10 0.886507 0.880066 0.0740089 0.0638378 0.0172836
10 0.482122 0.86143 0.999906 0.998704 0.0169057
11 0.485497 0.769859 0.999952 0.998382 0.0168673
10 0.486592 0.881602 0.99997 0.999405 0.0168191
6 0.869559 0.208662 0.0462196 0.0659236 0.0168058
10 0.225466 0.958463 0.161555 0.093004 0.0160537
10 0.657162 0.749683 0.0420295 0.0429881 0.0147586
