9 0.535491 0.400828 0.228896 0.233901 0.636361
9 0.581215 0.411441 0.149195 0.231466 0.323509
9 0.501294 0.381201 0.159618 0.188979 0.320576
9 0.575309 0.566594 0.251553 0.295122 0.319221
9 0.537337 0.564129 0.476526 0.53372 0.30837
9 0.592894 0.509638 0.294818 0.417819 0.291715
7 0.949316 0.811201 0.101188 0.312114 0.287795
9 0.547996 0.621439 0.438614 0.408471 0.286341
9 0.603603 0.530699 0.319792 0.399078 0.23232
9 0.5632 0.502587 0.227495 0.411891 0.228104
10 0.46411 0.210567 0.0226552 0.145057 0.193324
9 0.542275 0.484981 0.256745 0.405181 0.183955
9 0.559645 0.573611 0.212489 0.28278 0.176058
7 0.946318 0.771042 0.10635 0.42379 0.168681
9 0.606454 0.550454 0.303764 0.267199 0.154527
9 0.465147 0.683191 0.256306 0.282584 0.143974
9 0.464295 0.685261 0.252176 0.274428 0.14338
9 0.51317 0.623579 0.328673 0.382694 0.133387
7 0.956279 0.802219 0.0880724 0.249441 0.129581
9 0.536345 0.407949 0.231943 0.245808 0.124285
9 0.548357 0.496778 0.268425 0.424489 0.122596
9 0.493896 0.681356 0.318046 0.283079 0.116867
9 0.621992 0.463576 0.281933 0.335908 0.115495
7 0.94452 0.851046 0.111603 0.29223 0.108235
9 0.578708 0.516042 0.212885 0.237477 0.10591
7 0.9415 0.772321 0.117292 0.442182 0.103454
9 0.456935 0.639619 0.387468 0.380421 0.101772
7 0.912609 0.850363 0.0425154 0.130087 0.0981646
9 0.439678 0.673906 0.186296 0.240618 0.0942517
9 0.512319 0.534084 0.543674 0.590262 0.0936941
7 0.953287 0.696047 0.0565233 0.12193 0.0931121
9 0.585257 0.563348 0.36127 0.522631 0.0903829
9 0.461446 0.377534 0.0814662 0.174533 0.0882567
9 0.605531 0.578778 0.311666 0.318213 0.0853153
7 0.93929 0.660419 0.0797008 0.179364 0.0802709
7 0.957359 0.741561 0.0872826 0.197903 0.0796504
9 0.534489 0.376511 0.201022 0.171886 0.0781998
11 0.500341 0.905 0.999979 0.18983 0.0758586
9 0.638219 0.534685 0.247788 0.222689 0.0752608
7 0.982032 0.0158603 0.0361242 0.029776 0.0746161
7 0.957172 0.738857 0.0871917 0.182531 0.0738988
9 0.519931 0.672302 0.502701 0.328348 0.0735917
9 0.60561 0.391843 0.0909362 0.18357 0.0704682
7 0.946055 0.695872 0.108846 0.27276 0.0698805
7 0.985737 0.686196 0.0285839 0.270597 0.0696329
7 0.944735 0.890553 0.110119 0.210753 0.0689348
7 0.985064 0.713153 0.0303349 0.136022 0.0667625
4 0.540544 0.248069 0.0360391 0.0411315 0.0650796
9 0.517059 0.550197 0.511128 0.563148 0.0637164
7 0.95577 0.705999 0.087775 0.16707 0.0612302
9 0.647592 0.491121 0.217283 0.27674 0.0602818
7 0.984393 0.721443 0.0318105 0.248988 0.0601068
10 0.475826 0.218937 0.0531151 0.174382 0.0598237
7 0.920308 0.646796 0.0407221 0.147142 0.0587445
11 0.909942 0.499347 0.180924 0.999411 0.0584739
0 0.5272 0.641832 0.145456 0.175371 0.0568174
9 0.579472 0.502226 0.182374 0.291487 0.0566055
7 0.950001 0.701371 0.0708074 0.147059 0.0565916
9 0.596366 0.543798 0.149123 0.201704 0.056099
7 0.949737 0.667056 0.0993752 0.190936 0.0557376
0 0.519919 0.642655 0.134567 0.181506 0.0546893
7 0.932614 0.681017 0.0734087 0.231114 0.0539895
9 0.565495 0.362682 0.141306 0.142293 0.0539505
9 0.52638 0.695207 0.379868 0.270664 0.053589
7 0.978201 0.0373984 0.0438282 0.0744153 0.0533593
9 0.533553 0.357658 0.0818318 0.127889 0.0525569
7 0.957119 0.714187 0.0552542 0.133688 0.0523006
9 0.565994 0.384835 0.175243 0.192818 0.0522086
9 0.590184 0.478366 0.144832 0.116912 0.0517486
7 0.913034 0.878264 0.0492598 0.185009 0.0516526
7 0.948658 0.669135 0.0980539 0.195876 0.0507822
7 0.934361 0.880782 0.130234 0.233197 0.0504875
9 0.527901 0.574056 0.148427 0.295604 0.0496061
9 0.530178 0.6034 0.157112 0.250558 0.0482481
7 0.987844 0.65077 0.0241791 0.213668 0.0479521
7 0.949608 0.70263 0.0537035 0.109824 0.0476459
7 0.962356 0.499504 0.0756412 0.982984 0.0475524
9 0.534449 0.522116 0.132805 0.263941 0.0475502
9 0.533139 0.341103 0.0750953 0.0994238 0.046612
9 0.547182 0.427229 0.216718 0.191579 0.0453819
10 0.464136 0.172454 0.0168564 0.0620261 0.0450435
7 0.985763 0.781182 0.0293478 0.326483 0.0444044
3 0.498303 0.498712 0.999989 0.999989 0.0440396
11 0.82701 0.921582 0.343026 0.155969 0.0438106
10 0.8967 0.0256945 0.0610191 0.0507902 0.0430331
9 0.605296 0.437452 0.0985089 0.162091 0.0427189
2 0.917649 0.745024 0.0576144 0.343248 0.0421283
7 0.951638 0.698379 0.0427075 0.10503 0.0421144
2 0.916792 0.891559 0.0600128 0.209427 0.041595
9 0.570095 0.342973 0.134054 0.109628 0.0411616
0 0.528167 0.691077 0.180287 0.251999 0.0405039
7 0.951729 0.627318 0.0966488 0.72705 0.0401315
7 0.985281 0.776738 0.0300997 0.369377 0.0400314
10 0.955051 0.0148747 0.0903145 0.0299896 0.0396643
9 0.595464 0.485146 0.132365 0.161365 0.0390154
11 0.915694 0.332073 0.168372 0.653108 0.0389041
0 0.4626 0.692292 0.288795 0.314188 0.0388279
9 0.602447 0.518987 0.130328 0.177845 0.0385579
9 0.560816 0.397462 0.264744 0.257334 0.0383678
9 0.531608 0.337065 0.0734517 0.090949 0.0383025
10 0.75334 0.414436 0.0658661 0.253846 0.0382935
10 0.967025 0.499073 0.0664538 0.979087 0.0377901
9 0.589468 0.573071 0.681517 0.774331 0.0376818
9 0.480949 0.478718 0.130126 0.25446 0.0375404
7 0.945691 0.889017 0.108064 0.219323 0.0375198
9 0.511009 0.541738 0.55635 0.616497 0.0370434
10 0.96626 0.38547 0.0670658 0.735057 0.0357697
9 0.580457 0.530453 0.135898 0.167279 0.0355797
10 0.826378 0.31715 0.0886452 0.631184 0.0351812
0 0.512473 0.702681 0.151858 0.232188 0.0351088
0 0.498096 0.626754 0.0885582 0.136118 0.0345935
10 0.988633 0.876186 0.0237563 0.242256 0.0342759
7 0.958471 0.670571 0.0383669 0.0607945 0.0342746
10 0.989388 0.899656 0.0221232 0.19678 0.033186
2 0.916497 0.773323 0.0522318 0.284218 0.0331549
9 0.541383 0.380286 0.0772409 0.156429 0.0331067
11 0.501616 0.905497 0.999984 0.189326 0.0329293
7 0.954703 0.669487 0.0472832 0.0681043 0.0323502
9 0.593634 0.353515 0.0873839 0.119413 0.0315038
0 0.676256 0.467509 0.0436647 0.0769497 0.0312678
7 0.919813 0.826052 0.0662067 0.296606 0.0312262
0 0.543958 0.717966 0.401974 0.268622 0.031173
9 0.581324 0.356413 0.176358 0.211086 0.0308436
9 0.394169 0.598818 0.776788 0.786735 0.0307924
10 0.756957 0.372325 0.0548759 0.164594 0.0307407
10 0.466891 0.203735 0.0156514 0.0776536 0.0303421
9 0.695913 0.53064 0.123204 0.208931 0.0302752
7 0.985873 0.8072 0.0294189 0.335339 0.0302677
9 0.453871 0.401233 0.064993 0.107715 0.0301998
9 0.527946 0.338157 0.0690128 0.0915392 0.0300269
9 0.428031 0.663095 0.139388 0.167906 0.0297934
10 0.987164 0.849211 0.0262171 0.210332 0.0297745
9 0.399088 0.493987 0.425833 0.233214 0.029504
11 0.581008 0.918664 0.843785 0.162559 0.0294709
9 0.457741 0.337548 0.0529769 0.0890637 0.0293856
9 0.540699 0.478014 0.0506087 0.0994021 0.0291823
10 0.825141 0.433916 0.105071 0.84957 0.0291496
7 0.985609 0.740236 0.0295269 0.0957589 0.0290462
9 0.58823 0.666125 0.193768 0.240759 0.0288691
10 0.96947 0.347366 0.0616829 0.611585 0.0288298
10 0.858639 0.437 0.154391 0.855696 0.0287532
2 0.729106 0.480761 0.0699974 0.114882 0.0287479
9 0.590573 0.380571 0.0665627 0.158925 0.0282187
9 0.378492 0.407705 0.735271 0.281485 0.0279269
10 0.45971 0.177752 0.0160086 0.0653051 0.0278762
9 0.592651 0.346713 0.0952768 0.119292 0.0273886
11 0.733728 0.901819 0.532808 0.195509 0.0273423
9 0.567457 0.530632 0.0935194 0.112276 0.0272703
11 0.574877 0.307073 0.154274 0.158125 0.0271063
9 0.397152 0.41029 0.761753 0.394734 0.0269186
4 0.0402524 0.735269 0.0809977 0.532614 0.0267424
9 0.454358 0.353829 0.0537924 0.0856793 0.0266722
9 0.415668 0.612625 0.833183 0.783897 0.0262506
10 0.990338 0.864239 0.019145 0.17348 0.0261873
9 0.690695 0.538609 0.149134 0.223585 0.026094
9 0.59115 0.334663 0.0306017 0.0705432 0.025829
11 0.913921 0.422315 0.172754 0.799767 0.0257539
10 0.847979 0.389955 0.129908 0.683468 0.0255094
0 0.482968 0.573178 0.107964 0.116039 0.0254775
10 0.915543 0.517697 0.174596 0.94512 0.0254174
10 0.986849 0.923872 0.0249933 0.153386 0.0248352
10 0.73223 0.735505 0.0844644 0.177439 0.0246821
7 0.917948 0.900684 0.0372671 0.0983807 0.0245534
7 0.900044 0.865803 0.0206739 0.0528175 0.0243337
9 0.559225 0.351386 0.0414251 0.116782 0.0243078
9 0.503282 0.614694 0.999966 0.769756 0.024287
10 0.940994 0.965316 0.116968 0.0729248 0.0242051
0 0.461182 0.810921 0.230767 0.160917 0.0241804
10 0.970341 0.928893 0.0534017 0.111788 0.0241143
10 0.0224693 0.643355 0.0456899 0.716682 0.0239411
10 0.461447 0.23009 0.0156172 0.0685326 0.0238606
11 0.647691 0.835269 0.696447 0.330034 0.0237128
9 0.510614 0.760071 0.540624 0.484963 0.0236451
10 0.00735466 0.935082 0.0154396 0.131382 0.0236316
10 0.986558 0.887306 0.0243319 0.0675499 0.0232685
0 0.457348 0.784401 0.401367 0.247382 0.0232634
0 0.413393 0.818947 0.315978 0.212179 0.0232133
7 0.908398 0.906958 0.0405611 0.140174 0.0231203
9 0.706585 0.484773 0.10791 0.127066 0.0229462
10 0.621181 0.431608 0.0604338 0.0609487 0.0228748
10 0.808884 0.493889 0.381112 0.999834 0.0227645
10 0.560242 0.617781 0.0338164 0.084742 0.0224188
9 0.589717 0.498143 0.812295 0.9956 0.022384
9 0.386622 0.75408 0.769108 0.506961 0.022314
0 0.448429 0.600712 0.0730973 0.0893389 0.0221448
10 0.985526 0.866806 0.0261175 0.0754161 0.0220182
9 0.575012 0.311991 0.154192 0.158585 0.0218877
0 0.514167 0.646025 0.0502547 0.0714328 0.0216274
10 0.906275 0.943884 0.0343584 0.0832324 0.0213774
0 0.635678 0.581932 0.71656 0.850238 0.0212037
0 0.636258 0.812466 0.679444 0.387361 0.0211878
2 0.759262 0.502092 0.0296665 0.0842479 0.0211753
7 0.919855 0.886008 0.0295277 0.0587481 0.0209274
0 0.469414 0.631255 0.0423463 0.0620982 0.020808
2 0.574189 0.714049 0.033016 0.0501628 0.020744
10 0.529383 0.320231 0.0306179 0.0491444 0.0205587
4 0.166846 0.582563 0.328851 0.837249 0.0205022
2 0.37216 0.71686 0.0694047 0.206796 0.0204056
0 0.35336 0.874815 0.20252 0.165672 0.020374
10 0.962836 0.966706 0.0754942 0.0728085 0.0202338
7 0.898197 0.906301 0.0254442 0.0707516 0.0202227
9 0.331559 0.64906 0.636547 0.776917 0.0202147
0 0.42959 0.851115 0.152091 0.132662 0.0202066
0 0.542523 0.856262 0.196936 0.133128 0.0200976
10 0.647641 0.879207 0.0571737 0.0815741 0.0200096
11 0.533217 0.989494 0.999929 0.0266957 0.0198628
10 0.926238 0.969001 0.0703303 0.0656365 0.0198033
10 0.654962 0.864378 0.0312049 0.0494377 0.0196734
0 0.610405 0.701665 0.138419 0.205942 0.0196548
10 0.445503 0.948257 0.0939578 0.106979 0.0196535
0 0.435455 0.942893 0.388296 0.125789 0.0196432
10 0.931088 0.970562 0.12585 0.0712709 0.0195272
10 0.521241 0.687841 0.0889498 0.0616151 0.0194392
10 0.516001 0.87296 0.126211 0.0915027 0.0193909
10 0.635414 0.699163 0.0421959 0.0348681 0.0193893
4 0.0399442 0.77495 0.0823039 0.487336 0.0193875
0 0.918287 0.621374 0.029705 0.0725924 0.0193678
10 0.963063 0.932621 0.0704626 0.105183 0.0193217
2 0.946051 0.914973 0.0434338 0.0755509 0.0192944
10 0.548854 0.880183 0.0638428 0.0768775 0.019265
0 0.658997 0.575812 0.119555 0.251403 0.0192633
10 0.550051 0.971793 0.128765 0.0672739 0.0192607
0 0.512988 0.887359 0.576047 0.222248 0.019255
10 0.231982 0.509882 0.465474 0.98526 0.019253
2 0.66791 0.532482 0.0769514 0.204588 0.0192081
4 0.398957 0.527831 0.794179 0.956041 0.019098
10 0.90321 0.975123 0.0423714 0.0568975 0.019026
0 0.454878 0.882819 0.283401 0.195247 0.0189468
10 0.567351 0.958452 0.163484 0.0726544 0.0189274
10 0.459614 0.929795 0.0577123 0.0470974 0.0189019
10 0.916449 0.93131 0.0295772 0.0717913 0.0188779
10 0.477945 0.976326 0.0908913 0.0589316 0.0188473
10 0.879026 0.81839 0.230971 0.983435 0.0188402
0 0.483719 0.96302 0.454653 0.112475 0.018811
10 0.5416 0.259364 0.0252253 0.0261292 0.0187963
8 0.542521 0.25556 0.0253974 0.0285964 0.0187912
10 0.391772 0.921528 0.118037 0.120178 0.0187605
0 0.31454 0.949305 0.228119 0.112301 0.0185908
10 0.54687 0.979805 0.12158 0.0445398 0.0185805
8 0.490558 0.518107 0.0206102 0.0564053 0.0185378
2 0.64502 0.369955 0.0162538 0.0431094 0.0185371
10 0.547853 0.913631 0.11624 0.119659 0.0184916
2 0.471928 0.767866 0.0841924 0.101093 0.0184477
10 0.644687 0.917519 0.0429772 0.0842228 0.018438
10 0.331454 0.90623 0.0335767 0.0649666 0.0183843
10 0.528255 0.942906 0.189097 0.132153 0.0183494
10 0.471554 0.972775 0.118259 0.0659945 0.018303
10 0.456588 0.932721 0.0423767 0.0425703 0.0182666
10 0.554084 0.711146 0.0694185 0.0780771 0.0182569
11 0.544361 0.990821 0.999312 0.0242642 0.0182508
10 0.57576 0.961282 0.18936 0.0722851 0.0182079
10 0.941887 0.977269 0.102629 0.0500185 0.0181597
4 0.512056 0.607019 0.999674 0.7416 0.018125
10 0.841387 0.607321 0.192209 0.812806 0.0181105
0 0.512481 0.959464 0.387755 0.0973667 0.0181069
10 0.503246 0.944559 0.174069 0.126364 0.0180943
10 0.379816 0.952746 0.129056 0.0977283 0.0180227
4 0.525899 0.629623 0.999853 0.782927 0.0180078
10 0.386241 0.935489 0.0482093 0.0627372 0.0180014
10 0.916829 0.983973 0.0343186 0.040308 0.0179837
10 0.469542 0.960121 0.24194 0.102482 0.0179432
0 0.47452 0.762659 0.0890277 0.112125 0.0179297
10 0.551506 0.783856 0.0534539 0.0771825 0.0178756
11 0.5298 0.917419 0.97817 0.175773 0.0178467
10 0.556897 0.95917 0.241172 0.0787861 0.0177107
10 0.140545 0.525025 0.279715 0.679493 0.0176406
10 0.406846 0.954484 0.121713 0.102102 0.017631
10 0.574641 0.769535 0.102953 0.10033 0.0176181
0 0.484914 0.916004 0.603201 0.290128 0.0175901
10 0.886312 0.907093 0.232398 0.999323 0.0175762
2 0.446941 0.810972 0.0246026 0.0332294 0.0175595
10 0.94691 0.98724 0.0930711 0.0319236 0.0174936
10 0.632375 0.922288 0.151478 0.10105 0.0174764
0 0.52747 0.973512 0.435589 0.0994192 0.0174093
4 0.511573 0.606169 0.999939 0.833195 0.0173987
10 0.923566 0.987339 0.0485228 0.0342525 0.0173169
0 0.458359 0.87107 0.65282 0.274642 0.0172414
8 0.611522 0.310931 0.0555921 0.0860197 0.0171047
8 0.391065 0.80185 0.0797362 0.110539 0.017099
11 0.543119 0.989652 0.936109 0.024633 0.0170748
0 0.537444 0.934535 0.477591 0.180977 0.0169925
10 0.411822 0.803709 0.0585586 0.0590771 0.0168547
10 0.0834722 0.827176 0.170193 0.317196 0.0167461
10 0.525258 0.966357 0.286093 0.0768726 0.0167387
0 0.559839 0.865308 0.152032 0.101719 0.0167182
10 0.346741 0.956696 0.154056 0.0972029 0.01668
10 0.514363 0.788225 0.0717619 0.0621672 0.0166385
0 0.47571 0.819411 0.0661545 0.0647201 0.0164439
11 0.498524 0.868113 0.880079 0.281613 0.0164185
10 0.404973 0.982044 0.166209 0.0324888 0.0162722
10 0.540413 0.962717 0.257784 0.0686903 0.0161135
10 0.521568 0.965275 0.208637 0.0616301 0.0161109
10 0.198307 0.784194 0.388785 0.424391 0.0159688
10 0.563814 0.970025 0.383104 0.0748961 0.0159536
4 0.408991 0.841375 0.767968 0.287653 0.0158754
8 0.476153 0.299381 0.0184356 0.0500099 0.0157726
0 0.50799 0.981143 0.458252 0.106246 0.0156495
10 0.426195 0.977093 0.241885 0.0509152 0.0155378
8 0.514984 0.988111 0.253493 0.0658188 0.0154945
8 0.491323 0.985548 0.315824 0.0732555 0.0145514
