4 0.421176 0.248687 0.0956836 0.0712989 0.867523
4 0.459796 0.237384 0.0448616 0.0542049 0.765559
4 0.520201 0.227517 0.0559587 0.0480197 0.329545
11 0.0424566 0.948203 0.0845851 0.095906 0.28345
4 0.336229 0.214347 0.0275941 0.0502951 0.215311
11 0.105882 0.775261 0.122143 0.250403 0.213955
2 0.110059 0.644094 0.0230673 0.093082 0.19592
2 0.0912533 0.648755 0.0211177 0.0835642 0.190408
11 0.083912 0.949369 0.165977 0.095211 0.174018
10 0.0905326 0.789615 0.0621224 0.187084 0.164374
11 0.112264 0.703425 0.103773 0.0852829 0.1628
11 0.112312 0.945362 0.224383 0.0989944 0.162631
10 0.234725 0.259669 0.0226302 0.127643 0.161562
10 0.0819515 0.743861 0.0683857 0.291284 0.15759
6 0.804492 0.377759 0.0503356 0.105245 0.155646
11 0.0438124 0.905252 0.0869478 0.18496 0.150009
11 0.110271 0.696114 0.111134 0.0998642 0.146275
4 0.510153 0.23296 0.0317203 0.0360244 0.145496
11 0.0932184 0.902144 0.185475 0.190228 0.144242
4 0.27785 0.220015 0.0233684 0.0430097 0.138921
11 0.0987434 0.734062 0.141504 0.340644 0.138624
11 0.0666764 0.878102 0.133224 0.22746 0.136924
2 0.0664041 0.643011 0.0206371 0.0960652 0.135396
4 0.557616 0.230845 0.0302766 0.0335052 0.133556
2 0.135658 0.65407 0.0224117 0.0749292 0.124158
2 0.0823833 0.655607 0.0180479 0.072813 0.123407
11 0.0870403 0.707196 0.168797 0.406821 0.123161
11 0.147762 0.949095 0.29727 0.0931911 0.123106
2 0.133483 0.641862 0.024235 0.096696 0.122456
2 0.133017 0.643902 0.0219241 0.0631471 0.121983
6 0.804742 0.37029 0.0482161 0.0887983 0.117584
10 0.0820235 0.738324 0.0706132 0.298472 0.116283
2 0.0937452 0.648673 0.0166274 0.0793198 0.113003
2 0.121169 0.647239 0.0201322 0.0916479 0.11283
2 0.0668773 0.625233 0.0172036 0.0607023 0.106105
10 0.0638699 0.724741 0.0378929 0.247167 0.104423
10 0.139109 0.567229 0.0247204 0.10486 0.103825
1 0.443021 0.555338 0.0770601 0.0708416 0.102983
2 0.0660031 0.667392 0.0297504 0.140011 0.101653
11 0.105838 0.722234 0.112459 0.153023 0.0997591
6 0.0386322 0.717612 0.0760553 0.414361 0.0995964
11 0.112074 0.781982 0.0986143 0.217668 0.0987494
11 0.0793374 0.808783 0.157285 0.263705 0.097653
10 0.234966 0.22843 0.0174849 0.0670803 0.0955993
6 0.0317986 0.759415 0.0632173 0.473356 0.0944581
11 0.0655126 0.853979 0.130122 0.128826 0.0919036
2 0.121946 0.663462 0.0219927 0.0678065 0.0907691
2 0.126553 0.635838 0.0170524 0.0649215 0.0907484
10 0.085605 0.73273 0.054975 0.240209 0.0894414
2 0.122237 0.64206 0.0179521 0.0894773 0.0890878
6 0.0395998 0.833464 0.077738 0.31661 0.0890645
6 0.00800697 0.733942 0.0146671 0.426968 0.0888255
6 0.03642 0.710026 0.0714087 0.563009 0.08862
4 0.553929 0.229908 0.0383401 0.0350785 0.0881695
10 0.796261 0.375439 0.0286706 0.0867685 0.0876466
2 0.0730253 0.646849 0.0184696 0.0969659 0.0872446
1 0.443917 0.483672 0.082887 0.213689 0.0870765
2 0.0681128 0.693513 0.0220946 0.0868824 0.0858997
4 0.537618 0.228926 0.031443 0.0368712 0.0849572
6 0.0136644 0.868623 0.0271388 0.250513 0.0823311
2 0.104105 0.651337 0.0187414 0.0697079 0.0819781
1 0.0894075 0.588063 0.178627 0.70075 0.0819621
2 0.12854 0.653144 0.0202493 0.0900231 0.0818682
10 0.0837734 0.734211 0.0884243 0.325119 0.0817598
11 0.119196 0.957684 0.239183 0.0777832 0.0813899
6 0.0114202 0.890014 0.0232231 0.211308 0.0811751
11 0.271406 0.931313 0.545019 0.127169 0.0792924
10 0.235657 0.238058 0.0178209 0.0872681 0.0788834
2 0.129637 0.620659 0.020609 0.0806979 0.078116
4 0.263118 0.225131 0.0505252 0.0562435 0.0777118
4 0.508967 0.239562 0.0283383 0.0244273 0.0774836
2 0.132267 0.62626 0.0282898 0.114202 0.0767748
2 0.120751 0.670862 0.024127 0.0565304 0.0755624
10 0.760988 0.785536 0.0424426 0.115348 0.0747669
11 0.493563 0.960636 0.97409 0.0700777 0.074115
2 0.0844693 0.664531 0.0197266 0.0558128 0.0736302
2 0.108321 0.757321 0.0252639 0.0965117 0.073336
10 0.141698 0.584081 0.0226824 0.0804596 0.0732352
2 0.058142 0.643126 0.017649 0.0656927 0.0731138
4 0.985556 0.356348 0.0298377 0.185805 0.0718426
2 0.102592 0.605632 0.0170032 0.0565308 0.0711159
11 0.412524 0.951893 0.814201 0.0871761 0.0705129
10 0.150661 0.49274 0.020492 0.107612 0.070402
2 0.0716857 0.641903 0.0153726 0.0936244 0.0695465
2 0.130039 0.673632 0.0207388 0.0485203 0.0693413
10 0.158232 0.612654 0.0540513 0.161085 0.0691976
6 0.00981675 0.911735 0.0202518 0.174612 0.0680947
4 0.336047 0.219467 0.0221487 0.0321812 0.0674769
10 0.763567 0.77315 0.0346581 0.0876235 0.0665891
2 0.119743 0.627227 0.0179493 0.0876107 0.0660776
1 0.950483 0.491227 0.0994469 0.123577 0.0660434
6 0.0328023 0.914462 0.0663469 0.178497 0.0651819
6 0.0145168 0.804803 0.0273305 0.289176 0.064963
2 0.0980196 0.654658 0.0164794 0.0656693 0.0645698
2 0.127932 0.608697 0.0201125 0.0658356 0.0644131
4 0.386747 0.203796 0.0221483 0.0233377 0.0641641
4 0.259326 0.248694 0.0338585 0.0534178 0.0635629
10 0.159504 0.58125 0.0466807 0.103975 0.0634316
2 0.132273 0.666035 0.018484 0.0611454 0.0624297
2 0.0822308 0.634697 0.0248617 0.11179 0.0622238
10 0.21089 0.377386 0.0333362 0.131925 0.0620372
10 0.139487 0.594955 0.0323243 0.156981 0.0620074
11 0.125659 0.992496 0.251608 0.0115934 0.0615486
2 0.103548 0.633717 0.0233483 0.112906 0.0613658
10 0.100285 0.784706 0.0360016 0.152208 0.0613286
2 0.124148 0.603941 0.0147762 0.055751 0.0610706
10 0.21694 0.29549 0.0191614 0.0949041 0.0604815
11 0.404029 0.9214 0.806794 0.143898 0.0592819
4 0.280002 0.22664 0.0194079 0.0313652 0.059083
2 0.0799096 0.639698 0.0435501 0.121714 0.0588114
4 0.258268 0.221847 0.0396525 0.043376 0.0586101
2 0.120868 0.660281 0.0187754 0.0545871 0.0584791
11 0.0376521 0.986757 0.0741525 0.0211275 0.0580202
10 0.23109 0.269046 0.0154376 0.107851 0.0578386
10 0.141298 0.571802 0.0177468 0.0578306 0.0576509
10 0.992959 0.294523 0.0145021 0.0542711 0.0573025
10 0.143415 0.595325 0.024355 0.0844332 0.0572351
4 0.196706 0.267677 0.0231648 0.0469601 0.0569708
2 0.0758651 0.653846 0.0152398 0.0792691 0.0568813
4 0.459189 0.235248 0.0416594 0.0490721 0.0562037
2 0.0670248 0.661603 0.0194013 0.136166 0.0560215
11 0.0567791 0.971701 0.112872 0.0478754 0.0559803
10 0.149793 0.493377 0.018153 0.0979374 0.0558773
2 0.094944 0.672134 0.0241742 0.112983 0.0555118
4 0.81238 0.358351 0.0290147 0.0568232 0.0553655
4 0.764151 0.316965 0.0814369 0.105751 0.0552919
4 0.259897 0.272759 0.0370634 0.105217 0.0552663
1 0.653254 0.730842 0.259644 0.324505 0.0551712
1 0.949622 0.499039 0.100507 0.156311 0.0551498
10 0.00827002 0.628463 0.0155001 0.553373 0.0539477
4 0.262764 0.260231 0.0538385 0.122487 0.0530839
4 0.0598536 0.45226 0.115495 0.187289 0.0530606
6 0.0777276 0.66939 0.155803 0.491686 0.0525538
2 0.10876 0.733904 0.0172583 0.0476145 0.0524195
1 0.101459 0.573295 0.204816 0.689061 0.0523763
7 0.0075104 0.945098 0.0150487 0.105656 0.051356
4 0.260979 0.253996 0.045765 0.106555 0.0512327
10 0.150838 0.47367 0.0172105 0.0751786 0.0511724
10 0.235858 0.270464 0.0193088 0.106163 0.0511633
3 0.496476 0.496378 0.999967 0.999866 0.051102
6 0.0803708 0.81014 0.162663 0.203198 0.050985
1 0.495884 0.568364 0.995427 0.846241 0.0509544
4 0.308346 0.215307 0.0831883 0.0683215 0.0507861
2 0.108141 0.667709 0.0210727 0.0500301 0.0507391
6 0.127597 0.779257 0.0693033 0.196582 0.0506145
10 0.0171549 0.617496 0.0337864 0.675431 0.0503673
4 0.305596 0.220715 0.0486708 0.0414119 0.050296
10 0.212532 0.283213 0.0289809 0.134092 0.050265
2 0.0918194 0.624361 0.0146919 0.0372514 0.0502398
10 0.135791 0.559393 0.0181723 0.0827061 0.0500656
2 0.0805234 0.605264 0.0204686 0.0596962 0.049867
2 0.0920642 0.640594 0.0139289 0.0475807 0.0497451
10 0.991599 0.329107 0.0169025 0.141435 0.048459
6 0.814405 0.367639 0.0268944 0.0754481 0.0478314
10 0.748475 0.825417 0.0667667 0.198205 0.0477658
10 0.791194 0.35497 0.0184971 0.0414749 0.0473993
11 0.0614828 0.969167 0.130434 0.0583657 0.0473044
10 0.147767 0.522044 0.0163094 0.056654 0.0472115
11 0.0980511 0.746646 0.190168 0.328426 0.0467513
10 0.216496 0.295442 0.0194946 0.0969372 0.0464073
10 0.489331 0.22358 0.0210768 0.0545756 0.0462241
10 0.230969 0.255361 0.0145299 0.0823143 0.0460447
11 0.133871 0.992145 0.272856 0.0120301 0.0459633
11 0.0732711 0.624429 0.14692 0.223397 0.0459107
2 0.129138 0.67992 0.0167354 0.0389965 0.0452968
2 0.123811 0.611914 0.015666 0.0677268 0.0452826
10 0.0481742 0.755424 0.088636 0.298955 0.0450601
2 0.110903 0.671872 0.0229684 0.0557249 0.0443867
10 0.158265 0.411826 0.019659 0.0817586 0.0443668
10 0.147882 0.528592 0.0182624 0.0679632 0.044238
4 0.457308 0.220637 0.0345585 0.02203 0.0441538
10 0.163792 0.447141 0.0392206 0.208133 0.0441452
10 0.746473 0.853065 0.0796148 0.260628 0.04413
10 0.228508 0.235719 0.0106544 0.0487505 0.0438335
11 0.03406 0.945668 0.0677324 0.0996191 0.0435864
11 0.0666515 0.584781 0.132525 0.160407 0.0435578
6 0.0212094 0.675446 0.040084 0.339851 0.0433783
6 0.00738828 0.802473 0.0143313 0.328188 0.043132
10 0.473936 0.218658 0.0207575 0.0431505 0.0427955
4 0.312085 0.2199 0.024082 0.0308897 0.0426611
4 0.193397 0.24225 0.0274852 0.0382029 0.0426595
10 0.161544 0.405576 0.0237407 0.124878 0.0422988
2 0.113714 0.674627 0.0164666 0.056588 0.0422643
10 0.478389 0.224716 0.0209759 0.0586576 0.0420415
4 0.54548 0.229326 0.0252572 0.0350474 0.0418341
10 0.488969 0.226906 0.0172069 0.0494097 0.0418284
10 0.227458 0.234477 0.0100231 0.0510232 0.0415033
10 0.241654 0.269717 0.0196031 0.0993196 0.0412308
2 0.0987782 0.66592 0.0164298 0.0461656 0.0411363
1 0.517908 0.750221 0.950205 0.482572 0.0405972
10 0.0807196 0.760046 0.0450115 0.154457 0.040016
6 0.659944 0.291 0.0950958 0.0782666 0.0399459
6 0.0292957 0.665317 0.0592742 0.657134 0.0399365
6 0.134602 0.731984 0.0600435 0.134949 0.0398294
1 0.137953 0.60168 0.278553 0.773636 0.0397334
10 0.0555821 0.749447 0.0280728 0.228023 0.0391605
9 0.795277 0.355162 0.0721247 0.1562 0.039087
1 0.496028 0.690004 0.998733 0.613059 0.0389871
3 0.0873775 0.459076 0.176044 0.405444 0.0382365
4 0.512477 0.209255 0.0303034 0.0256192 0.0381932
10 0.120602 0.583134 0.0299132 0.108581 0.0379688
11 0.0337405 0.977631 0.0696032 0.035359 0.0377362
2 0.147134 0.674713 0.0350669 0.0475597 0.0377119
10 0.156726 0.4957 0.0336419 0.108712 0.0376093
4 0.495732 0.22551 0.0295803 0.0486858 0.0370417
10 0.469624 0.210201 0.0194871 0.029205 0.0370041
4 0.0578388 0.401634 0.113466 0.265284 0.0367698
2 0.0982665 0.791969 0.0198829 0.0776426 0.0366391
7 0.099409 0.979676 0.0736573 0.0314913 0.0357886
4 0.498397 0.227671 0.0205868 0.0441033 0.0357708
10 0.246144 0.268908 0.0146673 0.0841213 0.0357133
2 0.100032 0.845235 0.0484086 0.0931057 0.0354674
10 0.206017 0.395414 0.0196251 0.0817748 0.0352914
10 0.00660182 0.523538 0.0133933 0.385867 0.0351685
1 0.438643 0.666207 0.776945 0.650169 0.0351148
2 0.108727 0.658054 0.0154946 0.0537858 0.034899
2 0.142646 0.699089 0.0242739 0.0625506 0.0343332
10 0.143119 0.567979 0.0188353 0.0754612 0.0339454
2 0.0782486 0.610137 0.014872 0.0540375 0.0336876
2 0.0998594 0.665613 0.0137593 0.0555483 0.0336628
10 0.00716365 0.506664 0.0143338 0.409036 0.0336611
4 0.391153 0.248403 0.038776 0.0656408 0.033391
2 0.0955109 0.841662 0.0400958 0.086969 0.0331587
1 0.721237 0.855862 0.161645 0.267463 0.0331125
1 0.64089 0.842892 0.551352 0.301973 0.0329999
11 0.0127689 0.954201 0.0245442 0.0887456 0.0326365
2 0.0693954 0.691346 0.0174316 0.0596599 0.0325867
2 0.142254 0.660951 0.0175453 0.0505557 0.0323453
10 0.146244 0.549716 0.018538 0.0688989 0.0322587
2 0.111535 0.673065 0.0154011 0.0361394 0.0320672
11 0.0478789 0.972216 0.0959939 0.046804 0.0319419
4 0.423144 0.247618 0.103048 0.0746355 0.0316942
4 0.394846 0.229541 0.024798 0.0236506 0.0316725
2 0.103525 0.855298 0.0412137 0.0569492 0.0311894
1 0.561744 0.764318 0.504621 0.454436 0.0310991
4 0.44514 0.205211 0.0384529 0.0372391 0.0310244
10 0.155634 0.537939 0.0273683 0.0777559 0.0307691
10 0.173684 0.486837 0.0196287 0.0957201 0.0306742
4 0.518433 0.230784 0.0184588 0.0338642 0.0305375
10 0.168066 0.572823 0.0281661 0.105594 0.0305177
2 0.0838485 0.873926 0.0185824 0.0519751 0.0305105
1 0.947765 0.555234 0.104654 0.263173 0.0303436
10 0.522615 0.234172 0.0139846 0.0333908 0.0302992
10 0.155544 0.637751 0.0528432 0.130679 0.0301274
10 0.155663 0.450849 0.0177522 0.0669811 0.0300088
4 0.539268 0.229053 0.0227842 0.0414077 0.029754
2 0.147421 0.680879 0.0356286 0.0554487 0.0296854
7 0.137432 0.700044 0.0571408 0.087753 0.0296663
10 0.437431 0.205345 0.0225946 0.0334799 0.0289645
10 0.160654 0.533706 0.0463981 0.0979887 0.0281904
10 0.134263 0.56268 0.014103 0.0897415 0.0281043
6 0.0373365 0.634817 0.0775753 0.318731 0.0277801
4 0.342166 0.199313 0.0161834 0.0282993 0.0273286
3 0.495638 0.58728 0.999987 0.998898 0.026748
10 0.137854 0.577941 0.0144291 0.0428365 0.0262669
10 0.795531 0.382529 0.0195319 0.03487 0.0261581
2 0.135094 0.649408 0.02768 0.0777178 0.025894
2 0.108755 0.822437 0.0414203 0.0894961 0.0258488
10 0.0808565 0.946036 0.0374695 0.0971178 0.0256945
10 0.173967 0.627178 0.0208739 0.0799896 0.0252002
4 0.613588 0.290183 0.195861 0.111105 0.0251568
10 0.147759 0.519422 0.0150457 0.061053 0.024837
10 0.146525 0.570883 0.0149911 0.0425779 0.0246885
2 0.148547 0.707861 0.0208854 0.0486753 0.0242787
1 0.94992 0.662203 0.100792 0.638476 0.0239676
0 0.462504 0.255997 0.0215391 0.0362456 0.0238136
10 0.145248 0.616613 0.0239458 0.0781546 0.0237221
11 0.0432393 0.934112 0.0598045 0.128546 0.0237195
7 0.085048 0.720344 0.0135989 0.0383484 0.0234447
4 0.128393 0.279299 0.186703 0.13316 0.0234226
4 0.062166 0.534957 0.130238 0.196764 0.0228755
4 0.457461 0.243686 0.0483127 0.0701436 0.0226687
10 0.196043 0.571688 0.0222419 0.0541334 0.02249
7 0.0710575 0.872652 0.0163262 0.0433398 0.0224187
2 0.148778 0.693294 0.0247334 0.0420251 0.0222628
7 0.084794 0.699322 0.0190924 0.0341806 0.0216995
1 0.429931 0.821515 0.684409 0.351001 0.0216172
1 0.514139 0.769821 0.957792 0.424127 0.0215657
10 0.192079 0.576069 0.0189424 0.0514296 0.0209537
10 0.269534 0.303055 0.0104016 0.0230042 0.0209534
4 0.950348 0.36964 0.101366 0.606924 0.0207444
11 0.522373 0.815297 0.99998 0.338768 0.0204537
10 0.243821 0.55397 0.018093 0.0624847 0.0202625
4 0.593187 0.294399 0.0441515 0.047958 0.0193157
2 0.0678427 0.668945 0.0386494 0.0627626 0.0192938
1 0.408928 0.745718 0.76262 0.465431 0.0189993
2 0.13941 0.824204 0.0182996 0.0390635 0.018285
10 0.579507 0.261058 0.0153461 0.0250178 0.0177963
4 0.406226 0.264922 0.0726689 0.0467754 0.0177243
10 0.270437 0.566908 0.0268512 0.0468439 0.0172005
10 0.223792 0.64238 0.0219581 0.0718029 0.0166517
10 0.313203 0.298225 0.0209538 0.0244232 0.0164833
10 0.530313 0.291615 0.0193667 0.0247483 0.0163484
6 0.553468 0.302531 0.0510872 0.0369501 0.0158897
10 0.466351 0.352306 0.0453207 0.0539754 0.0156375
10 0.428988 0.955604 0.0772315 0.0640484 0.0153178
7 0.438933 0.658968 0.0170536 0.0157562 0.015274
8 0.366003 0.664425 0.0208534 0.0228345 0.01517
0 0.579298 0.373594 0.0226294 0.0168223 0.0151019
8 0.403019 0.454817 0.0195913 0.0211722 0.0144569
