6 0.431777 0.518952 0.127172 0.272297 0.883545
11 0.34158 0.456862 0.175482 0.286012 0.881754
6 0.699651 0.368019 0.102186 0.30123 0.867928
11 0.464053 0.280793 0.164802 0.259613 0.862202
11 0.70059 0.631929 0.221833 0.345014 0.858696
6 0.592346 0.624235 0.128406 0.3535 0.856333
6 0.309336 0.77443 0.13805 0.250957 0.849509
11 0.778454 0.349033 0.186691 0.411141 0.828837
11 0.315105 0.201991 0.163217 0.27506 0.818351
10 0.497916 0.0948134 0.0606603 0.190094 0.816518
11 0.0694023 0.526342 0.101481 0.206438 0.796883
2 0.762634 0.232143 0.0177466 0.0830862 0.779606
6 0.349146 0.229797 0.0847034 0.190225 0.734701
6 0.518002 0.333219 0.107762 0.240781 0.695642
6 0.443243 0.915795 0.130684 0.169445 0.541019
7 0.74167 0.26226 0.0217302 0.0802381 0.509672
7 0.16483 0.826246 0.0257548 0.0530386 0.479228
6 0.129239 0.53467 0.0810169 0.242274 0.457998
6 0.155211 0.596085 0.116079 0.16942 0.401711
6 0.937041 0.941045 0.087402 0.118909 0.395533
11 0.184926 0.749395 0.2415 0.455615 0.390994
6 0.120663 0.448278 0.104903 0.143826 0.383446
6 0.900545 0.813319 0.19705 0.374866 0.371125
6 0.114217 0.37395 0.119881 0.270503 0.357368
6 0.420736 0.281442 0.0840116 0.239779 0.353962
6 0.951247 0.816097 0.0957281 0.367897 0.350116
6 0.864306 0.56613 0.26658 0.869788 0.345969
6 0.278971 0.283782 0.0722677 0.139867 0.32366
6 0.288181 0.380746 0.0742835 0.138043 0.317814
7 0.236113 0.646113 0.0216338 0.0522497 0.30714
6 0.833284 0.805359 0.24754 0.392018 0.300485
6 0.943378 0.941586 0.0720888 0.11821 0.286129
6 0.898267 0.937892 0.187175 0.12504 0.269651
6 0.422471 0.288335 0.0815816 0.228574 0.269342
2 0.843334 0.265792 0.0170292 0.0648438 0.266961
6 0.979453 0.774723 0.0401299 0.286365 0.26127
7 0.312242 0.42157 0.0223936 0.0385082 0.257755
6 0.824512 0.859827 0.218793 0.28107 0.255471
6 0.103798 0.334104 0.0987835 0.192281 0.254596
7 0.159074 0.868099 0.0326357 0.0777907 0.252836
6 0.856568 0.914378 0.122403 0.172791 0.245699
6 0.985784 0.734818 0.0282185 0.207425 0.240907
6 0.97387 0.771779 0.0516693 0.285188 0.235926
7 0.669519 0.616409 0.021368 0.0642962 0.234796
7 0.428534 0.232357 0.0199579 0.0405602 0.230395
7 0.736739 0.619205 0.0216981 0.102329 0.227867
2 0.838215 0.275523 0.0188095 0.0782429 0.226162
6 0.0982113 0.423183 0.0598186 0.0936901 0.225995
7 0.193388 0.661098 0.0244294 0.0420364 0.22579
2 0.268112 0.166697 0.0160377 0.0468243 0.222552
7 0.741023 0.275493 0.0209989 0.0583502 0.220329
7 0.803697 0.222187 0.0223532 0.0529971 0.22014
6 0.843797 0.748765 0.246833 0.505683 0.214452
6 0.947051 0.558777 0.104708 0.867241 0.213762
6 0.965163 0.693167 0.0675348 0.61798 0.213364
7 0.831317 0.201926 0.0211839 0.0664576 0.212276
6 0.136602 0.280001 0.0963274 0.192765 0.207748
6 0.112518 0.366174 0.122366 0.259923 0.207125
7 0.126289 0.795944 0.0360032 0.0947593 0.206413
7 0.739086 0.59288 0.0186619 0.0457353 0.203428
6 0.934136 0.923551 0.123383 0.154831 0.201286
7 0.309935 0.415397 0.0232672 0.0498196 0.201244
10 0.723967 0.179533 0.0739868 0.100718 0.200046
6 0.935543 0.582364 0.12675 0.831678 0.198267
7 0.803914 0.21264 0.0222859 0.0346063 0.197849
6 0.93958 0.527188 0.119364 0.936692 0.197775
7 0.12206 0.825083 0.0261762 0.0391987 0.197649
6 0.854481 0.957672 0.0973995 0.0861284 0.195628
6 0.00561137 0.241584 0.0119301 0.121811 0.194718
6 0.140052 0.500714 0.0643229 0.181409 0.192804
7 0.0663056 0.515117 0.0178014 0.0542953 0.192411
7 0.855864 0.262159 0.0180729 0.0618197 0.19024
6 0.945666 0.619442 0.106205 0.760953 0.188835
6 0.0157761 0.72424 0.0309703 0.222503 0.188373
10 0.573408 0.109437 0.0489545 0.162883 0.18833
6 0.844652 0.678774 0.243746 0.647154 0.187189
6 0.898181 0.81967 0.195111 0.361149 0.186693
4 0.120111 0.0754763 0.0849169 0.12092 0.182563
6 0.42336 0.926614 0.232856 0.147728 0.181517
6 0.396897 0.225834 0.0581135 0.140936 0.18074
6 0.892099 0.735555 0.211006 0.545251 0.179791
7 0.830313 0.249641 0.0217032 0.0619503 0.175089
2 0.463564 0.144494 0.0136192 0.0515206 0.175029
7 0.856049 0.258295 0.0196932 0.0736738 0.173911
6 0.423515 0.325624 0.0765676 0.157121 0.171433
7 0.485565 0.20812 0.014323 0.0360665 0.170493
2 0.15971 0.468299 0.0251519 0.0725878 0.169783
7 0.314913 0.398331 0.036573 0.0817884 0.169458
10 0.018913 0.493821 0.0376602 0.331117 0.165807
6 0.398165 0.279446 0.0560972 0.194824 0.164618
2 0.00548754 0.271326 0.0107283 0.0585431 0.162843
10 0.574969 0.142514 0.0552856 0.243938 0.16279
7 0.433688 0.234165 0.0176305 0.0387566 0.162656
6 0.0907624 0.306636 0.0851679 0.162412 0.161889
7 0.773046 0.171168 0.0282694 0.0623538 0.160562
6 0.885094 0.341022 0.103854 0.293239 0.160095
6 0.00964709 0.517582 0.020505 0.275977 0.157861
4 0.12493 0.0691957 0.0988078 0.134415 0.157574
7 0.744059 0.229416 0.0192919 0.0712484 0.156283
10 0.0190386 0.608109 0.0376879 0.452794 0.155769
6 0.730548 0.171038 0.0564178 0.0911141 0.15524
2 0.157664 0.468219 0.031213 0.0776164 0.154969
6 0.859279 0.678174 0.270985 0.656994 0.153162
7 0.756639 0.640914 0.0315264 0.0993002 0.147843
6 0.093224 0.317977 0.0826867 0.164582 0.147037
7 0.857884 0.217718 0.0190849 0.0589665 0.146582
6 0.942774 0.848233 0.112184 0.298517 0.146257
11 0.0694623 0.578327 0.105482 0.312438 0.146032
6 0.983885 0.771688 0.0317177 0.250434 0.145994
6 0.0135704 0.46163 0.0265408 0.136858 0.1459
6 0.462937 0.101488 0.0316261 0.141612 0.145395
7 0.835534 0.288185 0.0203926 0.0602625 0.14533
7 0.7376 0.592325 0.0208098 0.0488685 0.145087
6 0.00802334 0.513201 0.0170379 0.25189 0.144329
6 0.132299 0.55787 0.0919769 0.230203 0.142877
6 0.159988 0.649026 0.11628 0.274084 0.142783
7 0.120182 0.807673 0.0220606 0.0637058 0.141371
6 0.34798 0.255047 0.0789732 0.14902 0.140821
6 0.121919 0.496585 0.11353 0.232581 0.140774
7 0.235687 0.667878 0.0268016 0.0934344 0.139933
2 0.747049 0.147873 0.0139969 0.0431503 0.138496
6 0.112125 0.528999 0.0608841 0.232538 0.136752
7 0.430003 0.298675 0.0373899 0.0471952 0.136693
10 0.10345 0.0791862 0.0148805 0.0296124 0.136007
7 0.772937 0.183131 0.0239347 0.0339235 0.135104
6 0.868381 0.545311 0.256136 0.913955 0.134393
7 0.826668 0.196965 0.0159727 0.056427 0.133289
6 0.0664097 0.27989 0.0393374 0.11394 0.133042
6 0.261822 0.282058 0.0777557 0.131126 0.132689
10 0.524511 0.181324 0.113556 0.367263 0.131272
7 0.0295648 0.525629 0.0298792 0.0784412 0.130675
7 0.7413 0.270805 0.0201424 0.0639249 0.128853
6 0.451707 0.0888065 0.0502802 0.168208 0.128504
11 0.617491 0.2229 0.145582 0.271246 0.127977
10 0.563801 0.185833 0.0661226 0.364773 0.125678
6 0.851777 0.704775 0.257193 0.592995 0.12543
6 0.486434 0.107229 0.0882385 0.16011 0.124038
7 0.830664 0.240065 0.0228241 0.0467402 0.123916
7 0.650975 0.573691 0.0461399 0.102955 0.122196
6 0.00642933 0.558467 0.0133341 0.207378 0.120498
7 0.743146 0.204273 0.015479 0.0246666 0.12024
7 0.0554556 0.516024 0.0186422 0.0643843 0.119527
10 0.142969 0.0438186 0.0304869 0.0633018 0.119209
6 0.441294 0.917363 0.157067 0.167264 0.11782
6 0.0159656 0.759018 0.0325912 0.480118 0.117078
7 0.855974 0.28789 0.0211323 0.0394113 0.116926
7 0.310898 0.415846 0.0251675 0.0533894 0.116257
7 0.196421 0.634342 0.0373756 0.0976857 0.11516
6 0.305194 0.240457 0.145681 0.223321 0.114793
7 0.123959 0.82611 0.0223258 0.0356945 0.114574
6 0.870249 0.34433 0.123974 0.305121 0.111551
6 0.984785 0.943728 0.0305356 0.113026 0.111488
6 0.00509209 0.262235 0.0110908 0.0834076 0.109967
6 0.834295 0.865859 0.221249 0.266421 0.1098
10 0.00705728 0.413331 0.0142842 0.164802 0.10792
7 0.305746 0.407279 0.018228 0.0461073 0.106481
6 0.304301 0.236763 0.140466 0.211979 0.106374
11 0.499691 0.965115 0.0657234 0.0713884 0.105921
6 0.782482 0.955569 0.206969 0.0900141 0.102399
7 0.742303 0.257161 0.0179299 0.0736925 0.1022
6 0.972659 0.438806 0.053707 0.851818 0.102165
6 0.324244 0.239208 0.135613 0.203992 0.100821
6 0.853313 0.775606 0.283571 0.445465 0.0992605
7 0.0847104 0.488924 0.0209881 0.0552649 0.0983045
7 0.769757 0.16707 0.0193212 0.04132 0.0975986
7 0.833271 0.214464 0.0162388 0.0580895 0.0971778
6 0.786188 0.559688 0.397915 0.863679 0.0967025
6 0.679467 0.178001 0.0253158 0.120339 0.0963739
10 0.117992 0.0698687 0.0161641 0.0348685 0.0962504
7 0.857612 0.280104 0.02006 0.0535527 0.0952729
11 0.0374738 0.181808 0.0442007 0.0930279 0.0947591
6 0.00592458 0.145157 0.0124104 0.171245 0.0940483
11 0.705309 0.613203 0.0477031 0.0916343 0.0920922
2 0.759429 0.233905 0.0148019 0.0743186 0.0902932
6 0.850385 0.829324 0.288318 0.339902 0.0902229
6 0.51789 0.329541 0.102077 0.231245 0.089865
6 0.404241 0.316899 0.0441793 0.120428 0.0894188
2 0.25672 0.19 0.0221329 0.0596291 0.0893644
7 0.0684443 0.522908 0.0141475 0.0406816 0.0892828
10 0.567775 0.0875184 0.0364159 0.127266 0.0890557
10 0.599119 0.0143273 0.0132061 0.0287367 0.0887986
7 0.268245 0.201332 0.0297979 0.0359637 0.0885415
7 0.121571 0.813873 0.026553 0.0606093 0.0880466
6 0.475697 0.304973 0.178782 0.282797 0.0878961
6 0.848825 0.975618 0.105072 0.0493611 0.0876907
2 0.161141 0.479413 0.0239893 0.0547163 0.0875995
7 0.768827 0.192082 0.026682 0.0366325 0.0875652
7 0.829902 0.233473 0.0159252 0.0428491 0.0870366
7 0.0561322 0.549277 0.0281334 0.0503124 0.0865502
11 0.0936667 0.177259 0.184742 0.351521 0.0864482
7 0.833888 0.242899 0.0307091 0.0630987 0.0843394
6 0.693219 0.21656 0.0572273 0.191404 0.0834601
2 0.854155 0.255033 0.0161102 0.0647507 0.0832427
6 0.742544 0.202613 0.0995216 0.137834 0.082675
2 0.270197 0.160177 0.0120626 0.03528 0.0826619
7 0.0564747 0.532036 0.0160084 0.0326968 0.0825442
6 0.862768 0.662114 0.212199 0.663382 0.0823146
3 0.794025 0.239785 0.0336366 0.0528995 0.0810791
6 0.817337 0.946354 0.232873 0.13341 0.081054
7 0.433334 0.214182 0.0335546 0.0769288 0.0805282
11 0.0641352 0.61553 0.124858 0.428447 0.0796475
2 0.00691347 0.691667 0.0141514 0.152212 0.0793839
6 0.680122 0.773938 0.0812959 0.129414 0.0785622
2 0.760852 0.246552 0.0163696 0.0505966 0.0783653
7 0.7575 0.159471 0.0170497 0.0260426 0.0778621
7 0.12186 0.817332 0.0277437 0.0595051 0.0775422
2 0.077525 0.474304 0.0202521 0.0408919 0.0766613
7 0.0673747 0.504498 0.0146321 0.0493343 0.0759801
7 0.741802 0.237333 0.0162453 0.0421164 0.074856
6 0.22612 0.666769 0.16766 0.280283 0.0746801
7 0.804953 0.217962 0.0192492 0.031789 0.0745946
2 0.160081 0.460928 0.0210507 0.0535768 0.074374
7 0.841757 0.248665 0.0133512 0.0342303 0.0740223
11 0.0579671 0.528275 0.0702096 0.155819 0.0739776
6 0.428672 0.254794 0.0491884 0.139151 0.0737901
2 0.76062 0.212022 0.0136723 0.0448567 0.0733016
6 0.13346 0.567855 0.120945 0.157448 0.0725864
7 0.316355 0.387312 0.032117 0.0640839 0.0716053
6 0.139864 0.529541 0.0639745 0.145842 0.0707719
10 0.157343 0.0253374 0.0179767 0.0416961 0.0703714
2 0.848581 0.271509 0.0143467 0.063561 0.0693347
7 0.159708 0.86525 0.0276931 0.0611977 0.0677436
6 0.765676 0.202251 0.0501767 0.123511 0.0657114
7 0.433203 0.249215 0.0359795 0.140851 0.0650139
6 0.354379 0.211935 0.0807684 0.167997 0.0642313
7 0.729979 0.587446 0.0145527 0.0435315 0.0627809
6 0.0875657 0.473916 0.061993 0.106244 0.0623137
7 0.312104 0.441544 0.0248043 0.0443758 0.0611578
11 0.775344 0.185055 0.171718 0.125704 0.0610528
6 0.41177 0.973519 0.183635 0.0469763 0.0606651
7 0.156782 0.887894 0.0307031 0.0442213 0.0605478
7 0.835361 0.25799 0.0177605 0.067834 0.0601532
7 0.766085 0.182345 0.0435934 0.0861166 0.0591163
7 0.731509 0.590609 0.0144622 0.044957 0.0588814
7 0.238728 0.648719 0.0153546 0.0448091 0.0582911
7 0.31106 0.42233 0.021875 0.0381636 0.0581327
2 0.752638 0.239587 0.0107343 0.0644511 0.0580693
6 0.041984 0.540499 0.0669435 0.13879 0.0571276
7 0.794206 0.234926 0.0185139 0.0326481 0.0561913
7 0.0566783 0.537693 0.0269308 0.0679624 0.0560231
7 0.659039 0.559259 0.0274635 0.0704638 0.0560138
7 0.0753291 0.485912 0.0409335 0.0819645 0.0545378
7 0.426873 0.233704 0.0174807 0.0413187 0.053356
2 0.743419 0.254728 0.0142695 0.0561833 0.0526719
6 0.520379 0.202692 0.11914 0.406113 0.0504593
7 0.0820532 0.501167 0.0137418 0.0361653 0.0495485
7 0.832329 0.293354 0.0168583 0.0499908 0.049265
6 0.754872 0.437647 0.121963 0.141928 0.0487646
6 0.394553 0.226841 0.0464061 0.0843365 0.0485814
6 0.0888671 0.420083 0.0360862 0.0636749 0.0481751
6 0.104672 0.609855 0.0703356 0.104291 0.0473833
7 0.193223 0.662598 0.0233061 0.0391298 0.0470056
11 0.77973 0.461561 0.194845 0.641095 0.0461985
6 0.438767 0.975267 0.137374 0.0502382 0.0459228
7 0.156907 0.877925 0.0357584 0.067855 0.0455691
6 0.126291 0.239018 0.0651257 0.110824 0.0447528
6 0.279627 0.39793 0.0594457 0.0993475 0.0445665
6 0.505732 0.424191 0.518626 0.419759 0.0440006
7 0.761848 0.61793 0.0241333 0.0667655 0.043157
6 0.125857 0.805038 0.101678 0.119538 0.0430994
6 0.530877 0.298163 0.0367154 0.0848984 0.0415225
6 0.350804 0.715466 0.0715506 0.117189 0.041362
7 0.843777 0.251364 0.0122166 0.0422974 0.041064
6 0.482589 0.359444 0.0678707 0.139862 0.0405862
7 0.739487 0.606631 0.01259 0.0355216 0.0398491
6 0.789738 0.498179 0.124193 0.0754396 0.0397904
6 0.354111 0.56286 0.088471 0.0998464 0.039542
7 0.235488 0.647719 0.0179825 0.0410222 0.0394235
7 0.734448 0.618863 0.0186379 0.0919019 0.0394184
7 0.16426 0.824192 0.0210618 0.0441882 0.0390506
6 0.785691 0.874088 0.163832 0.252099 0.0369094
6 0.422335 0.948499 0.0728507 0.101151 0.0365346
6 0.152894 0.949152 0.287837 0.195579 0.0353843
7 0.164398 0.826205 0.0235667 0.0498062 0.0353659
11 0.779667 0.345887 0.1728 0.117774 0.0341761
6 0.394827 0.439233 0.0672254 0.121426 0.0334694
7 0.19732 0.704096 0.0230896 0.0428782 0.0330371
7 0.158561 0.890523 0.0222771 0.0357588 0.0327589
7 0.161036 0.841638 0.0165803 0.0255485 0.0323994
7 0.0374185 0.548976 0.0182447 0.0446599 0.0310386
6 0.895042 0.992761 0.0793434 0.0251104 0.0298791
7 0.20118 0.702791 0.0332181 0.0592552 0.0292082
7 0.748501 0.616669 0.00944831 0.0286572 0.0290487
11 0.703214 0.756825 0.240356 0.476 0.0288322
6 0.267095 0.804272 0.0559306 0.0760715 0.0278076
6 0.326309 0.191351 0.0465279 0.0517173 0.0272356
6 0.181352 0.982364 0.184262 0.0413297 0.0255124
7 0.199089 0.705557 0.0180965 0.032705 0.0241358
7 0.145106 0.842386 0.0568782 0.0592941 0.0236176
7 0.75909 0.635918 0.0260961 0.0938415 0.0233752
6 0.351002 0.522858 0.0630992 0.0716964 0.0229907
6 0.487895 0.927975 0.0474197 0.0470428 0.0229349
6 0.0921807 0.745136 0.0475935 0.0915318 0.0228341
6 0.120446 0.9002 0.0998735 0.077038 0.0227256
6 0.3771 0.78584 0.0459066 0.0922907 0.0224535
2 0.670025 0.631621 0.0301308 0.0560306 0.0222269
7 0.164272 0.853232 0.0234272 0.0439867 0.0221382
6 0.0715263 0.68149 0.0337014 0.0616265 0.0211859
7 0.334575 0.45164 0.0210373 0.0343497 0.019119
2 0.229065 0.798725 0.0109616 0.0265762 0.0166459
