6 0.393885 0.606089 0.213139 0.591014 0.89385
5 0.376658 0.271931 0.0790396 0.162547 0.845941
5 0.72928 0.908981 0.117059 0.182081 0.834062
5 0.816683 0.886193 0.0684369 0.204786 0.581545
5 0.300637 0.530605 0.0787807 0.195405 0.550845
5 0.266572 0.415306 0.0825944 0.153712 0.278604
11 0.312984 0.632868 0.178096 0.400474 0.2545
5 0.821264 0.861009 0.0545815 0.152571 0.231597
11 0.31033 0.563246 0.172106 0.265513 0.216356
10 0.699566 0.0159985 0.0476803 0.0320115 0.174704
6 0.270413 0.299378 0.166835 0.414307 0.158477
7 0.734572 0.979856 0.0630651 0.0409498 0.146474
10 0.592252 0.0978564 0.0568609 0.195619 0.136902
10 0.591563 0.0704942 0.0551674 0.142715 0.123926
6 0.264599 0.220821 0.162251 0.268587 0.12102
5 0.721282 0.468605 0.0471446 0.0938806 0.120245
10 0.592976 0.105298 0.0597235 0.210406 0.110864
5 0.284937 0.469714 0.117074 0.321975 0.109784
5 0.712728 0.0194789 0.075457 0.0393863 0.104065
10 0.629314 0.170667 0.127632 0.340057 0.0998977
5 0.270063 0.445883 0.0967974 0.215836 0.0991804
5 0.401315 0.256862 0.0306092 0.0846898 0.0972466
6 0.256457 0.16281 0.177927 0.319593 0.0961376
5 0.282198 0.47306 0.114067 0.292659 0.0943732
11 0.368066 0.651429 0.292982 0.509229 0.0906175
6 0.279078 0.388435 0.189038 0.595371 0.0896142
11 0.322107 0.590153 0.19624 0.531139 0.0893442
11 0.518027 0.0538459 0.176418 0.10664 0.0893278
11 0.360052 0.696261 0.278218 0.596422 0.0888761
2 0.611933 0.164251 0.0199646 0.0826381 0.0852618
6 0.302371 0.472208 0.261057 0.78765 0.0841877
11 0.313522 0.568883 0.186037 0.547443 0.0827727
5 0.305435 0.48787 0.0678492 0.109453 0.0813778
6 0.431665 0.0560397 0.0365316 0.111831 0.0790641
5 0.298662 0.483944 0.0809462 0.281563 0.0773575
10 0.595226 0.166092 0.0683444 0.330893 0.0768024
5 0.790197 0.952311 0.0206074 0.081122 0.0767414
5 0.815425 0.940145 0.0682603 0.100307 0.074782
11 0.318444 0.628788 0.189046 0.407259 0.0712155
2 0.615989 0.164724 0.011869 0.0819645 0.0698969
6 0.260461 0.168136 0.153212 0.160298 0.0696571
6 0.264391 0.254903 0.153011 0.297214 0.0691082
5 0.708922 0.867566 0.0824778 0.106017 0.0689349
5 0.8182 0.892401 0.0413183 0.0741669 0.0688989
10 0.596337 0.166228 0.0615144 0.330892 0.0682383
6 0.27224 0.388771 0.171504 0.58142 0.0673427
2 0.401031 0.987801 0.0570505 0.0248071 0.0671058
6 0.316756 0.443282 0.299341 0.718324 0.0662558
6 0.299185 0.478158 0.227061 0.750566 0.0656026
10 0.00267767 0.884437 0.00500969 0.22402 0.0641533
5 0.286248 0.379256 0.140583 0.224145 0.0631569
2 0.416552 0.978082 0.0245824 0.0438919 0.0620178
2 0.581978 0.0947137 0.0176753 0.0468391 0.0591733
6 0.405533 0.479389 0.110987 0.330678 0.0579781
10 0.69527 0.0139082 0.0388576 0.0269169 0.0571102
2 0.602671 0.158622 0.0148537 0.0614788 0.0571006
10 0.628036 0.158554 0.12933 0.331683 0.0570478
11 0.369217 0.752246 0.298077 0.420977 0.0569927
5 0.82822 0.82619 0.0471563 0.101483 0.0567261
2 0.409645 0.978245 0.0410175 0.0435335 0.0552953
6 0.379475 0.580416 0.180268 0.539747 0.0551489
5 0.337847 0.377392 0.0513629 0.148986 0.0550891
5 0.744374 0.869498 0.0797663 0.121559 0.0548058
5 0.731039 0.966713 0.069102 0.0680142 0.0531405
7 0.883457 0.930709 0.0312765 0.137947 0.0528849
5 0.28804 0.397698 0.0409213 0.111473 0.0523631
7 0.853036 0.564211 0.0983238 0.190741 0.0515068
7 0.729259 0.988516 0.0705741 0.0239676 0.0502738
6 0.346895 0.633279 0.133917 0.394011 0.0481888
10 0.596288 0.165931 0.0623369 0.330828 0.0480006
6 0.303764 0.524305 0.266653 0.789108 0.0477647
6 0.307549 0.298778 0.259199 0.43857 0.0474135
5 0.833449 0.858317 0.0195185 0.0374985 0.0474062
2 0.429018 0.0428528 0.0252099 0.0749946 0.0472954
5 0.27174 0.294529 0.118413 0.102715 0.0469957
6 0.258883 0.187674 0.148052 0.179402 0.0462405
6 0.315696 0.626284 0.148028 0.398691 0.0455531
6 0.390803 0.734133 0.215529 0.329295 0.0452941
5 0.837908 0.85659 0.0355635 0.160395 0.0446677
10 0.589868 0.123107 0.0533747 0.242101 0.0442402
10 0.588684 0.0250338 0.0490374 0.0518281 0.0440624
11 0.322737 0.643383 0.215725 0.534517 0.0439578
10 0.933197 0.0506686 0.0337887 0.102214 0.0438721
2 0.847262 0.857674 0.0170143 0.162842 0.043585
2 0.429102 0.040207 0.0285697 0.0782568 0.0430208
5 0.287108 0.386127 0.0390365 0.087364 0.0425909
11 0.767915 0.581213 0.14984 0.477287 0.0424831
6 0.344447 0.634769 0.131933 0.390455 0.042022
5 0.398218 0.245814 0.0411529 0.107239 0.0418332
6 0.406257 0.577053 0.129027 0.508316 0.0416544
5 0.746489 0.898539 0.0820559 0.191749 0.0405071
5 0.282729 0.354802 0.11597 0.188396 0.040334
5 0.728087 0.839665 0.0478314 0.050346 0.0400454
10 0.628411 0.175399 0.131809 0.350171 0.0398554
7 0.739508 0.980102 0.0459268 0.0394118 0.0395943
11 0.308313 0.69124 0.172943 0.326902 0.0395446
5 0.731416 0.914762 0.109789 0.170636 0.0392453
5 0.336554 0.454295 0.0467058 0.0485572 0.0391
6 0.816028 0.886332 0.0699278 0.210044 0.0390634
7 0.882045 0.908913 0.0209417 0.0937801 0.0385816
5 0.600156 0.261349 0.0555224 0.1414 0.0379885
6 0.250386 0.118528 0.166572 0.243635 0.0378539
10 0.702175 0.0149131 0.0384954 0.028735 0.0374021
5 0.746984 0.924066 0.0799714 0.152274 0.0371018
5 0.276639 0.373843 0.129621 0.261379 0.0370714
5 0.727675 0.49004 0.0467658 0.125474 0.036873
6 0.439813 0.730936 0.117911 0.326628 0.0365243
5 0.37418 0.394256 0.0499263 0.109799 0.0364257
2 0.599097 0.157641 0.0111237 0.054603 0.0363652
5 0.828716 0.948741 0.0452204 0.0673397 0.0362743
6 0.348611 0.685969 0.134297 0.287998 0.0362422
6 0.342523 0.737801 0.112899 0.19505 0.036214
6 0.87975 0.88271 0.0467396 0.234394 0.0362133
6 0.367247 0.5783 0.16502 0.513031 0.0359426
6 0.386488 0.738425 0.208583 0.350102 0.0357412
5 0.291161 0.388053 0.0282618 0.0729961 0.0354565
5 0.748949 0.141554 0.017137 0.0493876 0.0352667
6 0.36465 0.579285 0.174352 0.52409 0.0352176
5 0.531215 0.0535452 0.0131732 0.0215375 0.034902
11 0.330663 0.817475 0.227857 0.336282 0.034876
5 0.325306 0.394005 0.0800864 0.174004 0.034652
6 0.345365 0.698931 0.128296 0.329272 0.033517
5 0.783761 0.920512 0.028263 0.146462 0.0335011
5 0.402057 0.247505 0.031894 0.113823 0.0334558
2 0.426512 0.0351797 0.0222382 0.0691097 0.0331869
2 0.302455 0.592969 0.0237782 0.0756458 0.0330994
2 0.745159 0.98033 0.0348999 0.0393581 0.0328921
6 0.346138 0.628354 0.12962 0.398633 0.0325791
5 0.777911 0.767644 0.14936 0.459198 0.0325664
6 0.338903 0.774563 0.0691205 0.11614 0.0325253
10 0.695395 0.0147073 0.0385574 0.0278121 0.0325159
6 0.406606 0.687678 0.0879236 0.267139 0.0323167
5 0.375615 0.270414 0.0710757 0.149103 0.0319846
6 0.434791 0.59861 0.121656 0.560187 0.0319528
5 0.252196 0.390238 0.0319753 0.0722386 0.0319405
2 0.400031 0.64461 0.017041 0.0381056 0.0319194
10 0.840031 0.880834 0.0227358 0.125294 0.0316956
5 0.323946 0.412198 0.249975 0.473435 0.0316243
10 0.87159 0.884637 0.0452791 0.226354 0.0313131
5 0.846615 0.860851 0.0208509 0.171416 0.0313128
2 0.615735 0.183149 0.0101817 0.047737 0.0312309
5 0.283876 0.411711 0.0485431 0.136488 0.0311164
5 0.789889 0.944014 0.0177139 0.0962808 0.030958
5 0.720364 0.967801 0.156271 0.0658516 0.0308835
6 0.334605 0.553766 0.347307 0.820851 0.030852
2 0.616463 0.181638 0.00852175 0.0503028 0.0307814
5 0.246265 0.460222 0.0481366 0.124754 0.0307322
2 0.614069 0.188198 0.00946684 0.0450731 0.0306421
6 0.40768 0.539714 0.106781 0.448291 0.0304959
5 0.750058 0.906437 0.0803147 0.186761 0.0302069
5 0.741108 0.8442 0.0749194 0.0684189 0.0301873
2 0.581952 0.0778599 0.0230876 0.0838589 0.0301165
5 0.736138 0.96159 0.126379 0.0790218 0.0299
6 0.349266 0.635115 0.114912 0.277289 0.0298294
6 0.864247 0.922305 0.0294867 0.15326 0.0298176
5 0.341005 0.328909 0.0477612 0.10985 0.0295283
6 0.404284 0.698213 0.180677 0.440856 0.0293421
5 0.401516 0.256519 0.0314975 0.0926101 0.0293173
10 0.588531 0.0354307 0.3125 0.0740674 0.0291098
10 0.553364 0.0675548 0.271134 0.143013 0.0290809
5 0.843903 0.826827 0.0205751 0.104847 0.0283783
5 0.301266 0.532283 0.0728046 0.179815 0.0283511
5 0.738889 0.961497 0.0793249 0.0763863 0.0280933
5 0.827371 0.931991 0.0455349 0.0953638 0.0280427
6 0.336026 0.767947 0.0794729 0.131596 0.027921
6 0.415345 0.666728 0.072369 0.190692 0.0279016
6 0.299638 0.592032 0.220291 0.23477 0.0278732
5 0.320469 0.459416 0.0394859 0.0515012 0.0277926
5 0.36335 0.37519 0.0983028 0.184132 0.0277792
6 0.336082 0.534255 0.359456 0.799721 0.0274221
2 0.710144 0.984577 0.0242926 0.0309708 0.0271489
2 0.302127 0.60203 0.0224852 0.0573551 0.026967
2 0.354055 0.355829 0.0208581 0.0376493 0.0268295
5 0.32095 0.555686 0.0279648 0.111437 0.0267255
6 0.38972 0.452367 0.0856833 0.248958 0.026581
2 0.72915 0.986775 0.0570662 0.0270836 0.0264937
11 0.761313 0.434726 0.123929 0.189191 0.0262609
5 0.789444 0.956775 0.035353 0.0730818 0.0261776
6 0.383217 0.742181 0.0883118 0.224963 0.0261197
2 0.399439 0.656814 0.025999 0.0670069 0.0260641
5 0.413133 0.237403 0.0311471 0.0859011 0.0258602
5 0.327882 0.493361 0.0232226 0.0405092 0.0255962
6 0.388656 0.612457 0.0585904 0.269463 0.0255015
0 0.883171 0.930271 0.0221115 0.134743 0.0253183
11 0.76124 0.440234 0.128265 0.200265 0.0253156
2 0.270542 0.452631 0.0246386 0.0890312 0.0251789
10 0.864673 0.913755 0.0345625 0.17516 0.0251142
6 0.378072 0.514198 0.05381 0.12545 0.0251043
6 0.346637 0.747246 0.143522 0.220705 0.0249808
7 0.301284 0.571291 0.0625058 0.117873 0.0246569
5 0.320446 0.461728 0.0361459 0.047961 0.0244711
5 0.396885 0.272204 0.0283864 0.0906073 0.0240832
5 0.327904 0.508511 0.0239107 0.0882911 0.0240822
5 0.756634 0.909876 0.171108 0.186438 0.0237487
6 0.461471 0.624205 0.100769 0.536834 0.0236848
2 0.601009 0.16319 0.0118434 0.0704258 0.023672
5 0.843665 0.809271 0.0201557 0.06798 0.023646
6 0.35309 0.685718 0.0631466 0.135674 0.0233554
7 0.861077 0.90537 0.0288584 0.0963522 0.0231547
0 0.785454 0.960491 0.0267176 0.0744064 0.0229026
2 0.285887 0.395374 0.0218661 0.0450452 0.0228452
2 0.621968 0.282015 0.0128323 0.0579251 0.0228385
2 0.790514 0.964229 0.0151091 0.0546724 0.0227702
5 0.366916 0.288136 0.0444238 0.0383831 0.0227622
10 0.606645 0.108128 0.031108 0.0647111 0.0226892
6 0.337759 0.746703 0.11088 0.121831 0.0225138
11 0.126581 0.501411 0.245201 0.999953 0.0221995
2 0.312726 0.550592 0.0464098 0.115516 0.0221041
6 0.244816 0.686189 0.102175 0.26581 0.0220544
2 0.317131 0.562674 0.0347089 0.103338 0.0218169
6 0.860888 0.965051 0.0271561 0.0679501 0.0217435
11 0.798617 0.599665 0.211364 0.504674 0.0216704
2 0.705396 0.973048 0.0594983 0.0550546 0.0215565
6 0.345059 0.663101 0.11241 0.104045 0.0215516
2 0.289658 0.401283 0.0257771 0.0522307 0.0214279
8 0.812832 0.930143 0.027143 0.0421398 0.0213962
2 0.304529 0.623288 0.017404 0.0325559 0.0213331
6 0.326963 0.767437 0.041586 0.0827344 0.0212138
10 0.812775 0.940834 0.0247833 0.0480751 0.0211453
2 0.305436 0.690999 0.0548917 0.131772 0.0209495
5 0.722427 0.477361 0.0621885 0.137136 0.0206692
8 0.817697 0.956036 0.0223211 0.053788 0.0206328
11 0.341224 0.815553 0.355725 0.356215 0.0206049
6 0.210605 0.719062 0.0713028 0.108835 0.0205039
2 0.728195 0.992516 0.0539016 0.0207296 0.0203575
11 0.0259673 0.911084 0.050441 0.175812 0.0202817
6 0.23971 0.680173 0.0459552 0.0797448 0.0202585
6 0.36594 0.706236 0.055443 0.0727114 0.0201857
5 0.336426 0.400442 0.0380726 0.105055 0.0201541
8 0.289647 0.380284 0.0318023 0.0562865 0.0200396
10 0.846051 0.943647 0.0195684 0.0766748 0.020035
6 0.370602 0.649844 0.0457749 0.0595715 0.019993
6 0.863358 0.955563 0.0238255 0.0901835 0.0199412
11 0.358443 0.921128 0.314907 0.18409 0.0199071
2 0.817666 0.813185 0.0371201 0.0631004 0.0199042
2 0.315403 0.55618 0.049775 0.0722055 0.0197392
8 0.821069 0.915698 0.0337723 0.0444626 0.0197388
6 0.390328 0.483841 0.0322742 0.0484733 0.0197151
10 0.513546 0.0214052 0.0646483 0.0304882 0.0196654
5 0.402315 0.290704 0.0292963 0.0399363 0.0195678
5 0.824263 0.847924 0.04517 0.0516551 0.0195617
2 0.338922 0.458914 0.0330497 0.035192 0.0195094
6 0.448471 0.842279 0.105574 0.266259 0.0192069
8 0.727309 0.970237 0.108438 0.0621134 0.0191856
6 0.353923 0.802205 0.0716958 0.0829529 0.0190401
10 0.864588 0.977692 0.0217897 0.0468007 0.0190209
6 0.233418 0.820003 0.0892289 0.14762 0.018992
6 0.259569 0.904689 0.118065 0.181584 0.0189789
8 0.80639 0.901889 0.0220715 0.0412247 0.0189219
8 0.321552 0.511086 0.0365613 0.0662425 0.0189068
7 0.322959 0.588978 0.0272247 0.0461004 0.0188821
6 0.829192 0.937469 0.0502504 0.0841673 0.0188543
2 0.357127 0.178847 0.0165534 0.0402069 0.0187607
5 0.434357 0.187992 0.0121279 0.0394121 0.0186653
7 0.320566 0.580975 0.0299389 0.0735486 0.0186029
6 0.254055 0.761583 0.132599 0.16867 0.0185891
2 0.593355 0.245969 0.0223731 0.0580194 0.0185785
11 0.301986 0.490545 0.587331 0.972912 0.0184513
7 0.320497 0.582348 0.0308903 0.0722324 0.0184409
6 0.796479 0.985897 0.088888 0.0384443 0.0183454
2 0.711939 0.472221 0.0276728 0.0792333 0.0182268
8 0.343533 0.326823 0.0394052 0.0960488 0.0181109
10 0.302819 0.694589 0.0403042 0.0745686 0.0180762
2 0.406898 0.651315 0.025852 0.0508119 0.0180216
8 0.732164 0.968464 0.125603 0.0685808 0.0179483
11 0.290519 0.929906 0.150111 0.16507 0.0178678
6 0.289609 0.915598 0.187586 0.169337 0.0177207
10 0.565039 0.706921 0.0718348 0.188965 0.0177048
10 0.537712 0.436579 0.0942883 0.122541 0.017623
6 0.794959 0.970966 0.0690236 0.0581793 0.0175826
6 0.374377 0.545528 0.046254 0.0515892 0.0174489
5 0.739659 0.847002 0.100095 0.113487 0.0173232
5 0.474456 0.219028 0.0894064 0.0610702 0.0172998
6 0.21807 0.730736 0.374552 0.543192 0.0172594
2 0.719258 0.502973 0.0283011 0.0519973 0.0170373
10 0.334435 0.757232 0.0302258 0.0344658 0.0169678
10 0.441141 0.153231 0.0126561 0.0262305 0.0168954
10 0.342964 0.923809 0.0994867 0.151178 0.0168929
8 0.776033 0.98555 0.0334446 0.0314763 0.0165954
2 0.709004 0.469916 0.0252561 0.0752683 0.0164591
6 0.306514 0.957077 0.161153 0.0960826 0.0164502
11 0.278851 0.947166 0.129575 0.113342 0.0162365
6 0.219599 0.863881 0.10259 0.15258 0.0161812
10 0.445625 0.920321 0.0614372 0.114883 0.0161356
0 0.823188 0.973145 0.0272318 0.0335949 0.0160763
10 0.771962 0.980738 0.0207825 0.0412342 0.015989
8 0.798539 0.393691 0.0405589 0.0847075 0.0159489
2 0.340521 0.869185 0.0508607 0.0770099 0.0158541
8 0.356256 0.892471 0.0437415 0.0679636 0.0157465
8 0.296052 0.832952 0.0551476 0.0828968 0.0157032
2 0.847583 0.978209 0.0181314 0.0211435 0.0153251
10 0.351623 0.975802 0.0577798 0.0580116 0.0153143
8 0.373244 0.900648 0.0601635 0.111347 0.0152872
6 0.310057 0.96127 0.063583 0.0984285 0.015248
6 0.337376 0.958516 0.0879926 0.0957912 0.0151549
10 0.378433 0.941275 0.164862 0.119879 0.0149845
11 0.370063 0.982425 0.130215 0.0499245 0.0148633
11 0.35603 0.965593 0.104123 0.077287 0.014504
10 0.333069 0.965014 0.0631007 0.0648699 0.014465
2 0.30224 0.96768 0.0455563 0.0569324 0.0135854
