9 0.647849 0.432607 0.175039 0.270125 0.637294
9 0.55847 0.42662 0.165712 0.265375 0.479971
0 0.432315 0.462917 0.200434 0.25093 0.439036
9 0.513142 0.677094 0.266325 0.318659 0.386505
9 0.61222 0.430277 0.274533 0.277408 0.352192
9 0.545607 0.44323 0.422938 0.301667 0.250174
9 0.483382 0.576554 0.312665 0.519701 0.222976
0 0.424953 0.494969 0.181152 0.182456 0.191843
9 0.50088 0.443521 0.333407 0.30373 0.190966
9 0.483608 0.608138 0.299704 0.452342 0.169488
9 0.485517 0.684695 0.200174 0.295701 0.167349
9 0.583652 0.427816 0.115441 0.25907 0.156673
9 0.578724 0.671171 0.422125 0.348334 0.15243
9 0.532122 0.63904 0.37091 0.405614 0.150628
6 0.974834 0.678657 0.0499245 0.167191 0.148786
9 0.479039 0.660862 0.153359 0.225049 0.148734
6 0.970069 0.79519 0.0594769 0.405364 0.142134
9 0.512026 0.395733 0.0775431 0.191686 0.141347
9 0.539968 0.567978 0.429873 0.547479 0.139968
9 0.515177 0.625708 0.384385 0.434538 0.137025
9 0.510322 0.363045 0.07121 0.126665 0.131698
6 0.970927 0.846132 0.0578758 0.302087 0.122186
9 0.438149 0.456911 0.157195 0.245866 0.121146
9 0.575921 0.567373 0.517956 0.566681 0.111829
9 0.573983 0.563645 0.533447 0.576283 0.105498
7 0.977648 0.815498 0.0447347 0.260708 0.096367
7 0.961105 0.873017 0.0344474 0.127242 0.0962672
6 0.974508 0.733984 0.0511696 0.305015 0.09459
9 0.57413 0.566872 0.531219 0.566848 0.093902
9 0.47367 0.620107 0.215343 0.400746 0.0895583
9 0.438259 0.418525 0.122234 0.168501 0.0887726
9 0.58637 0.637239 0.494044 0.425209 0.0843972
6 0.975252 0.768803 0.0494927 0.344223 0.0837314
9 0.593696 0.38183 0.229784 0.180698 0.0833656
9 0.468998 0.440073 0.174718 0.276684 0.0827372
7 0.969917 0.904225 0.0602114 0.190605 0.0822341
9 0.522581 0.39869 0.100955 0.199399 0.0820007
9 0.451228 0.576027 0.225466 0.37763 0.0795271
0 0.424029 0.456637 0.140927 0.235131 0.07949
9 0.585893 0.633503 0.497147 0.433343 0.0791009
6 0.97513 0.754837 0.0490378 0.332151 0.0773229
6 0.974486 0.762565 0.051478 0.354043 0.0764321
9 0.536902 0.371668 0.123275 0.149357 0.0758996
11 0.959161 0.866019 0.081816 0.267693 0.073148
9 0.464726 0.396547 0.167517 0.192967 0.0730165
7 0.95966 0.872062 0.0299736 0.121541 0.0701399
10 0.40763 0.425917 0.0566137 0.157619 0.0688368
10 0.40987 0.442532 0.0667826 0.194088 0.0685811
0 0.376782 0.488078 0.0873202 0.178328 0.0669514
9 0.550156 0.428628 0.15457 0.26411 0.0656647
9 0.6705 0.502969 0.168572 0.137019 0.0656359
9 0.576311 0.382364 0.195803 0.182857 0.0633785
0 0.373986 0.48587 0.0798687 0.165247 0.0633133
10 0.430859 0.424914 0.106222 0.174074 0.0625362
0 0.386124 0.466931 0.105253 0.226042 0.0622145
10 0.414071 0.45643 0.102539 0.231592 0.0601619
11 0.899531 0.858192 0.199335 0.281966 0.0599522
9 0.546341 0.515517 0.423707 0.184729 0.0582922
7 0.984475 0.833971 0.0311951 0.217235 0.0581907
9 0.516077 0.426866 0.0935635 0.255323 0.0574324
10 0.408762 0.457608 0.0723247 0.227946 0.0554936
9 0.466708 0.451387 0.231238 0.277432 0.0543939
10 0.968949 0.5002 0.0624994 0.994312 0.0538638
7 0.988864 0.716413 0.0234026 0.11289 0.0537845
9 0.729659 0.48965 0.0645451 0.0998465 0.0537671
9 0.530802 0.393404 0.11231 0.185809 0.0535754
9 0.592074 0.669504 0.0900755 0.167638 0.0519405
11 0.501688 0.90589 0.999983 0.189002 0.0518879
9 0.450764 0.617594 0.240333 0.389716 0.0513322
7 0.984074 0.762084 0.0324501 0.205909 0.0512436
10 0.408644 0.409728 0.0610122 0.130156 0.0502057
9 0.506272 0.437787 0.110545 0.275442 0.0500774
6 0.971889 0.614862 0.0562759 0.761271 0.0487892
6 0.988488 0.787625 0.0249689 0.308408 0.0484662
9 0.73253 0.473606 0.0451397 0.0629538 0.0483283
9 0.484452 0.70557 0.200867 0.248129 0.048092
9 0.448806 0.633133 0.245957 0.399191 0.0480416
10 0.403001 0.464214 0.0742419 0.17847 0.0472671
10 0.945895 0.499356 0.108467 0.99965 0.0472164
3 0.500717 0.500334 0.99979 0.996432 0.0468068
11 0.905361 0.933084 0.188013 0.135352 0.0467239
9 0.634011 0.385521 0.145389 0.178914 0.046617
10 0.938706 0.0331495 0.0359041 0.0671823 0.0464447
6 0.971201 0.900331 0.0577983 0.191317 0.0461765
0 0.62745 0.687321 0.22298 0.270823 0.0461192
9 0.681786 0.445568 0.21313 0.286904 0.045733
9 0.564884 0.649936 0.370713 0.169925 0.0451323
9 0.66378 0.397161 0.0877595 0.172811 0.0430351
7 0.980124 0.849331 0.0397578 0.161504 0.0416205
10 0.527522 0.228315 0.0572446 0.180212 0.0407329
4 0.979971 0.0163606 0.0400504 0.0325273 0.0401138
10 0.410166 0.434022 0.0934828 0.179405 0.0400712
0 0.434413 0.504267 0.174549 0.167161 0.0397404
9 0.663467 0.396952 0.0870493 0.16897 0.0392197
9 0.553877 0.566799 0.576005 0.552023 0.0392028
11 0.973253 0.939637 0.0544863 0.12039 0.0389016
9 0.57439 0.604647 0.57225 0.540601 0.0375965
11 0.815495 0.923876 0.363383 0.153881 0.0375724
4 0.5951 0.257579 0.0382183 0.0464583 0.0374401
11 0.909954 0.802622 0.178777 0.396396 0.0365008
9 0.51759 0.642809 0.205688 0.250084 0.0361956
11 0.974287 0.0398562 0.0524654 0.079973 0.0361904
9 0.453606 0.452982 0.15912 0.267574 0.0354222
0 0.748641 0.527857 0.0938218 0.179379 0.0354108
10 0.607165 0.640939 0.0432902 0.101828 0.0353701
7 0.974286 0.85457 0.0509903 0.159488 0.0344893
10 0.0168712 0.857297 0.033977 0.0637409 0.0344654
10 0.391011 0.508863 0.0447369 0.105418 0.0338217
10 0.939637 0.17685 0.0663759 0.352176 0.0336886
6 0.972264 0.647345 0.043775 0.0993 0.0336129
0 0.454809 0.515469 0.142399 0.138569 0.0335457
11 0.803347 0.955775 0.392655 0.0901235 0.0334631
0 0.438092 0.441765 0.181751 0.243154 0.032257
7 0.983777 0.79548 0.0340208 0.135867 0.0321886
9 0.661678 0.500516 0.10765 0.169322 0.0321549
7 0.982273 0.830283 0.035372 0.132416 0.0318773
10 0.410632 0.52923 0.0701901 0.126325 0.0318769
0 0.749094 0.493558 0.0879321 0.111947 0.0315374
2 0.664788 0.645059 0.0218676 0.0358784 0.0313992
2 0.612243 0.657915 0.0290587 0.0583512 0.0312654
9 0.707816 0.528714 0.149503 0.191173 0.030988
10 0.393921 0.530538 0.0664781 0.102448 0.030805
9 0.498548 0.678798 0.200173 0.196782 0.0308012
10 0.421995 0.499938 0.127144 0.185992 0.0306416
10 0.430335 0.515673 0.104889 0.16275 0.0303296
10 0.808183 0.470198 0.0602691 0.163254 0.0301672
10 0.01402 0.712897 0.0288016 0.451837 0.0297322
10 0.467641 0.514758 0.0786125 0.127581 0.0295009
9 0.566287 0.608474 0.573017 0.542906 0.0294072
9 0.722285 0.578403 0.174358 0.277048 0.0291834
11 0.979072 0.94377 0.0429128 0.111479 0.029101
10 0.945693 0.386577 0.110143 0.761558 0.0288645
9 0.543531 0.640793 0.523749 0.459235 0.0285588
2 0.461624 0.539731 0.0286701 0.0804966 0.0284425
9 0.602895 0.367596 0.0704281 0.137538 0.0284417
10 0.479433 0.500762 0.101391 0.155851 0.0279723
7 0.967186 0.895472 0.023491 0.0625919 0.0278479
10 0.034631 0.52261 0.0696153 0.944573 0.0278068
9 0.599414 0.365727 0.0668596 0.130505 0.027745
9 0.4828 0.511751 0.0980784 0.14034 0.0276794
9 0.657488 0.509498 0.0995332 0.157494 0.0271736
0 0.510652 0.757638 0.163937 0.154018 0.0270539
10 0.445859 0.480435 0.036041 0.0634863 0.0268924
10 0.583527 0.339513 0.0286472 0.0682004 0.0266859
10 0.500086 0.50238 0.053527 0.0981527 0.0258861
3 0.492988 0.502338 0.9997 0.999427 0.0257215
0 0.752222 0.526163 0.104335 0.180116 0.0256904
9 0.582534 0.501484 0.0919751 0.125582 0.025543
2 0.731672 0.569034 0.0436654 0.102348 0.0253669
10 0.974746 0.968332 0.0492334 0.0663353 0.0253632
9 0.463925 0.568973 0.269927 0.182336 0.0253546
7 0.975341 0.913511 0.036705 0.0529497 0.0253233
10 0.467761 0.534372 0.0553086 0.100108 0.0252963
9 0.733297 0.450595 0.114298 0.218164 0.0251588
10 0.982136 0.892395 0.0287796 0.104444 0.0250848
10 0.979862 0.976185 0.0374174 0.0482179 0.0247226
7 0.987981 0.878206 0.0196987 0.0626804 0.0246791
6 0.969229 0.644955 0.0363173 0.0943518 0.024334
7 0.984903 0.873751 0.0263619 0.0782821 0.0242198
10 0.852239 0.49345 0.298769 0.999957 0.0241465
10 0.600325 0.358796 0.0578263 0.0887549 0.0239186
2 0.73422 0.539425 0.0608351 0.174295 0.0237987
9 0.549 0.675825 0.542281 0.433498 0.0236479
2 0.695209 0.675053 0.125329 0.180599 0.0236126
2 0.513625 0.799235 0.0427421 0.0753246 0.0234243
10 0.469603 0.696525 0.176851 0.134601 0.0232422
2 0.646803 0.674831 0.0570656 0.0953479 0.0232304
10 0.590087 0.712412 0.0727291 0.103232 0.0232003
2 0.701079 0.379451 0.0147204 0.0366291 0.0231663
2 0.749719 0.557545 0.0798442 0.158718 0.0230422
10 0.662676 0.373058 0.0782143 0.124131 0.023004
10 0.4798 0.534598 0.0610325 0.107603 0.0229653
10 0.971167 0.96912 0.0507088 0.0684708 0.0228418
0 0.611591 0.725557 0.614972 0.952111 0.0227807
3 0.246386 0.153313 0.483755 0.300148 0.0227379
10 0.597942 0.67121 0.0373401 0.0343285 0.0226386
10 0.598218 0.345085 0.060038 0.0873407 0.0225666
10 0.966019 0.953893 0.0298624 0.0581121 0.02252
10 0.624702 0.717795 0.0265611 0.0490553 0.0225165
10 0.410343 0.398262 0.0807639 0.113404 0.0224822
10 0.416751 0.545509 0.0537556 0.0666258 0.0223018
10 0.971967 0.960664 0.0533562 0.0785395 0.0222754
11 0.538212 0.990914 0.99806 0.0216578 0.0221993
10 0.46278 0.585741 0.0307717 0.0578201 0.022144
10 0.407216 0.544001 0.074828 0.0888253 0.0218583
10 0.975295 0.945006 0.0420271 0.105955 0.021757
2 0.700705 0.38145 0.0128901 0.0327405 0.0217082
10 0.441745 0.580117 0.0693562 0.0567617 0.0215856
10 0.457494 0.609168 0.0796018 0.114709 0.0215594
10 0.500416 0.572762 0.065334 0.0710828 0.0213319
10 0.718683 0.712503 0.0591565 0.11 0.0211415
10 0.926256 0.688609 0.147768 0.996836 0.0211214
10 0.548898 0.975668 0.09165 0.0555836 0.0210777
10 0.461212 0.586171 0.0438106 0.0632719 0.0210702
9 0.640739 0.660078 0.259477 0.110896 0.0210491
10 0.581549 0.719018 0.0432861 0.0508042 0.0210084
10 0.441152 0.549417 0.053134 0.0807165 0.0209432
10 0.484066 0.917051 0.0780144 0.0635628 0.020735
10 0.701321 0.683526 0.109201 0.0875477 0.0207091
10 0.516206 0.716222 0.0475797 0.056139 0.0206735
10 0.432461 0.700473 0.0500897 0.0666356 0.0206704
10 0.955992 0.967978 0.0288799 0.0694462 0.0206488
10 0.346281 0.882743 0.059136 0.0643936 0.0204688
6 0.976412 0.941004 0.0476864 0.0821672 0.0203664
9 0.599466 0.519956 0.0558007 0.0924141 0.0203529
10 0.51332 0.882332 0.142743 0.125856 0.0203401
7 0.952697 0.929653 0.0211611 0.0464052 0.0203365
10 0.663885 0.685319 0.0811424 0.0691708 0.0202978
10 0.421457 0.672253 0.047318 0.0572149 0.0202525
10 0.519472 0.731275 0.0576949 0.0651755 0.0201782
11 0.545415 0.993803 0.976238 0.0180977 0.0201771
10 0.453936 0.595321 0.0540936 0.065865 0.0201305
10 0.422664 0.535105 0.849338 0.976113 0.0200287
10 0.791218 0.789188 0.290152 0.995835 0.0199872
10 0.894466 0.626202 0.209933 0.999937 0.019885
2 0.737659 0.633121 0.0442262 0.107705 0.0198811
10 0.449833 0.581454 0.0550375 0.0648645 0.0198751
10 0.412168 0.65159 0.0348073 0.0598841 0.0198151
10 0.52938 0.580257 0.0606858 0.0541004 0.0197891
10 0.947439 0.973591 0.0306139 0.0641581 0.0197047
10 0.462345 0.575114 0.849647 0.820219 0.0196107
10 0.643722 0.637419 0.0628601 0.0720957 0.0196094
4 0.568808 0.828112 0.509925 0.201401 0.0196086
10 0.654955 0.905169 0.0858588 0.0753336 0.0195697
10 0.495463 0.564603 0.043362 0.0454824 0.0193694
10 0.552301 0.76166 0.0620578 0.0834135 0.0192123
9 0.31307 0.728647 0.5873 0.452287 0.0191694
2 0.235311 0.444057 0.0540468 0.0801235 0.0191528
10 0.285398 0.542496 0.581712 0.914931 0.0191261
2 0.357707 0.751975 0.0640606 0.103237 0.0191156
10 0.167557 0.540533 0.346688 0.822917 0.0190809
10 0.823615 0.605416 0.285125 0.824642 0.0190783
10 0.950639 0.956665 0.0290085 0.0847089 0.0190725
10 0.535975 0.905673 0.0535406 0.0430702 0.0188637
10 0.949193 0.984742 0.0295959 0.0452843 0.018689
10 0.446976 0.906923 0.166107 0.160866 0.0186485
10 0.493057 0.898049 0.0436812 0.0503718 0.0186065
10 0.113523 0.677316 0.228921 0.63736 0.0185934
10 0.573564 0.536308 0.0672973 0.062401 0.018422
10 0.671312 0.58389 0.0823035 0.0779946 0.01839
10 0.771915 0.509927 0.035796 0.0865492 0.0183204
10 0.458536 0.92506 0.207221 0.148746 0.0182319
10 0.333313 0.796498 0.0516695 0.0885526 0.0181894
4 0.521612 0.760829 0.998012 0.492744 0.0181555
10 0.465689 0.959037 0.0883256 0.0677101 0.0181507
10 0.459776 0.942679 0.0599981 0.0811151 0.0181024
3 0.525126 0.641853 0.999936 0.64368 0.0181021
10 0.581071 0.893075 0.0947107 0.0991074 0.0180256
10 0.619178 0.935936 0.109914 0.0744264 0.0179971
10 0.486065 0.921782 0.187725 0.0843094 0.017996
10 0.427559 0.923688 0.0698559 0.0718304 0.0179903
0 0.451081 0.815265 0.0936272 0.0647434 0.0179802
2 0.520291 0.800404 0.0711779 0.0794403 0.0179761
10 0.493906 0.763278 0.1848 0.157921 0.0179396
0 0.501897 0.72946 0.446205 0.393476 0.0179284
10 0.317465 0.890685 0.0425739 0.0568842 0.0178931
10 0.63803 0.961209 0.206642 0.0885498 0.0178529
10 0.409527 0.588477 0.06068 0.0819092 0.0177712
10 0.533813 0.860859 0.190991 0.14508 0.0175339
10 0.718251 0.896236 0.0538981 0.0540344 0.0174866
10 0.576192 0.77999 0.184304 0.129606 0.01747
0 0.496345 0.787639 0.144094 0.0927386 0.0174576
10 0.414394 0.834054 0.175376 0.0804495 0.0174128
10 0.437671 0.971055 0.0928562 0.0519832 0.0174091
10 0.509451 0.925525 0.372787 0.154268 0.0173502
10 0.566356 0.925906 0.362216 0.158315 0.0173437
10 0.457137 0.862456 0.104914 0.0509415 0.0172718
0 0.45029 0.775793 0.109622 0.12787 0.0172708
0 0.517241 0.971674 0.392657 0.0852833 0.0172197
4 0.529284 0.800719 0.586115 0.415377 0.0172122
0 0.416562 0.614347 0.030553 0.0543355 0.0170918
10 0.740966 0.750384 0.0313367 0.0479506 0.0170832
0 0.534662 0.867492 0.215158 0.114903 0.0170515
2 0.342299 0.722272 0.0634756 0.0893349 0.0170472
0 0.414311 0.912055 0.222722 0.189874 0.017032
10 0.236474 0.457118 0.0375341 0.0407621 0.0169986
0 0.421011 0.798299 0.0651576 0.0633488 0.0169965
0 0.599803 0.930272 0.489069 0.140136 0.0169688
10 0.47384 0.80525 0.104706 0.0803594 0.0169317
4 0.488651 0.747365 0.840455 0.372767 0.0168881
10 0.507367 0.921441 0.396742 0.152956 0.0168666
10 0.422952 0.766904 0.0507377 0.0668117 0.0166999
10 0.473402 0.84709 0.0721864 0.0609871 0.0164503
0 0.51488 0.958341 0.510416 0.106126 0.0164243
10 0.474275 0.856135 0.100933 0.0891636 0.0163442
10 0.64302 0.877062 0.313985 0.13453 0.0161827
0 0.478486 0.92906 0.432531 0.150082 0.0161797
8 0.439476 0.859027 0.125916 0.0545212 0.0160722
0 0.515121 0.693557 0.953105 0.744833 0.0160083
11 0.552866 0.87132 0.370655 0.226398 0.015982
10 0.480018 0.96307 0.19517 0.0738612 0.015939
0 0.521181 0.946725 0.57153 0.170864 0.0158573
6 0.519002 0.938393 0.441034 0.131505 0.015854
4 0.521321 0.857652 0.921394 0.22396 0.0158492
8 0.427598 0.825201 0.0681142 0.0727326 0.015846
10 0.729013 0.813417 0.0405071 0.0555111 0.0157961
0 0.457336 0.915275 0.191157 0.0912045 0.0157828
10 0.6741 0.816119 0.0492427 0.0498621 0.015771
10 0.553173 0.810976 0.124529 0.0765198 0.0152671
4 0.529393 0.931746 0.576801 0.173399 0.015168
