9 0.755312 0.469342 0.186532 0.237744 0.789447
9 0.66385 0.439363 0.15296 0.197684 0.639273
9 0.631517 0.678407 0.21798 0.191774 0.272783
9 0.631115 0.700654 0.259093 0.245526 0.224725
9 0.606675 0.699112 0.309104 0.248215 0.221603
9 0.652067 0.429295 0.127353 0.163327 0.181065
9 0.693144 0.692332 0.493821 0.295742 0.116862
9 0.604683 0.646521 0.315768 0.355056 0.112782
11 0.499089 0.497888 0.999975 0.999988 0.0995583
10 0.96258 0.496914 0.0750637 0.999628 0.0917821
9 0.742371 0.469748 0.1429 0.230249 0.0910119
9 0.631719 0.427526 0.0899689 0.157122 0.0903619
9 0.726214 0.464522 0.282717 0.256406 0.0897536
7 0.0118146 0.98277 0.0242309 0.0337149 0.0861217
9 0.706525 0.696737 0.443333 0.27172 0.0851364
4 0.694606 0.312332 0.033898 0.0350066 0.0850805
9 0.564234 0.708752 0.236797 0.234973 0.0837618
9 0.682809 0.682835 0.138747 0.163559 0.0794722
9 0.68903 0.575984 0.488741 0.50938 0.0785838
10 0.974348 0.496417 0.0518638 0.99998 0.0760858
11 0.498033 0.902276 0.993905 0.194565 0.07468
9 0.698962 0.690765 0.395249 0.27564 0.0744073
9 0.855027 0.519799 0.101207 0.108938 0.0732611
10 0.973324 0.4969 0.0538713 0.999986 0.0732151
9 0.619555 0.423216 0.0619153 0.14312 0.0716429
10 0.983265 0.249686 0.0333883 0.496166 0.0704237
9 0.786618 0.528863 0.225406 0.127092 0.0680853
9 0.697374 0.411132 0.212664 0.234776 0.0679078
6 0.527551 0.722789 0.171911 0.210145 0.0649417
9 0.712985 0.576459 0.469891 0.520804 0.0627496
10 0.967979 0.232715 0.0635413 0.463848 0.062385
9 0.597506 0.671102 0.141876 0.176906 0.0589981
9 0.696499 0.571578 0.509743 0.546191 0.0581685
9 0.749346 0.528781 0.147034 0.116229 0.0575873
9 0.724387 0.545855 0.38903 0.451689 0.0568968
9 0.661426 0.457484 0.15064 0.220407 0.0563609
9 0.728539 0.414654 0.140652 0.232069 0.0559744
9 0.726058 0.430133 0.143374 0.175031 0.0556544
9 0.77226 0.527914 0.195103 0.120034 0.0554813
9 0.751066 0.532711 0.151196 0.106327 0.0554147
10 0.987793 0.290979 0.0247044 0.584693 0.0520005
10 0.634693 0.299479 0.0530647 0.164327 0.0510154
9 0.686103 0.668252 0.0970816 0.124914 0.0494266
9 0.697313 0.466758 0.202989 0.218793 0.0471174
10 0.987949 0.187102 0.0242105 0.366828 0.0467997
10 0.765177 0.676827 0.0659816 0.105871 0.0465667
10 0.9895 0.27825 0.0216414 0.549732 0.0464682
9 0.618166 0.399537 0.0548359 0.0959199 0.0464105
10 0.969825 0.0712309 0.060352 0.143241 0.0463004
9 0.795234 0.474911 0.196164 0.23166 0.0455278
10 0.98987 0.0669027 0.0211735 0.131463 0.0454834
9 0.62738 0.675819 0.283482 0.31362 0.0454393
10 0.965817 0.163604 0.0678761 0.332103 0.0453709
9 0.695387 0.432083 0.0911076 0.16585 0.0449245
9 0.758487 0.439419 0.0809756 0.158941 0.0448394
6 0.484059 0.718673 0.0902841 0.204654 0.0442737
10 0.989297 0.297513 0.0221075 0.589356 0.0442026
10 0.987023 0.679842 0.026161 0.635086 0.0439004
10 0.986959 0.675406 0.0263361 0.64064 0.0431878
10 0.963212 0.368474 0.0733024 0.729624 0.0431318
10 0.985715 0.045608 0.0294636 0.0893165 0.0430283
10 0.967543 0.105648 0.064678 0.214151 0.0422572
10 0.977655 0.677221 0.0449017 0.642998 0.0422322
2 0.0120423 0.967061 0.0253605 0.0664843 0.0420606
9 0.826611 0.566045 0.15199 0.196869 0.041982
10 0.76442 0.684402 0.054154 0.0808755 0.0418582
2 0.0119512 0.936906 0.0248029 0.125994 0.0418441
11 0.502858 0.0788437 0.995971 0.155212 0.0416169
11 0.499368 0.887154 0.999395 0.226084 0.0413233
9 0.638743 0.402266 0.0943117 0.102405 0.0412191
10 0.989396 0.0892942 0.0217239 0.170385 0.0409903
10 0.985513 0.363059 0.0293283 0.706876 0.0408397
10 0.695552 0.661273 0.0619875 0.107869 0.0403362
11 0.49657 0.958833 0.981189 0.0835378 0.0401448
9 0.649683 0.744027 0.405809 0.349657 0.0401252
9 0.744605 0.429042 0.110496 0.164289 0.0400178
9 0.791499 0.477765 0.24135 0.242666 0.0399407
10 0.771121 0.653829 0.045375 0.0562837 0.0399016
9 0.723291 0.421883 0.130817 0.209075 0.0389063
10 0.86904 0.495254 0.26394 0.999968 0.038682
10 0.625026 0.270191 0.0214858 0.0910802 0.0385322
10 0.629068 0.302089 0.0452799 0.159639 0.0382092
10 0.762333 0.653086 0.0227676 0.0347914 0.0381844
9 0.649038 0.46622 0.128504 0.246481 0.0377572
9 0.780342 0.58616 0.303969 0.489282 0.0369995
9 0.687028 0.392467 0.0647764 0.087954 0.0361146
9 0.825102 0.504951 0.0422146 0.0687966 0.0360055
10 0.963848 0.134301 0.0718007 0.267349 0.0357904
10 0.98325 0.0171246 0.0345861 0.0335845 0.0349777
9 0.697939 0.458688 0.140999 0.22461 0.0349683
9 0.737164 0.414385 0.115149 0.135556 0.0348354
9 0.827287 0.510254 0.0488987 0.0828261 0.0347423
10 0.98929 0.455498 0.022621 0.856604 0.0346874
9 0.839927 0.483206 0.131008 0.190476 0.0344282
9 0.80776 0.540292 0.207876 0.136882 0.0344179
10 0.970542 0.681687 0.0590943 0.643742 0.0338376
10 0.990268 0.345341 0.0199259 0.64119 0.0337612
10 0.876801 0.750772 0.0994736 0.144817 0.0337593
9 0.609992 0.574577 0.372664 0.495145 0.0336807
4 0.694713 0.312469 0.0326293 0.0331684 0.0329839
10 0.871892 0.459981 0.265559 0.894736 0.0327363
10 0.767564 0.652065 0.0336876 0.0423398 0.03263
9 0.696846 0.430698 0.0775539 0.146706 0.032362
9 0.704961 0.417456 0.0818541 0.129353 0.0317704
9 0.664992 0.395623 0.0820095 0.0871673 0.031663
10 0.98792 0.48386 0.0246075 0.846087 0.031529
9 0.837568 0.51521 0.0694092 0.0914501 0.0311512
10 0.697628 0.677841 0.074086 0.136324 0.0310135
11 0.495508 0.88856 0.999986 0.226104 0.0304705
9 0.592596 0.569876 0.637684 0.50135 0.0303721
9 0.704875 0.353558 0.105355 0.120163 0.0303468
10 0.885533 0.518693 0.0541416 0.101831 0.0303093
10 0.759624 0.496459 0.474463 0.999974 0.0301328
10 0.970755 0.645025 0.0579429 0.973371 0.0299593
10 0.987302 0.859363 0.0258619 0.27819 0.0299013
9 0.702916 0.499216 0.102385 0.165747 0.0292297
10 0.989058 0.58318 0.0227541 0.828111 0.0291611
9 0.719816 0.36001 0.123549 0.137704 0.0289198
10 0.802454 0.621174 0.0691983 0.116309 0.0288252
10 0.888285 0.286745 0.228344 0.569415 0.0287653
9 0.658014 0.480111 0.0288852 0.0549755 0.0287603
11 0.503774 0.945533 0.994323 0.104587 0.0286938
10 0.988243 0.612638 0.0250683 0.544723 0.0283036
9 0.658254 0.48169 0.0297389 0.0530269 0.0282295
10 0.793541 0.634883 0.085338 0.144538 0.0280227
11 0.767186 0.0873402 0.471891 0.173901 0.0279883
9 0.683861 0.734442 0.49264 0.321381 0.027679
10 0.937271 0.686591 0.126574 0.999867 0.0274101
9 0.721806 0.348865 0.102662 0.105897 0.0273093
10 0.769008 0.681857 0.056759 0.0832378 0.0272528
10 0.799335 0.638123 0.0798313 0.121035 0.0272194
10 0.9554 0.739941 0.0891357 0.521272 0.0271472
9 0.695018 0.699528 0.516872 0.39729 0.0270254
0 0.781592 0.654883 0.161528 0.178186 0.0269668
9 0.751035 0.440017 0.0748296 0.145974 0.0269188
9 0.71158 0.51603 0.0848448 0.14712 0.02686
11 0.500968 0.729556 0.998605 0.535324 0.0266391
10 0.988823 0.876071 0.0232925 0.247928 0.0265322
10 0.790807 0.643684 0.07719 0.127828 0.0264981
10 0.850211 0.0862447 0.305195 0.172836 0.0264793
3 0.501389 0.496375 0.987076 0.992667 0.0263774
6 0.052918 0.980293 0.106073 0.0392616 0.0261993
9 0.707342 0.489695 0.0627095 0.0930775 0.0260675
10 0.989327 0.55723 0.0228209 0.400991 0.0259741
10 0.870286 0.101014 0.267934 0.191274 0.0256654
10 0.782017 0.500875 0.067542 0.149484 0.0256187
11 0.777677 0.0143914 0.447548 0.0304906 0.0256131
10 0.885403 0.516658 0.0492023 0.0974788 0.0253658
2 0.659044 0.726033 0.0458406 0.0691653 0.0252107
10 0.648347 0.385599 0.04812 0.114712 0.0249716
10 0.742406 0.387379 0.0270147 0.0582798 0.0248823
10 0.882823 0.0438176 0.242104 0.0898768 0.0247977
11 0.702621 0.951895 0.592875 0.0980961 0.0247367
11 0.505111 0.982081 0.982421 0.0365623 0.0246022
10 0.973952 0.720775 0.0450021 0.868294 0.0245101
10 0.687471 0.692734 0.0907094 0.0808911 0.0243981
2 0.00734694 0.664703 0.0150611 0.600136 0.0243838
9 0.671331 0.46942 0.0631204 0.0569967 0.0243717
4 0.499979 0.646138 0.990571 0.702514 0.0242689
2 0.0199095 0.605016 0.0400167 0.768326 0.0241342
10 0.878465 0.203158 0.256488 0.404816 0.0240903
10 0.989135 0.762755 0.0214432 0.294127 0.023903
10 0.989562 0.56149 0.0222768 0.37033 0.0238691
9 0.695142 0.608641 0.604036 0.608665 0.023841
10 0.817888 0.654498 0.0765784 0.0883129 0.0236788
9 0.429369 0.539406 0.687368 0.593814 0.0235935
9 0.397854 0.519929 0.752435 0.636539 0.0235898
10 0.961083 0.517883 0.0743872 0.361004 0.023542
9 0.493095 0.544218 0.86287 0.547255 0.0233324
3 0.49929 0.501438 0.997155 0.984624 0.0232548
9 0.580271 0.574235 0.801421 0.566809 0.023247
11 0.493003 0.0223731 0.986718 0.0419054 0.023104
10 0.751799 0.70059 0.0714033 0.107749 0.0229262
10 0.829341 0.682866 0.0996548 0.195108 0.0228759
9 0.701065 0.735643 0.460865 0.24274 0.0228102
10 0.749442 0.691611 0.0357109 0.0833567 0.0226517
10 0.71461 0.677847 0.0316123 0.0654436 0.0225287
2 0.00691875 0.552654 0.013469 0.309038 0.0224795
6 0.0905989 0.983295 0.181115 0.0337229 0.0224632
10 0.623398 0.0816349 0.777109 0.15675 0.0224333
9 0.674585 0.512756 0.0832687 0.144795 0.022383
11 0.508648 0.16169 0.999978 0.322396 0.0223251
9 0.498333 0.57946 0.926195 0.627708 0.0222914
10 0.813744 0.673492 0.105978 0.129939 0.0221843
9 0.759048 0.421004 0.479345 0.824798 0.0220183
10 0.00774411 0.41752 0.0150581 0.359956 0.021722
10 0.79889 0.0382414 0.416527 0.0804641 0.0216611
9 0.65445 0.562777 0.141699 0.204092 0.0216014
10 0.799192 0.741196 0.0593922 0.0632979 0.021546
10 0.712153 0.675664 0.0250798 0.0437723 0.0213233
6 0.55597 0.776701 0.0725589 0.100766 0.0211642
10 0.777191 0.673512 0.429866 0.992123 0.0210933
9 0.693124 0.729536 0.520397 0.415316 0.0210876
8 0.0405631 0.0080851 0.033596 0.0164219 0.0209245
11 0.202993 0.911055 0.406647 0.178713 0.0208989
9 0.620033 0.439014 0.0368798 0.051011 0.02086
10 0.45174 0.87285 0.0493239 0.091996 0.0208369
0 0.730851 0.642818 0.119583 0.0759092 0.020817
10 0.350406 0.90878 0.370093 0.175174 0.0207553
10 0.743158 0.715315 0.0333918 0.0489912 0.0207162
10 0.67891 0.643943 0.0982058 0.120885 0.0207072
10 0.218083 0.950095 0.391468 0.0984129 0.0206786
11 0.822119 0.902105 0.354321 0.206814 0.0206746
10 0.311188 0.903025 0.410997 0.194233 0.020661
10 0.754355 0.761663 0.467865 0.956799 0.0204788
9 0.712289 0.556741 0.0726378 0.0906351 0.0204687
10 0.295384 0.920644 0.550217 0.163054 0.0204133
11 0.499484 0.0249435 0.993561 0.0486361 0.0204019
10 0.696044 0.680551 0.0361024 0.0311156 0.0202191
11 0.693869 0.851139 0.532047 0.18488 0.0201907
3 0.495668 0.545316 0.999981 0.999917 0.0200632
2 0.00679001 0.655409 0.0126627 0.241824 0.0199927
9 0.756543 0.403832 0.0637513 0.101387 0.0199068
3 0.502483 0.423963 0.999838 0.807591 0.0198
10 0.775958 0.417011 0.019541 0.0511462 0.0197398
10 0.814193 0.720156 0.0922319 0.0846164 0.0197386
10 0.69241 0.717786 0.0732366 0.0840885 0.019699
3 0.503141 0.551702 0.996768 0.881291 0.0196777
10 0.695282 0.688116 0.52954 0.987577 0.0194503
10 0.473757 0.709761 0.855947 0.941592 0.0194373
11 0.627225 0.0324605 0.765024 0.0641217 0.0193724
11 0.51225 0.0320425 0.974821 0.0366269 0.0193475
10 0.567986 0.93878 0.070903 0.0762407 0.0193024
10 0.874241 0.487694 0.0354488 0.0874552 0.0192399
10 0.77236 0.932969 0.0875593 0.0661503 0.0192325
10 0.821817 0.832504 0.296717 0.999006 0.0192319
2 0.795039 0.416547 0.0136495 0.036593 0.0191958
3 0.512377 0.50947 0.810226 0.95494 0.0190172
11 0.483919 0.979569 0.936093 0.0370909 0.0189521
11 0.515192 0.100596 0.999863 0.131763 0.0189342
10 0.608662 0.919256 0.0452118 0.0429582 0.0188661
10 0.530185 0.557466 0.862595 0.999732 0.0188554
10 0.788663 0.902587 0.0568964 0.0590254 0.0188484
0 0.444593 0.934741 0.152289 0.0897713 0.018826
10 0.492814 0.865147 0.126825 0.098682 0.0187557
6 0.858469 0.532013 0.047454 0.0800351 0.0187364
10 0.517093 0.917739 0.0635019 0.0660559 0.0186994
10 0.794596 0.933055 0.0630287 0.0558289 0.0186922
10 0.716279 0.902442 0.146789 0.077771 0.0185211
9 0.760063 0.572662 0.111402 0.0762084 0.0184308
10 0.774476 0.858845 0.147775 0.084398 0.0183646
9 0.700132 0.346467 0.0682366 0.102455 0.0182669
10 0.672941 0.817445 0.470479 0.998063 0.0182042
10 0.589841 0.874918 0.0918136 0.126331 0.0181743
10 0.581893 0.964117 0.185111 0.0705006 0.0181733
10 0.607955 0.864451 0.0322204 0.0345333 0.0181566
10 0.586859 0.845096 0.0687552 0.0488626 0.018128
10 0.633164 0.884285 0.0309686 0.0458714 0.018065
10 0.618262 0.900131 0.121942 0.0606047 0.0180215
10 0.301105 0.530739 0.445293 0.643913 0.0179754
10 0.500217 0.671798 0.954554 0.98807 0.0179434
10 0.682569 0.293273 0.0648352 0.0859646 0.0179289
10 0.685349 0.878091 0.136731 0.0872053 0.0178795
2 0.593983 0.766236 0.0283072 0.0381036 0.0177984
10 0.629563 0.936859 0.242068 0.0869652 0.0176934
10 0.794254 0.417314 0.0175369 0.0468812 0.0176742
10 0.68305 0.901352 0.315656 0.130384 0.0176469
9 0.495387 0.592737 0.901408 0.527213 0.0175557
2 0.827756 0.525847 0.034187 0.0479101 0.0175529
10 0.675119 0.897096 0.110063 0.0654619 0.0174867
10 0.519016 0.963308 0.0782013 0.0622538 0.0174633
6 0.57158 0.800613 0.0975698 0.0604494 0.0173162
10 0.28592 0.864284 0.459652 0.258631 0.0172986
10 0.495531 0.725112 0.990724 0.996893 0.0172335
2 0.634014 0.775798 0.03118 0.0259858 0.017215
10 0.48317 0.964324 0.244386 0.0749037 0.017119
10 0.611399 0.950024 0.141867 0.0889688 0.0170624
8 0.44421 0.989334 0.0930369 0.0340582 0.017032
11 0.307372 0.0306696 0.586203 0.0592333 0.0169467
10 0.443788 0.954921 0.166693 0.090326 0.0169282
0 0.631706 0.982648 0.358717 0.0644703 0.0168622
6 0.520934 0.990263 0.999942 0.0244104 0.016766
10 0.469956 0.966531 0.126941 0.0690449 0.0167405
8 0.389898 0.494412 0.0583433 0.0881501 0.016727
0 0.732345 0.603002 0.0491393 0.0336023 0.016599
6 0.846579 0.960553 0.104941 0.0832588 0.0163992
0 0.60521 0.738629 0.0404897 0.0530543 0.016398
10 0.260854 0.0631047 0.359334 0.0305277 0.0163961
8 0.771341 0.821683 0.0518793 0.0389399 0.0163706
7 0.67645 0.849931 0.132786 0.0706988 0.0163359
6 0.51803 0.9837 0.999949 0.0370526 0.0162719
0 0.708535 0.828662 0.0618222 0.0353586 0.016173
6 0.519192 0.992652 0.99962 0.0199137 0.0160219
10 0.351897 0.919076 0.613568 0.14854 0.0159959
10 0.753141 0.829059 0.0658769 0.0338509 0.015918
8 0.537777 0.0625216 0.998888 0.0481648 0.0159067
10 0.641335 0.829534 0.0450532 0.0420099 0.0158414
4 0.116454 0.0319077 0.247718 0.0842079 0.0158252
10 0.59054 0.814659 0.0991529 0.0999187 0.0157265
11 0.508815 0.981047 0.997257 0.0413382 0.0156731
10 0.805718 0.845762 0.0387917 0.0365936 0.0155821
0 0.524267 0.77753 0.999828 0.414574 0.0155237
6 0.537559 0.957338 0.999954 0.0826563 0.0153895
10 0.691254 0.920755 0.360394 0.105357 0.0152987
10 0.592594 0.97638 0.13162 0.0327471 0.0151045
0 0.665193 0.988772 0.283979 0.0358288 0.0148557
10 0.778572 0.802248 0.160606 0.0558611 0.0147229
8 0.725689 0.990616 0.298408 0.0370457 0.0146341
6 0.522228 0.991668 0.999794 0.0224224 0.0144472
4 0.538047 0.532721 0.999562 0.228044 0.0139773
