10 0.905413 0.622834 0.0392967 0.18714 0.870093
10 0.359569 0.881573 0.0721168 0.23732 0.851469
0 0.635968 0.574452 0.0578536 0.116968 0.845078
10 0.299647 0.881833 0.0757326 0.235269 0.56152
10 0.321325 0.821366 0.0517057 0.188258 0.421791
10 0.167423 0.754459 0.034896 0.138317 0.397005
10 0.146386 0.739889 0.0458423 0.211984 0.375422
10 0.32192 0.863793 0.0535255 0.27023 0.367455
10 0.154375 0.731152 0.0569246 0.197626 0.327405
10 0.140467 0.692441 0.0314827 0.125453 0.249506
10 0.909766 0.381579 0.011772 0.0644231 0.237189
6 0.0279756 0.958869 0.0566285 0.0829067 0.219271
10 0.495627 0.548531 0.0602199 0.229046 0.184557
10 0.290248 0.659115 0.0402646 0.124323 0.183572
10 0.509464 0.612684 0.0323084 0.0989633 0.168884
6 0.0259949 0.92921 0.0522323 0.141832 0.165552
10 0.22609 0.615877 0.0446495 0.202774 0.156858
10 0.941159 0.361884 0.0115067 0.0530808 0.151299
6 0.0202196 0.96318 0.0410768 0.0748522 0.151018
10 0.147982 0.774872 0.0417304 0.14177 0.147019
6 0.147127 0.78096 0.0416956 0.131462 0.145407
10 0.955625 0.401305 0.013299 0.0677192 0.144175
6 0.964813 0.673794 0.0352057 0.0968201 0.143135
6 0.150662 0.760166 0.064342 0.177579 0.138806
6 0.0336664 0.937897 0.0679081 0.124247 0.138365
10 0.158923 0.759072 0.0297587 0.153675 0.129881
6 0.0348171 0.913182 0.0701329 0.174382 0.129428
10 0.859498 0.377982 0.0128502 0.0727003 0.123142
0 0.645367 0.57255 0.0370917 0.0865138 0.12296
6 0.0336216 0.939168 0.0676615 0.122193 0.121154
6 0.224469 0.679334 0.026512 0.0729643 0.118547
3 0.953003 0.346212 0.0300053 0.099254 0.117707
10 0.322883 0.782045 0.0447852 0.111573 0.116762
10 0.144337 0.757385 0.0414104 0.180725 0.115065
10 0.145397 0.692888 0.0436894 0.130121 0.112195
11 0.263388 0.675589 0.0480687 0.134404 0.111547
11 0.0284985 0.985316 0.0571689 0.0302137 0.106415
3 0.953847 0.365698 0.0273834 0.140854 0.105746
7 0.050333 0.0461443 0.0586746 0.0926849 0.10459
6 0.0531449 0.958315 0.106876 0.0835223 0.10177
6 0.950155 0.93894 0.0994955 0.110655 0.101496
10 0.173346 0.71686 0.0356837 0.209027 0.10106
0 0.635778 0.574665 0.0541582 0.111957 0.0973047
10 0.385641 0.740467 0.0350869 0.132196 0.0910972
10 0.256776 0.563972 0.0362165 0.113895 0.0907215
3 0.964023 0.365037 0.0537176 0.148142 0.0894103
0 0.73378 0.496208 0.0280982 0.0823688 0.0892737
10 0.164046 0.613844 0.0422084 0.164 0.088882
2 0.0115588 0.925879 0.0237198 0.146708 0.0888727
11 0.265477 0.699964 0.0400074 0.0870534 0.088429
10 0.14213 0.590367 0.030539 0.101028 0.0874879
6 0.225091 0.669696 0.0334828 0.114229 0.0873134
10 0.14228 0.643854 0.0368887 0.203901 0.0867286
10 0.32714 0.777463 0.0363009 0.103017 0.0864072
10 0.133829 0.744147 0.0437884 0.211972 0.0852719
6 0.129581 0.801899 0.0349778 0.0996113 0.0852596
10 0.15853 0.75089 0.0365623 0.136876 0.084592
10 0.142124 0.638981 0.0281296 0.085643 0.0819043
10 0.916829 0.334232 0.0108097 0.0289643 0.0799354
10 0.508374 0.589991 0.0380127 0.149712 0.0788597
7 0.28047 0.919039 0.0417581 0.107768 0.0777146
10 0.160993 0.754584 0.0339529 0.140679 0.0759707
10 0.152745 0.743775 0.0669909 0.224689 0.0745632
10 0.317093 0.817918 0.0420682 0.107837 0.0742621
10 0.908488 0.392561 0.00979595 0.0367167 0.0727807
10 0.331483 0.709454 0.0238557 0.0709644 0.0724121
2 0.128028 0.0152423 0.0607422 0.0306544 0.0722535
0 0.737684 0.496924 0.0183729 0.0695954 0.0712406
3 0.902379 0.336349 0.0808434 0.0905088 0.0710012
3 0.0203046 0.727223 0.0409435 0.549428 0.0704934
10 0.142895 0.627889 0.0334973 0.169809 0.0697251
10 0.879613 0.333137 0.010696 0.0228433 0.0680897
10 0.283169 0.89361 0.0472036 0.164872 0.066804
10 0.977887 0.371709 0.0183201 0.0722476 0.0660537
10 0.173606 0.750717 0.0219965 0.115231 0.0660012
4 0.977132 0.413769 0.0233063 0.0502042 0.0657639
3 0.0242788 0.726941 0.0493465 0.554658 0.0647643
10 0.353435 0.738284 0.0623733 0.154945 0.06475
10 0.352898 0.697675 0.0220985 0.0640036 0.0645139
6 0.128918 0.801707 0.0319958 0.0986246 0.0643392
0 0.647277 0.590665 0.0204162 0.0452804 0.0637376
10 0.301435 0.916964 0.0605446 0.166717 0.0636116
3 0.977045 0.386874 0.0259037 0.0983488 0.0634354
10 0.167535 0.724066 0.0308197 0.0793494 0.0632432
10 0.321357 0.881627 0.0434203 0.233252 0.0631261
10 0.00834114 0.901724 0.0162452 0.0950358 0.0630032
3 0.906904 0.342651 0.0643126 0.083165 0.0622327
6 0.0275732 0.857619 0.0557157 0.286517 0.0622086
11 0.268334 0.695031 0.0305005 0.0795549 0.0620954
10 0.17356 0.641525 0.0219986 0.079683 0.062022
3 0.926462 0.350917 0.135906 0.147489 0.0613983
10 0.141504 0.624604 0.0233011 0.0691083 0.0612595
10 0.977862 0.363129 0.019529 0.0473378 0.0603202
3 0.0266401 0.721359 0.053569 0.567392 0.0592071
10 0.314667 0.80176 0.0378811 0.0733547 0.0590958
10 0.172674 0.764376 0.021209 0.109651 0.0589318
10 0.487524 0.595935 0.0771569 0.136926 0.0580303
10 0.341934 0.861778 0.115182 0.275521 0.0577726
10 0.947831 0.364951 0.00941048 0.0513583 0.057555
7 0.204575 0.0201661 0.0309496 0.0417282 0.0570847
10 0.432676 0.592148 0.0206053 0.106001 0.0566149
4 0.950582 0.787233 0.0987356 0.420578 0.0566064
11 0.4061 0.66761 0.0613214 0.0974663 0.0563663
4 0.989751 0.377359 0.0206942 0.0881366 0.0557881
10 0.140245 0.656206 0.0240391 0.0485479 0.0555333
10 0.150129 0.74071 0.0273097 0.116764 0.0550861
10 0.351585 0.701534 0.0250447 0.0685364 0.0550678
10 0.229369 0.569292 0.0319456 0.116404 0.0549499
10 0.954388 0.419182 0.0121523 0.0353794 0.0547994
10 0.9078 0.33354 0.00915337 0.0286613 0.054726
10 0.212197 0.597264 0.030534 0.161721 0.0538795
11 0.261721 0.64355 0.0343542 0.060982 0.0537457
6 0.224975 0.698135 0.0291206 0.102374 0.0532314
3 0.955398 0.32277 0.0194363 0.0396219 0.0530276
10 0.360841 0.887805 0.070694 0.21922 0.052833
11 0.351846 0.728101 0.0687099 0.154657 0.0525065
10 0.143342 0.756979 0.0337204 0.0846513 0.0522453
10 0.322337 0.865718 0.0596335 0.263909 0.0517879
6 0.00918715 0.979337 0.0188693 0.0404999 0.050784
10 0.135131 0.59866 0.0180832 0.0943454 0.0507793
10 0.579583 0.539061 0.0247794 0.173948 0.0507583
10 0.169983 0.5706 0.0327128 0.0815576 0.0507216
10 0.972326 0.61799 0.0485357 0.222532 0.0501992
10 0.158201 0.72153 0.0260476 0.0798575 0.0500579
10 0.614718 0.523826 0.0231953 0.0924992 0.0499929
10 0.142355 0.663527 0.0286558 0.0949339 0.0499364
6 0.466912 0.594363 0.0410542 0.124668 0.0495209
10 0.362218 0.758936 0.0699749 0.116825 0.049408
10 0.348432 0.854703 0.0905635 0.275086 0.0493989
10 0.941818 0.342405 0.0160036 0.0985806 0.0492984
10 0.157668 0.577918 0.0387539 0.101888 0.0487008
10 0.322351 0.877133 0.0529532 0.241486 0.0485781
11 0.350311 0.69233 0.0630068 0.0934549 0.047838
3 0.966736 0.406223 0.063208 0.253732 0.0478124
6 0.0137259 0.98391 0.0276715 0.0313383 0.0470721
10 0.960105 0.402804 0.00841255 0.0627369 0.0467285
10 0.910013 0.583376 0.0264627 0.101131 0.0466706
10 0.252805 0.530293 0.0205931 0.0522102 0.0464838
10 0.0100414 0.8597 0.0216808 0.278762 0.0464635
10 0.146165 0.69481 0.0208423 0.0807247 0.0457377
3 0.0383125 0.52524 0.076986 0.957175 0.0456304
3 0.896613 0.338222 0.0722393 0.0792554 0.0455156
10 0.861189 0.369756 0.00984707 0.0408639 0.045087
10 0.212271 0.605228 0.026545 0.17809 0.0450388
3 0.064547 0.711045 0.123724 0.583719 0.044949
10 0.914899 0.393682 0.00769863 0.0397416 0.044727
10 0.161752 0.708679 0.0202914 0.0448252 0.0446455
6 0.980393 0.702118 0.0388348 0.207129 0.0444245
10 0.159541 0.607872 0.0258767 0.148116 0.0444023
3 0.950944 0.678186 0.0988073 0.638888 0.0443382
6 0.971038 0.677413 0.0184391 0.0862556 0.0438593
10 0.340778 0.757318 0.0314665 0.067015 0.0436713
6 0.151185 0.801322 0.0315021 0.0974291 0.0436
11 0.260665 0.699458 0.0269426 0.076087 0.0435679
10 0.212714 0.593492 0.0541668 0.162017 0.0434434
10 0.296327 0.764388 0.0311666 0.110853 0.0430844
10 0.295969 0.854342 0.0813649 0.252552 0.0430047
6 0.0216779 0.94498 0.0429163 0.11166 0.0421744
6 0.182346 0.675586 0.0237333 0.0585655 0.0421412
10 0.616089 0.552448 0.0288776 0.147034 0.0421396
10 0.231608 0.563818 0.0374923 0.101349 0.0420859
10 0.00780705 0.862868 0.0175656 0.268755 0.0419027
10 0.296636 0.655647 0.0233874 0.0678847 0.0417026
10 0.351946 0.759065 0.0410532 0.0837667 0.0416544
3 0.977769 0.653825 0.0451305 0.687073 0.0408646
10 0.983509 0.548297 0.0329203 0.427804 0.0407154
3 0.501549 0.503343 0.99998 0.984839 0.04057
6 0.202456 0.682361 0.0314606 0.0689919 0.0404561
10 0.484081 0.588624 0.0947823 0.221302 0.0404151
10 0.302899 0.838465 0.0524963 0.146688 0.0403474
6 0.402711 0.68937 0.0326296 0.0543066 0.0400859
10 0.0129905 0.875417 0.0272157 0.250293 0.0399684
11 0.348172 0.708719 0.0646578 0.12053 0.039935
7 0.206193 0.285489 0.0246068 0.0326565 0.0398818
10 0.905987 0.381166 0.00730534 0.0597733 0.0397084
10 0.140774 0.659626 0.0244012 0.0555531 0.0396657
3 0.0211697 0.599957 0.0439714 0.802271 0.0396637
3 0.019899 0.674046 0.0410689 0.669698 0.0395958
10 0.359711 0.883879 0.0714492 0.225296 0.0393613
10 0.980148 0.571456 0.0401056 0.444219 0.0393168
10 0.171297 0.734877 0.0250503 0.0631634 0.0392327
10 0.912141 0.620164 0.0371048 0.182563 0.0390513
6 0.172041 0.775091 0.0234102 0.0919275 0.0389422
10 0.11229 0.706238 0.038527 0.156141 0.038824
10 0.882317 0.338911 0.0151499 0.0237668 0.0386299
6 0.26031 0.717581 0.0236238 0.0407179 0.038523
10 0.432213 0.572308 0.0156477 0.0662922 0.0384984
6 0.223526 0.680504 0.020314 0.0394339 0.038343
6 0.169031 0.791613 0.0247339 0.0719427 0.0374776
10 0.953966 0.393435 0.0160271 0.0892581 0.0373145
6 0.171416 0.783043 0.0246934 0.0798246 0.0372608
7 0.277122 0.258332 0.0226313 0.0486339 0.0369617
10 0.142349 0.665617 0.0220111 0.0638297 0.0367839
10 0.163884 0.762012 0.0211739 0.12499 0.0366108
10 0.00924688 0.857278 0.0206665 0.287014 0.0364934
10 0.2893 0.653301 0.0349649 0.0845408 0.0363336
7 0.271115 0.274985 0.0516754 0.0431736 0.036312
10 0.179714 0.581521 0.0296027 0.0704475 0.0359208
10 0.992859 0.319813 0.0125315 0.0687344 0.0353222
6 0.95873 0.676522 0.025864 0.087471 0.0351456
10 0.352716 0.775687 0.0446425 0.115378 0.0348861
10 0.299974 0.771639 0.0403463 0.117379 0.034879
6 0.299734 0.93804 0.081112 0.121074 0.0347461
6 0.984722 0.796522 0.0304733 0.379129 0.0346322
10 0.170781 0.764607 0.0170663 0.106896 0.0343051
10 0.248832 0.586803 0.0204076 0.0683368 0.0342541
10 0.926981 0.357081 0.0113993 0.0589711 0.0341952
10 0.992275 0.335402 0.0132711 0.0602606 0.0339405
10 0.283811 0.65426 0.025899 0.0707754 0.0339289
6 0.504338 0.566324 0.0186216 0.0573376 0.0338007
10 0.00785378 0.75977 0.0161727 0.243664 0.0333159
10 0.305654 0.922073 0.0400082 0.158856 0.0332484
10 0.134488 0.624112 0.0157261 0.0779787 0.0331973
10 0.513139 0.63598 0.0204147 0.0408794 0.0325417
10 0.306501 0.742618 0.0399686 0.0877254 0.0325306
10 0.337344 0.816459 0.0298419 0.085066 0.0324772
6 0.149233 0.790814 0.0437842 0.131163 0.0323677
0 0.636294 0.54007 0.0320931 0.0607667 0.032319
10 0.00658386 0.737308 0.0144362 0.26212 0.0322531
7 0.386049 0.701784 0.029187 0.0519871 0.0321286
10 0.206241 0.524102 0.0192444 0.0435132 0.0321003
10 0.990146 0.429937 0.0203838 0.176049 0.0319404
10 0.140999 0.656985 0.0193714 0.0810568 0.0318463
10 0.360249 0.818961 0.0246006 0.0594142 0.0317961
10 0.400274 0.715962 0.0708773 0.187637 0.0317369
10 0.131887 0.562466 0.0184048 0.0614547 0.0317129
10 0.135878 0.623572 0.0152004 0.0686994 0.0316444
10 0.171053 0.777192 0.0225358 0.0934253 0.031576
6 0.252689 0.696206 0.0190649 0.0859191 0.0315693
10 0.856284 0.396732 0.00835552 0.0390222 0.031263
10 0.33771 0.851649 0.0240917 0.0493507 0.0312536
6 0.0117814 0.991094 0.0228178 0.017214 0.0311848
10 0.141966 0.614656 0.0169527 0.0367316 0.0309862
10 0.128357 0.706542 0.0281217 0.0862309 0.0307039
10 0.993315 0.507629 0.014135 0.3308 0.030521
10 0.993798 0.480383 0.013711 0.246928 0.0302863
10 0.278449 0.890593 0.0454066 0.177807 0.0301462
6 0.256026 0.663432 0.0337697 0.107596 0.0298857
10 0.368952 0.760158 0.0619049 0.0983221 0.0296449
3 0.0615654 0.628172 0.120858 0.41934 0.0296188
3 0.873115 0.336534 0.0322859 0.0735398 0.0295029
10 0.133891 0.747294 0.0199444 0.0548862 0.0292755
10 0.429003 0.625838 0.0263276 0.067259 0.0291932
10 0.164669 0.720307 0.0141747 0.0409283 0.0289722
10 0.00818224 0.954371 0.0133089 0.0645378 0.0288986
10 0.172074 0.622695 0.016666 0.0429479 0.0288635
10 0.15629 0.707241 0.0154723 0.0404771 0.0288272
10 0.152472 0.750602 0.0219773 0.0564893 0.0285124
6 0.952867 0.677077 0.0171616 0.0770546 0.0281895
10 0.992493 0.510043 0.015485 0.280549 0.0280623
6 0.979016 0.713952 0.0421644 0.229344 0.0280617
10 0.148213 0.799098 0.0282346 0.10765 0.028022
10 0.151394 0.706326 0.0167547 0.0510839 0.0278812
10 0.986057 0.205768 0.0281191 0.414491 0.0276039
3 0.308209 0.359486 0.603618 0.728388 0.0275094
10 0.312752 0.973661 0.0560854 0.0592269 0.0265666
10 0.148965 0.80289 0.0257774 0.0928776 0.0262263
6 0.170807 0.796517 0.0178709 0.0821438 0.0260349
6 0.951123 0.684437 0.0152384 0.0674316 0.0254284
10 0.343317 0.947362 0.0371385 0.113522 0.0253148
10 0.956488 0.42734 0.00812664 0.0268129 0.025186
6 0.340444 0.954189 0.212392 0.0923231 0.0251725
6 0.421917 0.638131 0.0289517 0.055981 0.0249436
10 0.978417 0.755852 0.0449436 0.470663 0.0243437
0 0.585886 0.5693 0.169084 0.159037 0.0243329
10 0.316018 0.969993 0.0629849 0.0658011 0.0243128
10 0.278196 0.904339 0.0472872 0.146146 0.0240162
10 0.245102 0.87315 0.107243 0.207179 0.0239537
10 0.905482 0.579704 0.0209295 0.0451443 0.0236203
10 0.284473 0.974522 0.042342 0.0369345 0.0235324
10 0.0393604 0.949691 0.0238732 0.0724978 0.0229044
10 0.279546 0.972544 0.0493166 0.0639119 0.0225313
6 0.360289 0.960842 0.0740449 0.0798097 0.0225065
0 0.65307 0.603634 0.0345413 0.0623607 0.0224272
6 0.169339 0.816999 0.0188296 0.0686174 0.022399
10 0.344544 0.939456 0.0245829 0.0576051 0.0222623
10 0.604883 0.109043 0.0552243 0.21502 0.02211
10 0.388304 0.872383 0.0311534 0.065028 0.0218947
10 0.283267 0.97272 0.0508101 0.0611866 0.0216196
10 0.335213 0.927175 0.0421277 0.0813212 0.0214534
10 0.929874 0.724555 0.00824718 0.0256876 0.0212766
10 0.329116 0.955012 0.027315 0.0629608 0.0209521
10 0.260567 0.681281 0.0164946 0.0389348 0.0209218
10 0.895405 0.459682 0.00757313 0.0400928 0.0207932
10 0.972564 0.520175 0.00767937 0.021641 0.0206884
10 0.652708 0.64812 0.0279865 0.0431733 0.0206757
3 0.316684 0.53125 0.459884 0.551069 0.02051
6 0.255217 0.871119 0.0169978 0.0423127 0.0204107
7 0.278218 0.92763 0.0472907 0.0888927 0.0197032
6 0.299472 0.981269 0.084266 0.0414684 0.0195856
10 0.331828 0.952858 0.0298478 0.0897108 0.0191363
10 0.21868 0.762578 0.0219555 0.0400221 0.018684
10 0.619859 0.666743 0.0192158 0.0291882 0.0185986
3 0.440055 0.513748 0.458112 0.318135 0.0182567
10 0.6257 0.725864 0.0505799 0.067309 0.0182338
8 0.525325 0.826649 0.0272713 0.0407162 0.017456
10 0.137411 0.933092 0.0190577 0.0381079 0.0171038
10 0.473374 0.742373 0.0133794 0.018722 0.0164135
10 0.469678 0.762395 0.0136555 0.0266223 0.0163106
11 0.594143 0.927224 0.107412 0.0648241 0.0137379
