4 0.31965 0.258195 0.104629 0.0718366 0.89063
4 0.458908 0.237093 0.0472345 0.0512179 0.845101
4 0.418501 0.242353 0.0401878 0.0477676 0.718694
4 0.518339 0.225163 0.0528141 0.0519116 0.523851
2 0.108831 0.645942 0.0247129 0.0980453 0.240751
11 0.109211 0.772108 0.119024 0.259242 0.201221
11 0.0441792 0.946132 0.0885935 0.101248 0.199919
2 0.0841641 0.656016 0.0211486 0.0765706 0.186718
2 0.0838939 0.670684 0.0246706 0.108735 0.180363
2 0.130067 0.635064 0.0270821 0.109355 0.180025
10 0.277886 0.219001 0.0227484 0.0418016 0.17981
11 0.115199 0.69866 0.101483 0.0853639 0.170861
4 0.764483 0.313959 0.084678 0.0897735 0.16258
11 0.114774 0.679157 0.106258 0.126264 0.161784
2 0.122302 0.64674 0.0208331 0.0946318 0.148387
11 0.102413 0.734842 0.135366 0.342213 0.14576
10 0.0582072 0.721519 0.0425679 0.226352 0.143607
2 0.122238 0.637398 0.0214234 0.112868 0.136031
6 0.0453061 0.894732 0.0901342 0.205276 0.133833
10 0.0861769 0.741527 0.0926012 0.309077 0.132046
2 0.0931354 0.650455 0.0191475 0.082047 0.127789
6 0.804483 0.385068 0.0492724 0.110379 0.127332
11 0.112717 0.905239 0.225277 0.182691 0.126504
11 0.119117 0.943819 0.238728 0.104098 0.125887
2 0.134458 0.653658 0.023256 0.0775022 0.121826
10 0.0853453 0.747418 0.0575997 0.270721 0.119844
10 0.762895 0.777124 0.035414 0.0944126 0.119643
4 0.255242 0.220344 0.0335665 0.03526 0.11937
2 0.123727 0.651608 0.0203117 0.0884389 0.116123
2 0.0668654 0.6314 0.0189439 0.0780961 0.115885
11 0.0548645 0.939131 0.108457 0.115955 0.112891
10 0.0909086 0.79087 0.0660694 0.18486 0.112575
2 0.123956 0.611729 0.0174542 0.0689149 0.111724
4 0.258995 0.227923 0.0438497 0.0528892 0.110959
2 0.121067 0.639816 0.0181522 0.0981592 0.110232
2 0.0969179 0.65516 0.0204235 0.0819404 0.107721
11 0.0870368 0.710837 0.165931 0.402521 0.105046
11 0.0784077 0.825219 0.156204 0.335067 0.103653
11 0.0965362 0.948821 0.189379 0.0992931 0.103369
10 0.753749 0.827506 0.0581714 0.20396 0.103349
10 0.14091 0.569401 0.0243613 0.0937596 0.101855
11 0.143568 0.946086 0.288602 0.0996466 0.101502
6 0.0424688 0.813838 0.0836113 0.36572 0.101227
11 0.0694232 0.939529 0.136581 0.114793 0.100916
4 0.196204 0.256562 0.0274255 0.0699063 0.0995616
2 0.121938 0.650684 0.0293284 0.0966084 0.0994507
11 0.130195 0.948631 0.260497 0.0977088 0.0992998
11 0.0992804 0.712531 0.141645 0.389137 0.0991512
11 0.0857145 0.777843 0.166882 0.269677 0.0990532
10 0.0480231 0.670334 0.0265073 0.0948127 0.0984148
10 0.0868315 0.743713 0.0514082 0.269112 0.0979162
10 0.141693 0.584278 0.0278988 0.116538 0.0969398
10 0.273793 0.217576 0.0128283 0.0383254 0.0958236
11 0.0789743 0.890141 0.158687 0.206715 0.0954738
2 0.133348 0.633537 0.0207463 0.0768149 0.0946696
6 0.0357619 0.716928 0.0703173 0.43014 0.0945371
6 0.112611 0.788701 0.0900409 0.2054 0.0936162
6 0.804734 0.36792 0.0463222 0.0755659 0.0931907
2 0.264321 0.316143 0.0275295 0.105906 0.0931537
2 0.0725087 0.646158 0.0200146 0.100408 0.0914734
2 0.10337 0.605161 0.0160807 0.0560044 0.0907757
4 0.195441 0.256842 0.0242023 0.0643537 0.0890238
4 0.534759 0.226848 0.0296387 0.0455191 0.0887863
6 0.0406353 0.678867 0.0794705 0.624072 0.088456
4 0.33566 0.207707 0.0302469 0.0423269 0.0878941
10 0.0504493 0.675489 0.0300823 0.112596 0.0878433
11 0.210389 0.924753 0.421147 0.139669 0.0853937
10 0.0468215 0.661612 0.0235953 0.0741027 0.0852839
6 0.0127935 0.899273 0.0256581 0.196975 0.0828566
7 0.118315 0.674695 0.0329499 0.0516784 0.0824837
10 0.141256 0.570081 0.0205641 0.0694302 0.0819142
11 0.793453 0.421367 0.140085 0.0587621 0.0798512
10 0.0541888 0.680936 0.0357725 0.131907 0.0796884
2 0.128586 0.608921 0.017622 0.0641195 0.0796153
11 0.951979 0.4709 0.095895 0.0865413 0.079603
4 0.336546 0.208271 0.0278242 0.0406179 0.0792363
2 0.0677549 0.66577 0.0241929 0.145177 0.0784651
11 0.0425353 0.93768 0.0845518 0.110933 0.0772945
6 0.0310906 0.762992 0.0618558 0.467686 0.0760094
2 0.134679 0.617154 0.0221647 0.0762624 0.0756285
4 0.507704 0.233063 0.0281375 0.035653 0.0755764
11 0.951188 0.481958 0.0978636 0.114338 0.0752087
2 0.121501 0.667282 0.0242857 0.0613831 0.075008
2 0.067843 0.616086 0.0149529 0.0435927 0.0743563
1 0.0849973 0.604355 0.168748 0.715926 0.0740357
2 0.0699379 0.645474 0.0277446 0.109783 0.0739124
11 0.111014 0.820213 0.129157 0.338775 0.0728384
11 0.0842973 0.818567 0.165744 0.296347 0.0723732
10 0.0549193 0.684423 0.0294812 0.139701 0.0723645
10 0.752271 0.855832 0.0684041 0.263535 0.0715229
2 0.263252 0.298384 0.0329683 0.142899 0.0710443
6 0.0077713 0.721324 0.0146439 0.451021 0.0703442
10 0.0851074 0.775987 0.0529484 0.143316 0.0696779
4 0.196187 0.266771 0.0207898 0.0417574 0.0696394
2 0.0737936 0.651721 0.0149893 0.080241 0.0693828
10 0.211784 0.374124 0.0322443 0.124406 0.0691975
11 0.111269 0.72695 0.0991571 0.151998 0.0688976
2 0.132805 0.660526 0.0336382 0.153256 0.0684989
2 0.0776165 0.642465 0.0416846 0.117536 0.0673861
2 0.12371 0.603063 0.0138401 0.05237 0.0671345
4 0.215245 0.260618 0.0634754 0.0903626 0.0670074
11 0.114491 0.71505 0.105896 0.121934 0.0658865
2 0.109473 0.753909 0.0263172 0.0893147 0.0647928
4 0.502401 0.223334 0.0259283 0.0491673 0.0647339
10 0.795206 0.368253 0.0263786 0.0706634 0.0646736
6 0.0139639 0.781296 0.0260832 0.352862 0.06465
10 0.152849 0.613554 0.049671 0.168217 0.0646335
2 0.0810146 0.635059 0.022862 0.110487 0.0645665
10 0.305324 0.240188 0.0187695 0.0184583 0.0640662
10 0.49069 0.223306 0.0163694 0.0494165 0.0638379
11 0.326915 0.950969 0.653371 0.0917418 0.0637957
6 0.00732526 0.728262 0.0137706 0.441991 0.0632879
11 0.299375 0.910063 0.596532 0.169028 0.0620068
10 0.189698 0.746527 0.181941 0.49287 0.0613789
6 0.0334285 0.931235 0.0666583 0.132104 0.0606163
2 0.0781874 0.604879 0.0172039 0.0593758 0.0600571
6 0.821142 0.404603 0.0867668 0.0854878 0.0600499
4 0.259824 0.253658 0.044599 0.104714 0.0598899
4 0.790941 0.305924 0.0381245 0.0431852 0.0594877
4 0.267215 0.250099 0.0566176 0.100795 0.0591596
10 0.153963 0.583254 0.0472834 0.118842 0.0584168
10 0.492088 0.225343 0.0141034 0.0447348 0.0583357
4 0.507912 0.238855 0.0254795 0.0253456 0.058265
4 0.458232 0.235756 0.0455455 0.0497341 0.058043
2 0.0856221 0.648572 0.0142664 0.079923 0.0575023
2 0.065826 0.631629 0.0257665 0.0966844 0.0571817
2 0.0888275 0.76401 0.0444951 0.181213 0.0566738
2 0.0993062 0.672487 0.0241477 0.116752 0.0565637
2 0.133265 0.665958 0.0193857 0.0577467 0.0565442
2 0.142433 0.619952 0.0218564 0.100024 0.0554911
2 0.101365 0.650124 0.0164676 0.0754849 0.0554636
6 0.0267634 0.668398 0.0539358 0.543533 0.0546971
7 0.446162 0.482534 0.0794472 0.207033 0.0546479
2 0.128847 0.660567 0.0167822 0.0606716 0.0544849
2 0.0901648 0.626998 0.0148573 0.0417619 0.0543554
11 0.427891 0.957113 0.860163 0.0769546 0.0542464
6 0.0316747 0.643928 0.0637411 0.698272 0.0528832
11 0.763545 0.423435 0.0800499 0.0531782 0.0527714
4 0.516305 0.209469 0.0329206 0.028392 0.0525826
2 0.0847145 0.666706 0.0181435 0.0513192 0.0518712
2 0.0669485 0.682603 0.0185184 0.120329 0.0518666
2 0.0964193 0.649276 0.0183132 0.0892461 0.0515312
10 0.0361166 0.753417 0.0651391 0.287913 0.05149
2 0.130837 0.670418 0.0178776 0.0494253 0.0514475
11 0.17042 0.974872 0.349842 0.0468387 0.0499489
11 0.0463727 0.987624 0.0914963 0.0196732 0.0494958
10 0.388845 0.223046 0.0213911 0.0567451 0.049306
10 0.474208 0.217621 0.020944 0.0458801 0.0489778
4 0.386105 0.202511 0.021142 0.0220996 0.0489113
11 0.0730606 0.851597 0.144916 0.200824 0.0488575
10 0.79121 0.355323 0.0181393 0.0398886 0.0487461
2 0.120597 0.640291 0.014579 0.0613975 0.0483103
6 0.819158 0.403523 0.0918093 0.141749 0.0481897
10 0.313984 0.240022 0.0143822 0.0167212 0.048182
2 0.150912 0.488734 0.0203341 0.0925558 0.0477729
6 0.0134013 0.922374 0.026575 0.154908 0.0477002
4 0.536658 0.222369 0.0241966 0.0370867 0.0474732
10 0.00753362 0.658784 0.0131981 0.517249 0.0472552
4 0.518639 0.2241 0.0536255 0.0552277 0.0471337
4 0.335455 0.214402 0.0253985 0.0302491 0.0471052
7 0.138887 0.698988 0.0578481 0.0891729 0.0465719
11 0.833704 0.422164 0.0601685 0.0413318 0.0464867
2 0.266713 0.324851 0.0206352 0.0808046 0.0463283
2 0.0716357 0.694848 0.0231641 0.102013 0.0458036
7 0.0103386 0.90349 0.0206813 0.171341 0.0457466
2 0.0804503 0.629708 0.0153938 0.0394445 0.0455995
6 0.0782417 0.86752 0.161218 0.263684 0.0452861
4 0.41711 0.242557 0.0383385 0.0482076 0.04515
10 0.191487 0.71833 0.17636 0.549003 0.0446742
10 0.284711 0.222813 0.0130907 0.0297935 0.044618
4 0.26153 0.256584 0.0397368 0.077302 0.0440232
10 0.757933 0.827535 0.0527287 0.162749 0.0438003
2 0.0846504 0.672308 0.0193725 0.040514 0.043368
10 0.016104 0.615902 0.0314246 0.681171 0.043335
10 0.470721 0.210835 0.0201907 0.0323206 0.042822
7 0.811552 0.358729 0.0294808 0.0532458 0.042784
3 0.49569 0.496994 0.998522 0.994792 0.0427256
2 0.0853296 0.695533 0.0298788 0.0734337 0.0425605
11 0.826554 0.420768 0.0753824 0.0460281 0.042559
4 0.525506 0.20981 0.0251839 0.0267983 0.0425483
4 0.543008 0.21898 0.0169923 0.0430628 0.0424799
10 0.486745 0.222647 0.0203164 0.0532266 0.0424749
4 0.498752 0.222375 0.0329515 0.0515924 0.0422898
2 0.0984142 0.669264 0.0164665 0.0563094 0.0422436
2 0.108101 0.673397 0.0201053 0.0511534 0.0421078
4 0.505049 0.208305 0.0211204 0.0284383 0.0419348
2 0.0709948 0.627197 0.0118097 0.0588329 0.0412969
4 0.318393 0.25776 0.106157 0.0748366 0.0410913
2 0.147644 0.677517 0.0397416 0.0495704 0.040863
10 0.203355 0.353233 0.0203024 0.0918854 0.0402011
11 0.013662 0.952181 0.0286316 0.0913567 0.0400714
10 0.190399 0.633112 0.185771 0.719036 0.0400118
4 0.521194 0.215655 0.0174263 0.0210475 0.0400066
7 0.0845628 0.705449 0.0372257 0.055729 0.0399811
1 0.140374 0.600504 0.280654 0.780142 0.0398751
10 0.389405 0.937887 0.0786672 0.10967 0.0396531
7 0.115224 0.685644 0.0371646 0.0371967 0.0392122
6 0.988817 0.339694 0.0233894 0.258685 0.0387315
2 0.11996 0.765746 0.0295288 0.0741049 0.0387096
2 0.107862 0.646133 0.0164279 0.0699948 0.0385834
2 0.130546 0.677351 0.0170673 0.0407131 0.0385523
2 0.109204 0.671365 0.0163311 0.0569758 0.0383843
2 0.0683572 0.667822 0.0154326 0.0631462 0.0381801
11 0.0364016 0.978889 0.0744332 0.0372131 0.037661
10 0.207418 0.389794 0.0188628 0.0731071 0.0376081
4 0.383398 0.24576 0.03804 0.0389624 0.0375978
2 0.114889 0.67217 0.0171332 0.0631781 0.0375788
11 0.951598 0.427754 0.0976438 0.224196 0.0373062
10 0.192724 0.339294 0.0434675 0.208862 0.037134
10 0.487898 0.226479 0.0152822 0.0497042 0.0369374
4 0.55127 0.251933 0.574274 0.109109 0.0360572
4 0.572125 0.237596 0.0251306 0.0365054 0.0359521
11 0.0815502 0.947827 0.174717 0.112368 0.0358989
2 0.14685 0.521899 0.0157284 0.058485 0.0357818
11 0.0691108 0.576184 0.13701 0.145302 0.0357429
11 0.961478 0.261831 0.0767265 0.159479 0.0356474
11 0.0955096 0.674196 0.193204 0.626577 0.0354456
6 0.0941264 0.758004 0.0997339 0.16266 0.0353422
4 0.351326 0.260802 0.0451244 0.0590611 0.0351819
6 0.0333322 0.944334 0.0663054 0.101904 0.0351264
2 0.141171 0.665125 0.0228452 0.0640923 0.0349281
7 0.471686 0.564455 0.0286364 0.0705513 0.0348392
7 0.0152222 0.953806 0.0302404 0.0903455 0.0347852
10 0.181511 0.641432 0.0397716 0.17249 0.0342175
2 0.14518 0.606022 0.0221136 0.0631265 0.0340422
4 0.525121 0.230475 0.0177828 0.0395659 0.0340389
6 0.127703 0.783738 0.0587806 0.182497 0.0339701
6 0.988417 0.428928 0.0226382 0.0627518 0.0334644
4 0.453764 0.235533 0.15052 0.0640527 0.0334292
10 0.203257 0.356546 0.0191242 0.0851359 0.0331831
4 0.504445 0.192467 0.0211449 0.0334008 0.0331566
10 0.143276 0.585149 0.0213266 0.0681875 0.033083
6 0.8044 0.38155 0.0375227 0.0442983 0.0329478
2 0.103768 0.635037 0.013851 0.0342554 0.032802
10 0.0786577 0.792114 0.0329284 0.102736 0.032568
10 0.233617 0.235813 0.0130124 0.0536529 0.0319262
11 0.0329741 0.975977 0.0677898 0.0382862 0.0319217
4 0.536042 0.237535 0.0311878 0.0409956 0.0318107
1 0.708525 0.859925 0.217936 0.265693 0.031487
4 0.45688 0.238581 0.0473247 0.0558629 0.0314731
2 0.125572 0.655208 0.0133567 0.0400687 0.0313659
10 0.439122 0.23868 0.015474 0.0520767 0.0313615
6 0.0459497 0.641532 0.0896789 0.392706 0.0307747
2 0.145807 0.610628 0.0201655 0.0603056 0.0307644
4 0.469613 0.258953 0.6178 0.128673 0.0307074
10 0.208858 0.642384 0.064642 0.275135 0.0306847
10 0.190865 0.825854 0.20052 0.335125 0.0306473
11 0.441063 0.746462 0.872369 0.488304 0.0304242
10 0.753514 0.853409 0.0489531 0.164642 0.0303654
11 0.103812 0.983814 0.0971906 0.0243958 0.0302946
10 0.13076 0.556542 0.0144519 0.0687788 0.0302537
10 0.0574315 0.653467 0.016607 0.0543315 0.0298123
2 0.153479 0.524345 0.0290168 0.101038 0.0289305
4 0.0531114 0.363536 0.107864 0.205986 0.0287774
4 0.283269 0.229503 0.0192373 0.0277247 0.0286578
2 0.100934 0.843946 0.0472907 0.0939344 0.0285822
4 0.405862 0.248924 0.015567 0.0344305 0.0283778
4 0.440453 0.235211 0.0835262 0.0644002 0.0281829
10 0.439608 0.243131 0.0149096 0.0447666 0.0280134
4 0.272274 0.226362 0.0122406 0.0273478 0.0279785
4 0.404217 0.225668 0.0213992 0.0461512 0.0272579
10 0.742781 0.250524 0.0321654 0.0874138 0.0271282
4 0.380705 0.249756 0.0382735 0.0352349 0.0269964
4 0.570084 0.236426 0.0249876 0.0367476 0.0267949
4 0.527832 0.23528 0.0192608 0.0365303 0.0267693
2 0.261454 0.3094 0.0117429 0.0310974 0.0262614
11 0.291442 0.717725 0.559925 0.551359 0.0259703
4 0.119234 0.313556 0.201586 0.190766 0.0259136
10 0.191737 0.740609 0.225651 0.487922 0.0250963
10 0.265965 0.224451 0.00781055 0.0332927 0.0249419
4 0.544723 0.224063 0.017141 0.0522513 0.0248007
2 0.143908 0.600222 0.016522 0.0434214 0.0247783
2 0.148321 0.687574 0.0225974 0.0482001 0.0243005
2 0.11303 0.86163 0.0286661 0.0623244 0.0238581
6 0.164546 0.531753 0.0424654 0.0788835 0.0238056
10 0.426075 0.219545 0.0176149 0.0233623 0.0237889
4 0.0505314 0.485388 0.0895802 0.131131 0.0234068
4 0.279661 0.271283 0.0247813 0.0355057 0.0229763
10 0.0770594 0.844927 0.0419954 0.13413 0.0229667
7 0.146932 0.682657 0.0368928 0.0476912 0.0229197
4 0.401548 0.243986 0.0136507 0.0469049 0.0226201
10 0.202225 0.496036 0.0289071 0.0821322 0.0225447
4 0.196209 0.275865 0.015949 0.0275666 0.0217581
10 0.192748 0.493956 0.0253812 0.108675 0.0213765
10 0.441593 0.678014 0.201121 0.603997 0.0211301
7 0.116315 0.713107 0.0136079 0.0300048 0.0208769
10 0.40951 0.650386 0.571651 0.67206 0.0198216
4 0.405961 0.203179 0.0142561 0.0258387 0.0192368
8 0.757167 0.417724 0.065867 0.0345884 0.0180006
10 0.487619 0.294908 0.016068 0.0311478 0.0179294
10 0.301845 0.318653 0.0551074 0.0437496 0.0178692
1 0.469298 0.684511 0.374641 0.572414 0.0175572
11 0.499074 0.823929 0.895644 0.342712 0.0167371
0 0.360236 0.371148 0.0232467 0.0252869 0.0165487
10 0.240549 0.556191 0.0338782 0.0759041 0.0162852
4 0.42903 0.310142 0.208592 0.0666857 0.0155967
2 0.960154 0.849436 0.0242833 0.039703 0.0150989
7 0.393031 0.532465 0.0234945 0.029482 0.0149259
10 0.954123 0.633628 0.0157663 0.0192982 0.0148095
10 0.501726 0.326051 0.0143092 0.0172188 0.0147098
