6 0.430415 0.518533 0.131131 0.270433 0.880592
6 0.310842 0.773486 0.139524 0.249464 0.872432
6 0.701141 0.367254 0.104647 0.299234 0.867577
11 0.465348 0.283678 0.166508 0.260595 0.863965
11 0.315868 0.198162 0.162836 0.282615 0.854201
11 0.700461 0.643049 0.223274 0.365623 0.853359
11 0.340324 0.461656 0.178549 0.297178 0.834476
10 0.499011 0.0947266 0.0616111 0.189536 0.824464
6 0.346927 0.227933 0.0832486 0.194294 0.799167
2 0.762128 0.231622 0.0186317 0.084295 0.795687
6 0.518721 0.334424 0.106047 0.238507 0.782701
6 0.599562 0.625814 0.143596 0.354707 0.779965
11 0.777267 0.340885 0.184517 0.423815 0.726637
11 0.0702709 0.562739 0.105306 0.280981 0.712119
6 0.44232 0.916005 0.130758 0.168696 0.567773
7 0.741583 0.263222 0.0223293 0.0820667 0.522422
7 0.236554 0.648822 0.0228809 0.0537734 0.459882
11 0.182435 0.751463 0.248829 0.454433 0.428505
6 0.13856 0.534908 0.103035 0.248698 0.415396
6 0.936863 0.940849 0.0930331 0.11907 0.411311
6 0.158898 0.597976 0.111393 0.164853 0.405699
10 0.129208 0.338029 0.135959 0.331658 0.398478
7 0.165054 0.828183 0.0257905 0.0569061 0.382541
7 0.310991 0.416109 0.0244274 0.0506273 0.371798
6 0.872644 0.574836 0.252467 0.854005 0.363344
7 0.180049 0.462712 0.031237 0.0800895 0.352551
10 0.0721347 0.215477 0.0358915 0.0634384 0.344028
6 0.122642 0.526595 0.0741077 0.219779 0.343965
6 0.421023 0.282697 0.0855079 0.239234 0.332751
6 0.422452 0.289332 0.0833017 0.227617 0.317428
6 0.826139 0.860964 0.214707 0.278762 0.312912
6 0.86533 0.576613 0.26541 0.850827 0.304092
6 0.27056 0.279028 0.0798806 0.139706 0.299724
6 0.289233 0.381853 0.0771679 0.137018 0.280791
7 0.193277 0.6615 0.024281 0.0415228 0.279955
6 0.956449 0.818507 0.0843727 0.362022 0.276025
7 0.669491 0.616755 0.0214175 0.0646188 0.273347
6 0.898682 0.935427 0.190678 0.130101 0.268532
6 0.279459 0.282124 0.0779264 0.139931 0.267083
6 0.115349 0.527086 0.0614887 0.223667 0.265159
7 0.738564 0.591191 0.0210152 0.0511794 0.262268
2 0.837898 0.2751 0.0196888 0.080999 0.261709
10 0.0727418 0.23678 0.0435698 0.107686 0.261595
6 0.861316 0.598723 0.272267 0.805619 0.25253
7 0.803865 0.223254 0.0223288 0.0550479 0.250877
10 0.0775506 0.2237 0.0487061 0.0804222 0.245513
7 0.804116 0.212441 0.0220881 0.0344829 0.244568
6 0.945464 0.607338 0.106931 0.782534 0.240926
7 0.737348 0.619366 0.0223042 0.104742 0.238816
6 0.948661 0.599073 0.10086 0.799132 0.237985
7 0.267616 0.166813 0.0166162 0.0465003 0.237879
6 0.154615 0.561278 0.126601 0.288115 0.2353
2 0.843502 0.265094 0.0172869 0.0665025 0.229161
6 0.624836 0.643991 0.184516 0.388587 0.225252
7 0.234776 0.671752 0.0282939 0.0997126 0.220718
11 0.0680246 0.518604 0.098098 0.189456 0.219887
7 0.122114 0.826333 0.0262949 0.0383316 0.212594
10 0.567295 0.0990088 0.040372 0.160712 0.2086
6 0.834928 0.802942 0.239537 0.396978 0.208519
7 0.158562 0.869221 0.0337185 0.0796961 0.206511
6 0.00525646 0.243424 0.0114169 0.118037 0.205128
10 0.724033 0.179176 0.0716235 0.0977084 0.205004
6 0.863938 0.588255 0.268515 0.828908 0.203646
7 0.430097 0.232303 0.0225697 0.0416014 0.202831
10 0.094533 0.283972 0.0887693 0.200556 0.202459
7 0.126165 0.795865 0.0358659 0.0941899 0.201496
6 0.396442 0.225022 0.0572216 0.138582 0.200942
7 0.74083 0.276334 0.0208543 0.0597658 0.197173
10 0.0823206 0.271289 0.0663122 0.177976 0.195908
6 0.984117 0.754415 0.0310333 0.254769 0.195118
6 0.858109 0.917534 0.119015 0.167124 0.190741
10 0.134162 0.275515 0.093082 0.200853 0.190365
10 0.0845313 0.262642 0.071746 0.156294 0.190147
7 0.832299 0.199849 0.0205933 0.0609743 0.188828
6 0.884422 0.77153 0.224971 0.462485 0.188035
7 0.773208 0.171396 0.0276085 0.06113 0.18644
4 0.119686 0.0742061 0.0839031 0.119545 0.186141
7 0.314772 0.400776 0.0359047 0.0794083 0.185781
2 0.855437 0.255394 0.0194527 0.0716376 0.185172
6 0.424067 0.3259 0.0774365 0.157493 0.183319
6 0.944478 0.899654 0.105879 0.211948 0.181365
4 0.126474 0.0688923 0.0990263 0.132356 0.181162
10 0.0943191 0.309824 0.091332 0.25574 0.179173
7 0.8556 0.259021 0.0212074 0.0769673 0.173069
7 0.431098 0.299145 0.0354464 0.0446322 0.172758
7 0.756517 0.639998 0.0325706 0.100315 0.164226
6 0.933307 0.6464 0.130839 0.718634 0.161737
6 0.952497 0.508222 0.09331 0.982095 0.160958
7 0.830393 0.250674 0.022324 0.0617764 0.160081
6 0.625598 0.643548 0.183479 0.388783 0.160079
6 0.842354 0.855027 0.261156 0.292917 0.158879
2 0.743325 0.234123 0.0204538 0.0846964 0.15802
10 0.103918 0.0787376 0.0152795 0.0286979 0.157614
7 0.485154 0.208084 0.0155966 0.034308 0.155551
6 0.841469 0.786298 0.233142 0.431189 0.155433
10 0.0156795 0.722541 0.0310789 0.223244 0.155183
2 0.856639 0.234224 0.015011 0.035838 0.154896
7 0.0672206 0.512934 0.0189828 0.0576378 0.152679
10 0.574442 0.128711 0.0596045 0.240788 0.151188
6 0.931534 0.551181 0.135401 0.66543 0.14997
6 0.730638 0.171365 0.058448 0.0917719 0.144897
6 0.834453 0.574885 0.324722 0.85523 0.144693
7 0.857053 0.275258 0.0211605 0.0631723 0.144413
7 0.741284 0.269531 0.0207138 0.0689826 0.143215
7 0.165017 0.825224 0.0237901 0.0501675 0.142594
2 0.00622155 0.444474 0.0126586 0.114938 0.142281
6 0.167145 0.648353 0.106115 0.262233 0.14206
6 0.972683 0.7893 0.0525299 0.435516 0.141984
7 0.835552 0.288307 0.021319 0.0604581 0.141683
7 0.856742 0.264493 0.0180302 0.0601492 0.140922
6 0.988651 0.712546 0.0216955 0.168923 0.140476
10 0.124203 0.250193 0.069789 0.148335 0.138882
7 0.196268 0.634965 0.0371261 0.0962037 0.138821
6 0.425141 0.946316 0.225049 0.107072 0.138722
6 0.462565 0.0989814 0.0311499 0.146438 0.137823
6 0.451584 0.087753 0.0515173 0.170495 0.137532
10 0.00743661 0.676648 0.0152179 0.105634 0.136431
10 0.562894 0.182781 0.0671074 0.363405 0.136286
6 0.00667128 0.523337 0.0144278 0.256569 0.135379
6 0.942081 0.751195 0.115643 0.477941 0.133937
6 0.98094 0.94289 0.0383089 0.115356 0.131533
6 0.855697 0.664207 0.280525 0.697371 0.13072
7 0.830392 0.240109 0.0227065 0.0450849 0.130702
7 0.771676 0.18312 0.0225133 0.0350997 0.130647
6 0.881584 0.549876 0.234543 0.898282 0.130174
2 0.00686366 0.464102 0.0139822 0.154094 0.129264
7 0.305819 0.40981 0.0184808 0.0516139 0.129237
7 0.856326 0.285899 0.0218952 0.0428823 0.129079
6 0.342963 0.227796 0.0780685 0.186438 0.12842
6 0.440892 0.91718 0.146205 0.167369 0.127871
10 0.0150324 0.772559 0.0312751 0.45293 0.127823
7 0.769162 0.190195 0.0238353 0.0404568 0.126834
10 0.0143386 0.697668 0.0306521 0.601432 0.126709
6 0.408056 0.273562 0.0739457 0.212421 0.126438
6 0.832519 0.763206 0.214076 0.492051 0.12633
6 0.94143 0.941622 0.0811675 0.118019 0.125872
6 0.00510845 0.251555 0.0114668 0.119043 0.1257
6 0.39869 0.28155 0.0550554 0.191592 0.12185
7 0.164545 0.847364 0.0268312 0.095086 0.120884
11 0.500825 0.964833 0.0680698 0.0721079 0.120162
6 0.0183202 0.502629 0.0363998 0.410785 0.118672
7 0.744916 0.203042 0.0184156 0.0327074 0.118117
10 0.345541 0.0955959 0.253006 0.188962 0.118069
6 0.00767283 0.369179 0.0160533 0.252485 0.117472
6 0.299646 0.245482 0.135735 0.207931 0.11664
10 0.0146188 0.689792 0.0317606 0.617486 0.115351
7 0.0561542 0.549433 0.0275555 0.0506312 0.115209
6 0.679151 0.17452 0.0254171 0.125399 0.115023
10 0.116172 0.260763 0.0683265 0.157862 0.114309
10 0.524667 0.182793 0.113858 0.368659 0.113454
7 0.120474 0.805702 0.0232577 0.0671611 0.113185
6 0.878213 0.345885 0.12261 0.29851 0.11168
7 0.742144 0.59315 0.0152403 0.0444233 0.111404
6 0.55225 0.270426 0.0584689 0.192218 0.111376
7 0.650919 0.573791 0.046353 0.102394 0.110014
7 0.08498 0.488258 0.0216347 0.0559824 0.109553
6 0.768781 0.476193 0.0832415 0.15165 0.109057
7 0.758513 0.171888 0.0182598 0.0501918 0.108682
2 0.742923 0.257346 0.0183618 0.0760167 0.106184
2 0.269465 0.159698 0.0122919 0.033647 0.105632
6 0.15974 0.304073 0.0460943 0.128542 0.105195
6 0.97513 0.431861 0.0489502 0.842507 0.104975
2 0.492386 0.22827 0.0333481 0.0609371 0.103913
2 0.829699 0.232924 0.0162844 0.0420673 0.103608
7 0.605581 0.19248 0.0199635 0.068319 0.100633
7 0.268212 0.202163 0.0300528 0.0361586 0.100588
10 0.11785 0.0707486 0.0176858 0.0352026 0.0999665
6 0.476688 0.304482 0.177314 0.280986 0.0986696
6 0.404569 0.317424 0.0441736 0.119688 0.0980128
6 0.484175 0.103176 0.0917803 0.168317 0.0975332
10 0.562687 0.0827188 0.0435684 0.168246 0.0967941
6 0.820901 0.816523 0.203645 0.393505 0.0955473
11 0.0684257 0.631986 0.120503 0.432272 0.095243
6 0.742056 0.188493 0.0968642 0.110344 0.0946487
2 0.258676 0.189242 0.0248467 0.0610575 0.0939476
6 0.289224 0.239288 0.113294 0.210746 0.093607
7 0.833079 0.210615 0.020369 0.0710218 0.0926067
10 0.00781256 0.683517 0.0155 0.158418 0.0922164
6 0.657178 0.694422 0.138455 0.291686 0.0919916
10 0.583526 0.138581 0.0399625 0.0895585 0.0903752
7 0.314036 0.403215 0.0328857 0.0666971 0.0902718
6 0.319234 0.205935 0.155574 0.277938 0.0893787
7 0.0574863 0.528977 0.0211339 0.0463236 0.0886599
7 0.756269 0.159055 0.0172974 0.0269298 0.0885276
11 0.70555 0.613115 0.0482889 0.0919664 0.0882812
7 0.314906 0.423183 0.0166292 0.0371725 0.0882732
6 0.383393 0.262959 0.158327 0.231473 0.0878845
6 0.793265 0.556025 0.408843 0.879416 0.0876123
7 0.806315 0.231293 0.0165939 0.050986 0.0876118
10 0.126147 0.236014 0.0679512 0.128258 0.0872866
7 0.427334 0.228873 0.0208673 0.0465725 0.0853985
7 0.794185 0.239637 0.0334259 0.0531018 0.0850655
7 0.105371 0.204761 0.0237649 0.0620437 0.0846623
7 0.0727379 0.478378 0.029033 0.0496808 0.0846424
7 0.177947 0.472459 0.0199275 0.05695 0.0817593
7 0.433519 0.213955 0.0328844 0.0759069 0.0817044
7 0.805913 0.218816 0.018409 0.034152 0.0814627
6 0.517533 0.33207 0.101153 0.224382 0.0807005
6 0.692554 0.222102 0.0582716 0.202158 0.0788862
11 0.18877 0.762153 0.23108 0.423715 0.0783817
7 0.794468 0.236549 0.0232456 0.0380635 0.0776856
11 0.776336 0.179281 0.167846 0.123224 0.0763642
7 0.856093 0.249606 0.0180239 0.0578216 0.076252
10 0.157186 0.0256614 0.0174073 0.0414709 0.0755882
6 0.682572 0.781117 0.0792774 0.114091 0.0749027
7 0.0342643 0.526229 0.0477436 0.0864044 0.0729391
2 0.760332 0.233048 0.0165234 0.0800408 0.0723546
7 0.835185 0.242274 0.0334433 0.0587826 0.0711542
10 0.320513 0.103171 0.191331 0.185931 0.0706236
7 0.316521 0.38709 0.0320105 0.0630671 0.070205
10 0.1161 0.23405 0.0563086 0.118831 0.0699695
6 0.595981 0.689577 0.111961 0.219855 0.0699538
7 0.771756 0.166293 0.0208317 0.0313513 0.0693388
2 0.74415 0.242597 0.0149939 0.0517298 0.0679297
7 0.733321 0.591219 0.0150242 0.0483151 0.0677952
6 0.235892 0.667771 0.146188 0.255959 0.0664163
7 0.309706 0.402819 0.0270245 0.0540113 0.0661002
7 0.432697 0.250679 0.0366899 0.138985 0.0655104
6 0.934316 0.970045 0.112653 0.0654569 0.0655095
6 0.629699 0.660977 0.193316 0.374389 0.0649
7 0.159682 0.866233 0.0285778 0.0611385 0.06477
7 0.731242 0.58738 0.0146004 0.0470504 0.0647091
7 0.428936 0.260525 0.0480354 0.127565 0.0645256
7 0.769711 0.181676 0.0367744 0.0835394 0.0642861
6 0.185291 0.59766 0.0636137 0.144207 0.063843
7 0.166236 0.855779 0.0212808 0.0602413 0.0629343
7 0.0564761 0.539681 0.0278026 0.067605 0.0622222
7 0.239189 0.649085 0.0158978 0.046456 0.0615789
6 0.7793 0.976931 0.197872 0.0644015 0.0611221
6 0.434244 0.970297 0.189118 0.0587838 0.0607604
6 0.0842553 0.476849 0.0595353 0.0994136 0.0602201
7 0.126053 0.828223 0.0175634 0.0340969 0.0595526
11 0.777024 0.461564 0.201771 0.638689 0.0593453
6 0.791061 0.972583 0.198387 0.0691778 0.0587652
6 0.0605184 0.583504 0.0885103 0.264455 0.0574248
2 0.850065 0.272785 0.0150368 0.0626325 0.0571381
11 0.777772 0.200905 0.171889 0.166015 0.0565445
6 0.504704 0.341535 0.138339 0.18732 0.0564383
6 0.737799 0.443719 0.141991 0.150618 0.0556704
2 0.748976 0.248632 0.0116375 0.0662867 0.0544058
6 0.78075 0.737904 0.418285 0.515228 0.0537853
7 0.835559 0.259383 0.0183422 0.0659904 0.0532562
6 0.271499 0.406014 0.0447304 0.0894337 0.0523395
7 0.15629 0.88908 0.0312668 0.0418829 0.0522472
6 0.392926 0.545102 0.0631977 0.0915705 0.0518357
6 0.67809 0.755389 0.0862043 0.167074 0.0516581
7 0.659507 0.554053 0.0257885 0.0616749 0.0514825
7 0.0833639 0.497525 0.0152223 0.0418095 0.0513408
7 0.856935 0.218066 0.0136063 0.0551469 0.0512228
7 0.193187 0.662202 0.0232782 0.0393823 0.0510505
6 0.116928 0.593464 0.0555941 0.139901 0.0507843
7 0.797249 0.232767 0.0159456 0.024495 0.0501787
11 0.77692 0.446234 0.19694 0.609991 0.0494458
7 0.268735 0.198916 0.0302264 0.0315731 0.0493316
2 0.742967 0.235535 0.0142663 0.0382773 0.0483356
7 0.83161 0.295955 0.0172888 0.048254 0.0451985
6 0.35564 0.714242 0.0759832 0.116442 0.0438615
7 0.73967 0.605455 0.0139648 0.0385699 0.0437752
7 0.761898 0.617259 0.024334 0.0655918 0.0435997
7 0.235957 0.647452 0.0200713 0.0441989 0.0413809
6 0.404389 0.978813 0.160223 0.0389099 0.0413657
7 0.191899 0.656223 0.0242829 0.0302432 0.0394218
6 0.455196 0.439171 0.433941 0.396624 0.0388198
7 0.129334 0.847426 0.0276348 0.0458967 0.038291
6 0.396149 0.206414 0.0460992 0.0994791 0.0378295
6 0.437731 0.96934 0.126572 0.0646053 0.0375306
6 0.747895 0.248773 0.0495904 0.0593342 0.036664
7 0.844748 0.245638 0.0133963 0.0393899 0.0361568
7 0.669085 0.631645 0.0204649 0.0595709 0.034993
7 0.315224 0.43593 0.0140494 0.0255735 0.0345673
7 0.735165 0.637152 0.0190872 0.0808225 0.0333125
6 0.20602 0.760985 0.407511 0.468857 0.0331185
6 0.4144 0.953025 0.061074 0.082616 0.0329697
7 0.666962 0.611419 0.0151506 0.0466833 0.0325907
10 0.768573 0.208203 0.12424 0.157466 0.0323163
7 0.319616 0.384078 0.0248137 0.0541839 0.031729
6 0.814604 0.834807 0.121701 0.0622719 0.0316503
6 0.28638 0.790461 0.0460596 0.0711157 0.0314606
6 0.115675 0.881402 0.12129 0.115971 0.0309445
7 0.15808 0.854587 0.0164207 0.025437 0.0296254
6 0.174236 0.964654 0.219956 0.0850605 0.0294321
6 0.689973 0.735974 0.218091 0.350785 0.0285516
6 0.119539 0.920409 0.132539 0.123788 0.0278527
6 0.55445 0.563865 0.0390734 0.0842496 0.0272332
7 0.758566 0.640814 0.0274731 0.0880384 0.0245077
6 0.0542259 0.753763 0.0872405 0.107908 0.0241417
7 0.31643 0.497272 0.0232548 0.06975 0.0235586
6 0.526324 0.415544 0.0443143 0.0916968 0.0234372
2 0.0836694 0.539513 0.0312552 0.0738477 0.023332
7 0.201391 0.740938 0.0369419 0.0648483 0.0228817
7 0.198682 0.73987 0.0194188 0.0337886 0.0218161
2 0.155339 0.899747 0.0223567 0.0304136 0.0216235
2 0.664784 0.641632 0.0337286 0.0567227 0.0213722
7 0.163668 0.895023 0.0210844 0.0357179 0.0210525
7 0.117678 0.823103 0.0425382 0.106728 0.0209587
6 0.165404 0.79423 0.0857009 0.106155 0.0208513
2 0.205429 0.744782 0.0194201 0.0352532 0.0207494
2 0.246133 0.787244 0.0180966 0.0428361 0.0194771
7 0.21579 0.741202 0.0123414 0.0197189 0.0177812
2 0.124598 0.867011 0.0192836 0.0246841 0.0172679
