6 0.391149 0.606239 0.219541 0.599814 0.902285
5 0.680562 0.470549 0.125226 0.177138 0.854532
5 0.731181 0.912613 0.121965 0.173495 0.46031
5 0.819142 0.861199 0.0683465 0.165958 0.43877
11 0.307832 0.572586 0.171912 0.323244 0.329883
11 0.315151 0.626612 0.186554 0.428455 0.316441
11 0.362344 0.639574 0.285112 0.514076 0.264199
5 0.743226 0.924826 0.0937185 0.151918 0.252022
5 0.774789 0.889661 0.15733 0.22162 0.198997
5 0.763172 0.893486 0.196262 0.215577 0.187898
5 0.816956 0.884669 0.0740161 0.217001 0.165527
10 0.703264 0.0160053 0.0582959 0.0318754 0.15812
6 0.289703 0.424966 0.220047 0.679221 0.153193
11 0.360882 0.658529 0.281917 0.538349 0.15105
6 0.276495 0.294028 0.179454 0.413683 0.145538
11 0.36848 0.639415 0.296262 0.530603 0.136875
10 0.591745 0.06935 0.0535724 0.140238 0.133368
5 0.824343 0.866616 0.057402 0.0955832 0.129706
11 0.318352 0.51837 0.195402 0.444246 0.128441
2 0.613934 0.163727 0.0169744 0.0822105 0.12779
10 0.697742 0.0144994 0.0445872 0.0287772 0.12313
10 0.593694 0.101628 0.058674 0.204324 0.121629
6 0.291227 0.419119 0.222122 0.664894 0.118387
6 0.270216 0.22702 0.167459 0.283492 0.11309
6 0.367767 0.571572 0.198501 0.521979 0.104024
11 0.515034 0.0536729 0.178507 0.105476 0.101645
11 0.355898 0.576747 0.273369 0.520618 0.099705
6 0.3145 0.398903 0.273882 0.619785 0.0996869
10 0.712451 0.0194942 0.0766046 0.0401767 0.0990639
6 0.289429 0.383497 0.147354 0.220225 0.0980793
5 0.744072 0.965435 0.0876559 0.0713924 0.0944035
6 0.320236 0.487007 0.286636 0.792714 0.0942988
5 0.831036 0.858 0.0446751 0.0735842 0.0935844
11 0.34765 0.510221 0.251059 0.403178 0.0934449
2 0.417508 0.974325 0.0221292 0.0514276 0.0927761
6 0.431743 0.0558177 0.0369297 0.112195 0.090819
6 0.308313 0.552882 0.181817 0.552436 0.0895701
5 0.376141 0.38624 0.0565406 0.110748 0.0886104
6 0.258913 0.171262 0.188596 0.33559 0.0885709
10 0.935765 0.066608 0.0319565 0.133249 0.0849767
11 0.382847 0.642215 0.325222 0.523366 0.0822054
6 0.873458 0.928667 0.0457693 0.140408 0.0817909
6 0.88287 0.930248 0.0372759 0.139681 0.0800976
6 0.262068 0.165441 0.152577 0.156734 0.0782746
5 0.830845 0.845154 0.0369297 0.0421901 0.0754989
5 0.471225 0.184996 0.0867161 0.107292 0.0741967
2 0.605243 0.157962 0.0143187 0.0629211 0.073398
10 0.635732 0.176704 0.143766 0.351989 0.0732178
6 0.00255305 0.880121 0.00479832 0.235531 0.0686166
10 0.591987 0.0979333 0.0598083 0.19714 0.0683037
6 0.37697 0.537007 0.188259 0.446886 0.0679019
5 0.707542 0.870089 0.0803922 0.109723 0.0671256
2 0.335835 0.366588 0.0547989 0.167711 0.0669151
5 0.743226 0.859734 0.0799746 0.0963884 0.0656157
10 0.655259 0.0178533 0.188286 0.036111 0.0653889
6 0.254723 0.122111 0.176802 0.241242 0.0650306
6 0.343814 0.489024 0.318496 0.812683 0.0640927
10 0.708618 0.0131194 0.0402877 0.0251792 0.0613458
10 0.934683 0.0380628 0.0287952 0.0785181 0.0613026
10 0.934745 0.0268812 0.0276091 0.0554871 0.0592932
2 0.616548 0.165113 0.010834 0.0805257 0.0577081
10 0.595904 0.160608 0.0620255 0.328183 0.0572369
11 0.297495 0.469109 0.14167 0.106561 0.0565521
6 0.42912 0.0401203 0.0287714 0.0805698 0.0552109
5 0.741523 0.848109 0.0767517 0.0786677 0.0550149
10 0.629339 0.114414 0.129618 0.235525 0.0544962
10 0.596978 0.171399 0.0714677 0.341314 0.0542123
5 0.743639 0.978133 0.0860222 0.0453235 0.0530493
2 0.581502 0.0927142 0.0198372 0.0508907 0.0526664
7 0.389073 0.258399 0.0581956 0.0790193 0.0521891
5 0.735637 0.966258 0.0791277 0.0684694 0.0521781
2 0.432702 0.0378333 0.0253901 0.0791009 0.0517065
5 0.833805 0.82209 0.0402012 0.0934526 0.0498578
6 0.359207 0.690827 0.157787 0.281714 0.0480256
6 0.403836 0.532163 0.13245 0.441127 0.0478108
5 0.746888 0.894544 0.0864588 0.192011 0.0474079
6 0.408703 0.552267 0.11479 0.354415 0.0460425
6 0.394089 0.604322 0.205821 0.576931 0.0459966
6 0.362303 0.57258 0.158662 0.510123 0.0458959
2 0.399933 0.985047 0.0581983 0.0299326 0.045823
5 0.733318 0.97123 0.0659502 0.0597812 0.0454625
5 0.267812 0.413159 0.08809 0.152205 0.0448168
5 0.687793 0.482116 0.0649625 0.0730122 0.0445293
6 0.418152 0.538058 0.125554 0.457367 0.0441286
6 0.357954 0.694436 0.161509 0.266149 0.044001
5 0.687921 0.434772 0.105789 0.101776 0.0436949
11 0.343984 0.633521 0.258642 0.559407 0.0434808
6 0.406384 0.443102 0.118166 0.267635 0.0433203
6 0.816477 0.88299 0.0764996 0.225064 0.0431627
10 0.58961 0.0254098 0.0494418 0.0525023 0.042888
6 0.874784 0.888171 0.0558338 0.223997 0.0421497
2 0.609204 0.166486 0.0103041 0.059501 0.0421484
6 0.881385 0.884015 0.0481003 0.233233 0.0419156
11 0.324675 0.635523 0.2246 0.506795 0.0415665
6 0.863722 0.805975 0.0766823 0.379073 0.0413603
11 0.301298 0.563174 0.157293 0.259991 0.0410628
6 0.383917 0.721508 0.214299 0.336397 0.0406983
5 0.732422 0.962557 0.141239 0.0764303 0.040155
11 0.297799 0.558015 0.147754 0.256032 0.0397722
5 0.690609 0.890398 0.0416441 0.0640523 0.0397673
6 0.324361 0.315483 0.299262 0.470819 0.03954
8 0.680194 0.469471 0.121433 0.168854 0.0395292
10 0.93786 0.133514 0.0435066 0.289246 0.0395031
6 0.361609 0.576995 0.164744 0.505838 0.0390046
2 0.418739 0.978231 0.0198318 0.0414894 0.0388958
6 0.840809 0.921737 0.112889 0.150624 0.0385638
7 0.841322 0.812922 0.0244074 0.0719066 0.0384361
6 0.737373 0.955101 0.125858 0.091743 0.0378069
2 0.597317 0.150669 0.0123829 0.064447 0.0377796
5 0.857702 0.861496 0.0786169 0.175426 0.0376087
5 0.745611 0.967153 0.0882379 0.0669172 0.0372861
5 0.834168 0.826965 0.0385733 0.099696 0.0371813
2 0.427133 0.0432402 0.0190381 0.0653722 0.0366227
6 0.347175 0.711957 0.134694 0.241193 0.0362239
6 0.3514 0.611845 0.140215 0.301988 0.0360884
10 0.591425 0.108807 0.0531999 0.168789 0.0353518
6 0.445616 0.725059 0.111974 0.34034 0.0353479
11 0.583811 0.0448712 0.326445 0.0934167 0.0353372
10 0.592286 0.120142 0.0630165 0.188526 0.0353087
10 0.605967 0.164525 0.048998 0.327826 0.0350861
2 0.714787 0.98262 0.0280082 0.0352211 0.035043
5 0.738947 0.935264 0.0956375 0.128297 0.0349748
2 0.608064 0.166625 0.0105327 0.0505169 0.0349316
6 0.344552 0.713146 0.129741 0.238188 0.0348842
6 0.86388 0.96121 0.0242905 0.0742472 0.0344846
11 0.310909 0.628691 0.176774 0.362998 0.0342687
11 0.410516 0.330603 0.161949 0.245486 0.033293
2 0.53115 0.0537076 0.0131339 0.0236086 0.0332096
11 0.296225 0.568026 0.146286 0.233447 0.0331438
5 0.684253 0.485415 0.0568584 0.0620363 0.0329922
6 0.378007 0.418434 0.160463 0.276057 0.0327707
11 0.554811 0.0705894 0.276128 0.142227 0.032758
6 0.420317 0.513832 0.0905209 0.292575 0.0325776
6 0.352713 0.679585 0.15714 0.180164 0.0325623
5 0.729104 0.485768 0.0421969 0.144275 0.0324187
5 0.83682 0.811068 0.0377272 0.0875621 0.0323557
5 0.822944 0.856809 0.0610439 0.15487 0.0321855
6 0.796608 0.793505 0.187317 0.405428 0.0321058
6 0.292135 0.172152 0.0885231 0.165635 0.0320059
6 0.343589 0.635712 0.232389 0.200787 0.0316052
5 0.822369 0.842382 0.0188717 0.0314476 0.0313683
2 0.846955 0.8352 0.0131145 0.0413115 0.0311251
6 0.378168 0.532616 0.102021 0.38068 0.0310542
2 0.732123 0.437265 0.0218001 0.0382571 0.0310202
2 0.427663 0.0317923 0.0277813 0.0674768 0.0309318
11 0.314731 0.617373 0.170107 0.201091 0.0308455
10 0.69787 0.0151825 0.0303856 0.0195984 0.030136
6 0.335884 0.712614 0.116012 0.239038 0.0301124
6 0.444094 0.602859 0.121766 0.576919 0.0298734
2 0.615096 0.185017 0.0117546 0.0445714 0.0297517
7 0.881862 0.906245 0.0215353 0.0921883 0.029513
6 0.336854 0.724628 0.115162 0.215545 0.0294711
6 0.412977 0.725356 0.100962 0.224392 0.0294587
6 0.337003 0.775466 0.0723522 0.115501 0.0288372
5 0.712124 0.43925 0.0682842 0.113479 0.0288315
5 0.72993 0.446647 0.0284905 0.0639537 0.0287769
2 0.846579 0.845288 0.0151783 0.0567225 0.0283813
2 0.25089 0.409574 0.0404614 0.111212 0.028316
6 0.436953 0.602058 0.121779 0.560395 0.0281912
5 0.599726 0.247135 0.0548653 0.17591 0.0281337
5 0.842518 0.82577 0.0210527 0.0955243 0.0280006
5 0.8462 0.833603 0.0147938 0.116046 0.0277216
10 0.748547 0.904831 0.0844762 0.189187 0.0274748
6 0.400656 0.410305 0.105062 0.194629 0.027438
2 0.400904 0.667295 0.0455591 0.107095 0.0271433
5 0.636906 0.468013 0.042719 0.183123 0.0271062
6 0.317201 0.389324 0.126586 0.216106 0.0267885
6 0.332534 0.741393 0.104785 0.181744 0.0265523
6 0.333194 0.760062 0.0936713 0.149505 0.0261594
5 0.739092 0.487534 0.0559568 0.179354 0.0261518
6 0.265084 0.432906 0.126799 0.14575 0.0260373
6 0.329322 0.211401 0.0697293 0.249671 0.026024
6 0.406178 0.608725 0.0625287 0.20532 0.0257245
5 0.633391 0.468415 0.0384853 0.181976 0.0257005
7 0.869377 0.905758 0.0470501 0.0898359 0.0254142
6 0.453158 0.647405 0.119656 0.5059 0.0252938
6 0.467383 0.62973 0.100421 0.530151 0.0248736
5 0.706632 0.46132 0.0356251 0.0569375 0.0247525
6 0.774649 0.575918 0.1332 0.46822 0.0244507
6 0.336934 0.757004 0.0981939 0.156781 0.0244172
6 0.437346 0.755469 0.0771524 0.201432 0.0244159
2 0.40333 0.652369 0.0329363 0.0818224 0.0243412
5 0.634542 0.505755 0.0351895 0.107154 0.0243177
7 0.862514 0.926643 0.0269091 0.0480072 0.0242813
10 0.800859 0.904341 0.107912 0.189823 0.0241696
10 0.831407 0.925231 0.0485495 0.142859 0.024083
5 0.259143 0.427638 0.0686614 0.120524 0.024068
10 0.610235 0.0550368 0.0322375 0.0442182 0.0240425
2 0.881758 0.887727 0.0192575 0.0551494 0.0239829
5 0.786426 0.919662 0.047916 0.150395 0.0239813
6 0.264994 0.743569 0.237271 0.495626 0.0239747
8 0.727017 0.443971 0.0358802 0.0522424 0.0238958
2 0.595383 0.187614 0.0124846 0.0473856 0.0234062
6 0.355487 0.812836 0.307252 0.384452 0.0232816
10 0.558255 0.0273208 0.0830697 0.0522477 0.0231941
6 0.75669 0.942823 0.228148 0.116446 0.0230533
6 0.419645 0.793698 0.0832263 0.183636 0.0230027
11 0.0248764 0.91726 0.0480233 0.161196 0.0227324
6 0.400393 0.578131 0.0898647 0.115324 0.0227084
8 0.688704 0.911251 0.0533269 0.0712871 0.0226982
5 0.712396 0.444049 0.0642262 0.123791 0.0224404
2 0.706386 0.473303 0.0364285 0.0678143 0.0221659
2 0.331356 0.770482 0.0446148 0.0907243 0.0219597
5 0.853336 0.563243 0.0997402 0.196314 0.0217451
11 0.391298 0.830733 0.227383 0.224011 0.0216786
6 0.33084 0.724857 0.114314 0.0975181 0.0216296
10 0.749265 0.957744 0.0637615 0.078349 0.0216253
8 0.816746 0.918752 0.0663649 0.103168 0.0215977
7 0.837284 0.817416 0.0301531 0.0767896 0.0215558
6 0.462218 0.823742 0.0870481 0.172472 0.0213916
2 0.384775 0.550366 0.0336207 0.094037 0.0213405
2 0.321825 0.408294 0.0375581 0.0916141 0.0211581
8 0.740535 0.870016 0.0405867 0.0512846 0.0209376
6 0.344782 0.780326 0.0843346 0.129915 0.020908
8 0.826652 0.879811 0.0269325 0.0297501 0.0206119
6 0.408184 0.731121 0.04123 0.0864131 0.0205788
6 0.270917 0.95698 0.168407 0.113429 0.0204306
6 0.369813 0.678955 0.0378196 0.0484631 0.0202889
2 0.306671 0.395209 0.0336281 0.106259 0.0202523
11 0.32154 0.982829 0.360113 0.132798 0.0202025
8 0.773974 0.891161 0.0267482 0.0273296 0.0201496
8 0.696497 0.990694 0.140583 0.0303793 0.0198851
2 0.847827 0.872087 0.0163696 0.0361008 0.0198575
6 0.367155 0.459279 0.0357435 0.100942 0.0198459
6 0.339393 0.791984 0.0830936 0.099929 0.0198271
6 0.234094 0.565264 0.0738164 0.111643 0.019696
6 0.727748 0.985718 0.104234 0.0408184 0.0195685
7 0.881479 0.927809 0.0183813 0.128909 0.0195225
10 0.598584 0.382316 0.0681765 0.231606 0.0194956
2 0.72035 0.848839 0.0438909 0.0367439 0.0194447
2 0.370264 0.413799 0.0370234 0.0648549 0.0194422
2 0.607189 0.156586 0.0225509 0.06641 0.0194137
8 0.696311 0.507273 0.0853684 0.0765621 0.0194121
8 0.727168 0.987756 0.0710229 0.0254674 0.0193863
2 0.351812 0.303159 0.0379887 0.0683491 0.0193534
6 0.771969 0.484152 0.11097 0.288636 0.0193477
6 0.801641 0.979715 0.0752363 0.04638 0.0192256
10 0.934077 0.505769 0.120215 0.992585 0.0192078
6 0.28133 0.915318 0.134588 0.182938 0.0192061
2 0.706267 0.989082 0.0358698 0.0208878 0.0191797
2 0.397515 0.578559 0.0303167 0.0844358 0.019134
8 0.698643 0.910609 0.0451141 0.0396645 0.0191239
7 0.854278 0.928479 0.0204472 0.0471396 0.0186616
6 0.258482 0.97469 0.221845 0.125239 0.0186081
2 0.852928 0.959888 0.022159 0.0291579 0.0185093
2 0.413899 0.842513 0.0332214 0.0636002 0.0184771
10 0.291455 0.4054 0.0377815 0.112657 0.0184346
8 0.677415 0.888488 0.0981687 0.060036 0.0182713
6 0.31245 0.968533 0.199951 0.138331 0.0181982
10 0.708567 0.576879 0.0428902 0.0344757 0.0180361
6 0.236309 0.645024 0.0389614 0.0742889 0.018017
6 0.304799 0.129889 0.069183 0.10659 0.0180115
6 0.368858 0.718352 0.0393091 0.0489881 0.0179033
2 0.389423 0.588895 0.0351082 0.04704 0.0178621
6 0.259564 0.449726 0.0734417 0.222588 0.017833
2 0.402197 0.619021 0.0180339 0.0415916 0.0178249
11 0.416022 0.934242 0.383881 0.215181 0.0178104
6 0.345125 0.310449 0.0554612 0.149039 0.0177969
6 0.271308 0.904147 0.120401 0.170862 0.0175991
2 0.848331 0.968825 0.0203199 0.0528223 0.0175349
2 0.621047 0.224688 0.00770092 0.054845 0.0173774
2 0.257081 0.806893 0.0447711 0.0561485 0.0172369
6 0.244473 0.322152 0.0797757 0.0730999 0.0171488
6 0.32861 0.970477 0.192849 0.0924212 0.0170358
8 0.737304 0.978517 0.0599685 0.0390396 0.0169521
6 0.258522 0.945402 0.13958 0.121323 0.016871
10 0.691449 0.625175 0.0393559 0.038644 0.0167896
10 0.656483 0.621782 0.0427554 0.0267876 0.0166259
11 0.37045 0.882099 0.124624 0.136844 0.0164646
2 0.837573 0.767457 0.0355024 0.0651178 0.0164442
6 0.396528 0.928211 0.194898 0.169342 0.016396
8 0.62268 0.701545 0.0218704 0.0334218 0.0162734
2 0.34698 0.847352 0.0997582 0.112407 0.0162611
10 0.612331 0.38261 0.0134749 0.0453641 0.0162261
11 0.312485 0.887684 0.0789449 0.0848451 0.0160696
6 0.280627 0.864463 0.108034 0.165861 0.0160688
6 0.215996 0.880356 0.11617 0.166376 0.0160253
10 0.671888 0.683715 0.0310504 0.0302159 0.0160112
6 0.308784 0.901565 0.0814239 0.119737 0.0159666
11 0.271496 0.959996 0.102695 0.087237 0.0158107
10 0.262526 0.477483 0.0784909 0.0835361 0.0157511
6 0.3176 0.91384 0.059062 0.0727314 0.0156104
6 0.310191 0.902832 0.102023 0.167097 0.0155612
10 0.239238 0.89506 0.0843302 0.123841 0.0155344
6 0.69432 0.685104 0.143853 0.132623 0.0155277
6 0.327067 0.835374 0.0807443 0.128667 0.0155032
10 0.633197 0.704774 0.0435864 0.0426647 0.0154722
2 0.749461 0.703001 0.0442845 0.0715984 0.0154676
6 0.241698 0.900728 0.0941069 0.141534 0.0154063
11 0.20067 0.962561 0.0919596 0.0638266 0.015392
6 0.455724 0.888992 0.0770514 0.205338 0.0152838
8 0.362985 0.878637 0.0748942 0.0870689 0.0152616
10 0.332691 0.886252 0.0536482 0.058429 0.015246
2 0.834104 0.943753 0.0383011 0.0438683 0.0152196
2 0.662448 0.760415 0.0580775 0.0477097 0.0150874
11 0.363435 0.973458 0.132075 0.074899 0.0150059
6 0.423255 0.957041 0.210587 0.112605 0.0149373
2 0.350563 0.868324 0.0552811 0.0511986 0.014934
6 0.325998 0.91883 0.044915 0.0628245 0.0141795
8 0.504077 0.407659 0.07679 0.0527013 0.0137029
