9 0.742121 0.577085 0.191963 0.26901 0.804205
9 0.632697 0.53888 0.176835 0.233014 0.685316
9 0.60431 0.843228 0.255446 0.292936 0.567394
10 0.963329 0.499631 0.0732329 0.990467 0.208254
10 0.596026 0.415746 0.0819966 0.184199 0.133401
9 0.560356 0.837387 0.342084 0.31199 0.132041
10 0.969914 0.47614 0.0602025 0.933699 0.118906
10 0.982997 0.285199 0.0344086 0.261957 0.114294
9 0.591098 0.52275 0.0955305 0.191739 0.113214
10 0.968456 0.400692 0.0624185 0.777866 0.111861
6 0.470045 0.866747 0.171936 0.264848 0.111042
9 0.701564 0.845595 0.468346 0.306829 0.106304
10 0.969243 0.346736 0.0614307 0.682619 0.106265
9 0.609753 0.713777 0.272865 0.565407 0.104303
10 0.98128 0.295498 0.0375645 0.417061 0.103981
3 0.501098 0.121523 0.999987 0.241791 0.103486
10 0.98216 0.375532 0.0356835 0.579798 0.101192
10 0.591462 0.458763 0.0914802 0.296861 0.100359
10 0.972212 0.21852 0.0555027 0.434512 0.0975096
3 0.501578 0.120981 0.999986 0.240742 0.095553
10 0.97028 0.495774 0.0600454 0.962428 0.0947846
6 0.423382 0.854335 0.0746463 0.229167 0.0937485
10 0.609478 0.363655 0.0631939 0.297762 0.0921637
9 0.700135 0.571205 0.320355 0.301034 0.0899329
10 0.0100319 0.950579 0.0202155 0.0927521 0.087768
9 0.673155 0.84252 0.556859 0.313111 0.0856489
10 0.980093 0.44554 0.039172 0.694958 0.0841964
3 0.500816 0.0409376 0.998354 0.0823505 0.0840135
3 0.501814 0.116749 0.999987 0.232952 0.0835875
9 0.706332 0.834032 0.470754 0.330764 0.083327
10 0.592828 0.47126 0.0967801 0.290735 0.0821047
3 0.499301 0.498069 0.997034 0.995514 0.0819083
10 0.591984 0.461793 0.0882563 0.290817 0.0812789
6 0.477317 0.861221 0.182155 0.277828 0.0804039
10 0.583934 0.416776 0.0814226 0.16571 0.0800091
10 0.980615 0.213526 0.039147 0.433232 0.0793738
6 0.46825 0.850178 0.167262 0.300751 0.0773006
10 0.593426 0.421802 0.10468 0.401821 0.0766194
9 0.701849 0.791491 0.464775 0.416479 0.075735
4 0.676459 0.399911 0.0381709 0.0471219 0.0752556
9 0.70981 0.685664 0.482073 0.627881 0.0739365
9 0.610504 0.722316 0.26017 0.552651 0.0729053
9 0.564873 0.794445 0.375511 0.404335 0.0700153
10 0.758152 0.811354 0.0647713 0.106215 0.0697544
10 0.968848 0.314553 0.0619392 0.631227 0.0677924
10 0.970381 0.106142 0.0587172 0.21348 0.0666928
9 0.668126 0.568681 0.254563 0.279371 0.0664626
9 0.596449 0.532352 0.108988 0.196356 0.0648949
9 0.670974 0.536243 0.0974297 0.190887 0.0647122
10 0.776326 0.781289 0.112543 0.172077 0.0645148
3 0.49878 0.499252 0.999757 0.997066 0.0637351
10 0.612521 0.415478 0.0534089 0.20158 0.0634462
3 0.498881 0.499455 0.998905 0.997317 0.0620875
6 0.455774 0.869607 0.136443 0.26181 0.0619675
9 0.715757 0.640109 0.481984 0.72102 0.0612296
3 0.292229 0.501693 0.585552 0.993776 0.0610767
10 0.894117 0.500297 0.210504 0.992891 0.0610119
10 0.98381 0.2999 0.0329268 0.183892 0.0608487
9 0.574943 0.701985 0.375175 0.584373 0.0605925
6 0.486505 0.864034 0.201943 0.272949 0.0605802
10 0.984005 0.258685 0.0323883 0.232251 0.0604791
9 0.567211 0.842205 0.170371 0.275451 0.0601019
9 0.705499 0.709223 0.501917 0.579185 0.059983
10 0.598215 0.434861 0.104533 0.415985 0.0598475
10 0.612764 0.410865 0.0502793 0.185916 0.0596337
9 0.693369 0.53916 0.302288 0.354816 0.0567385
10 0.00956707 0.938007 0.0203661 0.119863 0.0562692
10 0.971175 0.410918 0.0577909 0.424705 0.0562198
9 0.565086 0.810231 0.155231 0.216618 0.055754
10 0.965152 0.14525 0.0690249 0.296249 0.0553905
10 0.779507 0.793122 0.11101 0.146938 0.0548439
10 0.875505 0.497487 0.247268 0.999988 0.0535504
9 0.6753 0.524361 0.254014 0.248118 0.0533941
10 0.865585 0.497852 0.266954 0.999924 0.051938
10 0.582702 0.477236 0.079052 0.262115 0.0518462
9 0.688565 0.572191 0.116156 0.262243 0.0504733
10 0.917934 0.372544 0.162943 0.725818 0.0502833
9 0.678647 0.53529 0.0944079 0.189851 0.0490271
10 0.90273 0.574154 0.0604832 0.257568 0.0486909
9 0.677532 0.53481 0.26606 0.265161 0.0486727
9 0.654975 0.691773 0.421293 0.607939 0.0485671
9 0.677136 0.701617 0.591748 0.597158 0.0482342
10 0.013939 0.881303 0.0286707 0.230258 0.0480467
10 0.616301 0.452231 0.0571923 0.333924 0.0478254
3 0.0358851 0.501706 0.0720489 0.98441 0.0477331
10 0.969628 0.0561335 0.0610565 0.112718 0.0476309
10 0.942196 0.144286 0.113829 0.286931 0.0474695
9 0.74344 0.646791 0.187054 0.131626 0.0470372
9 0.656113 0.566865 0.232236 0.280957 0.0470052
10 0.0129731 0.765874 0.0267301 0.458134 0.0467898
9 0.718131 0.531542 0.147978 0.190959 0.0462559
10 0.799976 0.767528 0.0587515 0.114053 0.0459165
10 0.803753 0.115187 0.393383 0.229308 0.0452243
9 0.692221 0.571344 0.0974695 0.25485 0.044897
10 0.0104003 0.908371 0.0220415 0.175319 0.0448284
9 0.688823 0.631995 0.302781 0.320355 0.0445781
10 0.884227 0.902146 0.0923101 0.166421 0.0443203
3 0.122247 0.501696 0.242973 0.989281 0.04243
10 0.615508 0.409999 0.0439577 0.127467 0.040917
9 0.744206 0.534524 0.0930732 0.172376 0.0405445
10 0.757747 0.797829 0.0441542 0.0778765 0.0403775
10 0.743423 0.811445 0.0375034 0.0898796 0.0402589
9 0.695549 0.837468 0.602925 0.322254 0.0402416
9 0.619771 0.632564 0.153387 0.184072 0.0401266
10 0.794711 0.775811 0.0257775 0.0415339 0.0398247
10 0.617297 0.430003 0.0423863 0.138386 0.0398078
3 0.378246 0.500736 0.762437 0.999134 0.0395912
10 0.609197 0.305584 0.0498415 0.181302 0.0389661
10 0.758954 0.781245 0.106687 0.163212 0.0388924
2 0.0318332 0.657632 0.0640069 0.66967 0.0380997
3 0.497876 0.414997 0.998943 0.825657 0.0378337
10 0.735254 0.500704 0.521587 0.990171 0.0374192
10 0.797073 0.758274 0.0402125 0.0914465 0.0373578
10 0.794531 0.785102 0.0340686 0.0663992 0.0373443
10 0.900945 0.386941 0.200867 0.622555 0.0371469
0 0.0321196 0.747505 0.0648236 0.492205 0.0371242
10 0.749348 0.79663 0.0209315 0.0464498 0.0367774
10 0.588254 0.380692 0.0581094 0.288593 0.0361031
9 0.749667 0.541619 0.0852687 0.178478 0.0360962
10 0.957301 0.679727 0.0850927 0.972203 0.0356896
9 0.62178 0.634684 0.145831 0.152962 0.0353749
9 0.601027 0.856947 0.229072 0.199015 0.0352596
10 0.981488 0.414344 0.0369512 0.25158 0.034888
9 0.6766 0.470482 0.0880689 0.183132 0.0348224
10 0.800257 0.765854 0.0458501 0.0780981 0.0343027
10 0.57642 0.446029 0.0687909 0.117794 0.0342091
3 0.303009 0.0322091 0.608104 0.0652071 0.0340925
10 0.248177 0.904625 0.156142 0.184953 0.0335817
9 0.675396 0.820095 0.0985888 0.172648 0.0333141
10 0.729142 0.498859 0.534994 0.999828 0.0332338
9 0.688393 0.499519 0.614669 0.998245 0.0332215
10 0.61365 0.417739 0.042966 0.138646 0.0329693
9 0.545434 0.846182 0.139835 0.286012 0.0323897
0 0.561683 0.884016 0.17321 0.19339 0.0322607
10 0.619653 0.119499 0.763558 0.237866 0.0322408
10 0.884752 0.540733 0.141103 0.899742 0.0320455
10 0.966949 0.628509 0.0658322 0.503007 0.0320337
9 0.677862 0.533805 0.0790691 0.12134 0.0319874
9 0.777938 0.585366 0.125844 0.241988 0.0318954
9 0.615296 0.584384 0.148303 0.324517 0.0317883
3 0.153373 0.54744 0.306669 0.888085 0.0317551
9 0.537241 0.835329 0.928591 0.32935 0.031747
3 0.0494735 0.583274 0.0996422 0.817543 0.031517
10 0.602352 0.40337 0.0262537 0.0851372 0.0314248
10 0.946867 0.758188 0.105626 0.912221 0.031313
10 0.760132 0.828806 0.0530245 0.079834 0.0312734
9 0.746278 0.586991 0.167584 0.239934 0.0311707
9 0.713906 0.905621 0.562753 0.187381 0.0310728
3 0.319035 0.552358 0.645588 0.89662 0.0308899
9 0.835625 0.683103 0.134819 0.20965 0.0306187
3 0.2306 0.532183 0.464616 0.932953 0.0301709
10 0.984402 0.175359 0.0314736 0.144832 0.0301576
9 0.380092 0.714347 0.750024 0.568087 0.0299942
9 0.68896 0.512935 0.0726912 0.141265 0.0298057
10 0.750888 0.334714 0.495525 0.655655 0.0297957
10 0.731735 0.820467 0.0334678 0.0580931 0.0297281
10 0.738503 0.128323 0.528932 0.253383 0.0296628
9 0.800869 0.648432 0.122351 0.143346 0.0294517
9 0.838909 0.649703 0.0995791 0.147078 0.029418
10 0.776263 0.82268 0.0453653 0.0915991 0.0293613
10 0.593752 0.355536 0.0353563 0.110089 0.0291015
10 0.849636 0.639447 0.296173 0.996859 0.0290118
9 0.404522 0.691175 0.789221 0.61961 0.0289883
11 0.657251 0.968874 0.583564 0.0619034 0.0287043
9 0.756421 0.576546 0.0905594 0.235798 0.0285715
9 0.793622 0.590819 0.149967 0.251145 0.0284667
0 0.67679 0.855019 0.110411 0.245218 0.0284114
9 0.817116 0.6314 0.0557548 0.102993 0.0282923
10 0.637419 0.455513 0.104575 0.110355 0.0282736
10 0.797185 0.75697 0.028255 0.0662207 0.0282481
10 0.987173 0.532781 0.0243864 0.149692 0.0279439
9 0.743838 0.599932 0.154292 0.207655 0.0274245
10 0.817316 0.594249 0.34906 0.999514 0.0270634
9 0.686463 0.562281 0.0844791 0.16403 0.0267983
3 0.218259 0.432593 0.43447 0.561482 0.0267907
10 0.962159 0.763926 0.0771702 0.474675 0.0265382
9 0.667862 0.43442 0.0650593 0.112547 0.026496
3 0.240429 0.0331508 0.485572 0.0671338 0.0264468
9 0.594461 0.56544 0.0579389 0.087294 0.0263842
11 0.570904 0.963994 0.845924 0.0757887 0.0262268
3 0.280403 0.418476 0.539397 0.53327 0.0261077
11 0.633504 0.964884 0.637168 0.072744 0.0260493
3 0.227434 0.627549 0.462196 0.746942 0.0259074
10 0.736434 0.834426 0.0934006 0.138866 0.0257765
10 0.872996 0.759019 0.219328 0.99909 0.0257605
10 0.673202 0.822889 0.0610284 0.0893746 0.0256977
10 0.74163 0.387903 0.51685 0.75729 0.0254328
3 0.0938464 0.608091 0.187762 0.774819 0.0253233
3 0.498097 0.50009 0.999754 0.989586 0.0252207
10 0.966046 0.67325 0.0692372 0.378962 0.0245208
10 0.699654 0.840171 0.0767981 0.127924 0.0244065
10 0.587814 0.706249 0.0643113 0.113318 0.0242893
3 0.175769 0.694628 0.356501 0.61127 0.0242464
11 0.793101 0.88189 0.274451 0.234803 0.024148
10 0.97036 0.623199 0.0429829 0.147494 0.0240993
9 0.596364 0.611341 0.107303 0.28629 0.0239419
10 0.639758 0.824107 0.123559 0.142548 0.023914
10 0.582473 0.0546844 0.852489 0.107536 0.0238686
10 0.0378605 0.610409 0.0768937 0.763039 0.0238049
3 0.22696 0.692247 0.458014 0.617764 0.0237995
10 0.726005 0.833576 0.170821 0.120654 0.0237389
3 0.160854 0.654149 0.323727 0.691338 0.0236377
10 0.963265 0.82713 0.0671572 0.566752 0.0233768
10 0.780792 0.9012 0.0978066 0.110417 0.0233175
9 0.502749 0.804113 0.999304 0.395124 0.0232509
9 0.778379 0.691393 0.245704 0.209814 0.0232149
10 0.778361 0.698888 0.0175683 0.0348461 0.0231877
10 0.514269 0.118254 0.980323 0.231667 0.023157
9 0.603093 0.831179 0.126832 0.106321 0.0230904
9 0.507762 0.836663 0.975979 0.328455 0.0229065
10 0.982737 0.393445 0.035236 0.122602 0.0228637
10 0.0424477 0.645432 0.0892527 0.728714 0.0227839
10 0.626831 0.522169 0.0485624 0.129075 0.022636
9 0.531076 0.809708 0.0905007 0.186819 0.022336
10 0.0314634 0.772901 0.0646547 0.562844 0.0222868
3 0.525555 0.365568 0.999938 0.528333 0.0222383
11 0.645856 0.945707 0.550997 0.10668 0.0220724
10 0.627432 0.821807 0.144836 0.0969591 0.0220503
10 0.688193 0.755636 0.0918524 0.128175 0.0220239
10 0.773416 0.4392 0.310877 0.626776 0.0217955
3 0.499937 0.062243 0.99838 0.124352 0.0217131
3 0.131449 0.615833 0.271868 0.790291 0.0214305
10 0.908887 0.731106 0.0413607 0.155129 0.021298
10 0.895346 0.965281 0.0726959 0.0767116 0.0212829
10 0.0602877 0.667763 0.117541 0.69062 0.0212303
10 0.551251 0.7858 0.0796616 0.0776198 0.02123
3 0.363012 0.327116 0.528116 0.252211 0.0209948
10 0.818729 0.821117 0.124782 0.136465 0.0209507
3 0.346697 0.0257548 0.493649 0.0512849 0.0208982
10 0.0822094 0.675831 0.167124 0.646173 0.0208025
0 0.545464 0.887981 0.103574 0.125752 0.0207694
10 0.815935 0.644658 0.0608646 0.120135 0.0207134
9 0.705851 0.682094 0.0775518 0.137901 0.0206849
10 0.682146 0.447988 0.0294906 0.0344912 0.0206742
4 0.14194 0.686391 0.285286 0.627112 0.0206535
9 0.744177 0.49917 0.0674477 0.0987737 0.0205656
3 0.621618 0.577049 0.651392 0.988179 0.0204449
0 0.363552 0.726844 0.617549 0.497639 0.0201211
10 0.696581 0.845652 0.0990115 0.106996 0.0200528
9 0.721125 0.66013 0.058122 0.0978688 0.0199439
6 0.452775 0.936252 0.268378 0.135992 0.0197963
10 0.749972 0.908202 0.184254 0.118396 0.0197837
11 0.555373 0.976906 0.141629 0.0403587 0.0196673
10 0.173741 0.651806 0.360147 0.698685 0.0196217
10 0.81738 0.638302 0.0457163 0.0865203 0.0194596
10 0.698746 0.874215 0.434448 0.502865 0.0193868
3 0.240002 0.675297 0.492266 0.671116 0.019353
10 0.560544 0.765946 0.095746 0.152761 0.0193506
0 0.326557 0.741323 0.623358 0.545364 0.0192026
4 0.509197 0.0469945 0.9948 0.069162 0.0191368
10 0.616121 0.904893 0.0485881 0.0940605 0.0190757
10 0.587311 0.816297 0.0578067 0.0593079 0.019058
11 0.439995 0.96464 0.344188 0.0752375 0.0190536
10 0.131899 0.933821 0.229945 0.173164 0.0189764
3 0.49696 0.675796 0.999435 0.730139 0.0189703
10 0.106967 0.873691 0.143817 0.277293 0.0188089
10 0.773859 0.731414 0.0429423 0.0499603 0.0186054
6 0.496842 0.924943 0.0788652 0.148162 0.0185993
3 0.488863 0.693975 0.997875 0.999086 0.0185589
11 0.409558 0.99415 0.127683 0.0224518 0.018527
10 0.605458 0.547203 0.65691 0.974302 0.0185142
11 0.456546 0.986249 0.0787771 0.0355833 0.0184139
0 0.444315 0.910642 0.428823 0.188671 0.0182423
6 0.422533 0.952593 0.062036 0.100254 0.0182251
0 0.55329 0.741459 0.0515096 0.0751889 0.0181199
0 0.582471 0.895892 0.0690084 0.0783041 0.0179764
10 0.695143 0.505057 0.0259348 0.0298458 0.0177651
11 0.657619 0.9813 0.610061 0.0663311 0.0177359
0 0.545528 0.947436 0.0878183 0.0695158 0.0176945
10 0.181141 0.754004 0.0788171 0.140252 0.0176723
11 0.522099 0.961268 0.111764 0.0804358 0.0176696
10 0.669863 0.903992 0.505327 0.992913 0.0176326
10 0.812141 0.959946 0.0716586 0.053252 0.0175344
10 0.640208 0.929528 0.0692045 0.112708 0.0174911
10 0.704768 0.908787 0.0640293 0.0445669 0.0173878
10 0.189096 0.871995 0.380474 0.272735 0.017373
10 0.542767 0.319542 0.404099 0.15502 0.0173369
0 0.648496 0.901256 0.542477 0.978378 0.0173237
10 0.54709 0.933698 0.055015 0.0768525 0.0172075
0 0.684061 0.902948 0.0894389 0.0566893 0.0171424
11 0.691002 0.967051 0.377634 0.0709402 0.0171188
3 0.486583 0.774522 0.99997 0.903876 0.0169702
0 0.61107 0.926599 0.172857 0.112096 0.0169075
11 0.740846 0.974453 0.214114 0.059864 0.0168533
10 0.74127 0.9026 0.123985 0.0582678 0.0167007
0 0.584396 0.950036 0.0859421 0.0728153 0.0166782
6 0.264901 0.890867 0.483821 0.207697 0.0166343
0 0.617167 0.963449 0.0784172 0.053331 0.0165977
10 0.658625 0.931167 0.150333 0.0852255 0.0163712
10 0.776178 0.957442 0.106918 0.0526188 0.0162555
10 0.491201 0.674515 0.182052 0.117855 0.0161319
10 0.648086 0.940863 0.227977 0.106472 0.0159599
10 0.6229 0.978103 0.151587 0.0475593 0.0159484
4 0.559739 0.23464 0.999729 0.103055 0.0159405
11 0.663508 0.986969 0.387326 0.0386461 0.0158913
10 0.367969 0.593437 0.641528 0.38543 0.0156265
11 0.636461 0.978082 0.338494 0.0582083 0.0153219
1 0.653346 0.981013 0.392363 0.077173 0.0150995
0 0.662973 0.917751 0.161932 0.0786949 0.014906
10 0.512624 0.705003 0.823653 0.212836 0.0146389
