6 0.391943 0.604677 0.217851 0.594972 0.909295
5 0.673249 0.479494 0.122753 0.173011 0.866754
5 0.730846 0.909268 0.120422 0.180727 0.825153
5 0.815781 0.889858 0.0680944 0.197919 0.817196
11 0.313169 0.626736 0.185781 0.426064 0.390956
11 0.361742 0.643458 0.288339 0.50753 0.250165
6 0.28253 0.301592 0.189558 0.424224 0.21573
6 0.297279 0.45698 0.231394 0.739858 0.208478
6 0.301751 0.419573 0.242313 0.6667 0.197058
11 0.369686 0.637227 0.303701 0.523093 0.183376
10 0.711834 0.0170131 0.072517 0.0338647 0.168586
6 0.290905 0.380193 0.153847 0.23848 0.150888
11 0.309346 0.565117 0.174054 0.286498 0.14897
6 0.372802 0.568878 0.199305 0.524008 0.147365
11 0.36145 0.652086 0.277941 0.483533 0.144329
6 0.272615 0.226873 0.170995 0.279352 0.143719
6 0.319785 0.557566 0.211301 0.558531 0.138701
11 0.360296 0.670986 0.287291 0.583275 0.137826
10 0.700077 0.0154213 0.0478465 0.0307685 0.133747
6 0.261443 0.17455 0.189937 0.34442 0.132716
6 0.312678 0.547566 0.202939 0.583972 0.131607
6 0.303281 0.499475 0.181868 0.477055 0.126493
11 0.362826 0.61231 0.289017 0.566851 0.122097
6 0.270422 0.219644 0.165441 0.262605 0.119433
6 0.350802 0.580143 0.269722 0.57556 0.109633
11 0.30555 0.588876 0.168484 0.330793 0.106414
6 0.344082 0.498204 0.26017 0.430685 0.101868
6 0.277261 0.39326 0.183857 0.612153 0.0989871
6 0.319974 0.367423 0.27053 0.559319 0.0984639
5 0.470529 0.184385 0.0880005 0.105444 0.0938018
6 0.37361 0.552006 0.179887 0.473916 0.0905606
6 0.306457 0.467217 0.238018 0.553347 0.0883967
10 0.713399 0.0223689 0.081608 0.0457082 0.0856889
6 0.293165 0.458815 0.226004 0.748903 0.0842695
11 0.359797 0.684259 0.294363 0.57919 0.0842285
6 0.254817 0.122924 0.176936 0.243624 0.0804177
6 0.261902 0.165308 0.152773 0.160643 0.0769178
6 0.431496 0.0562557 0.0370646 0.112178 0.076312
6 0.337911 0.491308 0.310453 0.802906 0.0717577
6 0.369105 0.573376 0.184301 0.523395 0.070233
10 0.654697 0.0187553 0.191823 0.0381562 0.0689138
2 0.611743 0.164321 0.0213405 0.0818723 0.0683042
5 0.737614 0.984588 0.0615771 0.0318535 0.06545
10 0.590678 0.0763725 0.0567163 0.154225 0.0637908
5 0.747898 0.903945 0.0889764 0.188358 0.0610908
2 0.41569 0.975359 0.023529 0.0496506 0.0604124
6 0.321455 0.571026 0.211052 0.5768 0.0600358
10 0.638268 0.17877 0.15414 0.35524 0.0592692
2 0.616192 0.165357 0.012573 0.0799967 0.0588486
6 0.331212 0.329404 0.296776 0.48928 0.0587088
10 0.720352 0.0162084 0.055338 0.0296401 0.0584522
2 0.415893 0.977113 0.0232646 0.044421 0.0576288
6 0.00266534 0.882603 0.0048817 0.230758 0.0575801
10 0.748352 0.141893 0.018881 0.0493364 0.0569057
11 0.513807 0.0555403 0.192561 0.110156 0.0562409
5 0.684093 0.455952 0.0960392 0.121909 0.0552541
0 0.883859 0.931415 0.0372234 0.137949 0.0549889
5 0.713248 0.864494 0.0910944 0.105997 0.0540507
2 0.398154 0.98463 0.0627426 0.0306446 0.0539782
5 0.732144 0.917696 0.115371 0.163501 0.0521141
6 0.40637 0.446159 0.110855 0.270985 0.0520925
5 0.37083 0.396772 0.0462663 0.0967136 0.0506722
6 0.883573 0.884708 0.0421143 0.23307 0.0499604
10 0.934598 0.022626 0.0262127 0.0470362 0.0498365
10 0.628877 0.179633 0.14031 0.358291 0.0498156
6 0.378038 0.539342 0.172095 0.423224 0.0495017
2 0.336924 0.368847 0.0541677 0.16823 0.0482533
6 0.375238 0.529471 0.163949 0.434938 0.0479448
6 0.404239 0.518759 0.116337 0.375239 0.0479241
10 0.933269 0.0402677 0.0330425 0.0824431 0.0474188
5 0.708366 0.475092 0.0347671 0.0653318 0.0471275
11 0.442994 0.634425 0.448425 0.572017 0.046547
5 0.701366 0.672933 0.349951 0.641456 0.0462187
5 0.376498 0.387776 0.0612655 0.119072 0.045291
11 0.293233 0.557338 0.143452 0.26032 0.0443942
5 0.745815 0.882481 0.0842004 0.151541 0.0443476
2 0.60337 0.159953 0.0157681 0.0701142 0.0442086
6 0.335454 0.55347 0.313276 0.747835 0.0440063
6 0.00258895 0.889409 0.0048474 0.20361 0.0436619
2 0.398234 0.9768 0.0612109 0.0463431 0.0436594
11 0.371506 0.708098 0.313247 0.438154 0.0436474
6 0.401304 0.443915 0.112079 0.262532 0.0434296
6 0.389323 0.594664 0.189695 0.55654 0.0431441
5 0.730244 0.704376 0.266816 0.57826 0.0430002
6 0.396472 0.417938 0.143735 0.263365 0.0429485
10 0.588233 0.0255054 0.0513314 0.0524357 0.0428065
6 0.357214 0.571564 0.148904 0.512316 0.0422754
10 0.595138 0.174718 0.0655271 0.346719 0.0418267
5 0.707581 0.454284 0.0614462 0.119157 0.0417917
5 0.814081 0.948118 0.0743492 0.0911018 0.0413204
5 0.710325 0.453838 0.0535533 0.117233 0.0406555
2 0.58249 0.0946387 0.0156972 0.0390542 0.0405792
5 0.690391 0.892503 0.0447952 0.0717754 0.0404645
2 0.427032 0.0373953 0.023323 0.0716951 0.0402675
5 0.845309 0.869119 0.0212568 0.169543 0.0402232
2 0.42836 0.0426417 0.0226245 0.0688729 0.0396192
5 0.761657 0.898209 0.183697 0.207773 0.0395004
11 0.295574 0.469644 0.143412 0.121429 0.0393474
6 0.365499 0.577795 0.161261 0.479895 0.0390979
2 0.42795 0.0408457 0.0248192 0.074196 0.038564
5 0.69689 0.891537 0.0648874 0.161195 0.0374216
7 0.845328 0.559262 0.111377 0.189605 0.0373641
10 0.637118 0.0847201 0.150157 0.173488 0.0357539
6 0.348591 0.498932 0.33377 0.794592 0.0354647
5 0.664972 0.512119 0.110838 0.115433 0.0353758
5 0.817113 0.761019 0.0820196 0.471225 0.0353733
5 0.665742 0.474662 0.0457403 0.0877447 0.035217
10 0.595045 0.166224 0.0816394 0.332823 0.0346755
11 0.312499 0.718131 0.175359 0.251874 0.0344325
5 0.637637 0.478983 0.0602647 0.178168 0.0344213
6 0.865575 0.963251 0.024095 0.0720743 0.0344065
6 0.386969 0.728545 0.210066 0.321732 0.0339044
6 0.388065 0.771565 0.217319 0.253231 0.0331883
5 0.845774 0.882709 0.0214424 0.21615 0.0327798
2 0.600507 0.153861 0.0128556 0.0619075 0.0325161
6 0.350585 0.678236 0.13984 0.302707 0.0323473
5 0.707526 0.477177 0.0340444 0.0664771 0.032335
6 0.410061 0.518785 0.106872 0.41562 0.0320267
10 0.580861 0.0473986 0.332671 0.0952757 0.0315286
6 0.346892 0.691678 0.13831 0.277327 0.0312893
5 0.633744 0.479571 0.0555228 0.18112 0.0312116
6 0.342983 0.707344 0.122997 0.254787 0.0311088
6 0.402596 0.404264 0.120235 0.196476 0.0310779
7 0.7391 0.985812 0.046359 0.0292448 0.0310552
6 0.336542 0.489261 0.252096 0.248218 0.0309758
5 0.826146 0.854582 0.0534937 0.173119 0.0309487
10 0.596701 0.154151 0.0584596 0.166336 0.0309353
6 0.354362 0.680033 0.149995 0.325248 0.0309334
6 0.265114 0.408839 0.12312 0.167758 0.0307523
6 0.360962 0.68897 0.15669 0.338361 0.0307179
5 0.600122 0.248234 0.0556026 0.176816 0.0305381
2 0.531458 0.0538572 0.0123685 0.020003 0.0302212
5 0.649972 0.455672 0.0369511 0.0502886 0.0302206
6 0.279094 0.716742 0.235107 0.558207 0.0299728
2 0.614045 0.188002 0.00985231 0.0501106 0.0299703
5 0.709929 0.455268 0.0564335 0.0968973 0.0297503
6 0.910032 0.914177 0.0783745 0.174429 0.0297373
6 0.343344 0.70371 0.135929 0.258145 0.0296919
5 0.711437 0.469798 0.0433572 0.0847684 0.0295616
6 0.42483 0.6632 0.075796 0.204832 0.0295428
8 0.737583 0.932724 0.116811 0.136251 0.0293917
2 0.389285 0.258438 0.0627289 0.0852909 0.0293556
6 0.324637 0.204168 0.0662316 0.229638 0.0293305
2 0.615644 0.184328 0.0102746 0.0450983 0.0290911
10 0.432475 0.0689179 0.0214944 0.0725574 0.0287402
6 0.40183 0.797204 0.127203 0.236837 0.0285202
2 0.321303 0.205224 0.0277438 0.0743681 0.0284938
5 0.754333 0.921528 0.0785944 0.157046 0.0284047
5 0.725076 0.446019 0.0283174 0.0830816 0.0281946
10 0.428833 0.0293065 0.027866 0.0640621 0.028191
2 0.614951 0.186271 0.0120328 0.040899 0.0281712
6 0.302731 0.17286 0.0759716 0.166402 0.0281214
6 0.450902 0.696117 0.105409 0.389584 0.0280327
6 0.338133 0.775159 0.0688349 0.115627 0.0276099
10 0.617827 0.174074 0.162366 0.332403 0.0274575
6 0.332419 0.754588 0.102091 0.160591 0.0274492
8 0.670395 0.489142 0.118655 0.156585 0.0273755
5 0.741471 0.96581 0.0765458 0.0707792 0.0272168
6 0.447137 0.602073 0.112928 0.578407 0.0269003
11 0.308887 0.719575 0.173215 0.282679 0.026567
6 0.434906 0.571483 0.11775 0.488792 0.0264604
6 0.340465 0.62208 0.131846 0.266626 0.0263198
2 0.582342 0.106888 0.0234151 0.0799828 0.0261864
5 0.812082 0.847599 0.0437576 0.1008 0.0256685
5 0.258975 0.403567 0.0757457 0.164983 0.0254978
6 0.338163 0.27107 0.0949288 0.369967 0.0254158
11 0.311568 0.543209 0.168685 0.284324 0.025411
5 0.848078 0.812996 0.0139484 0.0747342 0.0252907
6 0.281716 0.760269 0.164911 0.149239 0.025185
5 0.782004 0.919686 0.0446981 0.158313 0.0249935
6 0.430862 0.798838 0.096043 0.197147 0.0248795
2 0.353235 0.777042 0.0354227 0.103697 0.0248578
5 0.635045 0.515352 0.0410522 0.10705 0.0247964
6 0.347751 0.275453 0.103679 0.362808 0.024692
2 0.755555 0.336451 0.0168054 0.099236 0.0245825
2 0.404648 0.655341 0.044822 0.0994052 0.0245145
2 0.610502 0.257888 0.0236612 0.0665054 0.0244997
5 0.248986 0.412251 0.0467954 0.118454 0.0244459
6 0.407675 0.541373 0.0735705 0.202467 0.0244118
5 0.721296 0.474829 0.0399561 0.136123 0.0243803
2 0.534533 0.0999921 0.0115561 0.0321425 0.0243675
11 0.318838 0.539271 0.147212 0.257773 0.0241886
2 0.40041 0.648163 0.0180132 0.0530805 0.0240562
8 0.632238 0.560526 0.0480318 0.0945045 0.0236509
8 0.672963 0.562901 0.117753 0.124618 0.0234608
11 0.325139 0.56499 0.145353 0.266018 0.0234326
11 0.324528 0.523084 0.138079 0.24418 0.0233797
6 0.243339 0.682514 0.1196 0.112899 0.0232183
6 0.319918 0.772347 0.0852271 0.121873 0.0231534
5 0.814665 0.869582 0.0442433 0.110456 0.0227942
6 0.37764 0.461708 0.060175 0.223596 0.022732
6 0.375466 0.796626 0.148765 0.24774 0.0225287
2 0.385881 0.535262 0.0383262 0.0982644 0.0225085
11 0.025206 0.913284 0.0490059 0.173823 0.0224161
2 0.582291 0.0877442 0.0275622 0.0945087 0.022414
10 0.849053 0.897883 0.0201384 0.12349 0.0223634
7 0.734197 0.987067 0.0632295 0.0274356 0.022254
2 0.345604 0.414299 0.0384127 0.121745 0.0218194
2 0.402685 0.666694 0.0519636 0.122431 0.0217997
2 0.384402 0.529748 0.0339619 0.055221 0.0217764
5 0.831982 0.945141 0.0398134 0.102736 0.021585
6 0.328901 0.706995 0.0941125 0.0938341 0.0214323
5 0.712318 0.491023 0.0390518 0.0467773 0.0214237
6 0.445888 0.6765 0.0891525 0.0850871 0.0214032
6 0.461109 0.767134 0.0886289 0.264568 0.021292
5 0.25925 0.300085 0.0798329 0.0920085 0.0209478
10 0.707498 0.985477 0.0272647 0.0280891 0.0208933
6 0.342036 0.766275 0.0915403 0.128196 0.020855
8 0.725528 0.954088 0.100317 0.0926151 0.0207715
6 0.512432 0.515642 0.744629 0.872877 0.0206335
6 0.28604 0.953785 0.188958 0.11466 0.020633
6 0.339668 0.770248 0.14129 0.203622 0.02063
2 0.868359 0.885318 0.0489426 0.230503 0.0204999
8 0.628123 0.548542 0.0402948 0.0456496 0.0203938
8 0.740852 0.954971 0.0754363 0.0850459 0.0201318
5 0.817861 0.828868 0.0554844 0.102499 0.0200096
2 0.729327 0.850361 0.0518591 0.0575878 0.0199194
6 0.23358 0.375495 0.0828496 0.129303 0.0199097
5 0.752838 0.905628 0.0816756 0.181973 0.01978
10 0.272097 0.432773 0.0502834 0.0947735 0.0197106
11 0.313289 0.867 0.14956 0.18395 0.0196387
6 0.309158 0.13781 0.0670815 0.125154 0.0195376
10 0.593375 0.513566 0.0625698 0.174923 0.0194303
11 0.467056 0.814895 0.481364 0.359231 0.0194069
6 0.30286 0.765657 0.37486 0.532441 0.0192309
6 0.411429 0.855143 0.132644 0.220898 0.0192238
2 0.385181 0.45541 0.03096 0.0683832 0.019166
6 0.342775 0.803671 0.0675024 0.0801332 0.0190537
2 0.385458 0.333233 0.125417 0.228292 0.0190219
6 0.240199 0.429676 0.0673667 0.088739 0.0190168
8 0.82508 0.925374 0.0305149 0.0548411 0.0189585
8 0.425627 0.862772 0.0532592 0.12992 0.0186384
2 0.356092 0.318355 0.0413866 0.0907006 0.0183603
6 0.290553 0.877457 0.121756 0.197732 0.0183346
6 0.447107 0.485313 0.0443916 0.0490484 0.0183297
8 0.811241 0.922554 0.0524754 0.116589 0.018192
8 0.685224 0.844324 0.1065 0.0768272 0.0181585
8 0.662911 0.868268 0.132396 0.118214 0.0180641
10 0.757193 0.952397 0.0421915 0.0979059 0.0180559
11 0.26793 0.937123 0.133333 0.147235 0.0179578
8 0.621936 0.571755 0.0282521 0.0351112 0.0178679
2 0.377631 0.807324 0.0331014 0.0576149 0.0177605
8 0.396015 0.85533 0.0550534 0.104765 0.0177188
5 0.277122 0.484759 0.0965999 0.105815 0.0176971
11 0.24586 0.537856 0.0589527 0.108828 0.017552
10 0.437417 0.366186 0.0324162 0.0832701 0.0175116
6 0.227591 0.559691 0.0674023 0.0798855 0.0174243
2 0.350086 0.468811 0.0353055 0.0763999 0.0173766
2 0.336379 0.837795 0.051687 0.0946702 0.0172842
10 0.658574 0.666858 0.0316081 0.0330745 0.0172775
6 0.24623 0.963216 0.155286 0.0687407 0.0170256
8 0.398906 0.825478 0.0639048 0.158837 0.0169987
8 0.739801 0.98091 0.124265 0.0492279 0.0169971
11 0.238315 0.974311 0.15575 0.0652781 0.0169187
8 0.670087 0.723481 0.122234 0.111412 0.0168816
8 0.64002 0.558911 0.0349186 0.032747 0.0167711
6 0.39789 0.901624 0.196102 0.1939 0.0166998
8 0.780819 0.962493 0.0385437 0.055674 0.0166126
6 0.243251 0.461617 0.0705526 0.0654271 0.0165947
8 0.324344 0.858871 0.126465 0.153554 0.0165502
6 0.266778 0.942111 0.13975 0.118351 0.0165466
10 0.697707 0.573369 0.0439806 0.0370134 0.0165425
6 0.229219 0.900484 0.112591 0.170845 0.0165258
6 0.243186 0.962881 0.138516 0.0746834 0.0165017
10 0.328629 0.897621 0.0518394 0.0677484 0.0164623
10 0.646529 0.655804 0.095704 0.101214 0.0164366
8 0.66728 0.601133 0.0926317 0.0739523 0.0164356
2 0.38083 0.831975 0.0334659 0.0540237 0.016409
6 0.327327 0.820712 0.0576808 0.0951248 0.0163672
8 0.355098 0.868192 0.0809481 0.0847113 0.0163261
6 0.353361 0.906944 0.110759 0.148343 0.0162692
6 0.347401 0.815023 0.0951128 0.127951 0.0162614
6 0.279841 0.883942 0.0908051 0.144031 0.0161998
8 0.817491 0.959852 0.0768366 0.0713543 0.016198
11 0.316225 0.87615 0.121068 0.179054 0.0161249
10 0.75269 0.374438 0.0238903 0.0441602 0.0161065
8 0.803186 0.970025 0.0806129 0.05063 0.0160634
11 0.318824 0.852905 0.128928 0.164385 0.0159404
10 0.357782 0.913082 0.0454397 0.0733927 0.015935
8 0.610258 0.695649 0.0437027 0.106738 0.0159345
10 0.242464 0.904527 0.0885949 0.156729 0.0157761
5 0.623574 0.470689 0.423814 0.304032 0.0157706
10 0.334694 0.891606 0.063425 0.0883476 0.0157214
8 0.611757 0.707492 0.0288291 0.0262796 0.0156827
6 0.442181 0.881727 0.124676 0.252857 0.0156694
10 0.33801 0.88939 0.0559042 0.0960559 0.0155101
11 0.347964 0.948779 0.153047 0.12079 0.0154866
2 0.342704 0.846489 0.0535326 0.0514111 0.0154723
2 0.714316 0.594633 0.0314379 0.0378371 0.0154577
10 0.585973 0.746128 0.0365301 0.0833292 0.0153881
2 0.348743 0.878253 0.0540228 0.063372 0.0151586
11 0.307107 0.905933 0.109568 0.178067 0.0151465
10 0.340891 0.87924 0.0651318 0.0805016 0.0151314
8 0.569413 0.937952 0.0430007 0.084687 0.0151166
8 0.33608 0.862456 0.0580551 0.0864395 0.0150457
2 0.673627 0.750447 0.0349658 0.0351174 0.0150035
10 0.328112 0.914395 0.0456985 0.0756079 0.0145806
10 0.335923 0.910105 0.0765967 0.0786983 0.0145184
0 0.634597 0.765907 0.0435413 0.0399897 0.0144793
11 0.333022 0.967134 0.0825847 0.0732115 0.014244
