10 0.470146 0.834316 0.0617634 0.331628 0.89224
10 0.39132 0.860622 0.07846 0.278473 0.877196
10 0.328676 0.86386 0.0557852 0.272422 0.869926
10 0.785128 0.930287 0.0735624 0.136011 0.839719
10 0.896517 0.424126 0.0197914 0.0899249 0.819951
0 0.634723 0.562043 0.0603305 0.145185 0.714158
10 0.146801 0.742695 0.046541 0.209536 0.478725
10 0.166662 0.755031 0.0349465 0.138631 0.376506
10 0.291059 0.667959 0.0372134 0.11549 0.259735
10 0.156162 0.757092 0.0503083 0.1586 0.247707
10 0.140681 0.693307 0.0297315 0.12149 0.233921
0 0.730554 0.495978 0.0359982 0.0880106 0.22525
11 0.263659 0.694157 0.0332037 0.0855877 0.223688
10 0.954168 0.404552 0.0155844 0.0653215 0.221341
10 0.146991 0.779612 0.0412428 0.135119 0.220851
10 0.509816 0.623461 0.0294162 0.0787417 0.213821
6 0.0277123 0.955617 0.0559541 0.0893793 0.211534
11 0.260973 0.674946 0.0376248 0.124218 0.203571
6 0.0208787 0.961907 0.0425275 0.0769665 0.185668
6 0.0260355 0.928159 0.0522705 0.144264 0.181918
10 0.29092 0.649917 0.032852 0.0805567 0.17481
6 0.22204 0.662426 0.027842 0.0975808 0.168177
6 0.0316098 0.940738 0.0638147 0.118848 0.163148
10 0.135582 0.743091 0.0414628 0.2126 0.161753
11 0.22478 0.67758 0.0236156 0.0671973 0.161226
11 0.350555 0.691948 0.0604587 0.0920111 0.157361
10 0.15098 0.759865 0.0629685 0.177109 0.156408
7 0.050254 0.0460916 0.0581463 0.0924339 0.149614
6 0.0338407 0.910816 0.0679319 0.178924 0.138648
0 0.737288 0.494559 0.0214593 0.0747325 0.132819
6 0.22288 0.667166 0.0296932 0.105881 0.132795
11 0.291984 0.692271 0.0393209 0.0578409 0.129798
11 0.356019 0.681805 0.0502879 0.072285 0.129274
10 0.509267 0.601252 0.0310703 0.122866 0.125907
6 0.950032 0.937851 0.0995518 0.109448 0.124529
10 0.783988 0.989177 0.067958 0.021809 0.121749
11 0.366315 0.722148 0.108717 0.156132 0.120711
6 0.0471859 0.956684 0.0947956 0.0862602 0.117503
0 0.647034 0.573082 0.0330647 0.0861754 0.115234
6 0.0324311 0.951144 0.065226 0.0987957 0.114888
11 0.403494 0.66887 0.0532644 0.0941906 0.112298
11 0.0279352 0.986159 0.0559878 0.0285172 0.110821
10 0.178023 0.657328 0.0272465 0.0928949 0.107976
10 0.153603 0.735901 0.0551809 0.2082 0.107712
11 0.261018 0.643714 0.0308091 0.0524248 0.10766
10 0.171903 0.765874 0.023047 0.110354 0.107459
0 0.733769 0.495298 0.0280178 0.0823567 0.105234
11 0.259687 0.642273 0.0353745 0.0632041 0.104673
11 0.224832 0.662325 0.0215844 0.0344489 0.10437
10 0.431624 0.593945 0.0236777 0.112532 0.103313
10 0.0134118 0.925241 0.0272111 0.150275 0.10072
10 0.142163 0.63583 0.0263647 0.0802531 0.099359
11 0.347394 0.724173 0.0633565 0.147629 0.0984893
6 0.22491 0.682567 0.0250272 0.0788298 0.0967839
11 0.385463 0.699295 0.0274253 0.0449686 0.0959492
11 0.392032 0.73074 0.0590608 0.123127 0.0948339
0 0.439279 0.906712 0.0447151 0.0600189 0.0939794
3 0.0241512 0.722486 0.0484763 0.562218 0.0928064
6 0.403228 0.689982 0.0296911 0.052479 0.0911197
11 0.385408 0.718033 0.035638 0.0859218 0.0910982
6 0.0108194 0.973361 0.0221543 0.0539581 0.0883771
11 0.28045 0.671343 0.0807347 0.129409 0.0875058
11 0.267082 0.679874 0.0246193 0.040256 0.0871257
3 0.0245427 0.723845 0.0493812 0.560497 0.0868244
10 0.142582 0.585609 0.0298032 0.0889851 0.0858635
10 0.14192 0.757443 0.0383455 0.182986 0.084506
10 0.175742 0.643146 0.0196306 0.0602226 0.0838956
10 0.151025 0.693304 0.0510484 0.130312 0.0832049
10 0.303904 0.666665 0.0243164 0.0881696 0.0818677
10 0.141148 0.655405 0.0296777 0.154297 0.0813156
3 0.0218602 0.713098 0.0438355 0.582359 0.0807546
0 0.719534 0.491713 0.0652614 0.101164 0.079896
4 0.905661 0.939148 0.187374 0.116434 0.0793251
6 0.267739 0.707339 0.0242994 0.0500162 0.0790298
10 0.143652 0.630114 0.036077 0.174902 0.0775089
10 0.161663 0.75392 0.0331013 0.140196 0.0772823
3 0.952306 0.653735 0.0948122 0.682016 0.0755592
10 0.299302 0.805552 0.031312 0.17807 0.0741246
10 0.139978 0.621453 0.019855 0.0553347 0.0724141
10 0.150322 0.74339 0.0729106 0.226481 0.0721984
6 0.271868 0.693019 0.019916 0.072561 0.0714312
11 0.389199 0.732705 0.0521163 0.114517 0.0708962
6 0.0268201 0.853133 0.0539575 0.295703 0.0704085
6 0.128995 0.801708 0.0324653 0.0981619 0.0698451
10 0.155013 0.756997 0.0291663 0.135575 0.0677893
10 0.844107 0.395461 0.0146074 0.038114 0.0674868
0 0.648657 0.589244 0.0210162 0.0467911 0.0666374
6 0.182901 0.675397 0.0211924 0.0529738 0.065412
10 0.46553 0.591166 0.038965 0.125934 0.0649845
11 0.262256 0.66632 0.0246268 0.0292067 0.0643902
10 0.326444 0.870141 0.0546693 0.25235 0.0642594
7 0.204278 0.0200215 0.0382266 0.0407775 0.0635694
6 0.207176 0.681083 0.0230425 0.0537763 0.0622659
10 0.172781 0.64867 0.0229977 0.0978955 0.0615769
10 0.00741641 0.896494 0.0148028 0.10365 0.0612795
3 0.0231132 0.593423 0.047304 0.821282 0.0608474
2 0.127914 0.0152114 0.0606016 0.0307521 0.0607293
6 0.0135366 0.983834 0.0270609 0.0316065 0.0605817
10 0.145008 0.693561 0.0215659 0.0810899 0.0605785
6 0.129575 0.798442 0.03814 0.105483 0.0591817
11 0.289177 0.696525 0.0409214 0.0694224 0.0589742
0 0.627181 0.595987 0.0474524 0.0796067 0.0587562
10 0.143021 0.757248 0.0319487 0.0811536 0.0586429
6 0.2992 0.834359 0.0269666 0.141662 0.05845
0 0.631623 0.564935 0.0568546 0.140855 0.0584401
10 0.958512 0.402535 0.00969658 0.0577456 0.0582627
10 0.918207 0.369561 0.0118334 0.0279235 0.0580014
6 0.0236136 0.935188 0.0471126 0.134078 0.057967
10 0.159988 0.721935 0.0302209 0.0802183 0.0577851
10 0.302455 0.664967 0.0225958 0.0938906 0.0575563
10 0.297059 0.649098 0.020071 0.0614829 0.0572677
10 0.162364 0.708779 0.0223374 0.0464849 0.0571233
10 0.17346 0.752959 0.0215054 0.116138 0.0554745
6 0.429568 0.626446 0.023303 0.056286 0.055155
10 0.141768 0.669725 0.0293937 0.097136 0.0549488
10 0.27353 0.761315 0.0244333 0.0408007 0.0547428
10 0.00779561 0.865549 0.0174351 0.268518 0.0542241
2 0.514462 0.634562 0.0193186 0.0397022 0.0540683
10 0.172419 0.573444 0.0347249 0.07992 0.0538437
7 0.203594 0.019605 0.0271484 0.0404229 0.053816
10 0.300371 0.673567 0.0216823 0.0592277 0.0535995
3 0.0634615 0.714238 0.122909 0.58034 0.0532922
10 0.00979896 0.852424 0.0213743 0.29612 0.0529473
10 0.896666 0.424658 0.0178318 0.0849059 0.0523416
10 0.330731 0.708687 0.0215164 0.068397 0.0516348
6 0.257122 0.6775 0.0304905 0.101251 0.0511604
10 0.24409 0.66881 0.0199287 0.127228 0.0507253
6 0.306189 0.684069 0.0242051 0.0514806 0.0506279
10 0.171662 0.76151 0.0208119 0.114688 0.0505595
10 0.142074 0.7522 0.0301553 0.18037 0.0505506
3 0.036182 0.518692 0.0724962 0.969459 0.0503626
6 0.150905 0.799146 0.0315497 0.0955892 0.0501113
10 0.140883 0.661211 0.0238805 0.0520755 0.0490729
10 0.291695 0.668815 0.0302598 0.0631138 0.0489937
6 0.950963 0.781824 0.0974325 0.424848 0.0487419
10 0.917272 0.333544 0.0123514 0.0279125 0.048336
10 0.941248 0.360137 0.0133657 0.0609247 0.0483293
10 0.431395 0.570838 0.0164585 0.0637208 0.0479293
10 0.145758 0.743083 0.030237 0.124896 0.0478304
10 0.346983 0.889298 0.0380697 0.21702 0.0474655
10 0.348819 0.840046 0.0298617 0.0808185 0.047356
6 0.234328 0.692131 0.0177944 0.0805624 0.0472523
4 0.987583 0.377425 0.024091 0.0955288 0.0464122
10 0.140565 0.656865 0.024166 0.0473819 0.046255
10 0.35333 0.699994 0.0210047 0.0599318 0.046095
10 0.402042 0.488381 0.021461 0.0492796 0.0460156
6 0.248916 0.68981 0.0151283 0.087693 0.045748
6 0.315139 0.685469 0.0204105 0.0396882 0.0456925
10 0.297655 0.859597 0.0445816 0.273238 0.045218
10 0.184159 0.621459 0.0503397 0.173487 0.0449634
6 0.78649 0.96243 0.0830703 0.0739854 0.044894
10 0.507075 0.626388 0.0250952 0.0704258 0.0444533
10 0.134215 0.599146 0.0165462 0.0918609 0.0441916
6 0.257435 0.71034 0.020013 0.0527627 0.0441842
10 0.111321 0.693692 0.0332631 0.157101 0.0440211
2 0.513727 0.63904 0.0203887 0.0363848 0.0437048
10 0.157038 0.580648 0.0441934 0.104968 0.043646
10 0.136248 0.651342 0.0155426 0.0407929 0.0433755
10 0.11786 0.667217 0.0222678 0.0888615 0.0430831
6 0.220786 0.645166 0.0262856 0.0732215 0.0430405
10 0.170304 0.735191 0.0256154 0.0609813 0.042998
10 0.486551 0.542129 0.0680557 0.233867 0.0424197
10 0.171788 0.775733 0.021793 0.0914623 0.0423288
6 0.949942 0.858578 0.101152 0.283954 0.0419543
10 0.412205 0.484962 0.0236334 0.0517074 0.0418054
2 0.511938 0.464712 0.0225199 0.0812544 0.041428
6 0.22477 0.677065 0.017639 0.0269818 0.0413268
7 0.276923 0.257973 0.0221972 0.0446046 0.0403459
3 0.952715 0.654662 0.0945084 0.676526 0.04022
10 0.510076 0.634787 0.0258223 0.0442651 0.0401872
10 0.33313 0.885663 0.0737033 0.217764 0.0396836
10 0.339682 0.703721 0.0328746 0.0668288 0.0395875
10 0.901947 0.428048 0.0117544 0.0818536 0.0392091
10 0.00827282 0.87434 0.0178976 0.255116 0.0390578
10 0.787295 0.935868 0.0806122 0.12173 0.0389964
6 0.26009 0.718392 0.0213701 0.0371719 0.038746
11 0.350542 0.755604 0.0391288 0.0828928 0.0385534
6 0.222389 0.669714 0.0215991 0.0459511 0.0382437
10 0.902812 0.408521 0.00924397 0.0306085 0.0382308
10 0.616108 0.550708 0.0298612 0.148242 0.0381329
0 0.726031 0.459459 0.0439752 0.166968 0.0380752
7 0.270267 0.273179 0.0437802 0.0360915 0.0378887
10 0.170709 0.641237 0.0151433 0.0702557 0.037745
7 0.205836 0.285646 0.023644 0.03268 0.037708
10 0.11476 0.656758 0.0254746 0.10022 0.0376335
10 0.615337 0.521572 0.0237524 0.100815 0.0371751
10 0.352414 0.859642 0.0507658 0.26331 0.03679
10 0.0122168 0.792719 0.0240526 0.180328 0.0367639
10 0.305972 0.78919 0.0435768 0.151546 0.0366353
10 0.389472 0.957997 0.0838951 0.0821895 0.0364837
10 0.390935 0.912888 0.0797986 0.173225 0.0364082
6 0.309496 0.725922 0.0436137 0.0787975 0.0360138
2 0.349748 0.698785 0.0152396 0.0557762 0.0360117
6 0.374569 0.683407 0.0172061 0.0578297 0.0359762
6 0.268932 0.70752 0.020961 0.0499918 0.0358166
6 0.986879 0.801419 0.0264553 0.363287 0.0357238
10 0.115152 0.662068 0.0224586 0.0964791 0.0355702
6 0.189127 0.711556 0.0170816 0.0434559 0.0355453
3 0.952585 0.348503 0.0299084 0.105787 0.0353408
2 0.934261 0.131495 0.0354225 0.0890038 0.0352059
7 0.458752 0.820546 0.0352201 0.0851464 0.0350056
3 0.512141 0.590918 0.999979 0.727446 0.0349154
7 0.794131 0.916906 0.0215133 0.035553 0.0346522
10 0.00713068 0.722049 0.0143954 0.231848 0.0346275
10 0.139821 0.613771 0.0144284 0.0329307 0.0344169
10 0.308376 0.83101 0.0442381 0.165224 0.0344023
10 0.989883 0.424317 0.0210577 0.186841 0.0343646
10 0.992356 0.493126 0.0163696 0.338678 0.0343396
10 0.993198 0.482152 0.0149981 0.292294 0.0341976
10 0.332113 0.956732 0.0400916 0.0667072 0.0341019
6 0.170079 0.786307 0.0208382 0.0750044 0.0336885
11 0.402354 0.670328 0.0544815 0.104625 0.0336311
11 0.26775 0.689413 0.0187399 0.0284719 0.0334415
0 0.737665 0.508147 0.0160728 0.0608615 0.0333432
10 0.183706 0.592372 0.0289044 0.0602802 0.0332809
10 0.143786 0.669187 0.0179797 0.0455588 0.0329543
3 0.978231 0.658335 0.0433874 0.66816 0.032942
6 0.302965 0.84845 0.0203684 0.10944 0.0326852
10 0.624469 0.478098 0.0239223 0.100517 0.0324655
10 0.148575 0.713337 0.0230371 0.0574667 0.0321267
6 0.810297 0.963165 0.139348 0.0702587 0.031775
6 0.150544 0.802987 0.0288216 0.077871 0.0317505
10 0.352824 0.887153 0.0558486 0.219562 0.0317373
10 0.257441 0.548665 0.0307343 0.0900647 0.0315155
10 0.347104 0.888795 0.0318672 0.197362 0.0314338
10 0.981907 0.49959 0.0370836 0.324741 0.0313907
10 0.136556 0.630497 0.013247 0.0544369 0.031067
6 0.150711 0.825624 0.0346995 0.0726519 0.03089
10 0.896423 0.409931 0.0124771 0.0331127 0.0306456
10 0.00810292 0.975856 0.0142375 0.042823 0.0304309
10 0.154438 0.704717 0.0143959 0.0389675 0.0299823
6 0.986693 0.843288 0.0278734 0.310963 0.0299073
10 0.00799859 0.768917 0.0150091 0.123234 0.0296526
11 0.256358 0.666522 0.015697 0.0369998 0.0296486
6 0.0118402 0.993717 0.0225652 0.014755 0.0295374
6 0.947303 0.88321 0.101805 0.188604 0.0291891
10 0.169992 0.619011 0.0182132 0.0438359 0.0291082
10 0.207089 0.526745 0.0184893 0.0433099 0.0285992
10 0.168172 0.716484 0.0139598 0.0403458 0.0284537
10 0.871853 0.930867 0.261425 0.132825 0.0284358
10 0.171112 0.625697 0.0137776 0.033256 0.02797
10 0.100474 0.73219 0.0227639 0.122286 0.0277962
10 0.333785 0.896458 0.0305356 0.0517767 0.0276346
10 0.15064 0.705213 0.0173792 0.0505372 0.0274699
10 0.149279 0.645745 0.0179363 0.0473964 0.027466
10 0.332874 0.963071 0.0464457 0.0685582 0.0273041
10 0.0265716 0.733952 0.021092 0.0881939 0.0271751
9 0.52601 0.939232 0.938966 0.109576 0.026914
10 0.798133 0.910228 0.0349662 0.0574845 0.0267551
10 0.805353 0.915184 0.0400518 0.110776 0.0266904
10 0.395165 0.970173 0.0580532 0.0609615 0.0266831
10 0.327046 0.766632 0.067192 0.10116 0.0266057
10 0.889346 0.45982 0.00808334 0.0498336 0.0263014
10 0.506143 0.639274 0.0152368 0.0462442 0.0261663
10 0.154597 0.75515 0.018113 0.0685538 0.0261361
6 0.169489 0.797411 0.0163957 0.0783677 0.0260538
10 0.455748 0.852168 0.0490466 0.290102 0.0256928
6 0.380564 0.86827 0.107111 0.0989437 0.0256635
10 0.393002 0.869157 0.0395421 0.0347719 0.0256336
3 0.107346 0.763162 0.196788 0.464225 0.0255948
3 0.0522386 0.59903 0.10121 0.371308 0.0254019
2 0.503624 0.566976 0.0171652 0.0580042 0.0250153
10 0.395708 0.966884 0.054332 0.0656567 0.0246248
3 0.321502 0.507918 0.596961 0.767613 0.0244199
3 0.45864 0.337461 0.58577 0.485355 0.0243497
10 0.953288 0.494964 0.0258636 0.246251 0.0242466
10 0.962086 0.429113 0.00727711 0.0488091 0.0239199
2 0.604839 0.101669 0.0509024 0.199019 0.0235145
6 0.27893 0.795886 0.0229643 0.0332736 0.0233558
10 0.956734 0.387224 0.00845394 0.0237167 0.0230639
6 0.241198 0.744874 0.0142042 0.0477443 0.0228177
10 0.430035 0.70293 0.0179401 0.0448172 0.0227782
6 0.197463 0.769437 0.0214413 0.0487653 0.0227248
10 0.0165341 0.804093 0.0335883 0.425926 0.0227043
10 0.895913 0.411797 0.0110895 0.0323415 0.0225399
10 0.313281 0.973345 0.032188 0.057429 0.0223984
10 0.404638 0.800022 0.0539202 0.0737971 0.0222679
9 0.516958 0.945639 0.510279 0.108017 0.0214003
10 0.300525 0.590668 0.0203964 0.0484718 0.0211911
10 0.354488 0.935694 0.0189605 0.0340667 0.021124
10 0.654753 0.628825 0.0199842 0.03746 0.0207138
10 0.126232 0.522566 0.0185853 0.0408704 0.0206065
0 0.419429 0.914258 0.0174417 0.0191728 0.0204418
10 0.136852 0.898944 0.0462032 0.0794791 0.0204387
10 0.445092 0.916314 0.117181 0.120639 0.0197468
10 0.356862 0.873392 0.0480457 0.113694 0.0196832
10 0.293217 0.877696 0.0175445 0.0249008 0.019306
10 0.710855 0.939899 0.0569583 0.119698 0.0190479
7 0.158531 0.8333 0.0147162 0.028512 0.0188437
10 0.945973 0.491131 0.011669 0.042263 0.0187358
8 0.451874 0.950858 0.0539586 0.0508597 0.0187285
10 0.409481 0.78845 0.020278 0.0175991 0.0184515
10 0.212823 0.840103 0.0126199 0.0291103 0.0184412
10 0.763406 0.654078 0.011653 0.030376 0.017822
10 0.605493 0.727987 0.0651957 0.0998269 0.0172626
10 0.262689 0.916257 0.0154807 0.0230819 0.0170471
0 0.650978 0.779432 0.0237005 0.0393732 0.0168449
10 0.178897 0.90026 0.0211323 0.0375353 0.0167577
10 0.64808 0.898099 0.0495609 0.0418028 0.0159911
10 0.598249 0.813462 0.113228 0.0940741 0.0149652
