4 0.676849 0.568002 0.303971 0.324326 0.876416
4 0.729057 0.351408 0.0954329 0.105272 0.813309
4 0.412137 0.273623 0.170022 0.191663 0.253849
4 0.44169 0.274194 0.104836 0.175233 0.253376
4 0.856021 0.333475 0.0974573 0.117713 0.248542
4 0.83671 0.331729 0.0624723 0.107007 0.244031
4 0.638004 0.361324 0.0903097 0.109496 0.233748
4 0.367431 0.60404 0.123306 0.303797 0.197123
3 0.173663 0.497945 0.346451 0.991679 0.193213
3 0.18319 0.621368 0.365645 0.722364 0.188572
4 0.427346 0.270314 0.225537 0.220328 0.148968
4 0.352715 0.551811 0.0889071 0.171282 0.144689
4 0.450191 0.299426 0.0786536 0.134585 0.144305
3 0.0741118 0.658123 0.146645 0.665119 0.136398
3 0.0711878 0.669421 0.140176 0.642922 0.132639
4 0.8394 0.356522 0.0508375 0.0599355 0.125845
4 0.374014 0.577163 0.181653 0.410477 0.124447
3 0.103748 0.64357 0.20499 0.687309 0.117532
4 0.354914 0.564644 0.093619 0.190441 0.117428
4 0.930526 0.464896 0.139526 0.318242 0.111771
4 0.355824 0.543268 0.101731 0.254408 0.104691
4 0.930558 0.434837 0.138684 0.31676 0.104508
3 0.929233 0.392027 0.14231 0.751214 0.1044
3 0.499438 0.493049 0.999731 0.998559 0.102822
3 0.289743 0.495854 0.581427 0.999412 0.100805
10 0.159975 0.722039 0.0497543 0.223819 0.095482
4 0.607267 0.335708 0.15448 0.162516 0.0941329
3 0.259298 0.501819 0.516737 0.963672 0.0922383
4 0.931539 0.458273 0.137819 0.252355 0.0904011
3 0.282869 0.618465 0.568653 0.744648 0.088408
10 0.172513 0.712365 0.0921088 0.358668 0.0882625
4 0.534327 0.385951 0.0560937 0.0576297 0.0850057
10 0.161405 0.689564 0.0403497 0.149445 0.0848114
10 0.101309 0.711686 0.0894912 0.556272 0.0846203
4 0.567609 0.387108 0.118416 0.085919 0.0832461
10 0.235897 0.664739 0.173318 0.647851 0.0832199
3 0.0983348 0.591488 0.1941 0.511703 0.0818114
4 0.47174 0.273732 0.185623 0.203977 0.0814565
10 0.156836 0.751054 0.0594758 0.290262 0.0810658
4 0.377228 0.625526 0.143166 0.352973 0.0810449
10 0.166832 0.752369 0.122183 0.471807 0.0788028
3 0.185743 0.504509 0.370931 0.965897 0.0765187
10 0.093354 0.684055 0.0984069 0.609362 0.0763311
4 0.823139 0.326165 0.0995141 0.118671 0.0758778
10 0.213353 0.742222 0.170456 0.498467 0.0752492
10 0.184878 0.765788 0.115607 0.451505 0.07468
4 0.931578 0.41577 0.132235 0.169701 0.0746467
4 0.858588 0.352649 0.0973897 0.110847 0.0746347
4 0.878546 0.350607 0.0558435 0.113469 0.0743299
10 0.178967 0.752347 0.11576 0.453678 0.0742061
10 0.149149 0.744824 0.0744479 0.460979 0.0736098
3 0.0400995 0.649789 0.0807736 0.685546 0.0729035
3 0.929571 0.491439 0.141196 0.955564 0.0706065
10 0.242726 0.643848 0.189792 0.688313 0.0688823
10 0.0946437 0.682205 0.0987084 0.615016 0.0687735
10 0.21806 0.738267 0.168297 0.508956 0.0682376
4 0.301865 0.548841 0.229645 0.352745 0.0675446
10 0.190757 0.626566 0.0549065 0.175515 0.0674403
10 0.227647 0.729381 0.122162 0.520215 0.0667484
3 0.283356 0.549337 0.312133 0.497323 0.0658448
10 0.154255 0.697544 0.0580508 0.347528 0.0652394
10 0.241957 0.631002 0.23739 0.717044 0.0651272
10 0.237316 0.738652 0.125102 0.503937 0.0638951
4 0.096233 0.716977 0.191601 0.54645 0.0629728
10 0.150712 0.711259 0.0551704 0.379407 0.0627739
4 0.416343 0.219664 0.21685 0.327094 0.062013
3 0.352885 0.49702 0.706724 0.985773 0.0619182
3 0.314484 0.617456 0.639337 0.750609 0.06107
10 0.187843 0.640563 0.0670453 0.205267 0.0606022
10 0.160207 0.66738 0.0317417 0.0977698 0.0600993
10 0.154145 0.689519 0.0576795 0.333081 0.0597443
10 0.580363 0.310856 0.0637262 0.109726 0.0595599
3 0.288475 0.600486 0.35515 0.735672 0.059557
4 0.318364 0.564958 0.213091 0.541757 0.0591655
10 0.803559 0.325758 0.0367154 0.105273 0.0588801
10 0.166254 0.72305 0.101648 0.39448 0.0586292
10 0.584612 0.33147 0.0804698 0.153676 0.0580039
4 0.352447 0.624404 0.0897196 0.297616 0.0573348
4 0.728277 0.351584 0.0934263 0.106277 0.0566012
10 0.0247336 0.590577 0.0497473 0.807577 0.0562986
10 0.792198 0.327227 0.0322887 0.101905 0.0555884
10 0.150714 0.616309 0.0418556 0.183613 0.0548753
9 0.0958797 0.718159 0.1903 0.544116 0.054721
4 0.896159 0.380805 0.205758 0.269778 0.0546997
10 0.0304485 0.680903 0.0616335 0.623718 0.0539764
3 0.0920049 0.723181 0.182453 0.538587 0.0528842
4 0.102133 0.756705 0.201521 0.466819 0.0521605
3 0.242944 0.703479 0.485341 0.620263 0.0519423
3 0.428208 0.543886 0.857519 0.580006 0.0514298
10 0.161124 0.747437 0.168749 0.488738 0.051357
10 0.0694312 0.740829 0.137322 0.499698 0.0513273
10 0.0262183 0.713645 0.0530823 0.559954 0.051212
10 0.167635 0.716003 0.0344551 0.197739 0.0501154
3 0.276877 0.44558 0.551289 0.844028 0.0495697
4 0.979233 0.378181 0.0413794 0.404976 0.0493636
4 0.419435 0.552396 0.274872 0.463425 0.0489688
4 0.897046 0.318088 0.0818775 0.113116 0.0485027
4 0.378358 0.286806 0.107333 0.15033 0.0482132
10 0.208547 0.757562 0.116429 0.468144 0.0476843
10 0.984417 0.285718 0.0320097 0.219755 0.0472532
3 0.965997 0.275863 0.068713 0.53479 0.0468034
10 0.0356677 0.513665 0.0743288 0.96546 0.0464005
10 0.806919 0.327234 0.0353868 0.104402 0.0458694
10 0.251495 0.668524 0.128117 0.626241 0.0449699
3 0.183611 0.465593 0.368025 0.401876 0.0448524
10 0.668827 0.363984 0.0332559 0.101353 0.0446474
10 0.187061 0.772752 0.110109 0.442742 0.0445437
10 0.285527 0.590997 0.0994626 0.538289 0.04357
10 0.224747 0.660723 0.0885056 0.390858 0.0429975
10 0.137267 0.683367 0.109239 0.610936 0.0427671
3 0.425568 0.455455 0.855527 0.879254 0.0427004
10 0.951756 0.213413 0.0975098 0.409797 0.0425134
10 0.0437245 0.806699 0.084088 0.372951 0.041784
10 0.911046 0.314967 0.0625333 0.114898 0.0417432
10 0.161254 0.745803 0.279525 0.494375 0.041488
10 0.981023 0.252541 0.039032 0.478984 0.0413466
4 0.387053 0.314691 0.109274 0.118153 0.0406813
4 0.675964 0.570024 0.297491 0.327379 0.0405629
4 0.711901 0.343543 0.381917 0.156744 0.0404354
3 0.427666 0.533332 0.836147 0.599389 0.0401581
10 0.0331369 0.674107 0.0670841 0.641702 0.0400319
3 0.12293 0.450509 0.245941 0.329714 0.0392217
10 0.221781 0.679517 0.0801279 0.361489 0.0388399
10 0.258168 0.568685 0.265198 0.839682 0.0385447
4 0.384629 0.402253 0.308394 0.469897 0.0385021
4 0.916248 0.335991 0.0448791 0.0810898 0.0384295
10 0.285828 0.637494 0.0948222 0.558026 0.038097
4 0.453738 0.279653 0.0561387 0.0714893 0.0380928
10 0.981399 0.350757 0.0374193 0.0946293 0.0378283
10 0.0206342 0.785332 0.0415202 0.423132 0.0377342
10 0.16346 0.67005 0.0235085 0.0732039 0.0370215
4 0.986085 0.360198 0.028528 0.420979 0.0369481
10 0.278535 0.673912 0.0488936 0.331765 0.0365035
10 0.285242 0.601984 0.0889115 0.414788 0.0364283
10 0.276658 0.59048 0.107674 0.521498 0.0359313
10 0.136627 0.759919 0.0669489 0.45711 0.0356329
10 0.658503 0.37137 0.0455604 0.0912407 0.0356256
4 0.568054 0.344251 0.120383 0.157321 0.0355766
4 0.542063 0.434275 0.105934 0.158142 0.0353586
10 0.110569 0.683038 0.067267 0.60409 0.0353199
4 0.756647 0.557153 0.151656 0.288782 0.035259
4 0.648531 0.337988 0.0469515 0.0571812 0.0352522
10 0.986061 0.312993 0.0276062 0.186206 0.0349856
10 0.0392693 0.738138 0.0804356 0.517022 0.0349317
3 0.932149 0.494755 0.137818 0.916106 0.0349245
4 0.505831 0.269182 0.0592389 0.101746 0.0346608
3 0.344432 0.499468 0.698135 0.983227 0.0344977
3 0.329186 0.500824 0.668858 0.981418 0.0344967
4 0.597463 0.564731 0.148519 0.299939 0.0341682
4 0.98922 0.384009 0.0224475 0.431498 0.0339019
3 0.388784 0.504075 0.580504 0.970331 0.0335874
3 0.850948 0.335445 0.299367 0.639337 0.0333521
10 0.071618 0.729097 0.140775 0.527025 0.0330723
3 0.461582 0.581296 0.925286 0.808937 0.0330313
10 0.109119 0.722073 0.0632292 0.529102 0.0328578
10 0.102157 0.648062 0.0605434 0.389337 0.0327288
10 0.0568476 0.706131 0.066473 0.388579 0.0326663
10 0.211488 0.756914 0.076698 0.302351 0.0324697
10 0.0777315 0.738419 0.153589 0.488709 0.03236
3 0.630449 0.379326 0.719417 0.737088 0.0323362
4 0.647649 0.32678 0.0399619 0.0679244 0.0321733
4 0.297798 0.53159 0.151552 0.536406 0.0318654
10 0.0715694 0.746816 0.141122 0.504227 0.0317885
4 0.931124 0.322994 0.139572 0.477472 0.0317629
10 0.265428 0.808434 0.120299 0.37469 0.0316243
10 0.0257128 0.546446 0.0526481 0.368894 0.0316149
4 0.602505 0.386873 0.182678 0.127483 0.0315732
10 0.216061 0.755549 0.119174 0.308585 0.0315304
10 0.265938 0.733669 0.145569 0.53474 0.0314867
4 0.0307256 0.0083555 0.0287671 0.0267985 0.0313765
3 0.782177 0.339153 0.417103 0.210737 0.0312153
10 0.293783 0.697327 0.0984822 0.404891 0.0311512
9 0.0802722 0.840244 0.156687 0.302856 0.0309887
10 0.290269 0.725277 0.344981 0.535449 0.0309107
10 0.142544 0.790215 0.045096 0.259927 0.030902
3 0.55296 0.205179 0.514715 0.403513 0.0308967
10 0.235473 0.668747 0.210243 0.446767 0.0303292
4 0.736338 0.492105 0.180255 0.177346 0.0302571
10 0.0395065 0.624065 0.0799843 0.494303 0.0298693
10 0.168512 0.69352 0.0241304 0.109466 0.0294143
4 0.682715 0.354886 0.261918 0.138004 0.0293605
3 0.503762 0.249236 0.999542 0.491862 0.0290421
4 0.984052 0.446292 0.033815 0.35754 0.0285444
10 0.144017 0.799602 0.048409 0.244877 0.0283435
4 0.753982 0.55915 0.160318 0.287308 0.0282536
10 0.0443315 0.59061 0.0888394 0.494349 0.0280936
10 0.340586 0.245324 0.0687532 0.150318 0.0280674
4 0.365807 0.63344 0.502315 0.71649 0.0280367
10 0.158794 0.714729 0.032863 0.105828 0.0277899
4 0.409628 0.313603 0.0318469 0.0511442 0.0274834
4 0.583536 0.545036 0.114921 0.256994 0.0274223
3 0.494306 0.53541 0.991645 0.927368 0.0269437
4 0.95118 0.529149 0.0993122 0.637127 0.0263535
10 0.144784 0.840087 0.0545058 0.215048 0.0260939
10 0.103183 0.862685 0.0882295 0.262733 0.0259249
8 0.0315005 0.54619 0.0673082 0.983051 0.0257467
10 0.0308423 0.837087 0.0636278 0.301889 0.0257408
3 0.415228 0.572494 0.695712 0.816369 0.0256423
10 0.147422 0.897682 0.0770588 0.189038 0.0253945
3 0.491622 0.5435 0.999963 0.904173 0.0250129
10 0.246163 0.844116 0.266138 0.305425 0.0250099
10 0.176405 0.812903 0.0579011 0.205365 0.0249595
4 0.751281 0.622644 0.160675 0.191222 0.0248848
10 0.807012 0.341367 0.020204 0.0290749 0.0248598
4 0.391643 0.556396 0.457279 0.657076 0.0247351
10 0.788562 0.33532 0.0356714 0.0911459 0.0247189
10 0.177136 0.917477 0.101009 0.159212 0.0245717
4 0.354753 0.7267 0.0878918 0.124554 0.0245191
4 0.437222 0.76 0.677416 0.470415 0.024349
6 0.184782 0.796961 0.370996 0.42383 0.0242808
10 0.483284 0.713726 0.12009 0.235338 0.02366
4 0.3885 0.546212 0.151573 0.351054 0.0235559
3 0.120143 0.749701 0.241051 0.531348 0.0234017
3 0.387466 0.62909 0.776628 0.724758 0.0233091
10 0.14842 0.808715 0.0290196 0.0948969 0.0232332
10 0.108488 0.68882 0.197512 0.33356 0.023214
4 0.591209 0.467951 0.117674 0.121522 0.023093
10 0.183426 0.815855 0.0393251 0.152257 0.0228684
4 0.333008 0.373714 0.0978112 0.129003 0.0227869
4 0.583364 0.514892 0.111718 0.20505 0.0224991
10 0.174653 0.805102 0.0485191 0.176904 0.0224625
10 0.787779 0.336231 0.0418724 0.106736 0.0223651
10 0.297137 0.644206 0.0433626 0.111136 0.0221437
10 0.325804 0.614743 0.0379463 0.171691 0.0221092
10 0.33081 0.243863 0.0748556 0.123062 0.0220147
4 0.456546 0.293601 0.0453153 0.072361 0.0219616
10 0.607608 0.397706 0.0418377 0.0926125 0.0218558
10 0.219222 0.798785 0.0658825 0.195229 0.0218241
4 0.471579 0.367592 0.0898703 0.0815905 0.0214796
10 0.488638 0.696146 0.100722 0.176704 0.0209947
10 0.777089 0.526863 0.027507 0.0819046 0.020952
10 0.164608 0.816529 0.300705 0.357413 0.0206816
4 0.523893 0.439386 0.0864267 0.0717199 0.0205918
4 0.557367 0.571292 0.0655542 0.268925 0.0205103
6 0.367979 0.733835 0.0353696 0.0691875 0.0205059
10 0.860804 0.417707 0.0197292 0.0461819 0.0202192
10 0.139307 0.976073 0.0648251 0.0654812 0.0201434
10 0.5042 0.306903 0.0282048 0.0505223 0.0199987
10 0.767578 0.706413 0.0317325 0.0603216 0.0198945
10 0.146642 0.877859 0.0323004 0.0833981 0.0198421
4 0.915465 0.420174 0.0611902 0.0866719 0.0197705
10 0.162779 0.909611 0.0369398 0.0664387 0.0197329
10 0.119228 0.943529 0.0565618 0.103467 0.0196833
10 0.158678 0.806945 0.295966 0.391576 0.0196777
10 0.212791 0.908737 0.155217 0.159103 0.0196623
10 0.183644 0.927707 0.0509958 0.0868542 0.0196337
4 0.357777 0.730858 0.0970173 0.139154 0.0196021
10 0.822351 0.269099 0.0197863 0.0269728 0.0195915
10 0.666589 0.484122 0.0284294 0.0436279 0.0194961
10 0.55506 0.463442 0.0318012 0.0355017 0.0193156
11 0.507482 0.0790949 0.999986 0.129509 0.0190513
11 0.508141 0.0549328 0.99996 0.0893112 0.0189995
10 0.793895 0.480834 0.0378412 0.0845986 0.018848
4 0.738688 0.454268 0.120707 0.140586 0.0184714
10 0.982615 0.476328 0.0335968 0.0899673 0.0183365
10 0.804206 0.75263 0.0295523 0.0505455 0.0180812
10 0.807342 0.680213 0.0294806 0.0608837 0.0180403
10 0.681809 0.681683 0.0269943 0.057227 0.0179796
10 0.726177 0.503511 0.0257087 0.0202512 0.0179047
10 0.508161 0.609182 0.038818 0.0771442 0.0178072
10 0.350929 0.67896 0.0265013 0.0266495 0.0177856
10 0.72901 0.504674 0.0279143 0.0235044 0.017744
4 0.459648 0.378654 0.047666 0.0602143 0.0174465
10 0.803262 0.593097 0.0412629 0.0629565 0.0173191
4 0.731996 0.476198 0.0984451 0.121037 0.0172606
10 0.649798 0.735407 0.08258 0.0815281 0.0172126
10 0.985517 0.639828 0.0265285 0.0555267 0.0171834
10 0.680791 0.735553 0.0535178 0.0625954 0.0169764
8 0.847086 0.55527 0.0488445 0.035523 0.0169165
11 0.93066 0.841616 0.137747 0.299882 0.0167979
6 0.430448 0.726456 0.0808645 0.0863187 0.0167251
1 0.717544 0.789971 0.11223 0.0968375 0.0166815
8 0.3489 0.794419 0.0704311 0.0847927 0.016676
10 0.842825 0.471912 0.0396534 0.0341079 0.0166626
8 0.442721 0.787576 0.061938 0.0593842 0.0166443
10 0.534974 0.576711 0.0352446 0.0308652 0.0165337
10 0.527179 0.535892 0.0323532 0.0509364 0.0164702
10 0.65599 0.566356 0.0444572 0.0514644 0.0164378
10 0.768384 0.519496 0.0222297 0.0199952 0.0164302
8 0.845131 0.501312 0.0448811 0.0499872 0.0163668
10 0.660269 0.767392 0.086065 0.0871106 0.0163456
10 0.358081 0.835048 0.0344615 0.0503372 0.0160691
10 0.845681 0.392945 0.0782055 0.0849854 0.0160636
10 0.810024 0.511492 0.0306726 0.0314145 0.0159752
10 0.749598 0.788892 0.0762044 0.077238 0.0159323
10 0.400507 0.557546 0.0347313 0.052153 0.0158683
4 0.561818 0.632139 0.0852434 0.241726 0.0157206
6 0.684861 0.873044 0.136297 0.122629 0.0156448
8 0.462024 0.468954 0.0536142 0.0749842 0.0155649
10 0.633059 0.77769 0.0857073 0.0733131 0.0154338
9 0.208527 0.94114 0.394214 0.111164 0.0154285
10 0.481426 0.422699 0.0327892 0.0356661 0.0152777
10 0.345832 0.882522 0.0997823 0.144776 0.0151247
8 0.763091 0.540097 0.0223019 0.0188375 0.0150611
11 0.979001 0.726905 0.0387466 0.0749143 0.0150143
6 0.683579 0.861462 0.214742 0.173098 0.0149365
10 0.332876 0.83004 0.0846905 0.118811 0.0147633
2 0.927779 0.79665 0.0439548 0.0656835 0.0146209
4 0.48145 0.871292 0.680679 0.215059 0.0145482
8 0.698647 0.925995 0.115707 0.0913064 0.0143044
