6 0.431979 0.518346 0.128898 0.269791 0.89053
6 0.70406 0.367394 0.110715 0.299954 0.87257
10 0.191066 0.264344 0.113931 0.269 0.864937
11 0.701828 0.643532 0.221117 0.365346 0.847581
6 0.30744 0.77144 0.146526 0.250992 0.846769
10 0.495167 0.0922113 0.0591321 0.18476 0.841919
11 0.773795 0.346241 0.173356 0.413085 0.833396
6 0.600464 0.626075 0.142299 0.355526 0.829014
11 0.34658 0.464894 0.1686 0.300253 0.823829
11 0.475056 0.283041 0.140965 0.255435 0.816448
11 0.0672444 0.524181 0.0998478 0.200336 0.812906
2 0.762127 0.23247 0.0189494 0.0841279 0.803906
6 0.517498 0.331277 0.109645 0.243412 0.767349
6 0.133644 0.538191 0.0907251 0.24486 0.762811
10 0.385475 0.239753 0.123497 0.299427 0.730008
11 0.184628 0.750043 0.24539 0.43958 0.718105
6 0.441347 0.916002 0.130125 0.168822 0.575897
7 0.741255 0.259212 0.0223532 0.0764997 0.521641
10 0.87401 0.32284 0.106928 0.328005 0.511885
6 0.934425 0.941615 0.0924194 0.117662 0.480361
6 0.28327 0.38057 0.0774367 0.143596 0.470042
10 0.724706 0.177238 0.0698701 0.108401 0.407602
10 0.240322 0.248905 0.0990541 0.289307 0.374606
6 0.32889 0.236581 0.0480044 0.154045 0.373525
7 0.235783 0.647422 0.0242595 0.0536356 0.354507
7 0.165013 0.825603 0.0244683 0.0541576 0.337043
11 0.141731 0.288485 0.0800117 0.181092 0.335213
11 0.296885 0.184715 0.111036 0.110852 0.320098
2 0.268357 0.168085 0.014934 0.0493387 0.318806
6 0.866933 0.540834 0.260738 0.920293 0.315742
6 0.898663 0.937431 0.181662 0.125907 0.314343
6 0.858085 0.916511 0.114989 0.168847 0.311151
6 0.309528 0.238373 0.0822705 0.157734 0.294095
7 0.737526 0.619421 0.0225342 0.103085 0.287194
2 0.434889 0.268979 0.0226995 0.101164 0.286661
7 0.669274 0.61657 0.0219025 0.0660592 0.280911
6 0.170487 0.594745 0.0859267 0.161365 0.279582
6 0.0936395 0.423078 0.0521659 0.0884045 0.273077
7 0.7384 0.591684 0.0210683 0.0484724 0.266732
7 0.741623 0.223749 0.0209539 0.0676239 0.263391
10 0.237683 0.222693 0.0880094 0.241112 0.254611
7 0.31067 0.416315 0.0245462 0.0484199 0.251929
6 0.964386 0.817765 0.0695107 0.363872 0.25007
6 0.9831 0.763729 0.0327877 0.268036 0.245853
6 0.246666 0.925461 0.206704 0.149453 0.241645
11 0.29705 0.215582 0.112167 0.174409 0.236984
11 0.113481 0.226572 0.0495567 0.092324 0.232309
6 0.981929 0.776948 0.0352259 0.2908 0.232225
7 0.121951 0.82552 0.0256366 0.0389934 0.229108
7 0.19347 0.661683 0.023908 0.0404926 0.224268
6 0.987944 0.71829 0.0233089 0.168521 0.220997
6 0.825453 0.862621 0.209015 0.275899 0.218791
7 0.126295 0.793936 0.0353698 0.0895121 0.217913
7 0.158719 0.869754 0.0347439 0.0816856 0.216565
6 0.841473 0.804229 0.233727 0.394263 0.21629
2 0.464201 0.143136 0.0138902 0.054571 0.214308
6 0.85542 0.957231 0.0932295 0.086883 0.213525
2 0.841667 0.262402 0.0174213 0.0612018 0.211307
6 0.941295 0.597655 0.115289 0.801482 0.206719
6 0.941367 0.562692 0.115597 0.864349 0.202312
7 0.87871 0.443005 0.0225351 0.0536554 0.201391
2 0.742848 0.238189 0.0211129 0.0944617 0.199101
7 0.804145 0.213148 0.0222721 0.0351111 0.196401
7 0.770297 0.179076 0.0195045 0.0400285 0.195627
6 0.849854 0.63614 0.247543 0.729639 0.194248
6 0.841013 0.807541 0.235932 0.387783 0.190798
7 0.80376 0.223727 0.0232313 0.0556805 0.190617
7 0.485249 0.208515 0.0137824 0.0351292 0.187017
6 0.0936944 0.460881 0.0552698 0.159252 0.184079
6 0.874142 0.766661 0.243954 0.472103 0.179643
10 0.971445 0.177149 0.0507088 0.360396 0.179477
10 0.00625908 0.356565 0.0127688 0.242206 0.179351
7 0.77298 0.17321 0.0281276 0.0608869 0.179191
7 0.830638 0.196212 0.0176842 0.0561092 0.178035
10 0.857714 0.385361 0.144662 0.488091 0.176753
6 0.0153964 0.727575 0.0299255 0.205915 0.17633
6 0.0783205 0.417271 0.079559 0.110086 0.175921
6 0.949362 0.942979 0.0586027 0.114824 0.175829
6 0.96547 0.616048 0.0678324 0.757636 0.175797
6 0.859601 0.622915 0.275174 0.758346 0.17565
6 0.845392 0.916285 0.260776 0.168613 0.175597
7 0.269471 0.198998 0.0257623 0.0336317 0.172209
6 0.00593655 0.522546 0.01278 0.271933 0.171882
7 0.124079 0.82637 0.0216868 0.0361452 0.171228
10 0.0109641 0.460413 0.0224362 0.449139 0.170815
6 0.261846 0.284288 0.0982077 0.227145 0.170454
6 0.975114 0.785934 0.0487111 0.301816 0.169533
7 0.739995 0.272359 0.0214203 0.06424 0.168576
6 0.0704185 0.505073 0.104582 0.255205 0.168222
7 0.164058 0.847325 0.025863 0.0936499 0.16764
6 0.845237 0.751373 0.236263 0.501266 0.166945
6 0.861909 0.612729 0.271238 0.784616 0.165756
6 0.862374 0.671564 0.266794 0.672993 0.165435
7 0.756389 0.640491 0.0323689 0.0994788 0.163003
6 0.00514293 0.243555 0.0107196 0.124353 0.161686
6 0.0214114 0.534844 0.0419912 0.260201 0.1615
6 0.0054395 0.549905 0.0110962 0.220526 0.160562
6 0.956089 0.944721 0.044549 0.114698 0.159981
7 0.11926 0.806045 0.0207193 0.0592859 0.158669
7 0.0663649 0.524844 0.0159235 0.0398083 0.155067
6 0.248599 0.253349 0.114197 0.292161 0.154907
6 0.117261 0.522939 0.060917 0.212916 0.151999
6 0.984254 0.943042 0.0317956 0.11453 0.151756
6 0.384944 0.273157 0.139622 0.232719 0.150574
2 0.486363 0.223526 0.0206751 0.0630484 0.150153
6 0.11394 0.5277 0.0555185 0.21977 0.149939
6 0.145023 0.54128 0.117688 0.248655 0.149612
6 0.0166643 0.491466 0.0334959 0.333841 0.147292
6 0.00552951 0.533698 0.0123708 0.245766 0.14579
6 0.43848 0.917368 0.137572 0.166679 0.144171
11 0.0664986 0.58268 0.103077 0.316882 0.143793
7 0.313006 0.42285 0.0179155 0.0351396 0.142639
6 0.313838 0.292318 0.0593742 0.120282 0.139775
7 0.832251 0.232984 0.0204534 0.0418227 0.139516
10 0.104385 0.0794103 0.0142098 0.0282752 0.138683
6 0.865563 0.520074 0.265535 0.96494 0.13849
7 0.805003 0.217624 0.0209314 0.0408079 0.13813
7 0.00589063 0.447801 0.0118793 0.123093 0.13697
10 0.0169087 0.806292 0.0342059 0.38571 0.136475
6 0.107621 0.752781 0.0742778 0.162716 0.134861
7 0.0846027 0.488503 0.0208101 0.0571232 0.13454
7 0.0541331 0.515576 0.0186282 0.0624813 0.133593
10 0.846824 0.384521 0.164034 0.482421 0.133205
6 0.953231 0.781061 0.0928183 0.436627 0.132248
6 0.829769 0.840554 0.23569 0.324565 0.130429
7 0.83497 0.240005 0.0301971 0.0550055 0.12901
6 0.00545789 0.145503 0.0114799 0.17162 0.127085
6 0.356494 0.267375 0.113564 0.226231 0.126052
6 0.625252 0.644528 0.191201 0.391864 0.12424
7 0.0564344 0.546736 0.0288909 0.0542941 0.123652
6 0.0131762 0.102016 0.0256438 0.101049 0.122872
7 0.806573 0.229698 0.0175762 0.0542537 0.122601
10 0.567545 0.0949806 0.049628 0.182326 0.121195
6 0.436556 0.30591 0.0575921 0.200411 0.119385
6 0.251429 0.294617 0.0874154 0.189855 0.119137
6 0.0047301 0.52738 0.01089 0.238503 0.117816
10 0.598764 0.0132099 0.0117701 0.0260541 0.117654
7 0.765582 0.174962 0.0137468 0.0429128 0.116785
6 0.868861 0.676025 0.246699 0.669762 0.116428
6 0.31519 0.534777 0.0820421 0.160344 0.115484
2 0.258103 0.170864 0.0174838 0.0327402 0.114555
6 0.876948 0.617664 0.241766 0.790731 0.113146
7 0.303503 0.408376 0.0161964 0.0474518 0.112965
10 0.00671119 0.382223 0.0141419 0.291813 0.112536
7 0.160274 0.86615 0.0292993 0.0706543 0.112043
10 0.729477 0.168757 0.0514746 0.0822463 0.11133
11 0.500539 0.964951 0.065665 0.071769 0.111299
7 0.28193 0.193837 0.0180602 0.0309611 0.109133
6 0.335517 0.261123 0.0956056 0.174033 0.108941
7 0.196178 0.634511 0.035742 0.0950541 0.108927
7 0.31476 0.402186 0.0362014 0.0774025 0.108384
6 0.096879 0.488333 0.0568799 0.219582 0.108246
6 0.00629863 0.419603 0.0127504 0.165268 0.106349
6 0.914605 0.417272 0.0991599 0.469709 0.105823
11 0.0377519 0.182492 0.0438865 0.0933119 0.104491
7 0.12498 0.80204 0.0329356 0.0854189 0.102968
11 0.0622208 0.626002 0.120601 0.424579 0.102541
7 0.743086 0.204437 0.017393 0.0287489 0.102248
6 0.00581217 0.470445 0.0123558 0.128994 0.101689
7 0.0238644 0.534225 0.0187077 0.0497425 0.09967
7 0.739923 0.27115 0.0205441 0.0613563 0.0992477
7 0.606729 0.192123 0.0200332 0.0650691 0.0982263
10 0.733543 0.204297 0.0900091 0.166059 0.0980028
7 0.830501 0.209428 0.0169716 0.0639179 0.0979663
10 0.969767 0.112716 0.0463343 0.226953 0.0969801
6 0.768204 0.476543 0.0857124 0.150002 0.0967983
11 0.277612 0.199844 0.137572 0.201553 0.096169
7 0.312604 0.185447 0.0190822 0.0308411 0.0959615
6 0.323332 0.273823 0.071887 0.203851 0.0948852
4 0.119472 0.0754945 0.084762 0.12053 0.0934935
6 0.102017 0.486323 0.0370887 0.104678 0.0933429
10 0.117967 0.0709031 0.0165378 0.0345226 0.0925264
7 0.770002 0.189891 0.0273263 0.0406761 0.091936
10 0.00511846 0.318161 0.0101668 0.157966 0.0918273
6 0.159402 0.669498 0.117299 0.313261 0.0911382
7 0.650792 0.573673 0.0460221 0.103918 0.0908175
6 0.421635 0.958968 0.190234 0.0822951 0.0903075
7 0.797955 0.212879 0.012275 0.030952 0.0887375
7 0.737063 0.219493 0.0202739 0.0558573 0.0879218
7 0.831091 0.226577 0.0135021 0.0299655 0.0870136
10 0.201975 0.271856 0.095994 0.246915 0.0868247
2 0.435684 0.290976 0.0237556 0.0628598 0.0866447
7 0.793839 0.236605 0.0221119 0.0366659 0.0860319
7 0.0577593 0.529936 0.0161029 0.0343583 0.0859411
6 0.795274 0.554504 0.405345 0.880827 0.0856504
2 0.157395 0.0252793 0.0172627 0.0395452 0.0856395
7 0.433421 0.206489 0.0314559 0.0644714 0.0845023
6 0.848918 0.814778 0.294319 0.376819 0.0841272
2 0.837753 0.276087 0.0263339 0.0854381 0.0837977
6 0.853717 0.778708 0.275883 0.403885 0.0834179
7 0.0330083 0.522363 0.0370589 0.0794552 0.0829129
6 0.61237 0.634554 0.167418 0.371862 0.0825283
6 0.519571 0.33419 0.100005 0.223379 0.0802343
7 0.0723614 0.476796 0.0280519 0.0467554 0.0791572
2 0.263098 0.164557 0.0138851 0.0379091 0.0785611
11 0.705345 0.613443 0.0478775 0.0917196 0.0782814
10 0.159065 0.193875 0.0486383 0.127499 0.0781664
7 0.739493 0.279589 0.0195151 0.0492589 0.0780786
3 0.794004 0.239715 0.0336996 0.0533273 0.0764682
10 0.335321 0.165725 0.195982 0.177847 0.0756512
7 0.775669 0.170252 0.0195781 0.0387666 0.0756197
7 0.120308 0.798497 0.0221697 0.0580199 0.0755392
2 0.761023 0.233391 0.0172195 0.0791079 0.0750129
11 0.305518 0.139638 0.111972 0.142971 0.0745938
11 0.0674938 0.524225 0.0855798 0.163427 0.0733694
2 0.262875 0.170357 0.0180557 0.0469812 0.0732403
10 0.77754 0.199116 0.165618 0.156034 0.0725313
2 0.415076 0.202893 0.0443678 0.10732 0.0715955
2 0.754654 0.221474 0.0174652 0.080077 0.0706541
7 0.760854 0.248384 0.0165037 0.0479431 0.069699
2 0.435127 0.244119 0.0167183 0.0559924 0.0681945
6 0.0907002 0.473868 0.0508072 0.0905437 0.067871
7 0.834594 0.243607 0.0262661 0.0358632 0.0678061
11 0.284104 0.156336 0.156775 0.182708 0.0676744
2 0.271078 0.169844 0.0112304 0.0472607 0.0672085
11 0.462916 0.297424 0.101931 0.220273 0.0666074
7 0.753704 0.158527 0.0214668 0.0298309 0.0665805
10 0.776687 0.200653 0.163374 0.161552 0.0656389
7 0.0559797 0.542869 0.0266739 0.0563591 0.0654068
11 0.468004 0.252298 0.0886745 0.133291 0.0653359
6 0.114998 0.210042 0.0332965 0.0536747 0.0642805
7 0.741442 0.249441 0.0172931 0.0591812 0.0641938
10 0.51893 0.204343 0.113549 0.40308 0.0631274
7 0.268437 0.200516 0.022883 0.0284421 0.0625775
7 0.729591 0.585347 0.0143511 0.0409807 0.06188
10 0.557098 0.0717974 0.033559 0.145272 0.061702
7 0.74089 0.595115 0.0154387 0.0410219 0.0607471
2 0.837316 0.273755 0.0225933 0.0575826 0.0591067
2 0.747601 0.232468 0.0152428 0.074995 0.0586633
7 0.167494 0.847839 0.0194475 0.0585657 0.0581903
6 0.215485 0.677792 0.156643 0.310479 0.0574162
7 0.23932 0.649984 0.0157141 0.0451252 0.0567291
7 0.768193 0.204194 0.0408749 0.119516 0.0561315
6 0.0832615 0.490221 0.0655578 0.130295 0.0560181
6 0.117745 0.511137 0.0407871 0.153769 0.0559439
7 0.741731 0.245155 0.0147123 0.043424 0.055709
7 0.797871 0.234167 0.0154361 0.0261162 0.0547839
7 0.0680557 0.529533 0.0123967 0.035575 0.0543611
7 0.156593 0.887741 0.0282562 0.0437269 0.053802
7 0.196742 0.625024 0.0320627 0.0693581 0.0536064
6 0.0922422 0.419921 0.0415622 0.0683954 0.053138
6 0.937746 0.969758 0.11154 0.0662674 0.0524443
7 0.659441 0.547755 0.0254024 0.0485067 0.0524141
7 0.118888 0.819286 0.0210058 0.0399897 0.0515702
6 0.126019 0.453379 0.0410691 0.104462 0.0507484
7 0.0821146 0.50304 0.0124449 0.0319696 0.0501111
6 0.0376776 0.542549 0.0526136 0.128252 0.049897
6 0.213406 0.724843 0.384354 0.540452 0.0498897
7 0.770567 0.186247 0.0333013 0.0574334 0.0498021
10 0.342 0.203903 0.292196 0.272199 0.0486519
6 0.381516 0.260159 0.368781 0.299373 0.0480359
7 0.16511 0.843825 0.0249479 0.0894203 0.0477969
6 0.345029 0.529233 0.14313 0.18631 0.0477811
6 0.732094 0.457915 0.149995 0.169403 0.0473545
7 0.435278 0.201611 0.0255347 0.0494887 0.0462042
6 0.515477 0.251669 0.11906 0.413163 0.0453525
7 0.159105 0.866964 0.0255093 0.0588821 0.0453135
7 0.126583 0.789373 0.0295556 0.0706213 0.0450424
6 0.0853366 0.478934 0.0607771 0.108107 0.0445886
7 0.164779 0.825104 0.0214103 0.0478285 0.0442447
7 0.762158 0.618033 0.0246809 0.0674438 0.042837
6 0.168815 0.665243 0.13728 0.177561 0.0420593
7 0.23405 0.653715 0.0190633 0.0379281 0.0415117
6 0.782214 0.439497 0.154581 0.221914 0.0414529
7 0.192469 0.662748 0.0232334 0.0388613 0.0412231
11 0.191665 0.815072 0.227267 0.345767 0.0403602
7 0.729644 0.588298 0.0132164 0.0375137 0.0400067
6 0.397519 0.602127 0.228286 0.218346 0.0392605
6 0.167474 0.950271 0.233949 0.105072 0.0380635
6 0.438025 0.363953 0.0327717 0.0880388 0.0372447
6 0.409822 0.98291 0.148125 0.0392492 0.0360962
7 0.2925 0.184432 0.0178609 0.047726 0.0347199
7 0.842875 0.241878 0.0136182 0.0472809 0.0344536
7 0.748009 0.269117 0.0116717 0.0528805 0.0343825
6 0.416079 0.945598 0.0570274 0.0708359 0.0332893
7 0.850412 0.278702 0.013615 0.0518384 0.0325241
7 0.743102 0.610593 0.0116219 0.0269678 0.0316853
2 0.460083 0.155413 0.012487 0.0460602 0.0307834
6 0.108912 0.677545 0.0675071 0.0749589 0.0306403
6 0.552519 0.572238 0.0376621 0.075259 0.028305
11 0.698993 0.733305 0.216936 0.353599 0.0279654
7 0.157103 0.896158 0.0186455 0.0326943 0.0268395
7 0.159352 0.867623 0.017605 0.0258333 0.0263882
7 0.73797 0.642475 0.0122954 0.0241286 0.0248829
10 0.745723 0.208012 0.0449755 0.0599977 0.0248769
7 0.757146 0.646915 0.0273417 0.0772087 0.0247071
2 0.242421 0.787988 0.0183128 0.0350347 0.0245591
6 0.164457 0.967031 0.0760999 0.0840267 0.0245127
10 0.0689831 0.537309 0.049684 0.0850166 0.0238785
6 0.286202 0.666813 0.048416 0.0895781 0.0232723
2 0.666902 0.636332 0.0332518 0.0589614 0.0218549
6 0.317169 0.426032 0.0687585 0.0594586 0.0215659
10 0.314556 0.189111 0.0422862 0.0475072 0.0207262
6 0.179704 0.951125 0.0229134 0.0328041 0.0203964
7 0.740666 0.704244 0.0199149 0.0575396 0.0196923
7 0.147484 0.748644 0.0500451 0.0690141 0.01949
6 0.20429 0.828646 0.0521575 0.099431 0.017827
7 0.215666 0.742089 0.0114176 0.0241534 0.0175785
2 0.67974 0.679446 0.0210732 0.0488304 0.0172265
10 0.206153 0.829694 0.0232275 0.0359716 0.0162276
