6 0.390702 0.603689 0.221114 0.598752 0.904969
5 0.727934 0.908829 0.11191 0.180847 0.869224
5 0.671446 0.472182 0.121649 0.195113 0.868655
5 0.811306 0.895376 0.0651178 0.192788 0.83908
11 0.307768 0.57088 0.174035 0.341139 0.316508
11 0.363089 0.645281 0.285194 0.503318 0.277756
11 0.315186 0.622088 0.189876 0.444218 0.267822
11 0.363637 0.607314 0.287685 0.578663 0.216671
5 0.699601 0.0159742 0.0486253 0.0318977 0.195934
5 0.699568 0.0159878 0.048677 0.031856 0.192202
6 0.278703 0.381327 0.235253 0.703291 0.181473
10 0.591244 0.0719348 0.054254 0.144997 0.172416
11 0.316459 0.507464 0.194864 0.420728 0.166245
10 0.593414 0.103729 0.0601401 0.207537 0.141793
11 0.35336 0.578362 0.268091 0.550288 0.135931
5 0.71239 0.0186605 0.0758321 0.0377892 0.131163
6 0.276541 0.290948 0.195102 0.442637 0.127858
5 0.711371 0.0134118 0.071571 0.0273722 0.123925
11 0.358574 0.649304 0.281905 0.507927 0.123261
6 0.30392 0.442819 0.296747 0.82098 0.122967
6 0.298949 0.442637 0.279363 0.812416 0.122536
6 0.264074 0.23935 0.203701 0.469592 0.117583
6 0.293889 0.404917 0.279454 0.765655 0.116282
11 0.349496 0.506918 0.25916 0.41009 0.10938
6 0.26635 0.210168 0.165003 0.249918 0.108511
6 0.263562 0.208701 0.192422 0.399728 0.104521
10 0.630509 0.177016 0.132911 0.353556 0.102693
6 0.332631 0.570762 0.227205 0.577033 0.100939
6 0.287064 0.354776 0.264082 0.684152 0.100741
6 0.255883 0.136251 0.178892 0.270123 0.0940946
11 0.516039 0.0538769 0.19517 0.106488 0.0936883
10 0.931531 0.039511 0.0354525 0.0813341 0.0919915
10 0.629225 0.178329 0.133776 0.356778 0.0905872
6 0.269769 0.25202 0.178939 0.331858 0.0886586
6 0.357108 0.570579 0.199337 0.520615 0.0878026
10 0.933589 0.0244691 0.0307316 0.0499089 0.0841864
6 0.432013 0.0555501 0.0381404 0.111781 0.081718
6 0.312366 0.407622 0.311421 0.750099 0.0814742
6 0.290821 0.382455 0.148953 0.222533 0.0785254
6 0.343079 0.528498 0.241342 0.442651 0.0766951
10 0.58972 0.0246543 0.0490997 0.0498697 0.0759311
10 0.654891 0.018783 0.187652 0.03774 0.072695
6 0.267607 0.243876 0.200206 0.475839 0.0714081
6 0.361372 0.570838 0.168267 0.515037 0.0713573
6 0.267586 0.325167 0.221304 0.579825 0.0698662
10 0.596036 0.167004 0.0635316 0.333124 0.0688435
10 0.628396 0.115754 0.127987 0.234832 0.0676192
6 0.259841 0.165881 0.155745 0.160077 0.0664674
10 0.59914 0.167092 0.0814279 0.332856 0.0659417
6 0.260124 0.220167 0.197049 0.377178 0.0646451
5 0.829196 0.856228 0.0494152 0.163846 0.0641281
5 0.469079 0.1827 0.0866385 0.107251 0.064056
11 0.509623 0.0518282 0.164212 0.101893 0.063672
5 0.842138 0.860354 0.0276258 0.164414 0.0630466
6 0.259381 0.281333 0.198649 0.539545 0.0629716
2 0.416778 0.974411 0.025377 0.051277 0.0611527
6 0.332956 0.468371 0.339533 0.855061 0.0605241
10 0.706209 0.0131617 0.0327738 0.0262885 0.0599846
10 0.596479 0.171777 0.0657094 0.341216 0.0587685
2 0.582449 0.094286 0.0191921 0.0483727 0.0560231
0 0.882513 0.931769 0.0392307 0.136892 0.0557584
5 0.71075 0.438109 0.047791 0.118084 0.0557537
2 0.337178 0.370554 0.0563292 0.165318 0.0554702
10 0.748286 0.140608 0.0193724 0.0478778 0.0554459
6 0.371666 0.548101 0.182333 0.472737 0.0553467
2 0.429442 0.0399191 0.0292293 0.0787396 0.0542669
2 0.402532 0.987616 0.054758 0.0250098 0.0515214
6 0.00258979 0.879514 0.00468721 0.237412 0.0512106
6 0.40586 0.445341 0.11268 0.27288 0.0497729
10 0.683834 0.0153075 0.0182794 0.0308993 0.0492679
2 0.615248 0.1644 0.0140724 0.0812434 0.0489338
6 0.882001 0.887318 0.0442974 0.227116 0.0487259
2 0.609231 0.163836 0.0261919 0.0877696 0.0480639
2 0.429273 0.0366783 0.025203 0.0757295 0.0478883
6 0.310522 0.275262 0.29237 0.539381 0.0475965
11 0.296163 0.467702 0.144899 0.110447 0.0467364
5 0.75845 0.898304 0.181358 0.205001 0.0455749
6 0.392152 0.605477 0.209933 0.590302 0.0454336
10 0.69487 0.0135334 0.0391476 0.0266713 0.0449599
5 0.729543 0.90766 0.108047 0.180537 0.0444917
5 0.725528 0.86537 0.105063 0.101391 0.0443844
5 0.711747 0.431831 0.0474483 0.109143 0.0438078
2 0.429297 0.0424183 0.0223739 0.0709645 0.0431262
11 0.310035 0.680266 0.182053 0.33995 0.04267
5 0.829927 0.809941 0.0479818 0.0756203 0.0420212
10 0.933981 0.0847736 0.03888 0.16437 0.0413252
10 0.588181 0.0254413 0.0480494 0.0518907 0.0407228
5 0.376062 0.387231 0.0598953 0.122123 0.0403174
6 0.00246975 0.888927 0.00465655 0.203688 0.0397887
5 0.713324 0.703249 0.282008 0.594554 0.039588
6 0.40586 0.594769 0.111386 0.342723 0.0395849
5 0.685924 0.437846 0.0898558 0.12394 0.0395629
6 0.00227273 0.830282 0.00392983 0.329266 0.0395363
5 0.718557 0.413103 0.0296435 0.0654598 0.0393567
7 0.788292 0.9524 0.0206875 0.0782322 0.0393414
6 0.360357 0.610633 0.161384 0.333117 0.0388647
2 0.417032 0.97643 0.0231782 0.0463042 0.0385696
11 0.372339 0.612788 0.309251 0.593522 0.0385156
6 0.405109 0.445212 0.114326 0.270824 0.0382836
6 0.383507 0.72103 0.21354 0.337235 0.0381132
5 0.836735 0.885693 0.0385416 0.214768 0.0376231
2 0.379064 0.989733 0.106035 0.0213236 0.0373722
5 0.69624 0.422046 0.0802134 0.0826739 0.0368234
6 0.41791 0.537403 0.121232 0.463175 0.0366853
6 0.40723 0.527635 0.116954 0.427162 0.0366202
2 0.755818 0.343586 0.0166181 0.0713101 0.0358287
5 0.637586 0.474096 0.060593 0.19502 0.0356771
5 0.71206 0.44488 0.0470535 0.139077 0.0354085
5 0.848106 0.810534 0.0133898 0.0670012 0.0353251
6 0.903453 0.912503 0.0728128 0.175749 0.035145
5 0.718424 0.428204 0.0293007 0.0986608 0.0348328
5 0.724084 0.466637 0.0501729 0.185897 0.0345875
5 0.26642 0.407595 0.0886454 0.155824 0.0342465
10 0.594478 0.185403 0.0726641 0.340672 0.0340791
2 0.531563 0.0540333 0.0127245 0.0208732 0.0337896
6 0.345354 0.701699 0.136545 0.265321 0.0336093
5 0.70901 0.467665 0.0326987 0.0723569 0.033449
11 0.810676 0.991378 0.0804062 0.0145651 0.0332761
5 0.709605 0.451591 0.0329818 0.0871493 0.0332355
6 0.350363 0.690899 0.145252 0.283026 0.0329675
5 0.822044 0.851612 0.0613015 0.167967 0.0326154
6 0.879746 0.93286 0.0424501 0.140172 0.0324914
11 0.315131 0.673584 0.182657 0.332456 0.0319869
10 0.93394 0.0198774 0.0259861 0.0416038 0.031782
2 0.388849 0.258896 0.0598818 0.0846788 0.0312676
5 0.711052 0.444926 0.057652 0.127824 0.0311279
2 0.435899 0.0440275 0.0187473 0.0997509 0.0311048
6 0.447943 0.723967 0.110629 0.339106 0.0309765
6 0.342039 0.677527 0.130178 0.315684 0.030883
6 0.337881 0.717723 0.123861 0.240214 0.030786
6 0.432446 0.663913 0.084334 0.208904 0.0306499
6 0.426807 0.664141 0.0872878 0.241353 0.0298676
6 0.350409 0.684815 0.140301 0.297005 0.0298355
6 0.246839 0.244286 0.134994 0.149639 0.0296982
5 0.812214 0.862753 0.0504337 0.134468 0.0296554
5 0.70864 0.45139 0.0632582 0.1245 0.0292197
5 0.70353 0.453387 0.0710354 0.125017 0.0291089
5 0.708547 0.463098 0.0347881 0.0913059 0.0287275
5 0.65364 0.514741 0.0934228 0.105195 0.0286732
5 0.748731 0.905125 0.0732811 0.186174 0.0286577
11 0.27835 0.616939 0.16062 0.16636 0.0282526
6 0.43542 0.602555 0.122124 0.56571 0.0280285
10 0.582291 0.0360221 0.323734 0.0751394 0.0279634
5 0.828289 0.943847 0.0467894 0.0989147 0.0277889
10 0.581843 0.0448279 0.329096 0.094164 0.0277249
6 0.295143 0.171235 0.0828092 0.162814 0.0277059
6 0.376531 0.663884 0.0701136 0.28002 0.027679
6 0.335647 0.733551 0.121118 0.228661 0.0275198
6 0.0034868 0.517507 0.00619687 0.79822 0.0274296
10 0.425439 0.0173922 0.0261313 0.0345011 0.0272546
5 0.721579 0.428545 0.0236901 0.0649298 0.0271407
6 0.436772 0.63956 0.135775 0.505338 0.0268744
5 0.810864 0.89236 0.0622581 0.196038 0.0267661
2 0.399199 0.656077 0.0248486 0.0708795 0.0267023
6 0.304153 0.786501 0.169987 0.25765 0.0265006
5 0.599237 0.245359 0.0564607 0.178654 0.0264376
8 0.667979 0.476387 0.113907 0.169987 0.0263926
5 0.285434 0.402355 0.0478613 0.131784 0.0262581
5 0.768404 0.932331 0.170309 0.135198 0.0261378
6 0.450266 0.603248 0.114219 0.578783 0.0258888
10 0.430399 0.0636477 0.0222673 0.0774632 0.0258572
5 0.503895 0.126987 0.024486 0.0601282 0.0256102
2 0.249197 0.407829 0.0435953 0.113049 0.0255545
2 0.603352 0.164203 0.012007 0.0515625 0.0255269
5 0.763027 0.913477 0.0531065 0.16087 0.0252937
6 0.451699 0.670797 0.101751 0.451067 0.025122
6 0.331747 0.755492 0.0986505 0.162784 0.0249728
6 0.271188 0.498627 0.529748 0.977724 0.024868
5 0.84259 0.84923 0.0258825 0.1469 0.0248367
10 0.596891 0.108116 0.0408916 0.0752379 0.0248028
2 0.42659 0.0573645 0.0115513 0.0418978 0.0247897
6 0.336465 0.77492 0.07354 0.117585 0.0247433
5 0.637086 0.5151 0.0473927 0.11271 0.0247431
6 0.33506 0.765831 0.332143 0.484815 0.0247274
2 0.616066 0.193989 0.0111894 0.0541522 0.0246517
5 0.705668 0.470037 0.035883 0.0830112 0.0245919
11 0.290539 0.672042 0.140056 0.188359 0.0244795
5 0.782497 0.921694 0.0193229 0.0391495 0.0242659
2 0.534325 0.0969209 0.0113168 0.0282828 0.0236764
11 0.530663 0.11665 0.19453 0.115819 0.0233213
6 0.429119 0.726222 0.0839324 0.228617 0.0232852
11 0.0254361 0.916717 0.0494095 0.165075 0.0229975
5 0.264114 0.428822 0.0810712 0.160566 0.0229699
2 0.614716 0.186299 0.0115873 0.0421366 0.0228491
5 0.251527 0.277544 0.0367642 0.0500359 0.0228336
10 0.598915 0.115138 0.0562438 0.0478535 0.022682
6 0.331653 0.207413 0.0711801 0.250045 0.0226766
5 0.259584 0.40087 0.0724759 0.0796152 0.0226074
6 0.40193 0.565032 0.101999 0.122179 0.0225728
5 0.761338 0.933427 0.0565296 0.134089 0.0225376
5 0.370219 0.416019 0.0368456 0.0790188 0.0225247
2 0.399306 0.666998 0.0428116 0.110856 0.0224906
6 0.428363 0.755948 0.07805 0.20684 0.0224314
11 0.295891 0.719346 0.133187 0.197241 0.0223973
6 0.317168 0.732806 0.145825 0.230267 0.0223187
6 0.387359 0.520795 0.0630749 0.188306 0.0222932
5 0.819158 0.939555 0.0279964 0.0459593 0.0222723
10 0.831073 0.934947 0.0373913 0.125993 0.0221952
5 0.251677 0.44936 0.0490772 0.0949557 0.0216495
2 0.61719 0.190684 0.00922337 0.0435168 0.0215281
6 0.411726 0.660401 0.0613592 0.138996 0.0214229
10 0.580516 0.359499 0.0839868 0.146307 0.0210952
6 0.368199 0.501872 0.0643679 0.129338 0.0210632
2 0.385875 0.534375 0.0365565 0.104906 0.0210297
2 0.381555 0.516378 0.019081 0.054921 0.0210289
5 0.751189 0.905846 0.0730522 0.163546 0.0209263
6 0.375124 0.718626 0.0693444 0.116365 0.0205661
5 0.744371 0.487998 0.0212272 0.0690602 0.0205592
5 0.816099 0.900679 0.0286318 0.0529399 0.0205219
10 0.595428 0.266768 0.0547286 0.173941 0.0203361
5 0.785746 0.945156 0.0445383 0.112821 0.0201936
10 0.601814 0.227742 0.0520194 0.116724 0.0201772
2 0.60733 0.154788 0.0163817 0.0639697 0.0201337
11 0.381705 0.880392 0.21483 0.195798 0.0200052
8 0.806502 0.940661 0.0629724 0.101996 0.0198216
11 0.326252 0.975533 0.358478 0.167803 0.0198017
8 0.6204 0.589934 0.0411973 0.131822 0.0197783
6 0.255415 0.958445 0.170108 0.136518 0.0194792
5 0.673161 0.89384 0.116877 0.0942731 0.0194746
11 0.333376 0.946073 0.317211 0.229088 0.0193183
10 0.834032 0.939742 0.0324419 0.0783432 0.0192975
2 0.581131 0.0846285 0.0218514 0.0733931 0.0192271
8 0.62053 0.6004 0.0413615 0.130189 0.0191898
10 0.593955 0.500653 0.0462223 0.117209 0.0191339
6 0.341632 0.801777 0.0471983 0.077352 0.0190275
10 0.849585 0.944068 0.0146328 0.115166 0.0190173
8 0.352093 0.810495 0.0447772 0.0683679 0.0189795
8 0.662013 0.553239 0.0951964 0.0972495 0.0189249
6 0.230542 0.787098 0.233978 0.457042 0.0188418
11 0.255564 0.549863 0.0630027 0.109804 0.0188168
7 0.284695 0.568097 0.0485919 0.0678956 0.0187337
8 0.459151 0.681662 0.0515015 0.0545057 0.0187321
11 0.282812 0.869478 0.130065 0.185997 0.0187019
6 0.388179 0.802829 0.0323083 0.0603539 0.0185815
10 0.935519 0.0934363 0.0283545 0.0591962 0.0185299
10 0.263946 0.419471 0.0725107 0.120174 0.0185224
6 0.268263 0.970526 0.224807 0.173619 0.0185075
2 0.619686 0.514414 0.0163204 0.0521498 0.0184809
5 0.525441 0.162727 0.0134813 0.0445865 0.0184758
6 0.265659 0.953483 0.171025 0.0988346 0.0184048
10 0.831723 0.941528 0.0273333 0.048151 0.0182493
8 0.427296 0.857751 0.0626396 0.146027 0.0181797
10 0.299318 0.40667 0.0443083 0.123091 0.0181357
6 0.329352 0.966272 0.210504 0.138671 0.0181169
10 0.851213 0.941206 0.013591 0.0885185 0.0180393
5 0.720495 0.403278 0.038863 0.0543206 0.0179932
6 0.364449 0.889101 0.136673 0.245734 0.0179125
8 0.374636 0.854685 0.097718 0.161212 0.0178814
2 0.479157 0.853161 0.0353503 0.0910875 0.0178651
2 0.349348 0.327227 0.0481604 0.109513 0.0176731
8 0.890169 0.690327 0.0390244 0.641105 0.0176694
2 0.595755 0.23454 0.0270967 0.0811529 0.0176295
6 0.230791 0.898941 0.111691 0.172591 0.0176183
10 0.256638 0.904667 0.0511676 0.0716272 0.0174098
11 0.24009 0.949534 0.141276 0.0975038 0.017346
11 0.215219 0.950238 0.0905791 0.0998043 0.0171305
8 0.734512 0.960892 0.0649077 0.081092 0.0171279
5 0.307025 0.720916 0.0377456 0.0729774 0.0171274
10 0.709576 0.960379 0.0758846 0.0851248 0.0169865
11 0.350722 0.847976 0.125754 0.166267 0.0169066
11 0.33779 0.825781 0.074048 0.0944475 0.0168745
6 0.290879 0.933309 0.111541 0.151902 0.0168329
5 0.722612 0.638908 0.0413554 0.088724 0.0167105
5 0.733062 0.574962 0.0468583 0.105774 0.0167051
6 0.378421 0.760554 0.0313286 0.0584781 0.0166826
11 0.224997 0.959588 0.13475 0.0704686 0.016677
6 0.473612 0.512952 0.659248 0.800553 0.0166009
6 0.314982 0.94599 0.0931743 0.125477 0.0165693
11 0.280761 0.90728 0.132298 0.163433 0.0164917
6 0.338221 0.96638 0.135387 0.0862167 0.0164651
6 0.368543 0.962913 0.152035 0.0903483 0.0164401
8 0.400374 0.923146 0.0908813 0.170587 0.0163475
8 0.342614 0.862941 0.112567 0.135959 0.0163016
6 0.232915 0.894061 0.1059 0.145424 0.0162976
10 0.501457 0.270915 0.119995 0.0730781 0.0161974
11 0.280332 0.953148 0.10789 0.113551 0.0161858
2 0.306146 0.72853 0.0300297 0.0679094 0.016159
6 0.445823 0.882292 0.0840796 0.255578 0.0161263
8 0.388643 0.60855 0.0386693 0.0542074 0.0160572
8 0.755894 0.977059 0.137892 0.0544226 0.0160207
10 0.40183 0.902031 0.0335806 0.0571028 0.0159008
10 0.263585 0.853493 0.0488972 0.0639713 0.0158329
10 0.275939 0.485627 0.0865241 0.0883737 0.0157964
11 0.167289 0.962569 0.113794 0.0585152 0.0157092
10 0.320762 0.908916 0.0650109 0.10449 0.0155751
6 0.321 0.844607 0.0863117 0.215086 0.0154566
11 0.382484 0.966098 0.177834 0.088602 0.0153765
10 0.440334 0.904766 0.118734 0.164509 0.0153755
8 0.326515 0.834878 0.0633602 0.0843156 0.0153156
11 0.283963 0.956737 0.142836 0.0716198 0.0153152
6 0.353965 0.946253 0.14365 0.120729 0.0151835
10 0.343918 0.942622 0.0451351 0.0601311 0.0151131
8 0.678834 0.749658 0.0606088 0.0699487 0.0149433
10 0.33489 0.892339 0.0546275 0.101032 0.0149286
8 0.332083 0.867619 0.0529706 0.0707648 0.0149109
11 0.293084 0.934919 0.0768708 0.0863704 0.0147735
11 0.294859 0.949107 0.0683807 0.0889858 0.0145981
11 0.332096 0.970052 0.0958809 0.0731945 0.014563
10 0.322116 0.922066 0.043549 0.0763006 0.0143104
6 0.311601 0.952056 0.0580795 0.0661471 0.0130501
