1 0.662773 0.247466 0.671407 0.495697 0.663897
1 0.0625412 0.151615 0.125225 0.228433 0.614826
1 0.174284 0.105637 0.348747 0.212756 0.511628
1 0.245528 0.50246 0.490493 0.997579 0.418766
1 0.258097 0.620864 0.514749 0.758583 0.389565
1 0.248219 0.685945 0.493754 0.629727 0.382031
1 0.33089 0.0678207 0.144498 0.136699 0.338658
1 0.25439 0.540718 0.50641 0.916119 0.315217
1 0.212997 0.60125 0.416422 0.451342 0.248802
1 0.21035 0.440365 0.420535 0.825121 0.241599
1 0.213065 0.567353 0.4237 0.605776 0.209123
1 0.365613 0.0656643 0.242328 0.131167 0.20219
1 0.25065 0.827455 0.493637 0.34697 0.200526
1 0.208591 0.468399 0.416255 0.706418 0.198111
1 0.385174 0.073907 0.271863 0.14815 0.197173
1 0.208629 0.416087 0.414953 0.764497 0.188764
1 0.500006 0.49948 0.999681 0.999957 0.186141
1 0.146804 0.028313 0.193118 0.0561479 0.17836
1 0.185851 0.0276337 0.095192 0.0549798 0.173191
4 0.835557 0.108955 0.0439766 0.0415451 0.171363
1 0.196259 0.0599433 0.380787 0.120637 0.164902
1 0.0142403 0.349064 0.0287139 0.268481 0.161683
1 0.142313 0.0303227 0.181739 0.061633 0.159423
1 0.219472 0.634914 0.391911 0.505449 0.156478
1 0.497044 0.222087 0.999456 0.441149 0.155182
1 0.0606489 0.130232 0.121926 0.256461 0.153084
1 0.404665 0.0656635 0.314368 0.132742 0.15086
1 0.266039 0.07986 0.526478 0.161165 0.150106
1 0.250602 0.789312 0.498945 0.421657 0.150007
1 0.235942 0.0634674 0.466555 0.1278 0.149879
4 0.854453 0.173351 0.0604885 0.0621203 0.147734
10 0.91056 0.313112 0.0136517 0.0453357 0.146122
4 0.98176 0.147002 0.0369869 0.0940712 0.142214
1 0.321869 0.107949 0.157965 0.214192 0.140969
1 0.0642055 0.23646 0.127746 0.446268 0.138866
1 0.178905 0.0370097 0.125076 0.0743749 0.136156
1 0.374457 0.503502 0.755441 0.996508 0.135151
1 0.044561 0.600411 0.088439 0.79892 0.134558
1 0.240331 0.594016 0.352428 0.399043 0.132621
1 0.0644271 0.295768 0.128751 0.561785 0.131297
4 0.791021 0.0977884 0.0529271 0.0530279 0.127891
1 0.0623312 0.522517 0.123464 0.949385 0.127621
1 0.396577 0.625724 0.794544 0.749841 0.12725
1 0.298143 0.110865 0.600617 0.224779 0.126078
10 0.209889 0.0225133 0.039305 0.0459161 0.125375
1 0.256622 0.843451 0.475138 0.313911 0.124741
1 0.451531 0.0597861 0.404026 0.12251 0.123231
1 0.246239 0.807957 0.486407 0.385945 0.122983
1 0.025442 0.477422 0.0511166 0.566698 0.122465
1 0.16133 0.0380557 0.301553 0.0775246 0.120299
1 0.272212 0.0585203 0.319957 0.117724 0.12029
10 0.874492 0.299345 0.0191603 0.0507166 0.119408
1 0.195974 0.114192 0.392818 0.227195 0.118883
1 0.261014 0.123422 0.1743 0.241512 0.117737
1 0.0515532 0.32793 0.102683 0.635452 0.117599
1 0.201844 0.422669 0.403095 0.760383 0.114898
1 0.145188 0.0339629 0.268193 0.0699408 0.11194
4 0.802454 0.100532 0.0724283 0.060291 0.111287
1 0.0336736 0.605717 0.0674048 0.7892 0.110842
1 0.032881 0.383918 0.0659446 0.345982 0.110678
1 0.203416 0.143708 0.409514 0.291935 0.109593
1 0.632879 0.338575 0.740886 0.676826 0.107444
1 0.269268 0.100984 0.153854 0.200217 0.105966
1 0.0295003 0.522023 0.0590118 0.632747 0.105243
1 0.38955 0.0736132 0.271099 0.147806 0.104845
1 0.0792147 0.611238 0.158148 0.780373 0.100059
4 0.82921 0.112703 0.0258692 0.0344838 0.0991006
1 0.0713481 0.526043 0.141661 0.936066 0.0989287
1 0.302021 0.117711 0.31851 0.232347 0.0984256
1 0.34816 0.0392744 0.138554 0.0771773 0.0966007
1 0.080461 0.720854 0.160825 0.556561 0.095713
1 0.0228723 0.447443 0.0460361 0.541086 0.09477
1 0.126897 0.0172728 0.101069 0.035275 0.0945032
4 0.810487 0.100296 0.0918198 0.0650351 0.0939294
4 0.973061 0.106078 0.0534872 0.205768 0.0936707
1 0.190225 0.211493 0.382039 0.426651 0.0928891
1 0.281865 0.147727 0.576584 0.307149 0.0928689
1 0.667633 0.498867 0.666256 0.990106 0.0928304
1 0.425908 0.115819 0.857363 0.234671 0.0917214
1 0.0842623 0.836241 0.169108 0.327867 0.091603
4 0.946204 0.143794 0.0260048 0.0328742 0.0915447
1 0.184248 0.0483671 0.306896 0.0978273 0.090699
10 0.207603 0.0218608 0.0445773 0.044601 0.0903114
1 0.117912 0.0674834 0.232274 0.136655 0.0897932
1 0.32502 0.0990559 0.298664 0.192426 0.0890721
1 0.0746584 0.590678 0.148531 0.829117 0.0886512
1 0.538014 0.271465 0.925757 0.54215 0.0878314
1 0.269763 0.516555 0.543756 0.999964 0.086327
1 0.371996 0.161768 0.0415512 0.0599972 0.08617
1 0.0635499 0.436355 0.127155 0.756809 0.0860908
1 0.673008 0.346745 0.646394 0.690958 0.0855849
1 0.284111 0.07631 0.170774 0.151206 0.0852972
1 0.661911 0.350509 0.67181 0.706041 0.0851248
1 0.0451155 0.61537 0.0895422 0.770865 0.0847057
10 0.901826 0.306163 0.0217239 0.0561188 0.083472
10 0.925617 0.31829 0.0313042 0.0585107 0.083401
1 0.37217 0.110209 0.419315 0.222351 0.083215
1 0.531532 0.113693 0.369252 0.227599 0.0830576
1 0.434768 0.0647557 0.400951 0.136655 0.0824394
3 0.904944 0.148288 0.189256 0.293465 0.0815788
1 0.144817 0.42386 0.291339 0.839261 0.0815385
1 0.00891265 0.289316 0.0180644 0.169997 0.0804268
1 0.530915 0.317915 0.942852 0.636733 0.0797952
1 0.427936 0.0481569 0.138698 0.0961807 0.0795234
4 0.846223 0.105962 0.0196501 0.024271 0.0791799
1 0.609564 0.075556 0.398549 0.148972 0.0789322
1 0.0784302 0.602073 0.156766 0.81424 0.0780509
1 0.426017 0.0247082 0.0812355 0.0483574 0.0778693
4 0.981042 0.188651 0.0379669 0.185491 0.0776404
1 0.222321 0.0596157 0.213887 0.117288 0.077554
1 0.299655 0.117976 0.190368 0.215553 0.0759316
4 0.805904 0.108549 0.0206748 0.0310417 0.0755562
1 0.0103847 0.299959 0.0210825 0.196215 0.0749726
3 0.910698 0.112011 0.176863 0.221344 0.0749035
1 0.275926 0.10516 0.139224 0.20679 0.0745602
1 0.0841151 0.0119644 0.0787717 0.024965 0.0745402
1 0.679764 0.0744704 0.622386 0.150311 0.0745329
1 0.501616 0.0531299 0.491002 0.111445 0.0742147
1 0.615936 0.074437 0.484274 0.150267 0.0719948
1 0.225634 0.578298 0.330264 0.367512 0.071908
1 0.40537 0.0977826 0.500531 0.2032 0.0719076
1 0.208811 0.646726 0.398868 0.478066 0.0718261
4 0.950192 0.153244 0.0991758 0.301271 0.0714474
1 0.33807 0.0340155 0.113013 0.0686021 0.0713772
4 0.813392 0.0987263 0.0388098 0.0469441 0.0711988
1 0.529795 0.0777636 0.35955 0.152934 0.0702
1 0.0318894 0.228423 0.0646061 0.266374 0.0701376
1 0.00770412 0.256654 0.0161231 0.315246 0.0700682
1 0.422588 0.0501069 0.136511 0.100182 0.0687793
1 0.449142 0.498999 0.907724 0.999947 0.0684493
1 0.556219 0.165709 0.449673 0.340794 0.0682362
1 0.283126 0.0681017 0.190037 0.133619 0.068222
10 0.902183 0.310469 0.0196743 0.0490648 0.0676236
1 0.0322048 0.112354 0.065766 0.120573 0.0668292
1 0.0311787 0.079121 0.0635634 0.156392 0.0667225
1 0.0221923 0.594382 0.0451814 0.754728 0.0667133
1 0.630935 0.0662168 0.52154 0.130893 0.0661883
1 0.413259 0.0780278 0.166349 0.155156 0.0655812
1 0.353504 0.0875023 0.0749497 0.0920812 0.0653633
10 0.876745 0.308426 0.0294056 0.0766104 0.0641159
1 0.680654 0.0688165 0.617895 0.140191 0.0637112
3 0.935513 0.0956357 0.127391 0.187969 0.0635632
4 0.97672 0.151719 0.0463762 0.283709 0.0626489
4 0.762056 0.0870677 0.0623156 0.0679468 0.0626107
4 0.897311 0.126959 0.0361403 0.048793 0.0622975
1 0.059732 0.218252 0.11945 0.138544 0.0620071
1 0.670744 0.212867 0.606093 0.400938 0.061335
10 0.973295 0.0589858 0.0479156 0.107521 0.0612933
1 0.275153 0.859519 0.437189 0.2823 0.0606627
3 0.942913 0.127633 0.113694 0.247321 0.0597309
1 0.250703 0.7224 0.49791 0.593374 0.0593845
1 0.552604 0.0548349 0.404439 0.106863 0.0589226
1 0.42945 0.0610669 0.310252 0.124483 0.0576208
1 0.178085 0.515792 0.354911 0.578435 0.0572766
1 0.655136 0.500116 0.692857 0.978761 0.0566762
1 0.907941 0.220871 0.182955 0.434242 0.0564565
1 0.235117 0.615643 0.358888 0.422598 0.0560219
4 0.810284 0.0978519 0.0338625 0.0453263 0.0557974
1 0.845216 0.23326 0.306348 0.455341 0.0552216
1 0.251858 0.839979 0.424138 0.328371 0.0551967
1 0.145972 0.847704 0.295385 0.303605 0.0551336
1 0.493405 0.149352 0.994901 0.283785 0.0548795
10 0.898773 0.304607 0.0221863 0.0601528 0.0548465
4 0.989924 0.194664 0.0202522 0.0948336 0.0545124
1 0.417498 0.0239321 0.0999351 0.0477079 0.0539083
1 0.331222 0.016919 0.100995 0.0343336 0.0537119
1 0.604049 0.188521 0.758993 0.380309 0.0533055
1 0.71363 0.0682394 0.357621 0.135857 0.0531141
4 0.764133 0.0896564 0.0437326 0.0548201 0.0522999
1 0.25359 0.886835 0.478087 0.229285 0.0519869
1 0.0545194 0.175696 0.109103 0.240289 0.0517549
1 0.0819484 0.92061 0.164646 0.158458 0.0515623
1 0.222789 0.039469 0.140169 0.0789964 0.0512956
1 0.0297514 0.114151 0.0614561 0.213202 0.0510624
1 0.423626 0.0605477 0.143135 0.119112 0.051038
1 0.249224 0.935223 0.494288 0.131921 0.0506357
1 0.18835 0.0937542 0.353574 0.186015 0.0504722
1 0.147867 0.499771 0.296652 0.581122 0.0497725
1 0.109234 0.0287069 0.19891 0.0600335 0.0495928
1 0.0330362 0.55349 0.0664947 0.284369 0.0489995
4 0.990234 0.165868 0.0192623 0.0430246 0.048664
1 0.954407 0.26752 0.0914883 0.519014 0.0486054
1 0.138408 0.49231 0.281237 0.542461 0.048403
1 0.0544324 0.303137 0.11166 0.205993 0.0475879
4 0.779127 0.0960889 0.0294289 0.0433541 0.0473151
1 0.0162946 0.151006 0.0333366 0.28474 0.0472695
4 0.817916 0.11147 0.0459862 0.0422075 0.0466781
1 0.62631 0.0507681 0.391272 0.100592 0.0464085
1 0.145228 0.550707 0.282362 0.603954 0.0449352
1 0.288774 0.0427056 0.0775984 0.0867287 0.0446627
4 0.829553 0.107933 0.0437954 0.0476145 0.0439312
4 0.394304 0.0166947 0.0526026 0.0334265 0.0436294
1 0.252698 0.665061 0.506312 0.998992 0.0434395
1 0.253111 0.691933 0.327508 0.530892 0.0430729
6 0.245392 0.907858 0.47471 0.198708 0.0428569
1 0.215222 0.689688 0.416704 0.514873 0.0425576
1 0.0187916 0.170126 0.0376167 0.220084 0.0424929
1 0.669101 0.0582874 0.57789 0.122274 0.0417497
1 0.0818525 0.945194 0.164008 0.110443 0.0414139
1 0.451213 0.143263 0.218619 0.161627 0.0411671
4 0.982884 0.130162 0.0305683 0.0457782 0.0406669
4 0.87738 0.108086 0.0352943 0.0499377 0.0402933
1 0.264386 0.129004 0.136648 0.121555 0.0391183
10 0.216124 0.0262475 0.0555719 0.0463016 0.0387044
1 0.895642 0.370127 0.207778 0.441932 0.0383423
1 0.36821 0.056521 0.0895852 0.106609 0.0378418
1 0.0525752 0.733777 0.105494 0.692517 0.0375133
1 0.00998172 0.425785 0.0191528 0.141349 0.0374804
1 0.240166 0.914752 0.457735 0.182471 0.0368956
3 0.886075 0.0620496 0.222873 0.124852 0.0368231
1 0.0759098 0.185987 0.151612 0.209749 0.0366802
4 0.750993 0.0800326 0.0497729 0.0592245 0.0364267
1 0.896352 0.295207 0.204558 0.292113 0.0358517
1 0.100263 0.799349 0.207644 0.406395 0.0356061
1 0.135652 0.898343 0.277757 0.208264 0.0346823
1 0.900937 0.450419 0.197394 0.666278 0.0346438
1 0.29369 0.0404422 0.0889917 0.0860905 0.0345857
1 0.196536 0.845211 0.363095 0.281628 0.0340946
1 0.0457594 0.69787 0.093198 0.199608 0.0336844
1 0.0508855 0.145607 0.0964458 0.128322 0.0333668
1 0.218516 0.641814 0.28115 0.35369 0.0331068
1 0.413341 0.193541 0.146208 0.103636 0.0330583
4 0.752269 0.0810281 0.0425544 0.057794 0.0323086
1 0.345926 0.97129 0.573419 0.0930062 0.0322867
1 0.658919 0.117708 0.248454 0.103611 0.0318714
1 0.20518 0.750213 0.298018 0.228594 0.03128
1 0.681689 0.195489 0.306145 0.252898 0.0310505
1 0.223246 0.895162 0.367704 0.214892 0.0307213
6 0.251646 0.969933 0.393272 0.0659012 0.0294847
1 0.607252 0.597749 0.789147 0.998413 0.0294051
1 0.0471315 0.2342 0.0893249 0.0844485 0.0291368
4 0.976974 0.158631 0.0376148 0.0653696 0.0290518
4 0.863938 0.169276 0.032555 0.0395683 0.0289613
4 0.90603 0.133586 0.058968 0.071058 0.0289318
1 0.25543 0.984429 0.460957 0.038987 0.0283988
1 0.931516 0.565638 0.136245 0.834759 0.0282126
1 0.279242 0.968288 0.350011 0.0703905 0.0278982
1 0.0691772 0.104081 0.131636 0.0949111 0.0277371
1 0.255023 0.97083 0.402227 0.0656349 0.0275258
1 0.340382 0.0486321 0.0821858 0.0698609 0.0270559
1 0.279506 0.678708 0.22069 0.24613 0.0270355
6 0.291591 0.933653 0.352079 0.133974 0.026559
1 0.168793 0.678914 0.207387 0.27259 0.0264813
1 0.263934 0.986849 0.452943 0.0329285 0.0261422
1 0.226394 0.263379 0.348905 0.122371 0.0253867
4 0.824056 0.109247 0.018018 0.0311854 0.0253264
6 0.25949 0.978263 0.307057 0.0610096 0.0248273
1 0.893186 0.567841 0.214331 0.779116 0.0247617
1 0.190251 0.914334 0.31126 0.159687 0.0247207
1 0.602174 0.228203 0.102084 0.0665714 0.0242866
6 0.237166 0.96188 0.330964 0.104743 0.0242471
6 0.195417 0.917921 0.222318 0.176711 0.024181
4 0.860837 0.135603 0.0343058 0.031707 0.0241588
1 0.0296816 0.8263 0.0604467 0.108138 0.0239582
1 0.49685 0.69629 0.999425 0.999767 0.0239081
1 0.0143729 0.460408 0.0282238 0.100739 0.0238474
1 0.2089 0.673404 0.210148 0.19777 0.0235594
1 0.279036 0.534539 0.1407 0.101329 0.0234497
6 0.225771 0.96351 0.294288 0.0780819 0.0231958
10 0.893566 0.505155 0.0164333 0.0336858 0.0230953
1 0.131127 0.687777 0.158644 0.276608 0.0229066
1 0.871009 0.443307 0.25527 0.329505 0.0227958
1 0.301298 0.976999 0.297492 0.0534987 0.0226148
1 0.0551759 0.293103 0.105346 0.126825 0.0223918
1 0.496915 0.687726 0.991071 0.999583 0.0223008
1 0.117906 0.921065 0.126638 0.180794 0.0220273
1 0.444158 0.570155 0.801882 0.231868 0.0214424
10 0.887775 0.347021 0.0121525 0.0353055 0.0213578
10 0.774775 0.112321 0.0182856 0.0291163 0.0212902
1 0.562202 0.301895 0.206138 0.0973791 0.021254
1 0.163702 0.48631 0.146261 0.093806 0.0211652
1 0.206694 0.821962 0.282068 0.870952 0.0211106
1 0.488868 0.33661 0.906089 0.172759 0.0210979
1 0.131878 0.736057 0.144533 0.202598 0.0209482
1 0.292106 0.47863 0.0716212 0.0835123 0.0208008
6 0.183592 0.881755 0.11804 0.117224 0.0206752
1 0.694797 0.476465 0.572768 0.306617 0.0202242
1 0.380187 0.279527 0.0981321 0.0770263 0.0198899
1 0.29394 0.975801 0.280829 0.0553949 0.0193541
10 0.813763 0.140382 0.0170177 0.0256152 0.0190502
1 0.48912 0.889066 0.999972 0.999325 0.0187705
10 0.879364 0.468769 0.0177217 0.0445119 0.0187656
6 0.241864 0.936098 0.200762 0.115852 0.0183356
4 0.813346 0.15224 0.0182844 0.0267151 0.018216
1 0.467958 0.815614 0.970491 0.99911 0.018141
1 0.693745 0.365078 0.21129 0.132309 0.0181079
1 0.313065 0.956209 0.217756 0.10034 0.0181067
4 0.807902 0.316718 0.0563359 0.0541162 0.0179122
1 0.489694 0.791125 0.998918 0.890621 0.0175612
1 0.732648 0.39997 0.275439 0.170855 0.0173635
10 0.802054 0.207464 0.022085 0.0260381 0.0173315
10 0.932498 0.460705 0.0182547 0.0348367 0.017244
6 0.777314 0.27001 0.0180238 0.0240333 0.0172051
1 0.39566 0.343499 0.0824148 0.0660913 0.016825
8 0.810581 0.384661 0.0386481 0.0378305 0.0167866
4 0.786111 0.15684 0.0186584 0.0180116 0.0164793
10 0.91198 0.707426 0.026779 0.027266 0.0164742
1 0.625082 0.857717 0.605854 0.398624 0.0163929
1 0.753235 0.547405 0.211622 0.153796 0.0156867
11 0.615727 0.856595 0.240963 0.122668 0.0151325
