10 0.73892 0.803193 0.0768715 0.305848 0.884954
10 0.82384 0.846578 0.0783531 0.301195 0.884386
10 0.698119 0.779062 0.0516 0.283631 0.883054
10 0.521467 0.674775 0.0467234 0.259984 0.864259
10 0.930237 0.514592 0.0283379 0.124379 0.849968
10 0.48067 0.658382 0.0451948 0.2227 0.829783
10 0.560142 0.597244 0.0363666 0.217041 0.820268
0 0.732595 0.497013 0.0318861 0.08312 0.351967
10 0.152901 0.735498 0.0601069 0.220256 0.334544
0 0.63555 0.570999 0.0547587 0.125325 0.299485
10 0.14707 0.738064 0.0459959 0.216338 0.259963
10 0.14533 0.726243 0.0410588 0.239098 0.239421
10 0.156629 0.75315 0.0530843 0.161276 0.213908
0 0.642138 0.569199 0.0409095 0.0969491 0.208567
10 0.166231 0.753686 0.0373138 0.139861 0.201061
10 0.431316 0.590983 0.0232403 0.10879 0.188259
6 0.0297762 0.929651 0.060453 0.141799 0.176695
0 0.737439 0.494886 0.0216638 0.0728337 0.174396
6 0.0265595 0.955864 0.0541258 0.0889897 0.172476
10 0.141193 0.669329 0.0320009 0.157739 0.170653
0 0.648944 0.573246 0.0273746 0.082585 0.161643
6 0.0258695 0.926343 0.0525962 0.148308 0.156999
6 0.261103 0.67694 0.0407398 0.132997 0.147995
10 0.154076 0.726477 0.0570379 0.211687 0.142644
0 0.633998 0.548508 0.0581409 0.171139 0.141572
10 0.292028 0.668223 0.0387709 0.113103 0.138408
7 0.0505499 0.0461933 0.0587039 0.0927172 0.133665
10 0.142178 0.684637 0.028261 0.106669 0.127778
11 0.263395 0.698427 0.0331164 0.0861241 0.125831
10 0.146121 0.67088 0.0444551 0.152232 0.117896
6 0.421248 0.594854 0.0419345 0.115835 0.117418
10 0.227421 0.623886 0.0454606 0.222156 0.117253
10 0.141986 0.6507 0.0361752 0.217607 0.116158
6 0.0372281 0.901902 0.0752933 0.197543 0.114597
11 0.225019 0.67974 0.024343 0.0719646 0.114349
4 0.950293 0.938784 0.0988667 0.111917 0.109982
6 0.14164 0.784048 0.0470757 0.134103 0.109542
6 0.385571 0.740732 0.0336949 0.13077 0.109317
10 0.153116 0.695011 0.0678668 0.308467 0.107664
6 0.352913 0.78709 0.0560832 0.157569 0.107193
6 0.225437 0.687025 0.0264689 0.0883101 0.106535
6 0.0165958 0.923363 0.0336882 0.154484 0.106325
7 0.385987 0.704277 0.0282197 0.0539172 0.106212
6 0.224364 0.670006 0.0305511 0.121268 0.104134
3 0.0236402 0.72126 0.0473639 0.558757 0.101568
2 0.126957 0.0155831 0.0594194 0.031176 0.101515
10 0.481625 0.663104 0.0414659 0.203747 0.0988377
10 0.290798 0.651168 0.0333403 0.0793604 0.0985596
10 0.171367 0.618793 0.0404269 0.163643 0.0902546
10 0.177994 0.6571 0.0306283 0.103653 0.0898073
11 0.0266595 0.860547 0.0543049 0.27973 0.0895424
10 0.502999 0.569484 0.0164679 0.0577802 0.0894411
6 0.427033 0.618237 0.0293243 0.0660316 0.0881826
6 0.422792 0.618135 0.0388253 0.0723209 0.0880292
6 0.352633 0.764298 0.0585536 0.201932 0.0871862
6 0.0188147 0.965747 0.0387686 0.0697447 0.0871389
11 0.292355 0.69248 0.0405447 0.0673393 0.086932
6 0.458919 0.584306 0.0269023 0.122894 0.0868519
7 0.807789 0.815507 0.021565 0.061659 0.0854262
10 0.223564 0.593651 0.0360742 0.166401 0.0819967
11 0.249464 0.686208 0.0727489 0.158681 0.0816528
3 0.953001 0.668079 0.0939169 0.663938 0.0789524
6 0.154592 0.764184 0.0570986 0.162829 0.0788622
6 0.452834 0.607911 0.0180546 0.078224 0.0783935
0 0.648413 0.581591 0.0222565 0.0630343 0.0755014
6 0.352752 0.761678 0.0584062 0.203709 0.0750017
3 0.0218192 0.58756 0.0442985 0.829802 0.0748444
6 0.398302 0.668477 0.050192 0.0995295 0.0742878
10 0.256772 0.562821 0.0347152 0.115008 0.0727139
10 0.139747 0.64396 0.0311347 0.190693 0.0725297
10 0.140749 0.632084 0.0229856 0.0714318 0.0719882
6 0.380148 0.760458 0.0422809 0.0995995 0.0710396
7 0.20516 0.0197336 0.0309806 0.0405807 0.0707221
10 0.302656 0.660507 0.025452 0.0992639 0.0707056
10 0.493747 0.656364 0.0406676 0.227302 0.069997
11 0.362187 0.727347 0.0796541 0.161618 0.0696534
6 0.420916 0.616669 0.0350344 0.0651764 0.0682669
7 0.204476 0.0206416 0.039924 0.0420217 0.0680424
6 0.403236 0.690204 0.0300594 0.0512519 0.0674207
4 0.880364 0.350921 0.0404795 0.0461281 0.0672219
10 0.313669 0.793698 0.0518826 0.118669 0.0672005
10 0.304088 0.665651 0.0244413 0.0906435 0.0668186
6 0.359592 0.783314 0.074452 0.161617 0.0654888
10 0.16317 0.723614 0.0377225 0.0859809 0.065394
3 0.0184345 0.716863 0.0372774 0.568859 0.0649151
3 0.0308297 0.526221 0.062343 0.952539 0.0640663
10 0.928926 0.512958 0.0229345 0.117794 0.0638971
6 0.448817 0.61112 0.0178133 0.0747146 0.0637053
2 0.00777681 0.913441 0.01709 0.169482 0.0633295
11 0.0220032 0.98591 0.0456474 0.0291309 0.0629488
10 0.494808 0.65725 0.0287998 0.219894 0.061931
6 0.258275 0.673489 0.0364683 0.124389 0.0613931
4 0.878605 0.339474 0.0230059 0.0237014 0.0610375
10 0.140252 0.587063 0.0272924 0.084579 0.060956
10 0.172045 0.762823 0.0246072 0.113864 0.0608839
7 0.487316 0.65107 0.0192643 0.0357274 0.0606318
10 0.431511 0.574252 0.0163238 0.0755819 0.0606147
10 0.353566 0.697901 0.0221126 0.0599146 0.0592973
10 0.498169 0.626744 0.0261789 0.158481 0.0592524
10 0.226275 0.634568 0.0497581 0.228294 0.0592179
11 0.3603 0.758495 0.0755238 0.207015 0.0591444
10 0.940951 0.360465 0.0156488 0.0620839 0.0588594
4 0.977116 0.416842 0.0245302 0.0436553 0.0580603
11 0.260907 0.645024 0.0292242 0.0539792 0.0571106
7 0.683554 0.750354 0.0180618 0.0498983 0.0569607
0 0.620667 0.558843 0.0367987 0.147397 0.056712
11 0.224852 0.664455 0.0228202 0.0365781 0.0565907
10 0.517174 0.670566 0.0464117 0.252444 0.0562593
4 0.95048 0.795533 0.0980953 0.407298 0.0560869
10 0.142094 0.654538 0.0280142 0.0876473 0.0560307
6 0.35702 0.684182 0.050041 0.0780485 0.0558188
10 0.171866 0.570161 0.0342525 0.0792946 0.0557393
10 0.476764 0.653871 0.0524091 0.212644 0.0556714
10 0.625901 0.471392 0.0206698 0.0756461 0.0550186
10 0.491394 0.656531 0.0312115 0.226373 0.0538215
3 0.977054 0.667262 0.0450932 0.664563 0.0535977
6 0.143485 0.787935 0.0460812 0.128658 0.053493
11 0.336396 0.764937 0.102063 0.218048 0.0531423
10 0.403002 0.589108 0.0171176 0.0944533 0.0520888
6 0.26924 0.696436 0.0230436 0.0723558 0.0517746
10 0.615929 0.550471 0.0268025 0.146952 0.0509337
10 0.499564 0.588098 0.0182069 0.0877565 0.050697
10 0.452759 0.580588 0.025088 0.113834 0.0505133
10 0.0102245 0.847417 0.0219055 0.30055 0.0501964
11 0.348743 0.760281 0.0968271 0.220362 0.0500986
10 0.431229 0.568621 0.0160669 0.0642806 0.0499469
6 0.0106742 0.983881 0.0223164 0.0323844 0.0498256
6 0.266012 0.712626 0.0267307 0.0484557 0.0497878
6 0.451459 0.60969 0.0203847 0.0856677 0.0496989
3 0.0891163 0.707418 0.173649 0.588749 0.0496728
10 0.449097 0.581237 0.0165232 0.117329 0.049642
10 0.0093593 0.856507 0.0202951 0.281864 0.0487071
10 0.48561 0.605211 0.0459951 0.324572 0.0485378
7 0.271062 0.273972 0.0428671 0.0340585 0.0482482
10 0.158399 0.576123 0.0383272 0.0991669 0.0482167
10 0.613858 0.525489 0.0184683 0.0907786 0.0478086
10 0.332631 0.712868 0.020831 0.0803597 0.0475252
6 0.182331 0.675966 0.0233022 0.0555398 0.0471549
10 0.22772 0.563246 0.04358 0.102491 0.0468842
10 0.313592 0.784182 0.0595558 0.160291 0.046823
10 0.844392 0.394448 0.0127588 0.0354695 0.0466356
7 0.205883 0.284683 0.0228497 0.0322585 0.0462303
7 0.12837 0.800964 0.0323622 0.10087 0.0462034
10 0.525469 0.625621 0.0550642 0.164277 0.0461163
6 0.260252 0.711882 0.0631655 0.214516 0.0461103
11 0.286204 0.696714 0.0319034 0.0621482 0.0456763
11 0.27217 0.690261 0.094438 0.175609 0.044942
10 0.169646 0.757753 0.0264693 0.133963 0.0447677
10 0.170424 0.732098 0.027947 0.0709181 0.0444311
10 0.140812 0.657423 0.0244426 0.04825 0.0440667
10 0.0103234 0.853244 0.0222646 0.290835 0.0439154
10 0.408434 0.58668 0.0199375 0.0972988 0.043765
6 0.029444 0.982933 0.0595342 0.0355891 0.0436045
10 0.157324 0.764298 0.0264745 0.130337 0.0433637
10 0.561135 0.544422 0.0321769 0.122147 0.0431912
2 0.204248 0.0482824 0.0464713 0.097903 0.0430815
10 0.145533 0.757567 0.0329469 0.121874 0.0428167
10 0.627181 0.456182 0.0157885 0.0400704 0.0424632
6 0.465353 0.609793 0.0251155 0.0925445 0.0420823
10 0.133629 0.592756 0.0162771 0.0816901 0.0418923
10 0.985749 0.803078 0.0287727 0.388088 0.0416019
7 0.385745 0.707004 0.0288034 0.0654906 0.041581
10 0.139862 0.623064 0.0189553 0.05652 0.0414488
10 0.483539 0.613218 0.034806 0.110692 0.0410555
10 0.231755 0.530655 0.0253233 0.0539843 0.0405938
4 0.879844 0.343565 0.0217106 0.0279915 0.0405234
10 0.0074932 0.735015 0.0154532 0.21577 0.0401533
10 0.162026 0.587672 0.0240584 0.102956 0.0399418
10 0.169103 0.554033 0.0222986 0.0491326 0.0399097
10 0.332138 0.708436 0.0236983 0.0785995 0.0397732
10 0.517292 0.573126 0.0302236 0.0565781 0.0396353
10 0.878276 0.332972 0.0141218 0.0210288 0.0396189
10 0.23098 0.535113 0.0247039 0.0443278 0.039602
11 0.266766 0.680331 0.0193692 0.0357386 0.0395726
4 0.0406841 0.42036 0.0196033 0.037403 0.0395301
10 0.536353 0.622854 0.0228754 0.172519 0.0395292
10 0.984546 0.645888 0.0315508 0.545405 0.0393177
10 0.822344 0.849848 0.0699528 0.274158 0.0389513
10 0.558621 0.550611 0.0281365 0.110143 0.038422
6 0.398792 0.686553 0.0412041 0.0717102 0.0382183
10 0.339983 0.702828 0.0152403 0.0547906 0.0381536
10 0.488616 0.531015 0.0410728 0.187647 0.0380737
10 0.0116799 0.78267 0.0232674 0.19034 0.0379458
0 0.891443 0.357264 0.0205406 0.034226 0.0376639
10 0.333215 0.709324 0.0171082 0.0655204 0.0375375
10 0.517305 0.670667 0.0373169 0.226364 0.0373238
10 0.169625 0.760035 0.0226237 0.133056 0.0370156
10 0.536106 0.626366 0.0278381 0.160364 0.0368437
3 0.0173931 0.714039 0.0355183 0.581076 0.0368369
3 0.935182 0.137699 0.033308 0.0818609 0.0367385
10 0.204108 0.556408 0.0413432 0.107234 0.0364821
10 0.253599 0.529386 0.0194699 0.0512466 0.036404
6 0.402936 0.592751 0.0260818 0.0955432 0.0361056
7 0.277394 0.258501 0.0236158 0.0461354 0.0359111
10 0.986423 0.797983 0.0271753 0.377169 0.0358459
6 0.222952 0.681841 0.0218627 0.0541192 0.0357325
3 0.790397 0.660723 0.382278 0.640228 0.0356662
10 0.992946 0.556859 0.0154505 0.312076 0.0356278
10 0.183515 0.587453 0.0345016 0.0668774 0.0354884
10 0.680033 0.774854 0.0269621 0.258584 0.0351493
11 0.0208349 0.792108 0.0436361 0.428226 0.035137
10 0.207848 0.527515 0.0172149 0.042362 0.0350954
6 0.290899 0.673339 0.0297216 0.0596203 0.0350259
10 0.302902 0.712493 0.0565403 0.149311 0.03476
10 0.696259 0.781186 0.0600011 0.277661 0.0346564
6 0.965058 0.775214 0.0704552 0.455041 0.0344527
10 0.975054 0.533679 0.0483648 0.377109 0.0344143
10 0.994162 0.521951 0.0131849 0.281356 0.0343618
10 0.346322 0.700274 0.0152225 0.0584359 0.0341546
10 0.739766 0.809589 0.0795371 0.294299 0.0341476
3 0.0549671 0.6091 0.105867 0.365753 0.0336464
10 0.705894 0.710148 0.0344451 0.123467 0.0333891
10 0.146517 0.735553 0.0258657 0.107387 0.0325281
10 0.500826 0.598641 0.0200351 0.0812642 0.0324399
10 0.557791 0.509226 0.0205186 0.0481162 0.0320508
6 0.246516 0.692744 0.0138349 0.080222 0.0317894
3 0.968184 0.695364 0.0637325 0.616443 0.0317099
10 0.518431 0.690359 0.0312783 0.10361 0.031671
10 0.211679 0.533726 0.0189804 0.0492272 0.0316016
0 0.631509 0.58504 0.0196521 0.0675272 0.0313647
6 0.436398 0.637584 0.0165549 0.0429222 0.0313622
0 0.723601 0.504852 0.013034 0.0703466 0.0312622
10 0.73518 0.795832 0.0683673 0.265557 0.0312496
10 0.938367 0.360628 0.0135189 0.0619051 0.0312257
10 0.702766 0.803019 0.0392669 0.220306 0.0311435
2 0.297303 0.675599 0.019581 0.038666 0.0310505
10 0.240218 0.529709 0.0185838 0.0548247 0.0304896
10 0.947018 0.526854 0.0169193 0.150539 0.0303726
0 0.719589 0.507509 0.0157667 0.0635047 0.0302934
10 0.502802 0.65747 0.0160777 0.127527 0.0301318
10 0.93089 0.493956 0.0207207 0.0547625 0.0298549
6 0.0117189 0.992627 0.0230024 0.0163885 0.0296092
10 0.140786 0.669362 0.023993 0.0687325 0.0294971
10 0.520792 0.6337 0.0468435 0.126408 0.0294537
10 0.45954 0.553749 0.0244925 0.06746 0.0292372
3 0.398232 0.493076 0.546954 0.811422 0.0288931
10 0.528928 0.653515 0.0278392 0.117064 0.0287921
10 0.832038 0.783284 0.0666662 0.156878 0.0285603
10 0.168194 0.633745 0.0163203 0.0714295 0.028382
7 0.485514 0.650626 0.0143732 0.0273671 0.0283449
6 0.259811 0.719496 0.0196184 0.0380124 0.028237
10 0.139516 0.663103 0.0209721 0.046758 0.0278279
10 0.315595 0.738886 0.0289351 0.0634169 0.0277218
7 0.373797 0.683251 0.0171179 0.0619316 0.0276919
6 0.168652 0.796026 0.0214252 0.082185 0.0271563
10 0.25857 0.533502 0.0203441 0.0399507 0.0270629
10 0.700275 0.714836 0.0394565 0.139523 0.0268608
10 0.194343 0.528499 0.0288432 0.0576419 0.0268381
10 0.20232 0.522384 0.0153962 0.0343668 0.0267879
10 0.152113 0.547874 0.027296 0.0378402 0.0266539
6 0.171168 0.791239 0.0252619 0.0698859 0.0265181
10 0.162309 0.541476 0.0225581 0.0434648 0.0265082
6 0.438645 0.645973 0.0210954 0.0339249 0.0264156
6 0.993518 0.401541 0.00936565 0.0660091 0.0263945
2 0.60459 0.0979769 0.0485069 0.196389 0.0263529
10 0.17033 0.620387 0.0168456 0.0445301 0.0263457
7 0.294519 0.278171 0.0377719 0.0407274 0.0261449
10 0.171453 0.627628 0.0143017 0.0373689 0.0261077
10 0.458363 0.539106 0.0212174 0.0345465 0.0256501
6 0.370795 0.803282 0.0309394 0.0664845 0.0255481
10 0.707984 0.878056 0.0329212 0.117807 0.0253304
10 0.149213 0.70657 0.0194463 0.0734885 0.025162
10 0.762588 0.718792 0.0127539 0.0281503 0.0251327
6 0.0186277 0.81795 0.0394075 0.368567 0.024763
6 0.12479 0.815833 0.0351599 0.0900692 0.0242932
7 0.00854698 0.963537 0.0162419 0.0719399 0.0239568
10 0.11188 0.0142688 0.0823638 0.0290691 0.0238501
7 0.386582 0.755488 0.0199684 0.0315301 0.0231966
10 0.809917 0.87863 0.0230311 0.0482626 0.0231227
10 0.992639 0.318343 0.0154028 0.237373 0.0229615
10 0.699421 0.730247 0.0432834 0.0923749 0.0229022
7 0.681141 0.751731 0.0120889 0.0438047 0.0227416
6 0.397036 0.712284 0.0395364 0.0758977 0.0224575
10 0.805301 0.794192 0.0293158 0.112818 0.0219652
10 0.805968 0.881688 0.0280138 0.078072 0.0219447
10 0.297765 0.675071 0.0176999 0.0402684 0.0216705
6 0.250663 0.736128 0.01368 0.0502307 0.0212496
6 0.986768 0.954594 0.0282167 0.0932362 0.0210889
10 0.164343 0.603091 0.0174768 0.0650984 0.0204729
6 0.387711 0.816409 0.0433119 0.0726581 0.0203669
10 0.672684 0.868315 0.023178 0.0404043 0.0202246
10 0.979222 0.767803 0.0399336 0.327083 0.0199684
8 0.516269 0.791258 0.0301303 0.0324288 0.0195024
10 0.56988 0.759559 0.0245841 0.0511746 0.0191999
10 0.505698 0.786299 0.0225508 0.0482981 0.0190525
10 0.12654 0.516078 0.017868 0.0483039 0.0189657
10 0.455721 0.802648 0.0160761 0.0463223 0.0189155
8 0.636662 0.888906 0.0509531 0.0514088 0.0187559
10 0.756467 0.672446 0.0320109 0.0729485 0.0186577
6 0.733035 0.530871 0.0121005 0.0268814 0.0181639
10 0.490462 0.858186 0.0152259 0.032287 0.0171045
7 0.400838 0.702315 0.0106735 0.025114 0.0170043
10 0.74003 0.603736 0.0122247 0.0336629 0.0169846
10 0.292576 0.427235 0.0197084 0.0217919 0.016841
10 0.561528 0.862882 0.0233996 0.0528219 0.0167263
8 0.245482 0.944578 0.0240698 0.0322116 0.0151505
10 0.439613 0.931549 0.0227835 0.040903 0.0151008
2 0.415329 0.947283 0.0238228 0.0343133 0.0150652
10 0.293881 0.966063 0.0457269 0.0672414 0.0148939
10 0.712977 0.621581 0.0239425 0.0383131 0.0144302
