4 0.614918 0.504211 0.228353 0.263937 0.888541
10 0.452775 0.485236 0.0587429 0.249315 0.830559
4 0.730147 0.354118 0.0983332 0.11305 0.674287
4 0.855282 0.337914 0.0931639 0.121871 0.237603
3 0.179714 0.620834 0.358389 0.732156 0.237318
10 0.179895 0.691569 0.0830099 0.322072 0.234725
4 0.840003 0.34936 0.0559069 0.0749428 0.23314
10 0.191698 0.621364 0.0524432 0.177215 0.225217
4 0.642929 0.363356 0.0834814 0.0971941 0.224102
4 0.839649 0.342898 0.0596747 0.0864147 0.217716
10 0.202881 0.751257 0.146867 0.485726 0.205084
10 0.54038 0.431184 0.0460639 0.0785227 0.198483
10 0.178873 0.758377 0.102327 0.466363 0.194995
4 0.451765 0.288549 0.0748028 0.105115 0.192886
10 0.452128 0.408417 0.0560185 0.0922615 0.187436
4 0.359134 0.550642 0.0963977 0.16033 0.173263
3 0.198932 0.616606 0.399284 0.75295 0.151597
3 0.172964 0.497868 0.345325 0.991663 0.151462
10 0.0939285 0.715549 0.0948913 0.550237 0.143741
10 0.0717185 0.718862 0.138017 0.546405 0.139105
10 0.0935057 0.715872 0.0993262 0.551723 0.137134
3 0.262509 0.613143 0.52844 0.753115 0.131838
10 0.0732578 0.671121 0.142157 0.640103 0.13007
10 0.159834 0.721498 0.0485205 0.228061 0.124339
10 0.218566 0.760462 0.190398 0.47082 0.122856
4 0.433708 0.270104 0.119582 0.167171 0.121496
10 0.580769 0.320051 0.0622091 0.12509 0.121159
3 0.202653 0.544766 0.404006 0.589783 0.116604
10 0.228364 0.638049 0.20163 0.711091 0.11538
4 0.406438 0.279836 0.170256 0.19031 0.113844
10 0.156009 0.755392 0.0609029 0.304367 0.11188
3 0.276436 0.49928 0.552992 0.988285 0.11022
10 0.0723719 0.693116 0.140616 0.595767 0.104779
3 0.165104 0.553047 0.329077 0.548843 0.101437
10 0.989795 0.346367 0.020344 0.082511 0.0947525
4 0.406827 0.297409 0.162578 0.144624 0.0945269
10 0.0384025 0.955344 0.0605799 0.0788389 0.094259
10 0.805181 0.332735 0.0332097 0.105053 0.0900421
4 0.461186 0.269431 0.0551928 0.064443 0.0891156
10 0.152502 0.713706 0.0587783 0.395122 0.089066
10 0.287874 0.580074 0.100353 0.552906 0.0889435
3 0.106896 0.643965 0.210531 0.689762 0.087275
10 0.0412995 0.65416 0.082346 0.676091 0.0829966
10 0.0667883 0.718483 0.0888552 0.54621 0.0819279
10 0.217405 0.750602 0.0950811 0.480931 0.0816508
10 0.666293 0.367044 0.038999 0.0926287 0.0808975
10 0.0937038 0.757023 0.183928 0.47383 0.0808214
10 0.989292 0.294077 0.0221394 0.189969 0.0794738
10 0.163831 0.791365 0.126361 0.406 0.0781838
10 0.291136 0.582944 0.0863995 0.550759 0.0767803
10 0.0215055 0.718858 0.0429317 0.552155 0.0751382
10 0.151685 0.798118 0.0771002 0.386501 0.0738189
10 0.28466 0.627894 0.12009 0.667887 0.0722289
4 0.44666 0.297495 0.0733101 0.0965487 0.0720928
10 0.292438 0.5667 0.0806066 0.483876 0.071146
4 0.641929 0.354096 0.0539 0.0721202 0.070715
3 0.190586 0.503867 0.381987 0.978207 0.070034
10 0.0963964 0.714216 0.0958752 0.555295 0.0694978
10 0.161344 0.678162 0.0344173 0.124966 0.0692374
9 0.471586 0.50802 0.102661 0.201799 0.0682376
4 0.44869 0.256667 0.0981478 0.178935 0.0674303
10 0.281005 0.641821 0.107059 0.682798 0.0668291
3 0.393655 0.616069 0.79805 0.748778 0.0666612
10 0.0284901 0.706791 0.05669 0.574733 0.0662473
10 0.280895 0.641074 0.115916 0.697382 0.0657764
10 0.154667 0.6365 0.0429976 0.226394 0.065533
3 0.165777 0.489845 0.328851 0.41817 0.0655068
10 0.360847 0.6156 0.109321 0.333412 0.0650474
10 0.184471 0.662457 0.0700565 0.255803 0.0648609
10 0.984089 0.20292 0.0327794 0.391507 0.0629755
10 0.988201 0.271871 0.0240101 0.237302 0.0625149
10 0.0278479 0.813965 0.0556552 0.361766 0.0623971
10 0.302611 0.639358 0.0768933 0.342895 0.0598646
4 0.839172 0.36082 0.0497578 0.0419447 0.0595702
10 0.0669053 0.722655 0.075503 0.539421 0.059539
4 0.342938 0.551901 0.0659758 0.142316 0.0594488
10 0.0749614 0.791725 0.145681 0.405008 0.0594173
9 0.0502926 0.958186 0.0938991 0.0737868 0.0593001
10 0.456268 0.543037 0.0428257 0.137231 0.0588748
10 0.0929268 0.718174 0.184529 0.555527 0.058678
4 0.454997 0.300692 0.0536392 0.0746427 0.057751
10 0.0404812 0.818319 0.0811837 0.352174 0.0560293
10 0.0329476 0.694413 0.0658372 0.600055 0.0556261
10 0.263112 0.716293 0.300292 0.561657 0.0555391
9 0.09518 0.9592 0.185109 0.0734049 0.0554905
10 0.210033 0.798009 0.164386 0.403026 0.0554308
3 0.437167 0.497715 0.877375 0.989562 0.0548528
4 0.282279 0.382856 0.0879311 0.127947 0.0534678
9 0.453374 0.503853 0.0267859 0.0519506 0.0532959
10 0.150149 0.716084 0.0599625 0.388773 0.0532191
10 0.287864 0.59204 0.0929039 0.571059 0.0530396
10 0.196283 0.759297 0.0825292 0.464877 0.0529143
9 0.457998 0.507434 0.0555962 0.208034 0.0527962
3 0.397694 0.495978 0.793666 0.991334 0.0526617
4 0.982945 0.400669 0.0352798 0.178673 0.0524644
10 0.294221 0.573886 0.0766036 0.50144 0.0524558
3 0.364641 0.497317 0.730811 0.983162 0.0521828
10 0.229381 0.700555 0.103177 0.38335 0.0514899
10 0.451327 0.483629 0.0537643 0.239243 0.0513869
10 0.113559 0.731914 0.0858453 0.520164 0.0511516
10 0.795148 0.334318 0.0267806 0.103854 0.0511029
10 0.879709 0.362026 0.0491673 0.109584 0.0508075
10 0.986608 0.296032 0.0283611 0.174774 0.050256
10 0.989597 0.340497 0.0210304 0.0751438 0.0501893
3 0.411371 0.458828 0.827091 0.898401 0.0500344
4 0.407647 0.326982 0.158699 0.174705 0.0498754
3 0.310495 0.610073 0.62122 0.738427 0.0498147
10 0.581194 0.35 0.0875807 0.175785 0.0496585
10 0.227721 0.622604 0.0681145 0.284565 0.0495248
10 0.0426493 0.510329 0.0857212 0.951905 0.0494446
3 0.250071 0.517983 0.467487 0.935029 0.0486007
10 0.289713 0.565514 0.0820323 0.46914 0.0485862
10 0.29952 0.663432 0.0742624 0.293105 0.0472565
4 0.87987 0.369558 0.0433158 0.0928429 0.0469132
10 0.265994 0.5618 0.174827 0.513732 0.0463051
10 0.321864 0.548243 0.180911 0.549398 0.0462526
3 0.385597 0.483065 0.767989 0.93616 0.0456187
3 0.240579 0.727701 0.481654 0.577947 0.0455435
10 0.295637 0.614187 0.0736411 0.475337 0.0454417
10 0.28617 0.730902 0.126194 0.534761 0.0445843
10 0.0911112 0.657919 0.0829108 0.389391 0.0440394
10 0.534418 0.441635 0.0303425 0.0568663 0.0439096
4 0.98728 0.361834 0.0261247 0.277884 0.043867
4 0.511602 0.268464 0.0627237 0.0999879 0.0433571
3 0.0825092 0.589697 0.156852 0.485244 0.043347
10 0.458043 0.508123 0.0519491 0.208713 0.0430375
10 0.0267761 0.913535 0.0546419 0.165673 0.0428954
3 0.453592 0.563448 0.915046 0.859111 0.0426376
9 0.0785568 0.890666 0.152754 0.204221 0.0426327
9 0.122908 0.888539 0.243085 0.210629 0.0423517
10 0.334585 0.375559 0.0642626 0.129097 0.0422946
10 0.0666742 0.735122 0.126538 0.518504 0.042261
10 0.552276 0.425944 0.0248379 0.0553102 0.042002
10 0.119294 0.762578 0.0786251 0.46264 0.0416943
10 0.985235 0.283459 0.0303761 0.535175 0.0414638
4 0.359759 0.34229 0.238681 0.202975 0.0414155
3 0.870189 0.327101 0.18073 0.179636 0.0409653
10 0.314717 0.567161 0.179941 0.612292 0.0407281
3 0.353071 0.62816 0.709902 0.7322 0.0405847
10 0.283569 0.575516 0.111921 0.569881 0.0404785
4 0.447021 0.290057 0.060933 0.0770062 0.0404217
4 0.730241 0.356813 0.108086 0.129328 0.0404185
10 0.38633 0.626141 0.0789711 0.294344 0.0400421
3 0.370554 0.315227 0.285663 0.252354 0.0398856
4 0.563458 0.290108 0.0472828 0.0701859 0.0396888
4 0.513857 0.248701 0.0451399 0.0593196 0.0393871
4 0.456513 0.309667 0.0514448 0.0688615 0.0390009
10 0.301761 0.635386 0.0960208 0.377717 0.0386023
3 0.527487 0.343884 0.525716 0.668946 0.038413
10 0.673313 0.361416 0.0427743 0.111582 0.0381589
10 0.0299179 0.814968 0.0602846 0.372033 0.0380491
10 0.232136 0.742443 0.115012 0.409021 0.0376956
10 0.237348 0.622567 0.0642227 0.312701 0.0376412
3 0.966474 0.296487 0.0674246 0.573182 0.0375795
3 0.474288 0.286317 0.884666 0.567099 0.0374303
10 0.025123 0.906218 0.0512899 0.18049 0.0370882
10 0.303193 0.609778 0.182975 0.749057 0.0370407
4 0.634855 0.460687 0.112745 0.102915 0.0369323
10 0.203441 0.861784 0.17688 0.274842 0.036816
3 0.968416 0.397573 0.0628133 0.755414 0.036756
10 0.017337 0.713982 0.0342736 0.57407 0.0358766
9 0.475715 0.464858 0.101951 0.129491 0.0353237
10 0.281314 0.51049 0.161909 0.420722 0.0351022
10 0.786079 0.342884 0.0348338 0.10601 0.0349047
4 0.44961 0.335455 0.0790054 0.194099 0.0347952
10 0.229274 0.843589 0.212142 0.308371 0.0346588
10 0.0352586 0.956524 0.0447219 0.0762079 0.0344169
10 0.438403 0.459887 0.0377642 0.203871 0.0343871
3 0.542523 0.347309 0.689944 0.678823 0.0343125
4 0.982079 0.473546 0.0355217 0.336528 0.0339766
10 0.544547 0.509511 0.0739572 0.25188 0.0339339
3 0.416482 0.227871 0.247804 0.403389 0.0334741
10 0.813712 0.353363 0.0285264 0.0900302 0.0332454
10 0.0858917 0.83653 0.163625 0.325482 0.0330454
4 0.578716 0.448972 0.12339 0.14422 0.0326936
10 0.990237 0.169886 0.0194649 0.313984 0.0325429
10 0.454472 0.521961 0.0287118 0.0726135 0.0325375
4 0.36294 0.68741 0.10791 0.202403 0.0320687
10 0.451686 0.361411 0.0737635 0.181514 0.0319274
3 0.3715 0.460934 0.277538 0.665638 0.0317251
3 0.495121 0.393002 0.510148 0.549055 0.0315111
4 0.839025 0.365858 0.0516438 0.0459099 0.0309813
3 0.975014 0.496872 0.0495983 0.9553 0.0308702
10 0.197585 0.815659 0.0708462 0.346388 0.0307539
10 0.884488 0.354526 0.0207275 0.0343692 0.0304485
10 0.976162 0.500637 0.0472136 0.940585 0.0302181
2 0.986893 0.0905437 0.0272813 0.166043 0.0298458
10 0.450572 0.41556 0.0477878 0.164326 0.0297302
10 0.778431 0.339966 0.0257334 0.0692897 0.0296439
3 0.884624 0.37067 0.232357 0.527853 0.0296096
3 0.414437 0.343125 0.24692 0.354542 0.0295682
10 0.0379256 0.641721 0.0743933 0.452551 0.0294742
10 0.176198 0.785819 0.0689707 0.196902 0.0292928
9 0.200309 0.754344 0.401841 0.528192 0.0290948
10 0.0306368 0.854267 0.0624094 0.262546 0.0290698
10 0.46116 0.382274 0.0231905 0.0433491 0.0289423
10 0.238811 0.828997 0.0641837 0.322757 0.0288227
3 0.356549 0.506872 0.717642 0.977725 0.0281696
10 0.780991 0.367321 0.0264073 0.0863529 0.0278404
10 0.787837 0.347786 0.0371207 0.106168 0.0277553
3 0.55776 0.414238 0.81311 0.788814 0.0276237
3 0.408738 0.18961 0.295246 0.370331 0.0275751
4 0.54554 0.391777 0.0718073 0.0689763 0.0272512
10 0.30451 0.749071 0.0636823 0.239759 0.0272024
10 0.118911 0.809094 0.0590457 0.355754 0.0271732
9 0.503579 0.545179 0.166273 0.317804 0.027101
10 0.692155 0.360609 0.0459739 0.116168 0.0268307
10 0.52469 0.516541 0.054836 0.232382 0.0267951
10 0.234784 0.820379 0.220443 0.349641 0.0267219
4 0.984494 0.411482 0.0328608 0.124228 0.026066
4 0.383114 0.658019 0.725018 0.673204 0.0258276
10 0.470237 0.287457 0.0276812 0.0638149 0.0255996
10 0.15568 0.71414 0.0339236 0.108839 0.0253536
4 0.469081 0.260722 0.0374162 0.0439886 0.025207
10 0.0329162 0.452876 0.0667568 0.862217 0.0250377
4 0.354557 0.57339 0.0486194 0.0942701 0.0248821
4 0.8373 0.363616 0.0487404 0.0458715 0.0248502
10 0.784102 0.344375 0.0449821 0.108656 0.0247654
10 0.277203 0.727077 0.0433235 0.223553 0.0244225
10 0.237419 0.816381 0.0534448 0.181617 0.024309
3 0.213013 0.126535 0.451112 0.252809 0.0242687
10 0.3759 0.58612 0.428746 0.81108 0.0242212
10 0.13837 0.898595 0.0646959 0.16463 0.0241056
4 0.779953 0.356091 0.034793 0.0903982 0.0238601
10 0.201023 0.563837 0.0315427 0.0795878 0.0237396
4 0.823674 0.322206 0.0811895 0.133374 0.0236181
10 0.566603 0.495303 0.0986958 0.197406 0.0228415
10 0.171142 0.879577 0.0650327 0.126391 0.0228145
10 0.0929523 0.606651 0.0944843 0.184939 0.0227848
4 0.781219 0.376979 0.034741 0.0611034 0.022775
10 0.575869 0.437718 0.0637129 0.0968489 0.0227737
6 0.123597 0.823951 0.250621 0.336575 0.0227588
10 0.162794 0.924551 0.0708537 0.152832 0.0226478
10 0.645856 0.375337 0.0456266 0.0584902 0.0225983
10 0.146438 0.913059 0.0732217 0.17051 0.0220745
10 0.478545 0.349451 0.0382624 0.0816644 0.0220422
4 0.179981 0.777776 0.336654 0.434898 0.0217687
6 0.363926 0.765482 0.0809563 0.0763876 0.0216844
10 0.569159 0.460623 0.058898 0.125109 0.0215835
9 0.449497 0.425328 0.0464593 0.0522961 0.0214714
4 0.614415 0.499356 0.217678 0.264578 0.0214359
10 0.813238 0.439409 0.0266344 0.07109 0.0211989
10 0.469366 0.344321 0.0425373 0.0496319 0.0211148
10 0.298253 0.565431 0.107592 0.0824114 0.0210413
3 0.150921 0.161075 0.324915 0.331314 0.0210255
8 0.197362 0.773643 0.028859 0.0703861 0.0209363
10 0.476464 0.420397 0.0219904 0.047002 0.0207367
10 0.282261 0.464911 0.0812555 0.07943 0.0206943
10 0.796935 0.367753 0.0671778 0.115023 0.0206717
10 0.462453 0.30662 0.027824 0.0378611 0.0204686
10 0.131208 0.946411 0.0577163 0.0926716 0.0199758
10 0.806706 0.498394 0.0319792 0.0753968 0.0199119
10 0.760492 0.489353 0.026609 0.0673777 0.0199055
10 0.465408 0.559994 0.0191153 0.0283324 0.0198112
10 0.110447 0.969653 0.057468 0.0725058 0.0195526
10 0.497645 0.621532 0.0201239 0.0343599 0.0194102
10 0.811674 0.526103 0.0299485 0.0589802 0.0193356
10 0.11633 0.906753 0.0423745 0.147378 0.0193232
8 0.46804 0.580934 0.0314824 0.0294087 0.0192336
10 0.236625 0.885659 0.0490178 0.158951 0.0192082
10 0.706762 0.522766 0.0410549 0.0944656 0.0191806
10 0.861587 0.388016 0.0566872 0.0620613 0.0189046
10 0.119031 0.98319 0.055318 0.0608614 0.0187012
10 0.989193 0.526061 0.0181023 0.0487989 0.0185801
10 0.158358 0.963213 0.0688323 0.0668815 0.0185335
10 0.112133 0.965351 0.0426293 0.0611711 0.0185185
4 0.621755 0.497313 0.0353935 0.0440626 0.0184995
10 0.759057 0.493121 0.0215002 0.0504013 0.0183671
10 0.471513 0.606442 0.0483496 0.161193 0.0183129
8 0.563796 0.74133 0.0461621 0.0394305 0.0181654
8 0.466926 0.593099 0.0662829 0.0710953 0.018092
10 0.101693 0.893285 0.191608 0.172502 0.0179749
8 0.489396 0.63385 0.0343478 0.0517221 0.0177863
10 0.801118 0.527168 0.0262253 0.055938 0.0177426
6 0.119656 0.930316 0.238892 0.154803 0.0172321
10 0.106566 0.962119 0.0366325 0.0764685 0.0170588
10 0.496061 0.487323 0.0442157 0.0466961 0.0167497
7 0.69333 0.672574 0.0274427 0.041911 0.0167045
8 0.487411 0.764785 0.120471 0.0713895 0.0166829
10 0.526868 0.610644 0.0236804 0.0341605 0.0166732
0 0.516164 0.0862356 0.999988 0.148163 0.0166686
10 0.7244 0.416669 0.0413211 0.0313882 0.0166399
6 0.728575 0.791114 0.127442 0.136066 0.0166379
8 0.517363 0.0901662 0.999913 0.151436 0.0166224
10 0.677916 0.569447 0.0246281 0.0582824 0.0166006
10 0.705874 0.422625 0.041014 0.0325611 0.0165517
10 0.803001 0.521199 0.0228007 0.032152 0.0164963
10 0.718493 0.472857 0.0392822 0.0354044 0.0163168
10 0.542333 0.690575 0.024734 0.0256654 0.0160863
10 0.302539 0.943987 0.0520641 0.107884 0.0159585
6 0.601897 0.851725 0.217037 0.172981 0.0159513
10 0.76829 0.395453 0.043762 0.06232 0.0157268
8 0.76706 0.398689 0.0451742 0.0528576 0.0156956
11 0.415897 0.966033 0.123676 0.0580021 0.0155331
6 0.163845 0.905861 0.198355 0.184829 0.0155135
7 0.684019 0.66654 0.0380299 0.0414516 0.0154847
6 0.626534 0.722832 0.19697 0.112914 0.0153193
8 0.598733 0.606603 0.0730921 0.0719905 0.01504
8 0.832459 0.735641 0.063251 0.0558367 0.0147183
1 0.643613 0.691146 0.0891502 0.0910881 0.0140312
