6 0.431437 0.517512 0.128153 0.272378 0.881941
10 0.0961596 0.295072 0.0897652 0.23585 0.872531
6 0.309101 0.773571 0.140451 0.246184 0.863754
11 0.342955 0.46033 0.173636 0.306953 0.860164
11 0.465565 0.273786 0.151043 0.238702 0.856266
6 0.515415 0.334653 0.112824 0.24086 0.853943
10 0.497211 0.0930552 0.0573709 0.186211 0.845538
10 0.639568 0.337894 0.116147 0.45548 0.837369
11 0.770764 0.34912 0.176809 0.407882 0.832623
11 0.702083 0.63564 0.220152 0.353794 0.823576
11 0.0674974 0.525595 0.0988368 0.203509 0.811801
11 0.186784 0.751169 0.24333 0.454226 0.807916
6 0.128533 0.537516 0.0922241 0.247767 0.790624
2 0.762216 0.233014 0.0175755 0.0822975 0.78392
6 0.591405 0.626262 0.133759 0.357397 0.750918
11 0.278116 0.210555 0.0904865 0.244847 0.724158
10 0.873646 0.341538 0.111978 0.300075 0.641432
6 0.44084 0.916649 0.135591 0.167662 0.583296
7 0.740696 0.257066 0.0210462 0.0710673 0.532695
2 0.841763 0.268802 0.0161928 0.067189 0.477688
6 0.666376 0.150355 0.0489654 0.12087 0.440137
6 0.944571 0.941866 0.0712694 0.117368 0.425621
6 0.301969 0.347573 0.10741 0.203088 0.37765
6 0.624929 0.647549 0.186448 0.398202 0.361603
6 0.862664 0.570349 0.269562 0.863506 0.354508
11 0.605483 0.119307 0.0554244 0.0865253 0.348953
6 0.947022 0.819032 0.104096 0.361795 0.348944
10 0.565761 0.0966376 0.0333265 0.131662 0.331316
6 0.168831 0.600645 0.0902508 0.173712 0.327605
6 0.862634 0.565191 0.269409 0.872988 0.325522
7 0.235234 0.645895 0.0248259 0.0548401 0.317002
7 0.165235 0.826023 0.0253606 0.0525818 0.310151
10 0.36895 0.232199 0.130903 0.272897 0.302376
10 0.567848 0.145025 0.041186 0.23757 0.294997
7 0.268471 0.166726 0.014803 0.0452734 0.273137
7 0.669753 0.614811 0.0221759 0.0589524 0.271424
6 0.709561 0.377669 0.0952094 0.284979 0.270184
7 0.427574 0.230936 0.0170342 0.0375025 0.267185
7 0.80383 0.223129 0.0222104 0.0521327 0.263392
6 0.964745 0.818222 0.0693243 0.365287 0.259243
7 0.73798 0.620256 0.0217185 0.106469 0.251172
7 0.309936 0.41692 0.022515 0.0483443 0.244604
6 0.352073 0.919291 0.349008 0.161431 0.244069
11 0.593393 0.167837 0.0839629 0.191248 0.24394
6 0.90117 0.937813 0.18456 0.125126 0.242418
7 0.434116 0.23264 0.0168228 0.0371131 0.241836
7 0.73853 0.59177 0.020148 0.0494509 0.236611
7 0.193188 0.660996 0.0244038 0.0416961 0.233191
6 0.0912857 0.421647 0.0503305 0.0889832 0.225465
7 0.803965 0.212744 0.0217964 0.0332479 0.224673
6 0.107831 0.745367 0.0733566 0.150577 0.222932
6 0.985215 0.746932 0.0291458 0.232422 0.221698
2 0.593079 0.136002 0.016364 0.0660192 0.220379
7 0.773157 0.172028 0.0272622 0.0606507 0.218161
6 0.401184 0.92259 0.269357 0.155568 0.213647
7 0.740007 0.278107 0.0189978 0.0544461 0.212192
7 0.314936 0.39977 0.0351463 0.0806782 0.20829
6 0.953393 0.585643 0.0909468 0.829018 0.208019
6 0.240237 0.925061 0.185011 0.150493 0.20755
7 0.159004 0.868307 0.032845 0.0784336 0.206356
7 0.121936 0.825203 0.0258597 0.038734 0.205529
6 0.981841 0.776735 0.0361964 0.286315 0.205038
6 0.894152 0.728912 0.206706 0.549268 0.202617
6 0.666743 0.164494 0.0466818 0.134497 0.20144
7 0.805807 0.227204 0.0187418 0.058176 0.201236
7 0.126035 0.795692 0.035832 0.0936219 0.195254
6 0.318594 0.306775 0.0737409 0.126136 0.194585
6 0.938114 0.899133 0.120011 0.201069 0.194099
6 0.934921 0.941235 0.0898598 0.11774 0.19321
6 0.963765 0.615682 0.0707104 0.764063 0.19247
11 0.0284582 0.535959 0.0558978 0.253309 0.18825
6 0.240382 0.951555 0.181841 0.0973817 0.186051
6 0.00562333 0.24394 0.0120277 0.118895 0.182821
7 0.485157 0.209255 0.0146759 0.03741 0.180935
6 0.844685 0.763693 0.244328 0.475599 0.180185
6 0.0179481 0.505139 0.0362162 0.30346 0.175515
7 0.854212 0.287585 0.020407 0.0364256 0.173461
6 0.709629 0.426669 0.0890167 0.185229 0.172904
6 0.0151542 0.725502 0.0294272 0.218348 0.172569
6 0.00762144 0.521145 0.0165757 0.273699 0.17254
6 0.111471 0.527127 0.0649029 0.223927 0.171281
2 0.838785 0.249796 0.0203413 0.108325 0.171201
2 0.464119 0.145488 0.0130154 0.0487323 0.168827
6 0.145135 0.550912 0.133963 0.269715 0.164254
6 0.989532 0.699539 0.0202381 0.128266 0.164049
7 0.75654 0.640237 0.0324657 0.0989952 0.163551
2 0.838101 0.226224 0.0203924 0.0653761 0.163479
11 0.138188 0.278881 0.0893759 0.190359 0.163117
6 0.00656721 0.554051 0.014205 0.210495 0.162126
6 0.00888495 0.456879 0.0179662 0.131958 0.160869
10 0.0183076 0.803483 0.0369065 0.391936 0.159903
6 0.132114 0.501575 0.0697711 0.17805 0.159799
10 0.0143673 0.451114 0.0298423 0.410209 0.159569
11 0.587379 0.204817 0.091502 0.303446 0.15909
10 0.85708 0.411514 0.146388 0.444232 0.158209
6 0.00814267 0.502817 0.0170746 0.219588 0.153724
7 0.769556 0.172207 0.0184571 0.0505001 0.153056
2 0.485677 0.22291 0.0208974 0.0617476 0.150487
7 0.740233 0.27084 0.0184542 0.0654476 0.149478
6 0.317776 0.334325 0.077379 0.174225 0.14932
10 0.103632 0.0794648 0.0141771 0.028216 0.149206
6 0.261046 0.280159 0.0659301 0.123492 0.148984
10 0.0152256 0.781241 0.0316068 0.435502 0.148107
7 0.06685 0.524659 0.015226 0.0373052 0.147982
6 0.321768 0.221139 0.166203 0.257447 0.147812
10 0.0197201 0.614807 0.0392682 0.459219 0.14757
7 0.16466 0.843535 0.0266376 0.084223 0.146726
6 0.464467 0.0982079 0.0302889 0.145942 0.14534
10 0.717665 0.182729 0.0765439 0.10199 0.143424
6 0.126964 0.531063 0.0839586 0.235798 0.143326
6 0.933999 0.244865 0.0417475 0.127852 0.143292
6 0.00786478 0.533587 0.0171834 0.240023 0.142927
7 0.743544 0.245516 0.0183201 0.0719072 0.142339
7 0.772962 0.182409 0.021742 0.036138 0.138607
10 0.71571 0.205015 0.0800211 0.0574116 0.138378
10 0.578706 0.178839 0.0699629 0.307808 0.138327
6 0.00574026 0.287232 0.0113618 0.084923 0.137828
6 0.935575 0.293139 0.0475639 0.224455 0.137555
10 0.00710623 0.357302 0.0148658 0.227108 0.137165
11 0.624049 0.168806 0.131491 0.161402 0.136716
7 0.834813 0.29341 0.0209716 0.0526645 0.136457
7 0.744575 0.249228 0.0155859 0.0592814 0.136098
6 0.866424 0.62164 0.259726 0.76813 0.135743
10 0.00659838 0.411999 0.0135578 0.164045 0.135318
6 0.289767 0.378379 0.0836577 0.145602 0.134145
7 0.742814 0.248475 0.0169667 0.0604562 0.131676
4 0.121602 0.0726146 0.0866264 0.122628 0.130035
6 0.280166 0.277508 0.0873133 0.146422 0.129116
6 0.0662867 0.580275 0.104541 0.316931 0.12906
6 0.00581838 0.260599 0.0132671 0.142119 0.128438
11 0.277671 0.169862 0.0791343 0.141568 0.128433
7 0.164761 0.848246 0.0268133 0.0953777 0.128399
7 0.745386 0.167417 0.0192731 0.0605628 0.128208
6 0.847263 0.684974 0.220476 0.655443 0.1277
7 0.572434 0.155789 0.0165093 0.0450585 0.127475
11 0.580944 0.189932 0.0576393 0.155081 0.126423
6 0.428056 0.918868 0.170792 0.164744 0.12616
7 0.83503 0.287259 0.0196383 0.059703 0.125057
6 0.121748 0.787196 0.0996504 0.24398 0.124629
6 0.0065052 0.450464 0.0134913 0.126798 0.123933
2 0.829524 0.235073 0.0167982 0.0451864 0.123831
6 0.172105 0.659997 0.101555 0.279299 0.120566
6 0.944859 0.69237 0.108517 0.62246 0.119967
7 0.0304542 0.523644 0.0308941 0.0784626 0.119325
7 0.797576 0.212367 0.0117784 0.0301799 0.118655
7 0.650546 0.573262 0.0434716 0.102563 0.116645
6 0.985335 0.943731 0.0289467 0.1132 0.115691
7 0.268309 0.203338 0.0263239 0.0329999 0.11397
7 0.119893 0.807613 0.0218167 0.0621523 0.113956
10 0.736394 0.182606 0.111033 0.100575 0.113887
6 0.728512 0.171675 0.0447813 0.0802024 0.113676
6 0.309487 0.464914 0.113255 0.282482 0.113477
6 0.665796 0.111338 0.0468075 0.0629125 0.112032
11 0.499881 0.964771 0.0669937 0.072156 0.111546
2 0.108318 0.215162 0.0251482 0.0594762 0.111075
6 0.39264 0.959369 0.258241 0.0793276 0.11093
6 0.106204 0.725065 0.068142 0.10901 0.110443
7 0.434127 0.212509 0.0309341 0.0699813 0.109512
6 0.869842 0.565619 0.255161 0.874319 0.108768
11 0.061586 0.618565 0.119487 0.407319 0.107625
6 0.0576148 0.452331 0.112766 0.407289 0.10741
7 0.0844157 0.488329 0.022298 0.0546414 0.10615
11 0.580589 0.152946 0.039476 0.0840826 0.106143
7 0.12519 0.826934 0.0195347 0.0348078 0.105814
7 0.103123 0.236933 0.0132498 0.0292868 0.105798
6 0.515945 0.331956 0.108321 0.239297 0.105704
7 0.196251 0.634672 0.0366453 0.0936241 0.104592
7 0.774258 0.167942 0.0224318 0.0406065 0.103034
6 0.102359 0.487781 0.0413796 0.112098 0.102297
7 0.0560835 0.549021 0.0277154 0.050709 0.10213
6 0.156007 0.309542 0.0544737 0.125943 0.100644
7 0.26085 0.169586 0.0165915 0.0301993 0.100284
7 0.830875 0.242498 0.0227896 0.0587087 0.100079
6 0.748702 0.177698 0.0804348 0.0835869 0.0995008
7 0.794233 0.239266 0.0318731 0.0479708 0.0992552
2 0.59382 0.141641 0.0138092 0.0586947 0.0976798
6 0.860478 0.774977 0.268742 0.460619 0.0976179
10 0.00706579 0.677694 0.0140096 0.103338 0.0961387
10 0.599129 0.0132528 0.0130434 0.0264278 0.0935903
2 0.256282 0.191698 0.0197393 0.0559747 0.0934951
6 0.347366 0.355042 0.183409 0.523721 0.0924148
7 0.0572904 0.531265 0.0193975 0.0360005 0.0907984
10 0.118243 0.0702837 0.0161382 0.0322996 0.0901043
6 0.763527 0.556986 0.369783 0.854794 0.0896226
6 0.712075 0.179561 0.0999582 0.143279 0.0878095
6 0.409204 0.954428 0.210017 0.0874561 0.0870836
6 0.0891057 0.47382 0.0511627 0.093031 0.0866683
7 0.0728514 0.478621 0.0274402 0.0443487 0.0864898
6 0.287849 0.303484 0.0766532 0.150805 0.086141
6 0.86419 0.814111 0.27441 0.383026 0.0852968
2 0.759764 0.23321 0.0165117 0.0772635 0.0851252
7 0.23759 0.671564 0.0293587 0.0985188 0.0851079
6 0.230702 0.904444 0.0651415 0.111123 0.0840633
7 0.316342 0.388227 0.032707 0.0664667 0.083912
7 0.418206 0.4148 0.0206975 0.0372365 0.0834694
10 0.875589 0.270412 0.10572 0.15609 0.0821731
6 0.827515 0.902981 0.214891 0.201402 0.081713
10 0.0772392 0.229022 0.0435323 0.10365 0.0816578
11 0.59309 0.16232 0.0685591 0.156593 0.0801414
11 0.273174 0.244826 0.0795442 0.189419 0.0790598
10 0.15668 0.0253191 0.017791 0.0405942 0.0787869
2 0.838481 0.275144 0.0217123 0.0824865 0.0763245
7 0.771828 0.158751 0.0206845 0.0350583 0.0762689
6 0.311296 0.525042 0.088365 0.167618 0.0758931
6 0.870809 0.802547 0.211132 0.398263 0.0749257
7 0.122396 0.821566 0.0244615 0.0560486 0.0743123
7 0.740629 0.273536 0.0172954 0.058862 0.0740923
7 0.425141 0.229828 0.0139648 0.0349057 0.0740851
7 0.765283 0.201108 0.0150351 0.0339565 0.0735726
7 0.438303 0.202594 0.02133 0.0495375 0.0732239
2 0.760856 0.24789 0.0164792 0.0487371 0.0717051
6 0.392522 0.415972 0.278979 0.421514 0.0714952
6 0.674438 0.171586 0.0251379 0.103665 0.0713398
2 0.270261 0.15891 0.0115071 0.0316034 0.0703521
6 0.441355 0.926486 0.108323 0.151011 0.0694902
11 0.779204 0.182504 0.164572 0.113949 0.069284
11 0.705445 0.613582 0.0482061 0.091865 0.0687414
7 0.312625 0.423757 0.0195112 0.0337391 0.0667403
7 0.766672 0.192948 0.036256 0.0370389 0.0663092
7 0.056255 0.540814 0.0271952 0.0649286 0.0656589
6 0.81057 0.823788 0.165882 0.308604 0.0654424
7 0.303355 0.409481 0.0158192 0.0485175 0.0652235
7 0.166624 0.852183 0.0198563 0.057663 0.0644305
7 0.239285 0.649366 0.0161673 0.0454207 0.0644165
7 0.068931 0.526199 0.0126395 0.0355961 0.0640117
11 0.599898 0.104346 0.0233892 0.0358057 0.0633996
11 0.222008 0.663261 0.164603 0.262075 0.0633804
7 0.316514 0.392503 0.0303033 0.063623 0.0631007
7 0.160515 0.864473 0.0280106 0.0600601 0.0629837
7 0.752688 0.18483 0.0131266 0.0315278 0.0624341
7 0.807603 0.220236 0.0168279 0.0292264 0.06198
6 0.31754 0.316556 0.0732559 0.13296 0.0614667
7 0.794861 0.233698 0.0178603 0.0296963 0.0602286
6 0.833679 0.807839 0.182926 0.284432 0.0587248
11 0.0595123 0.528361 0.0615867 0.149413 0.05747
7 0.769086 0.181671 0.0360763 0.0782109 0.0539348
11 0.606916 0.112174 0.0506699 0.0600767 0.053895
7 0.156979 0.888113 0.0301814 0.0430368 0.0533477
2 0.751132 0.243942 0.0115037 0.064471 0.0527936
7 0.855731 0.28846 0.017475 0.0310871 0.0527897
7 0.311606 0.427668 0.0187325 0.0310462 0.0520937
6 0.669584 0.473726 0.0439415 0.0842616 0.0516388
7 0.311288 0.426692 0.0203147 0.0319971 0.051439
6 0.11778 0.543686 0.046694 0.138724 0.0506203
6 0.85849 0.902649 0.259179 0.21493 0.0500095
7 0.192859 0.662119 0.0231137 0.037817 0.0499073
7 0.793764 0.196357 0.0189901 0.0607591 0.0494891
2 0.830617 0.274462 0.0149549 0.046226 0.0494168
6 0.545001 0.354145 0.040748 0.113769 0.0492701
2 0.742357 0.163606 0.0146113 0.0643272 0.0488209
10 0.523766 0.164655 0.11899 0.339168 0.047384
7 0.120785 0.823405 0.0242012 0.0445257 0.0464928
6 0.0449936 0.542646 0.0604558 0.129663 0.0460131
7 0.309569 0.454895 0.0339234 0.158036 0.045611
7 0.235581 0.648586 0.0199272 0.0402718 0.0454277
6 0.193982 0.826632 0.226653 0.324257 0.0450154
6 0.737553 0.464708 0.147867 0.149156 0.0449419
7 0.104231 0.238998 0.014794 0.0313069 0.0445757
7 0.729714 0.581878 0.0134064 0.0363434 0.0444701
6 0.445154 0.178694 0.478795 0.351254 0.044209
2 0.848488 0.275421 0.0120823 0.0530814 0.0435463
6 0.844793 0.462011 0.175449 0.548078 0.043203
7 0.737717 0.605234 0.0147416 0.0331992 0.0425563
7 0.7621 0.619468 0.0238888 0.069563 0.0423178
7 0.7332 0.594607 0.0128799 0.0364689 0.0413022
2 0.832263 0.251679 0.0180593 0.0718732 0.0411308
11 0.0774252 0.507738 0.0670488 0.146277 0.0411103
6 0.235066 0.758893 0.133483 0.353405 0.039453
6 0.248309 0.949601 0.118586 0.123772 0.0393021
7 0.157732 0.876509 0.0340681 0.0662968 0.0386382
7 0.270668 0.197545 0.0233125 0.0264658 0.0369354
7 0.434915 0.204818 0.0258719 0.0510617 0.0362119
7 0.74275 0.639755 0.0195295 0.0411076 0.0357119
2 0.573717 0.167015 0.0117399 0.0330657 0.035064
6 0.698293 0.722694 0.233262 0.532637 0.0345894
7 0.735453 0.650989 0.017543 0.0536295 0.0340065
7 0.160217 0.885823 0.0222138 0.0390374 0.0331938
7 0.157535 0.831709 0.0146924 0.0316626 0.0328803
7 0.430591 0.260767 0.0233557 0.0439639 0.0322953
6 0.250225 0.576988 0.0734229 0.0926447 0.0321633
7 0.654951 0.590349 0.0353685 0.0593561 0.0318548
7 0.160643 0.885007 0.0221765 0.0379336 0.0306874
11 0.779309 0.342933 0.164061 0.102028 0.0305196
7 0.745569 0.616964 0.0120943 0.0238131 0.030319
6 0.788663 0.222804 0.149143 0.170932 0.0301608
6 0.188822 0.926681 0.114867 0.145009 0.0298251
7 0.656656 0.557806 0.0243981 0.0427343 0.0291308
6 0.587589 0.807708 0.137434 0.184644 0.0287347
6 0.0797565 0.555009 0.0373603 0.0658931 0.0281273
2 0.842367 0.216581 0.0120028 0.0375928 0.0280038
6 0.0988423 0.462774 0.0346158 0.0512596 0.0274816
6 0.277973 0.810954 0.0476609 0.0692505 0.0265732
7 0.759103 0.636014 0.0266357 0.0929477 0.0245953
7 0.199915 0.710007 0.0452607 0.0718645 0.023727
7 0.219703 0.598435 0.0119328 0.033815 0.023065
6 0.290084 0.45897 0.0437853 0.0343754 0.022789
6 0.152136 0.783212 0.0860852 0.103767 0.0218217
6 0.337405 0.583695 0.0215002 0.0348457 0.0216674
6 0.245919 0.692153 0.0695333 0.0559635 0.0210125
10 0.203138 0.845973 0.027716 0.0413454 0.0165219
