10 0.504618 0.649137 0.0452392 0.228823 0.873615
10 0.860781 0.540651 0.0309551 0.15209 0.864765
10 0.900824 0.692989 0.0520966 0.23441 0.85659
10 0.840648 0.536527 0.0253984 0.144665 0.846199
10 0.564261 0.647262 0.04057 0.236993 0.825201
10 0.889457 0.548657 0.0293148 0.146031 0.817695
0 0.634871 0.573207 0.0578725 0.119833 0.772911
10 0.544932 0.622392 0.0369373 0.176379 0.63889
6 0.260593 0.676397 0.0402363 0.137457 0.31415
6 0.290062 0.673798 0.0401264 0.114451 0.306393
10 0.565178 0.957709 0.0719323 0.0846441 0.293022
0 0.734565 0.496423 0.0273163 0.080164 0.290856
10 0.190316 0.636678 0.0593517 0.248137 0.274765
10 0.152039 0.722033 0.0570127 0.252692 0.268478
10 0.203565 0.632254 0.0526379 0.250203 0.234178
6 0.0325997 0.927033 0.065982 0.146893 0.216065
10 0.198237 0.635737 0.0468406 0.245211 0.206072
10 0.150534 0.692799 0.0587702 0.314668 0.198214
10 0.227368 0.609598 0.0388539 0.204344 0.190778
10 0.145013 0.586658 0.0330405 0.101082 0.189331
6 0.0299253 0.956456 0.0608426 0.0878267 0.187642
10 0.510464 0.95746 0.188293 0.0839727 0.184548
0 0.646298 0.572891 0.0338129 0.0849818 0.183446
10 0.144675 0.641256 0.0372555 0.212011 0.183385
10 0.429422 0.592529 0.0238093 0.112766 0.179751
10 0.146289 0.717002 0.0420155 0.255894 0.178474
0 0.642857 0.568087 0.0408524 0.0978181 0.170268
10 0.147148 0.748318 0.0472085 0.198412 0.160869
10 0.228247 0.62355 0.0440562 0.242117 0.159321
10 0.156465 0.754156 0.0530005 0.155973 0.158412
10 0.551146 0.609186 0.0491156 0.204585 0.157768
10 0.220999 0.629686 0.0386862 0.234089 0.155042
10 0.256112 0.564804 0.0319561 0.113177 0.147362
6 0.0426548 0.901462 0.0859961 0.198803 0.144139
4 0.950455 0.937695 0.0984959 0.108403 0.143119
10 0.144418 0.716562 0.0389999 0.245116 0.139503
6 0.0199479 0.962416 0.0408957 0.0764936 0.137269
10 0.165972 0.752368 0.0356611 0.136724 0.131877
6 0.0223505 0.934532 0.0449591 0.131167 0.131868
11 0.225933 0.662674 0.0235844 0.0367951 0.126549
11 0.194546 0.644978 0.0374646 0.102774 0.125994
10 0.531928 0.958425 0.226583 0.0836407 0.125835
11 0.19672 0.67465 0.0469808 0.164198 0.124236
11 0.272746 0.684497 0.0759411 0.158022 0.12267
6 0.0164701 0.924552 0.0332763 0.152148 0.120606
6 0.227023 0.659138 0.0367073 0.132752 0.119939
11 0.40651 0.667156 0.0605229 0.0995687 0.119219
6 0.386211 0.740328 0.034165 0.130504 0.113517
10 0.459361 0.589048 0.0306983 0.128725 0.113356
10 0.172116 0.640755 0.0332817 0.225142 0.113336
0 0.739017 0.495492 0.0176512 0.0684691 0.112179
6 0.266825 0.705072 0.0736964 0.20358 0.110023
10 0.201875 0.555148 0.0371007 0.102167 0.109665
6 0.352498 0.788315 0.0562152 0.16102 0.109038
10 0.17897 0.609908 0.0438237 0.173097 0.107543
10 0.41586 0.595795 0.0449536 0.118976 0.107461
11 0.290172 0.69392 0.0402155 0.068559 0.107166
6 0.351782 0.765039 0.0589175 0.205761 0.106417
11 0.227555 0.689474 0.0297961 0.0963785 0.104519
6 0.228533 0.672992 0.0390343 0.15572 0.101921
11 0.258156 0.636011 0.039106 0.0621234 0.100203
6 0.965996 0.682315 0.0278543 0.0908675 0.0991408
6 0.0558404 0.961548 0.11346 0.0773655 0.0962456
10 0.256813 0.618265 0.038129 0.223673 0.0958309
6 0.228934 0.664909 0.0425821 0.147687 0.0944505
10 0.142271 0.682984 0.0301489 0.109294 0.0931362
10 0.155778 0.731517 0.0517766 0.212256 0.0927143
10 0.162644 0.611865 0.036132 0.161056 0.0918141
11 0.221775 0.674512 0.11713 0.164209 0.0876121
0 0.736148 0.506633 0.0197487 0.0539727 0.0870291
6 0.0305359 0.860697 0.0619422 0.280672 0.0869995
10 0.168602 0.623188 0.0352697 0.199423 0.0867884
6 0.289764 0.657482 0.0332425 0.0747091 0.0864812
10 0.171406 0.583524 0.0298632 0.111037 0.0858735
0 0.647307 0.58957 0.0204416 0.0460311 0.0857258
11 0.363475 0.726265 0.0778615 0.161621 0.0821179
10 0.389149 0.589456 0.0260928 0.0926434 0.0811066
10 0.397173 0.588165 0.0199737 0.0873531 0.0811046
10 0.858123 0.540589 0.0298229 0.149855 0.0806081
7 0.385844 0.704711 0.0287732 0.0552004 0.0791709
10 0.841026 0.53514 0.0213797 0.141185 0.0785598
10 0.185839 0.553845 0.0631417 0.107978 0.0781071
10 0.167185 0.753607 0.0321758 0.135343 0.076711
6 0.036537 0.974763 0.0745027 0.0503162 0.076197
10 0.554261 0.615543 0.0591182 0.19123 0.0760314
11 0.355507 0.684155 0.051293 0.0790055 0.0757993
0 0.632342 0.545408 0.060956 0.16737 0.0756774
10 0.141318 0.631272 0.0248775 0.0735536 0.0752537
10 0.170256 0.566035 0.0268411 0.0689863 0.0734006
10 0.40813 0.591677 0.0300375 0.107848 0.0730741
10 0.869645 0.379555 0.00960407 0.0436279 0.0725485
6 0.229854 0.680572 0.0518413 0.171841 0.0721616
10 0.407147 0.629379 0.058825 0.173021 0.071029
10 0.314142 0.788684 0.0584459 0.145674 0.0703268
2 0.127595 0.0153962 0.0614929 0.0312322 0.0691696
11 0.352535 0.760426 0.0724751 0.221696 0.0690709
10 0.866686 0.540095 0.0407114 0.149021 0.0684822
10 0.430892 0.572249 0.0164188 0.0682437 0.0681059
10 0.395022 0.587783 0.0190097 0.08395 0.0663534
7 0.204946 0.0198373 0.0353345 0.0409675 0.0663498
10 0.848622 0.538621 0.0216078 0.146469 0.0656946
0 0.739118 0.508264 0.0157663 0.0484435 0.0650442
7 0.2052 0.0196494 0.0285205 0.0409508 0.064582
10 0.845679 0.536742 0.018409 0.145223 0.0643591
11 0.221075 0.63351 0.0317255 0.0862048 0.0643079
7 0.050316 0.0459563 0.0602583 0.0921253 0.0640787
3 0.0209184 0.716713 0.0418853 0.570119 0.0632192
10 0.232828 0.526914 0.02434 0.0564412 0.0629113
6 0.387561 0.714401 0.0409835 0.177464 0.062552
10 0.196932 0.709897 0.050529 0.102915 0.0619292
10 0.870223 0.537226 0.0188765 0.151966 0.0614208
3 0.023254 0.614032 0.0469075 0.778876 0.0609679
10 0.985935 0.785329 0.0285946 0.417197 0.0605702
10 0.576596 0.958147 0.0405025 0.0848767 0.0601626
10 0.865058 0.481281 0.0146034 0.0323872 0.0596611
10 0.226802 0.555623 0.0331608 0.102556 0.0588955
11 0.19557 0.623281 0.0341116 0.0546778 0.0587129
10 0.540128 0.668196 0.0282827 0.0844709 0.058562
6 0.263682 0.705896 0.0326632 0.0671802 0.0583141
10 0.135808 0.592213 0.0185224 0.0981799 0.0578759
0 0.843588 0.394142 0.0125036 0.0340956 0.0577245
10 0.89174 0.546697 0.0245218 0.140615 0.0572932
11 0.0216054 0.98575 0.0445331 0.0294646 0.0572693
10 0.844793 0.534349 0.015155 0.145175 0.0571691
11 0.357628 0.726255 0.0786144 0.15447 0.0559515
2 0.00744321 0.902519 0.0162659 0.185184 0.0557797
10 0.84836 0.54028 0.0149357 0.143403 0.0547831
10 0.221298 0.636812 0.0368349 0.226443 0.0547639
4 0.950693 0.792253 0.09856 0.406352 0.0546972
10 0.538221 0.668603 0.0211716 0.0778765 0.0545147
10 0.552478 0.61761 0.0584057 0.184227 0.0533832
10 0.954922 0.402207 0.0155642 0.0736081 0.053316
6 0.264771 0.712273 0.0299825 0.0508317 0.0531569
10 0.353438 0.6974 0.0223619 0.0601528 0.0528519
10 0.248504 0.588705 0.0184835 0.0651793 0.0526596
10 0.876216 0.544746 0.0203955 0.150932 0.052412
3 0.0252892 0.712381 0.0498707 0.585644 0.0523338
6 0.42798 0.622701 0.0255238 0.0633816 0.0518189
10 0.142875 0.670718 0.0294196 0.0970382 0.0517602
11 0.0154944 0.853434 0.0326877 0.297247 0.0515484
6 0.0102391 0.983469 0.0211826 0.0326757 0.0510666
10 0.499817 0.648326 0.0413328 0.214381 0.0509707
10 0.406606 0.592548 0.0272315 0.104587 0.0508293
0 0.628516 0.572435 0.0674482 0.130972 0.0505086
6 0.402991 0.689293 0.0348437 0.055351 0.0502686
6 0.456897 0.600951 0.0234255 0.105161 0.0501462
0 0.485563 0.614096 0.0139058 0.0639254 0.0498686
10 0.00990338 0.859315 0.0214952 0.278615 0.0497527
10 0.577124 0.960219 0.325577 0.0787252 0.0495595
6 0.258181 0.675721 0.0312406 0.118782 0.0493969
6 0.144178 0.7905 0.0484711 0.124344 0.0493395
10 0.167775 0.728132 0.0293357 0.0755624 0.0492496
10 0.146072 0.558847 0.0210138 0.0456353 0.0486068
10 0.31156 0.782665 0.0604514 0.163461 0.0483748
10 0.565453 0.648513 0.0380572 0.223377 0.0482913
10 0.899886 0.691591 0.0489359 0.231094 0.0480904
0 0.638301 0.53303 0.0311687 0.0580008 0.0476227
8 0.895373 0.499229 0.0159241 0.0441432 0.0476066
10 0.982376 0.748924 0.0346193 0.319387 0.0474173
10 0.976366 0.649962 0.0459562 0.623472 0.0470177
10 0.164902 0.563505 0.0250713 0.0779331 0.0469135
10 0.116137 0.57258 0.0280786 0.149453 0.0467025
6 0.26085 0.700948 0.0296725 0.0758964 0.0462135
10 0.196092 0.51773 0.0327181 0.0396833 0.0454932
10 0.993145 0.444839 0.0138268 0.13829 0.0454502
6 0.359604 0.763343 0.0796983 0.215894 0.0447722
10 0.553454 0.621982 0.023772 0.163401 0.0447609
4 0.854182 0.453294 0.0199314 0.0180766 0.0443252
3 0.0205432 0.574874 0.0421099 0.856665 0.0439559
3 0.510575 0.672078 0.999984 0.623029 0.0435613
10 0.20204 0.560098 0.0368561 0.0994705 0.043041
11 0.260221 0.644885 0.0244742 0.0410854 0.0428156
6 0.963564 0.722059 0.0325987 0.171741 0.0427372
10 0.139599 0.690039 0.0284064 0.117132 0.0420939
10 0.990714 0.603872 0.0195419 0.523643 0.0420219
10 0.507275 0.611304 0.045822 0.119966 0.0418504
10 0.992287 0.642785 0.0168774 0.591614 0.041831
10 0.878882 0.518057 0.0203001 0.0674929 0.0418267
6 0.316998 0.687014 0.0163267 0.0367375 0.0417579
10 0.143146 0.554101 0.0195271 0.0373103 0.0416365
10 0.260784 0.551606 0.0194786 0.0814054 0.0410751
7 0.270327 0.272956 0.0475271 0.0378114 0.0408208
10 0.331335 0.713206 0.0202296 0.0762795 0.0407647
10 0.429594 0.569619 0.0157712 0.0622164 0.0406366
11 0.217267 0.678077 0.179402 0.186234 0.0403009
10 0.990138 0.609827 0.0208258 0.524651 0.0400777
10 0.113094 0.681312 0.0483513 0.346663 0.0397972
10 0.337363 0.70581 0.0150073 0.0516387 0.0397523
10 0.83051 0.568526 0.0105757 0.0955032 0.039326
6 0.353213 0.769638 0.0547389 0.1898 0.0389243
10 0.297307 0.633569 0.0330328 0.100446 0.0387032
10 0.877121 0.512693 0.029331 0.0717283 0.0386563
10 0.549816 0.549682 0.0304627 0.0789485 0.0386421
3 0.0995825 0.593325 0.200959 0.822095 0.0384473
10 0.290348 0.663522 0.0312951 0.0824303 0.0383023
10 0.230524 0.558214 0.0289803 0.0675959 0.0381297
6 0.950281 0.940101 0.0977966 0.111189 0.037893
6 0.293806 0.727629 0.0429554 0.159045 0.0378642
6 0.269763 0.702085 0.019579 0.0663346 0.0378306
3 0.0213985 0.694661 0.0430266 0.625904 0.0375972
10 0.566856 0.971347 0.0609952 0.0529035 0.036971
10 0.987541 0.797532 0.0254986 0.387616 0.0363193
6 0.957986 0.793433 0.0858801 0.405305 0.0357765
10 0.137399 0.579226 0.0155273 0.0502971 0.0357119
10 0.841379 0.506148 0.0144413 0.047113 0.035708
10 0.844659 0.478194 0.0116999 0.0281032 0.0355907
10 0.507049 0.963205 0.170011 0.0727418 0.0355892
10 0.241571 0.529239 0.0163202 0.0541666 0.0355846
10 0.348278 0.69887 0.0156511 0.0563939 0.0355583
10 0.852532 0.503765 0.0159859 0.0760592 0.0354846
10 0.457497 0.556314 0.0235751 0.0671402 0.0352058
7 0.374298 0.684453 0.0167972 0.0621475 0.0351154
6 0.407873 0.701597 0.0697781 0.184302 0.0350288
10 0.155632 0.552437 0.0144706 0.0370064 0.0345127
10 0.171607 0.639407 0.0216807 0.0858834 0.0343935
10 0.721413 0.503765 0.0101785 0.0696462 0.0343057
10 0.178754 0.531442 0.0263342 0.0441023 0.0341732
2 0.299107 0.664861 0.0202897 0.0614235 0.0341349
10 0.202528 0.519232 0.019875 0.0327809 0.0341012
10 0.316927 0.743337 0.0311721 0.0666169 0.0337217
10 0.864642 0.478787 0.00864906 0.0241901 0.0335269
2 0.10674 0.0151166 0.114064 0.0303751 0.0332446
10 0.550884 0.577552 0.0194942 0.0730978 0.0331114
10 0.845247 0.479402 0.0107855 0.0293777 0.0330696
7 0.277586 0.259982 0.0247392 0.0479657 0.0328265
10 0.158383 0.54587 0.0199355 0.0514745 0.032778
10 0.526003 0.64862 0.0233401 0.191059 0.0327671
10 0.216181 0.575128 0.0196365 0.0660892 0.0327427
7 0.384329 0.706427 0.0289579 0.0788382 0.0325272
4 0.878362 0.349943 0.0305824 0.0458082 0.0321928
7 0.969312 0.67944 0.018083 0.0817036 0.031979
4 0.889675 0.35883 0.0189129 0.0333075 0.0319641
10 0.814944 0.518766 0.0329914 0.118045 0.0316459
7 0.832142 0.521296 0.00867729 0.0289085 0.0312253
10 0.867653 0.511895 0.0385569 0.0670616 0.0311698
10 0.194965 0.587429 0.0249607 0.06414 0.0310442
10 0.188632 0.523628 0.0193354 0.0471697 0.030976
7 0.843769 0.50031 0.0108513 0.0334665 0.0308437
10 0.140026 0.693102 0.020019 0.0461253 0.0306211
10 0.194529 0.584811 0.0226471 0.0535378 0.0305259
10 0.85313 0.493242 0.0141558 0.0244962 0.0304701
10 0.858916 0.485546 0.0114292 0.0288842 0.0303887
6 0.978501 0.770258 0.0438114 0.444562 0.0302618
10 0.194973 0.518032 0.0190789 0.0360067 0.0295772
10 0.876398 0.702054 0.0271923 0.20926 0.0292902
6 0.0113169 0.993826 0.0221019 0.0154709 0.029139
10 0.158268 0.812025 0.056974 0.170647 0.0291196
10 0.874872 0.492307 0.0295616 0.0281854 0.0284924
10 0.536714 0.678746 0.0276919 0.119224 0.0284117
10 0.191944 0.647633 0.0345265 0.114937 0.0284093
7 0.199398 0.604272 0.0264855 0.0318191 0.0283768
10 0.983761 0.859647 0.032292 0.262903 0.0282659
6 0.387655 0.759095 0.0398786 0.0731542 0.0281714
10 0.840121 0.508775 0.017683 0.0471034 0.0279837
10 0.138755 0.619383 0.0158547 0.0525947 0.027798
10 0.839267 0.590986 0.0107492 0.0679368 0.0265004
10 0.172222 0.78785 0.0228534 0.0869948 0.0264772
10 0.894341 0.505678 0.0156555 0.0589034 0.0262788
2 0.604958 0.100372 0.0544441 0.197822 0.0261716
10 0.903608 0.611787 0.0144863 0.0430512 0.0260255
10 0.17009 0.775191 0.0245489 0.0996791 0.0256496
10 0.1422 0.603378 0.0237207 0.0606893 0.0253637
7 0.170142 0.620122 0.0162921 0.045573 0.0249736
7 0.00849797 0.96679 0.0154977 0.0665014 0.0247694
3 0.412146 0.502058 0.56712 0.753778 0.0246531
10 0.82999 0.601031 0.0110598 0.0648889 0.024601
6 0.986616 0.915194 0.0266876 0.167008 0.0238873
10 0.260323 0.510562 0.0181559 0.0413812 0.023273
6 0.271001 0.730583 0.0151967 0.0358801 0.0231704
3 0.0418665 0.652665 0.0844643 0.562422 0.0228917
6 0.238078 0.788731 0.0462502 0.108746 0.022752
10 0.139173 0.721222 0.0201535 0.0476942 0.0225439
0 0.487275 0.608372 0.0267821 0.0793395 0.0224322
10 0.147362 0.771911 0.0245264 0.0581426 0.0218907
10 0.13672 0.935068 0.0344317 0.0871036 0.0214557
10 0.858057 0.468844 0.0190163 0.0553592 0.021319
6 0.372772 0.848559 0.0413428 0.0570673 0.0211033
10 0.490623 0.631669 0.00973349 0.0313254 0.0208811
6 0.298606 0.855728 0.0263743 0.0310168 0.0207839
10 0.619968 0.694596 0.0233466 0.0433351 0.0203911
10 0.840828 0.439965 0.0128977 0.0263549 0.0200022
10 0.581045 0.841067 0.0246959 0.0802402 0.0190017
6 0.184837 0.67014 0.0199988 0.044539 0.0188135
6 0.273481 0.917312 0.0172483 0.0249487 0.0184538
0 0.748624 0.622288 0.0200078 0.0423299 0.0184096
10 0.451843 0.860371 0.0158157 0.0406031 0.0181655
10 0.649506 0.733669 0.0222319 0.0437245 0.0180122
10 0.230628 0.754126 0.0136811 0.0330624 0.0179249
6 0.211796 0.871364 0.0142687 0.0296437 0.0177873
8 0.487651 0.800848 0.014494 0.0248577 0.0173802
6 0.233207 0.937345 0.0297683 0.050834 0.0168239
10 0.594007 0.961878 0.112377 0.0718715 0.0162142
10 0.358484 0.952971 0.0473395 0.0611096 0.016208
6 0.292443 0.979464 0.100134 0.0353756 0.0161705
10 0.671369 0.806486 0.0271193 0.0437678 0.0160753
7 0.384802 0.840356 0.0230233 0.0289576 0.0160087
10 0.391375 0.96505 0.0394034 0.0375675 0.0158012
11 0.239148 0.950575 0.0289906 0.033754 0.0155485
0 0.408991 0.948398 0.0229029 0.0211174 0.014814
10 0.25912 0.95029 0.0179263 0.023903 0.0142021
