10 0.87483 0.615827 0.0399321 0.1792 0.885089
10 0.567157 0.636548 0.0464549 0.258864 0.868716
10 0.468186 0.615254 0.0382234 0.221336 0.86336
10 0.891254 0.456721 0.0189661 0.0996433 0.802581
10 0.90681 0.456797 0.0195292 0.100143 0.795875
0 0.635094 0.573422 0.0581515 0.12131 0.75409
10 0.923981 0.464682 0.018928 0.0956948 0.712344
10 0.153774 0.722811 0.0606681 0.248183 0.388624
10 0.509116 0.599715 0.0302592 0.120878 0.320573
10 0.509214 0.603722 0.0309011 0.124785 0.317986
0 0.732002 0.497113 0.0309391 0.0811848 0.245702
10 0.509773 0.623485 0.0306973 0.0855341 0.204993
10 0.154474 0.742965 0.0576772 0.205277 0.187535
10 0.145852 0.720191 0.0431057 0.25555 0.186499
0 0.646791 0.572227 0.0326101 0.0854054 0.175949
6 0.0282463 0.955779 0.0574784 0.0890765 0.1694
10 0.953259 0.401111 0.0132414 0.0645425 0.16871
6 0.0279997 0.925857 0.0567169 0.14921 0.168613
10 0.928104 0.431272 0.0106689 0.0389341 0.154998
10 0.142022 0.677906 0.0343551 0.177767 0.146331
10 0.295034 0.667264 0.0354066 0.110434 0.143632
0 0.621921 0.592606 0.028951 0.0778993 0.142865
0 0.644704 0.569036 0.0377619 0.092806 0.133397
10 0.1577 0.758184 0.0511849 0.157832 0.132154
6 0.0388692 0.901719 0.0782125 0.197853 0.122857
6 0.0330376 0.948341 0.0671928 0.103592 0.113844
7 0.386469 0.740854 0.0326486 0.131416 0.110183
10 0.168192 0.753647 0.0324837 0.137615 0.108213
4 0.950229 0.936954 0.099159 0.107408 0.107863
10 0.899301 0.455762 0.0135565 0.0982533 0.106995
0 0.738544 0.497345 0.0164977 0.0649991 0.103404
6 0.0196585 0.965328 0.0403028 0.0707486 0.0984869
10 0.952735 0.422342 0.0115168 0.0352695 0.0955718
10 0.927424 0.442871 0.011898 0.0631504 0.0934013
10 0.952781 0.440979 0.0134525 0.0718525 0.0930633
10 0.928019 0.4513 0.0115335 0.0818783 0.0912952
10 0.907401 0.455208 0.015435 0.0994423 0.0892276
0 0.736422 0.503764 0.0210129 0.0604956 0.0871927
7 0.386075 0.706019 0.0283377 0.0580357 0.086283
10 0.952863 0.445615 0.0141069 0.0818829 0.0860956
10 0.153902 0.70078 0.0564519 0.206325 0.0852834
10 0.926838 0.464296 0.0139174 0.0964528 0.0846213
10 0.14186 0.688764 0.030144 0.114438 0.0839875
6 0.0133451 0.925482 0.0274068 0.151243 0.0825768
0 0.647436 0.590215 0.019434 0.044539 0.0821302
10 0.923362 0.477056 0.0183123 0.0717032 0.0809406
11 0.0281311 0.986386 0.0569885 0.0283714 0.0801425
10 0.430119 0.584055 0.0195303 0.0986342 0.0780676
0 0.739069 0.504461 0.0161706 0.0548449 0.0773061
7 0.0501478 0.0466565 0.0598112 0.0934256 0.0770272
10 0.143646 0.657504 0.0415116 0.241093 0.0764049
6 0.0278258 0.860492 0.0564963 0.280497 0.0759591
10 0.952849 0.418072 0.0164742 0.0974969 0.0759493
10 0.584512 0.585517 0.0246134 0.0991296 0.0750229
10 0.141674 0.632262 0.025757 0.0855541 0.0744506
10 0.950404 0.451377 0.0191128 0.117787 0.0734332
0 0.702563 0.52504 0.0144361 0.0332255 0.0726635
10 0.26187 0.561279 0.0410797 0.129098 0.0718855
6 0.352784 0.786719 0.0553078 0.154983 0.0718179
3 0.0265679 0.717609 0.0532561 0.570486 0.0716687
10 0.915572 0.462618 0.0132999 0.0937894 0.0707654
10 0.156354 0.622758 0.060739 0.189864 0.0706837
2 0.127321 0.0154393 0.0608352 0.0312077 0.0698721
10 0.295295 0.652783 0.0271046 0.0796522 0.0690817
10 0.147446 0.690634 0.0787727 0.327145 0.0684214
10 0.50364 0.577449 0.0175179 0.0799743 0.067259
10 0.579678 0.570352 0.0384333 0.12984 0.066793
10 0.411426 0.591898 0.049227 0.123707 0.0664806
10 0.313486 0.795081 0.0523641 0.123646 0.0650088
10 0.893854 0.455197 0.0128305 0.0980821 0.0647498
10 0.173493 0.70848 0.0337902 0.226001 0.0646104
3 0.0218192 0.718359 0.0439394 0.56709 0.0639681
10 0.890652 0.453227 0.0135216 0.0954846 0.0637848
7 0.20512 0.0197813 0.0272098 0.0411904 0.0636222
0 0.62183 0.57289 0.0936141 0.131807 0.0633201
10 0.42791 0.592201 0.0295783 0.121174 0.062671
7 0.204246 0.0201062 0.038958 0.0413528 0.0626468
0 0.626827 0.579776 0.0877769 0.117544 0.0625284
10 0.144627 0.608608 0.0335143 0.146104 0.0620219
6 0.225032 0.68275 0.0257478 0.0807762 0.0611278
4 0.878701 0.339547 0.0250191 0.0264077 0.0609829
6 0.965405 0.678703 0.0306713 0.0972201 0.0602449
6 0.0246134 0.93012 0.0498235 0.145729 0.0598127
10 0.952578 0.461171 0.0174862 0.101196 0.0596759
6 0.265997 0.679317 0.0536151 0.141002 0.0594718
10 0.131382 0.70358 0.0579241 0.306014 0.058647
10 0.173846 0.64293 0.0222854 0.0821949 0.0586063
4 0.950649 0.788339 0.0991396 0.414236 0.0578856
10 0.953364 0.388541 0.0105524 0.0366663 0.057846
10 0.144781 0.712353 0.0420338 0.203232 0.0576573
10 0.562622 0.636538 0.0416064 0.249531 0.0571631
0 0.844165 0.395817 0.0145588 0.0367262 0.0570335
10 0.977463 0.415613 0.0224388 0.0454934 0.0559635
10 0.144074 0.746253 0.0359241 0.205485 0.0555105
10 0.470029 0.654675 0.0338302 0.124458 0.0548578
11 0.406921 0.667308 0.061452 0.0982924 0.0548483
10 0.353173 0.697681 0.02286 0.06228 0.0545522
10 0.588983 0.594142 0.0215255 0.0803232 0.0537517
10 0.503382 0.568532 0.0166002 0.0587338 0.0536832
10 0.291665 0.624439 0.0447079 0.188891 0.0532804
6 0.0118399 0.98478 0.0243781 0.0309359 0.053044
10 0.142497 0.580408 0.0283907 0.0890998 0.0523658
3 0.0252342 0.715401 0.0502728 0.576513 0.0512987
3 0.0339307 0.527304 0.0686401 0.949043 0.051267
10 0.466325 0.612357 0.0348768 0.215914 0.0509154
10 0.179125 0.655398 0.0366411 0.119008 0.0500694
10 0.910346 0.458598 0.0104206 0.0883196 0.0498291
10 0.955581 0.42368 0.00931702 0.0358558 0.0497804
10 0.951841 0.458387 0.0223629 0.120022 0.0495183
10 0.974464 0.575727 0.0492662 0.374299 0.0492448
6 0.352436 0.761226 0.0582021 0.203502 0.0489437
3 0.0243787 0.583037 0.0493686 0.84104 0.048912
10 0.394477 0.58376 0.0232503 0.0808447 0.0488618
10 0.00616678 0.914598 0.0137911 0.162018 0.0485682
10 0.311585 0.782973 0.0628638 0.167398 0.0485486
0 0.628381 0.602944 0.0293542 0.066433 0.0484065
10 0.444306 0.5843 0.0237854 0.122818 0.0480105
10 0.917942 0.429743 0.0126879 0.0479309 0.047915
10 0.232729 0.526404 0.0256924 0.0583731 0.0477343
10 0.508678 0.630193 0.0236436 0.0500756 0.0477146
2 0.511924 0.463808 0.0219832 0.0812975 0.0475573
3 0.505479 0.705157 0.998928 0.576608 0.0474688
10 0.565165 0.536891 0.0213027 0.069771 0.0473171
10 0.92187 0.429486 0.0093338 0.0402796 0.0470455
7 0.276992 0.252593 0.0205518 0.0327925 0.0465178
10 0.46875 0.565653 0.0297858 0.114459 0.0449926
10 0.165938 0.723328 0.0297484 0.0806635 0.0448926
0 0.634136 0.58283 0.0783974 0.116362 0.0448807
0 0.636923 0.542287 0.0296345 0.0502894 0.0446449
10 0.137112 0.692828 0.0592759 0.328565 0.0438908
7 0.270531 0.274764 0.0490497 0.0383823 0.043787
10 0.918541 0.437358 0.0105518 0.060103 0.0436358
3 0.963952 0.663565 0.0717016 0.668781 0.0429098
10 0.994674 0.445343 0.0123554 0.147212 0.0429018
10 0.28752 0.674967 0.0258716 0.103667 0.0423756
10 0.879754 0.332537 0.0139917 0.0225132 0.0421196
6 0.0334392 0.991545 0.0641084 0.0226517 0.0418659
10 0.876183 0.616325 0.0323252 0.164672 0.0417316
10 0.979206 0.679991 0.0415886 0.63372 0.041567
10 0.939889 0.418256 0.0162655 0.027838 0.0410191
10 0.33257 0.710423 0.0178652 0.0690013 0.0408868
10 0.170172 0.63378 0.0493928 0.213213 0.0396201
10 0.986881 0.796249 0.0268185 0.392525 0.0395985
10 0.583152 0.581709 0.0237105 0.110292 0.0394568
10 0.882082 0.612762 0.0251726 0.15675 0.0392577
11 0.267438 0.681841 0.0301011 0.0437707 0.0391766
6 0.352837 0.757507 0.0558338 0.203753 0.0390248
10 0.394557 0.585155 0.0232926 0.0845312 0.0387201
10 0.00850443 0.859913 0.0186533 0.278434 0.0385641
10 0.156464 0.574962 0.0541583 0.112433 0.0385228
10 0.891699 0.437342 0.0135645 0.0364178 0.0384417
10 0.349493 0.698838 0.016247 0.0586609 0.0383376
10 0.331683 0.719712 0.021053 0.0892896 0.0383091
10 0.57043 0.57304 0.0297558 0.130413 0.0381552
6 0.148566 0.788995 0.039939 0.12236 0.0378222
10 0.931393 0.417195 0.0174614 0.0277262 0.0377597
10 0.00735071 0.784345 0.0156303 0.306623 0.0376717
7 0.276518 0.260627 0.0251376 0.0504738 0.0368903
10 0.275003 0.693654 0.0261787 0.0778988 0.0368605
2 0.606748 0.08798 0.0476658 0.174796 0.0367208
4 0.987266 0.375009 0.0244841 0.0920042 0.036515
7 0.206026 0.28488 0.0249102 0.0346436 0.0364358
2 0.934598 0.132834 0.0341393 0.091775 0.0363695
4 0.853435 0.451851 0.0184893 0.0185657 0.0362705
10 0.72143 0.504319 0.0113955 0.0696104 0.0361393
10 0.202838 0.548676 0.0392591 0.0981631 0.0360873
10 0.0131888 0.858729 0.0278789 0.282569 0.0359083
0 0.978152 0.409197 0.0175314 0.0308578 0.0358722
10 0.873532 0.37748 0.0112833 0.0634989 0.0358536
10 0.968888 0.455901 0.0155483 0.0820843 0.0358265
10 0.614562 0.54829 0.0327042 0.151988 0.0357143
3 0.0278863 0.747199 0.055981 0.523863 0.0351723
10 0.614867 0.54218 0.0319431 0.16186 0.0351447
10 0.428445 0.569197 0.0148533 0.0649571 0.0350742
11 0.359674 0.753187 0.0856835 0.200499 0.0349256
10 0.923505 0.462838 0.013711 0.0342439 0.034865
10 0.335228 0.725668 0.0167542 0.0537839 0.0343376
10 0.994066 0.404463 0.00819798 0.0418694 0.0342572
2 0.128684 0.798862 0.0350556 0.110594 0.0337938
10 0.486024 0.601739 0.0204752 0.154675 0.0336782
3 0.925291 0.342298 0.136922 0.123856 0.0331695
10 0.993118 0.541089 0.0142178 0.364726 0.0331179
10 0.00994462 0.859921 0.0212872 0.284251 0.0330953
5 0.108579 0.0150879 0.112556 0.0302109 0.0330936
10 0.886823 0.442595 0.00876064 0.0329592 0.03305
10 0.994023 0.508534 0.0136261 0.249027 0.033048
4 0.984978 0.420579 0.0298145 0.188173 0.0329188
10 0.58231 0.631679 0.0256176 0.20051 0.0327248
6 0.96412 0.792831 0.0720821 0.398071 0.0327209
10 0.398481 0.591025 0.0188574 0.0888386 0.032696
10 0.98955 0.333666 0.0191273 0.036635 0.0326717
6 0.0124852 0.986499 0.0250062 0.0265121 0.0323538
10 0.00865494 0.608868 0.0168305 0.277639 0.032297
10 0.145523 0.763297 0.0278397 0.10632 0.0322489
10 0.16208 0.709649 0.0199524 0.044991 0.0319884
3 0.0190982 0.699333 0.0392038 0.618885 0.0318248
10 0.934865 0.426984 0.012019 0.0303783 0.031657
10 0.928333 0.437618 0.00795212 0.0252562 0.0316087
6 0.271659 0.709948 0.0308752 0.0522017 0.031561
7 0.468483 0.603969 0.0210076 0.0381135 0.0313491
10 0.141928 0.638221 0.0253501 0.0683532 0.0312635
10 0.993595 0.497594 0.0130323 0.20844 0.0311602
3 0.119413 0.679524 0.229197 0.656884 0.0308254
6 0.362964 0.766984 0.0830969 0.207459 0.0307255
10 0.274447 0.714113 0.0241243 0.0386955 0.0304999
10 0.882977 0.59794 0.021829 0.096694 0.0302307
10 0.139028 0.61678 0.0162179 0.0515916 0.0301999
10 0.49413 0.602804 0.0221431 0.158247 0.029984
2 0.515047 0.638318 0.0180995 0.0353735 0.0298833
10 0.905652 0.438395 0.0163118 0.0399762 0.0297821
10 0.257669 0.679666 0.0355983 0.117897 0.0297128
10 0.140758 0.6581 0.0229111 0.0459269 0.0295655
10 0.98836 0.796082 0.0235569 0.382599 0.0294637
6 0.259946 0.718983 0.0206813 0.0360619 0.029165
10 0.557652 0.676468 0.0217411 0.0504744 0.0287694
10 0.25205 0.699204 0.0162952 0.0803576 0.0286775
7 0.168376 0.28718 0.0334511 0.0401816 0.0286271
10 0.138564 0.552129 0.0190314 0.0451071 0.0284273
10 0.501896 0.616772 0.015759 0.066315 0.028384
10 0.202193 0.520775 0.0170251 0.0341084 0.0283682
10 0.261194 0.522006 0.0193722 0.0499199 0.028344
10 0.563068 0.674335 0.0260513 0.0668363 0.0282393
10 0.140638 0.678953 0.0209498 0.0610852 0.0281526
6 0.0110833 0.992635 0.0213932 0.0149427 0.0281495
0 0.969283 0.645073 0.0452301 0.166463 0.0278493
10 0.171307 0.771728 0.0210312 0.111109 0.0277682
0 0.844643 0.40135 0.0183748 0.0257914 0.0277001
7 0.714004 0.181289 0.0351118 0.0857235 0.0276393
3 0.368356 0.472175 0.612334 0.892503 0.0275217
10 0.315408 0.738419 0.0306739 0.07079 0.0273185
10 0.51416 0.628517 0.0362463 0.18338 0.0272949
6 0.467256 0.583852 0.0273889 0.0848967 0.0271921
6 0.171601 0.78471 0.026065 0.0751819 0.0271107
10 0.559941 0.63941 0.0204149 0.0493518 0.0270879
10 0.119288 0.759586 0.0464488 0.201997 0.0270681
0 0.643311 0.502448 0.0318182 0.0939586 0.0266281
6 0.378329 0.761384 0.0521023 0.0776304 0.0262934
2 0.257375 0.689276 0.0123168 0.0338055 0.0262502
10 0.432545 0.585037 0.00970068 0.0429944 0.0262113
10 0.0084782 0.963103 0.0149502 0.0721096 0.0261819
4 0.879445 0.403756 0.0390604 0.0273849 0.0261754
10 0.906247 0.443579 0.0137972 0.0320064 0.0260876
10 0.915246 0.413159 0.0184982 0.0266628 0.025993
10 0.571469 0.690733 0.027926 0.0927259 0.0259593
10 0.975018 0.938569 0.0303928 0.0437814 0.0258919
6 0.223919 0.666886 0.0234258 0.0422178 0.0254143
4 0.0162348 0.746968 0.0317319 0.110612 0.0245882
7 0.295546 0.27849 0.0346677 0.0398748 0.0243923
4 0.972085 0.695418 0.0555534 0.59909 0.0240351
4 0.909424 0.357969 0.0418711 0.0439918 0.023902
3 0.0526433 0.647781 0.100823 0.46258 0.023889
0 0.924427 0.461559 0.100386 0.0991065 0.0238803
10 0.0906033 0.662892 0.0466981 0.391868 0.0237516
10 0.927695 0.506716 0.00744934 0.0329909 0.0235467
3 0.975391 0.589068 0.0497852 0.707866 0.0234676
10 0.886112 0.452626 0.00746746 0.0268198 0.0233886
10 0.883841 0.60721 0.0225357 0.0817532 0.0227939
10 0.994859 0.59426 0.0112572 0.111935 0.0226918
10 0.589579 0.69978 0.013612 0.0430143 0.0225808
10 0.70297 0.539448 0.0129754 0.046222 0.0225629
10 0.302425 0.780479 0.0190595 0.0387151 0.0225356
10 0.892917 0.441315 0.00942535 0.0292828 0.0224614
4 0.876758 0.404366 0.0378246 0.0276435 0.0221429
10 0.987215 0.209328 0.0256142 0.416194 0.0220084
6 0.150826 0.820948 0.0201298 0.0565096 0.0218813
10 0.17088 0.624667 0.0123183 0.0402186 0.0218357
10 0.615225 0.678171 0.0248734 0.0399259 0.0216963
10 0.903383 0.413389 0.0116364 0.0255184 0.0216869
6 0.153278 0.830361 0.0273831 0.0552031 0.0214383
10 0.576949 0.732954 0.0283611 0.0749001 0.0211877
0 0.991734 0.350439 0.0175377 0.25628 0.0210756
6 0.150136 0.811456 0.0246462 0.0850824 0.0209017
6 0.989741 0.914083 0.02129 0.172655 0.0207318
10 0.465147 0.692057 0.024108 0.0419979 0.0205039
6 0.339869 0.853761 0.0862319 0.120266 0.0204986
10 0.440582 0.574483 0.147325 0.275154 0.0203273
10 0.586965 0.747045 0.0281177 0.0566844 0.0201227
10 0.634342 0.722329 0.0214597 0.0441406 0.0198802
10 0.467496 0.69516 0.0235982 0.0409689 0.0198259
6 0.173757 0.809332 0.0201422 0.0455284 0.0197729
6 0.273848 0.764051 0.0338944 0.0671387 0.0196649
10 0.29636 0.540487 0.0178231 0.0175376 0.0193442
10 0.602575 0.717257 0.0156818 0.0415373 0.0191904
6 0.966343 0.65072 0.0116671 0.0442893 0.0191753
10 0.518141 0.65501 0.0132844 0.0353858 0.0191594
10 0.192843 0.892863 0.0188683 0.0430292 0.0188768
10 0.57236 0.820519 0.0197498 0.0336474 0.0188037
10 0.560983 0.76091 0.0351968 0.0942863 0.0184713
6 0.387376 0.808238 0.0202973 0.0301088 0.0182584
10 0.174085 0.831847 0.0208222 0.0660754 0.0181964
10 0.478246 0.766135 0.0184082 0.0509653 0.0175397
10 0.670845 0.750729 0.0235799 0.0433791 0.017226
0 0.408195 0.91736 0.0204638 0.0340991 0.016526
10 0.603127 0.856656 0.0135296 0.0303828 0.0165131
6 0.2569 0.872115 0.0258781 0.0566253 0.0165046
10 0.326947 0.878624 0.0229607 0.037706 0.0162183
0 0.411256 0.942695 0.0225898 0.0331105 0.0159048
0 0.455117 0.883054 0.0197107 0.0411352 0.0158079
10 0.55801 0.73608 0.0941597 0.116276 0.0153578
10 0.563461 0.956533 0.0932342 0.065708 0.0139361
