10 0.474543 0.747912 0.0578049 0.29841 0.869584
10 0.516464 0.723128 0.0421021 0.26629 0.865531
10 0.60094 0.727771 0.0442646 0.263517 0.86444
10 0.914118 0.488356 0.021253 0.106275 0.849923
0 0.635855 0.572569 0.0551368 0.112667 0.816728
10 0.942624 0.57198 0.027985 0.145417 0.812167
10 0.91295 0.413044 0.0147814 0.07594 0.727815
10 0.896016 0.417178 0.0146137 0.0705736 0.710987
4 0.930968 0.384482 0.0389784 0.0451745 0.606168
0 0.731916 0.496224 0.0334986 0.0846483 0.459346
3 0.912639 0.352986 0.0617708 0.0830628 0.375416
10 0.153064 0.726136 0.0563829 0.238384 0.339963
10 0.90487 0.414451 0.0128931 0.0709018 0.312743
4 0.951286 0.364142 0.0238684 0.0456105 0.308583
10 0.157215 0.761365 0.0493606 0.163754 0.300417
10 0.147239 0.723423 0.0439447 0.247404 0.287945
10 0.167609 0.754527 0.0341923 0.13863 0.261723
10 0.900417 0.414582 0.0124067 0.0731249 0.261382
0 0.722289 0.49924 0.05686 0.0863059 0.256103
10 0.430988 0.58871 0.0200401 0.105672 0.255206
10 0.953373 0.406808 0.0120451 0.0538528 0.228333
10 0.141372 0.671223 0.0301148 0.156625 0.225109
4 0.88896 0.355194 0.0227821 0.0594575 0.19913
6 0.0281404 0.958468 0.0572999 0.0837865 0.197982
4 0.919221 0.375799 0.013335 0.0293871 0.196991
6 0.0265032 0.928754 0.0535339 0.143579 0.186292
6 0.0364678 0.930973 0.0738384 0.139439 0.180524
4 0.942674 0.382591 0.0191263 0.0359471 0.172635
6 0.261464 0.677041 0.0404731 0.1324 0.169798
10 0.292695 0.665701 0.0378602 0.110401 0.167579
11 0.225205 0.683349 0.0255453 0.0809168 0.154964
10 0.866992 0.370801 0.0107302 0.0504572 0.154409
10 0.465393 0.587929 0.0340384 0.122511 0.15422
10 0.152541 0.721276 0.0526714 0.217975 0.153729
0 0.738671 0.494893 0.0177537 0.0651812 0.152336
6 0.0211575 0.962827 0.0430033 0.0757376 0.151553
6 0.950175 0.936605 0.0992746 0.106561 0.138631
6 0.353464 0.790117 0.0555836 0.156325 0.138492
4 0.936124 0.384788 0.0280607 0.038284 0.137381
3 0.977705 0.388265 0.0265116 0.0989141 0.135669
10 0.149112 0.78291 0.0349565 0.130675 0.126878
6 0.0423981 0.908495 0.0853307 0.184359 0.125158
4 0.889267 0.37359 0.0124924 0.0304154 0.124203
6 0.223785 0.664886 0.0298633 0.115594 0.123831
10 0.914661 0.404307 0.0099493 0.0535204 0.123427
4 0.943162 0.389047 0.0163544 0.0314688 0.121384
6 0.386643 0.73992 0.0312009 0.129936 0.117678
10 0.144275 0.734529 0.0407359 0.229193 0.117482
10 0.141635 0.685707 0.0267722 0.104102 0.116035
11 0.264024 0.697918 0.0331182 0.0880952 0.115885
10 0.956179 0.413602 0.00998058 0.0414324 0.115541
10 0.455132 0.585654 0.0215988 0.122491 0.114693
10 0.299355 0.669731 0.0227365 0.0641777 0.113082
11 0.401458 0.669529 0.0520577 0.0978999 0.106925
10 0.141041 0.629957 0.022614 0.0749723 0.106823
7 0.205651 0.0199542 0.0296989 0.0406154 0.105159
4 0.977338 0.413863 0.0231718 0.0420534 0.104669
4 0.951207 0.385725 0.0243416 0.0892529 0.103696
7 0.527256 0.658723 0.0168386 0.0538505 0.102366
10 0.915906 0.485813 0.0152298 0.101126 0.10182
4 0.845035 0.393921 0.0128273 0.0320934 0.101037
11 0.224975 0.662795 0.0225998 0.0349268 0.100509
4 0.885167 0.372882 0.0103811 0.0242002 0.100145
3 0.977292 0.434004 0.0431288 0.212152 0.0966619
4 0.881658 0.370254 0.00991058 0.0236529 0.0946396
4 0.874822 0.360119 0.0156813 0.036974 0.0943481
10 0.291167 0.650911 0.0333662 0.0842228 0.0940974
6 0.0334055 0.95272 0.068199 0.0955027 0.0931138
4 0.890133 0.34132 0.0171463 0.0292161 0.0928587
4 0.927189 0.378737 0.0121777 0.0267821 0.0927209
10 0.893435 0.421733 0.0111036 0.0594036 0.0924288
2 0.127279 0.0155463 0.0596976 0.0308995 0.0921354
4 0.860619 0.391695 0.0184114 0.0293778 0.0900929
2 0.0114085 0.926842 0.0235054 0.146095 0.0899101
9 0.939897 0.417777 0.0271725 0.0317415 0.0896987
6 0.397635 0.671916 0.0425678 0.0957393 0.0895373
10 0.909587 0.417398 0.0106588 0.0626941 0.0891558
10 0.141045 0.633616 0.0242887 0.0832329 0.0888436
10 0.451407 0.585059 0.0233199 0.121325 0.0877577
10 0.866731 0.358219 0.00974846 0.0294923 0.0872928
3 0.915213 0.376494 0.0743332 0.130095 0.0868411
10 0.451791 0.585654 0.0247684 0.122366 0.0867095
7 0.0504316 0.0462267 0.0592074 0.0923177 0.0850279
4 0.846805 0.346565 0.0105251 0.0308947 0.0844555
4 0.952953 0.379652 0.0136991 0.0293591 0.0837775
10 0.293736 0.68451 0.0391966 0.0958538 0.0819208
10 0.162008 0.753366 0.0378814 0.143684 0.081057
11 0.248828 0.683094 0.0701489 0.150482 0.0807589
6 0.387513 0.715537 0.0319662 0.172503 0.0805011
10 0.257108 0.568557 0.0324264 0.117763 0.0799723
4 0.94633 0.359053 0.0153805 0.0303676 0.0796695
10 0.172317 0.763947 0.023233 0.112833 0.07966
4 0.846542 0.385082 0.0102255 0.0228448 0.0785491
10 0.17377 0.64815 0.0216727 0.0897125 0.0784245
0 0.644932 0.573859 0.0375769 0.091688 0.0769998
6 0.352976 0.761737 0.0596406 0.211402 0.0769284
4 0.868116 0.377915 0.0137131 0.0263068 0.0769
7 0.386159 0.706091 0.0279126 0.0581864 0.0768953
11 0.26065 0.643798 0.0313329 0.0558828 0.0760382
4 0.952504 0.36162 0.0164625 0.0292226 0.0759088
9 0.896284 0.424763 0.0123451 0.0554991 0.0750945
4 0.934146 0.41577 0.0313805 0.0314547 0.0748038
10 0.301168 0.673195 0.0215385 0.0696326 0.0747943
6 0.0282944 0.858951 0.0573211 0.284037 0.0745756
4 0.952952 0.388962 0.0108303 0.0292726 0.0735682
11 0.0229659 0.986137 0.0473244 0.0291097 0.0733436
10 0.290349 0.648533 0.0331831 0.0792756 0.0732901
4 0.988342 0.375776 0.021677 0.0856783 0.0722032
6 0.414042 0.590292 0.0370088 0.107659 0.072155
10 0.313792 0.788189 0.0545671 0.142919 0.0718953
3 0.959995 0.345806 0.0404045 0.106751 0.0717137
10 0.956806 0.404636 0.014732 0.0557893 0.0716961
4 0.944281 0.370939 0.0119532 0.0295013 0.0712635
4 0.905229 0.392663 0.0127247 0.0325727 0.070282
6 0.950952 0.790308 0.0970877 0.406967 0.06985
6 0.402729 0.689614 0.0302515 0.0524221 0.0698297
11 0.29334 0.691036 0.0376932 0.0553661 0.0693251
10 0.29388 0.685186 0.0447329 0.116838 0.0683808
0 0.734181 0.505193 0.0199299 0.0560082 0.0683248
10 0.149339 0.781044 0.0354264 0.135755 0.067849
3 0.0193895 0.724289 0.0387451 0.554129 0.067625
10 0.513823 0.720047 0.0388096 0.25764 0.0674842
10 0.15126 0.7341 0.0508977 0.219183 0.0671511
4 0.879117 0.329705 0.0146648 0.0287027 0.0665133
6 0.269829 0.694533 0.0239559 0.0767277 0.0663074
0 0.632661 0.543822 0.0641026 0.173402 0.0661262
10 0.942889 0.571612 0.0239037 0.138007 0.0655317
4 0.867661 0.354196 0.014332 0.0302804 0.0653318
10 0.47942 0.591774 0.0571965 0.120288 0.0651581
4 0.889827 0.33944 0.0167891 0.0266751 0.0643427
10 0.430779 0.567445 0.0153178 0.062167 0.0634614
10 0.924452 0.380315 0.00706482 0.0252859 0.063449
3 0.0275499 0.529945 0.0557402 0.94512 0.0626795
10 0.519094 0.640445 0.0324677 0.0977214 0.0621427
10 0.916332 0.416596 0.00923424 0.0612508 0.0619714
6 0.358976 0.771193 0.0708739 0.191657 0.060873
10 0.487222 0.724109 0.0358816 0.254333 0.0605731
6 0.431833 0.622634 0.0244808 0.0582611 0.0602819
6 0.457806 0.609295 0.0145331 0.0755946 0.0601919
10 0.477366 0.743127 0.0537399 0.292126 0.0601239
4 0.929299 0.396454 0.0460007 0.0747756 0.0598798
4 0.859505 0.3822 0.0175278 0.0422857 0.0589024
10 0.353646 0.697293 0.0205735 0.0593594 0.0582739
4 0.872424 0.337464 0.0158533 0.0261323 0.0580391
4 0.958136 0.373789 0.0112688 0.0283181 0.0578958
10 0.48991 0.618073 0.0417886 0.0807109 0.0578775
3 0.0257433 0.723549 0.0517384 0.559871 0.0568478
10 0.889456 0.387813 0.0100105 0.0640886 0.0567874
0 0.167613 0.556107 0.0239676 0.0391904 0.0558271
6 0.260327 0.70908 0.0570912 0.203741 0.0558151
6 0.0114347 0.984408 0.023212 0.0314051 0.0555233
6 0.205841 0.682898 0.0239885 0.0560463 0.0552229
6 0.471243 0.611342 0.0296939 0.0771071 0.054416
0 0.611925 0.601605 0.0367475 0.0703734 0.0542616
6 0.182891 0.677635 0.02333 0.0573665 0.0541916
6 0.417912 0.61361 0.0370346 0.0697754 0.0540943
10 0.451756 0.568489 0.0166925 0.0879856 0.0540084
0 0.62496 0.47253 0.0218519 0.0784522 0.0537491
10 0.312906 0.783792 0.060631 0.164859 0.0534433
10 0.929569 0.423249 0.0176043 0.0435403 0.0534379
6 0.266762 0.70958 0.0258574 0.0510486 0.0529981
7 0.205807 0.0195981 0.0232252 0.0399673 0.0529668
4 0.905738 0.387943 0.0127075 0.0288575 0.0529376
2 0.51223 0.463732 0.022504 0.083977 0.0528162
10 0.914065 0.415771 0.0118492 0.0628498 0.0523835
10 0.171747 0.750918 0.0242304 0.121908 0.0522845
3 0.0202744 0.594101 0.0413668 0.81714 0.0520382
10 0.915957 0.37424 0.0096344 0.0260801 0.0512133
0 0.903737 0.427978 0.0117743 0.0457711 0.0511131
10 0.467399 0.71845 0.0282679 0.182682 0.0505862
5 0.103158 0.0159028 0.135279 0.0315092 0.0504767
0 0.634784 0.587493 0.0479693 0.0855637 0.0503785
0 0.741201 0.5074 0.0127056 0.0457767 0.0503353
4 0.937004 0.352269 0.014204 0.0296331 0.0499626
3 0.965459 0.4254 0.0671867 0.268854 0.0493071
10 0.582721 0.541036 0.024956 0.175606 0.0489228
10 0.441206 0.594493 0.0170974 0.121002 0.0488704
4 0.983254 0.426131 0.032753 0.180882 0.0485498
3 0.963415 0.655803 0.0731791 0.672557 0.0484043
0 0.641562 0.560736 0.0278028 0.0707795 0.0483132
10 0.122839 0.74073 0.0526492 0.229729 0.0478965
10 0.949715 0.547693 0.0169544 0.100378 0.0475445
10 0.946627 0.534377 0.0193758 0.0740448 0.0470997
6 0.26174 0.708613 0.0266549 0.0610935 0.0469855
10 0.487597 0.683996 0.0354522 0.172256 0.0468543
10 0.332496 0.710411 0.020792 0.0712341 0.0465843
0 0.719648 0.506785 0.0581365 0.0781701 0.046541
3 0.910086 0.360211 0.0678253 0.0925924 0.0461887
10 0.496227 0.704934 0.0300505 0.222927 0.0457543
10 0.503928 0.716565 0.0271245 0.24911 0.0452737
6 0.382472 0.753182 0.0375161 0.103073 0.0452665
6 0.423838 0.614245 0.0247084 0.0564565 0.0447498
11 0.264738 0.673393 0.0235438 0.0374496 0.0443971
3 0.961555 0.329481 0.0339819 0.0715602 0.0443124
10 0.858743 0.360647 0.00812225 0.0277477 0.0442417
7 0.276825 0.257831 0.0200018 0.0435006 0.0440276
4 0.989781 0.341784 0.0193245 0.0448844 0.0438416
10 0.461681 0.734012 0.0346658 0.27163 0.0430702
7 0.268493 0.273748 0.0459202 0.0367388 0.0430188
10 0.170616 0.761951 0.0209618 0.125257 0.0426264
4 0.974398 0.405482 0.0135973 0.0250335 0.0423606
11 0.267696 0.67844 0.0207231 0.0387702 0.0419454
10 0.143896 0.583938 0.0319216 0.0934661 0.0419333
2 0.93449 0.132096 0.0337614 0.0891664 0.0416641
4 0.878598 0.33439 0.0164591 0.0271888 0.0415789
6 0.252621 0.673424 0.0266324 0.11635 0.0410438
3 0.94249 0.325714 0.018856 0.0953006 0.0406591
11 0.406081 0.703263 0.0647613 0.193716 0.0402119
10 0.895782 0.383005 0.00862618 0.0263054 0.0400679
6 0.329982 0.806532 0.0968664 0.137007 0.0399898
4 0.992434 0.495818 0.0155752 0.338938 0.039865
10 0.161853 0.708765 0.0210982 0.0442303 0.0395713
10 0.170292 0.736749 0.0250935 0.0593291 0.0394209
10 0.153252 0.745873 0.0161337 0.125365 0.0390576
0 0.72453 0.500308 0.017535 0.0731383 0.038862
10 0.0113423 0.855166 0.023797 0.286861 0.0387341
10 0.597081 0.725559 0.0335978 0.245694 0.0384832
6 0.40002 0.710929 0.0612777 0.180217 0.0383722
10 0.912371 0.407569 0.007798 0.0261513 0.0383013
10 0.467086 0.697398 0.0353342 0.200972 0.0378541
10 0.429137 0.572299 0.0118265 0.05109 0.0378229
6 0.50351 0.567774 0.015662 0.0566754 0.0377829
10 0.894388 0.384442 0.00880184 0.0289718 0.0377366
10 0.138949 0.617339 0.0154944 0.0476884 0.0376063
6 0.987364 0.807661 0.0259424 0.3519 0.0372716
10 0.515702 0.675814 0.0328847 0.135579 0.037055
0 0.728346 0.485799 0.0379251 0.11582 0.0368355
10 0.467646 0.699211 0.0306195 0.180859 0.0368189
4 0.989531 0.519801 0.0208689 0.200092 0.0367882
6 0.24961 0.698877 0.0167249 0.0810618 0.036771
10 0.170903 0.621402 0.016909 0.0473211 0.0363482
10 0.171261 0.622946 0.0152606 0.0424396 0.0360746
6 0.44341 0.627268 0.0121101 0.0622106 0.035774
10 0.911951 0.412355 0.0149126 0.0197179 0.0357466
10 0.719292 0.508145 0.0106129 0.0672126 0.0355823
10 0.965538 0.360951 0.0124952 0.0449943 0.0353111
6 0.223831 0.674407 0.0218717 0.0441753 0.0351612
10 0.50018 0.614406 0.0204486 0.070615 0.0348023
10 0.477151 0.627811 0.0293058 0.0614343 0.034571
10 0.99101 0.653871 0.0186563 0.499019 0.0339118
7 0.375458 0.68322 0.0156512 0.0609718 0.0338185
3 0.925841 0.381667 0.0273546 0.0482421 0.0333465
0 0.84498 0.399024 0.0109692 0.024561 0.0333391
10 0.497598 0.642052 0.0155719 0.0484561 0.033202
10 0.912972 0.437969 0.0107414 0.0373293 0.0331476
10 0.507022 0.787526 0.0273127 0.127573 0.0330508
10 0.945399 0.517261 0.0146854 0.038785 0.0330343
6 0.226355 0.711101 0.0183613 0.0465722 0.0324604
6 0.402218 0.634562 0.0350488 0.0828648 0.0324295
10 0.481842 0.642676 0.0414042 0.0795974 0.0321319
6 0.171971 0.779604 0.0225866 0.0851856 0.0318955
0 0.917886 0.485056 0.0116692 0.0406417 0.0316525
10 0.988786 0.675432 0.0232082 0.620573 0.0304731
10 0.501985 0.788284 0.0246564 0.127856 0.0304205
4 0.983755 0.5569 0.0331064 0.421998 0.0303205
6 0.0115296 0.993744 0.0222204 0.0144035 0.0303
4 0.93137 0.330486 0.0228935 0.0307298 0.0302724
7 0.945643 0.5485 0.0163811 0.0425108 0.0296123
10 0.138999 0.670701 0.018417 0.0404981 0.0292564
2 0.606005 0.0877102 0.0436297 0.164973 0.0290044
10 0.455723 0.541608 0.0209468 0.0369944 0.0288625
4 0.994797 0.495958 0.0118383 0.28529 0.0287644
10 0.895674 0.390199 0.0101622 0.0231917 0.0283598
10 0.0988442 0.711322 0.0422822 0.30096 0.0283287
0 0.616767 0.608696 0.0236189 0.0471784 0.0280275
10 0.00869869 0.963768 0.0163763 0.0710185 0.0269253
10 0.510166 0.637685 0.0156206 0.0310913 0.0268369
3 0.900762 0.358028 0.0113594 0.082765 0.0267566
10 0.505857 0.768619 0.020235 0.109895 0.026749
6 0.454959 0.598118 0.0102564 0.0408218 0.0263847
10 0.58767 0.805404 0.0154634 0.0956435 0.0257582
10 0.512757 0.759404 0.0243719 0.0593308 0.0256712
10 0.154643 0.737091 0.0158436 0.053319 0.0253232
10 0.495666 0.777174 0.0218406 0.112706 0.0252963
10 0.478877 0.602707 0.0159816 0.0368601 0.0250544
10 0.641328 0.53496 0.0244804 0.0507711 0.0249169
10 0.502412 0.60236 0.0145864 0.0348821 0.0245365
6 0.154862 0.835615 0.0238133 0.0374891 0.0238843
10 0.47429 0.863317 0.0225428 0.0399212 0.0234805
3 0.315907 0.455649 0.605838 0.833171 0.0228581
6 0.26774 0.822331 0.0739902 0.114665 0.022376
10 0.947772 0.565602 0.0143936 0.0449402 0.0218569
4 0.020918 0.81347 0.0421828 0.405543 0.0217299
10 0.140153 0.880387 0.0322585 0.0675542 0.0209953
10 0.918395 0.518985 0.035149 0.0503328 0.0206911
10 0.498508 0.879129 0.0213624 0.0739396 0.0201066
10 0.545545 0.819452 0.0110623 0.038175 0.0198729
10 0.293478 0.705516 0.0159372 0.0400264 0.0198083
10 0.618229 0.624813 0.0700484 0.0921893 0.0196453
8 0.409168 0.792741 0.0230925 0.0285363 0.0195538
8 0.47115 0.906207 0.0263464 0.0319471 0.0192132
6 0.25161 0.859476 0.0126004 0.0341338 0.0183713
0 0.862351 0.496013 0.0171873 0.0285837 0.0178112
8 0.396569 0.809189 0.0193149 0.0288903 0.0176451
6 0.923976 0.666014 0.017351 0.0512025 0.0175186
6 0.235579 0.824478 0.0211595 0.0198069 0.0174642
8 0.163243 0.852071 0.018174 0.0425144 0.0171612
10 0.406915 0.832117 0.0101635 0.0271019 0.0171412
8 0.325344 0.918076 0.0332857 0.0361088 0.0162249
10 0.607232 0.919558 0.0698863 0.0478725 0.0159873
