8 0.39882 0.616137 0.252996 0.171631 0.90272
11 0.738345 0.478997 0.121816 0.242678 0.852497
8 0.169453 0.516104 0.116806 0.1221 0.8432
6 0.871593 0.541511 0.257294 0.501079 0.838662
6 0.644999 0.214999 0.0299399 0.113722 0.249856
6 0.519974 0.223586 0.049047 0.129746 0.247216
6 0.662701 0.169602 0.0690079 0.210972 0.239841
6 0.646956 0.168619 0.0377089 0.207657 0.201509
2 0.923729 0.480505 0.0388618 0.146632 0.182658
6 0.60324 0.963672 0.503793 0.0731384 0.165451
6 0.705047 0.964508 0.479028 0.0721913 0.151682
6 0.789665 0.44406 0.224456 0.302981 0.143112
6 0.527828 0.234344 0.0322345 0.122121 0.140456
6 0.519149 0.19053 0.0462977 0.0622019 0.140255
6 0.878215 0.630082 0.242189 0.305679 0.137521
6 0.764779 0.965045 0.448997 0.0699308 0.134151
6 0.649955 0.965193 0.521698 0.0710625 0.133685
6 0.672676 0.963794 0.227654 0.0729007 0.123082
6 0.668194 0.219565 0.0620844 0.107046 0.115094
6 0.512317 0.965306 0.597131 0.0703672 0.114295
6 0.504764 0.195686 0.0200571 0.0439974 0.105408
6 0.661435 0.241303 0.071015 0.357005 0.101887
2 0.351033 0.356134 0.0477747 0.0333062 0.100936
10 0.528799 0.187373 0.0293103 0.0692289 0.100414
6 0.528972 0.200913 0.0253588 0.0420649 0.0976039
6 0.52913 0.196192 0.0265579 0.0515863 0.0966919
10 0.529186 0.222568 0.0294705 0.136127 0.0964651
6 0.556504 0.19325 0.0248824 0.0430846 0.0941575
6 0.483257 0.962918 0.657431 0.0747325 0.093751
4 0.558158 0.220832 0.122567 0.109544 0.0935071
6 0.0896039 0.710528 0.179654 0.581202 0.090359
7 0.339563 0.358768 0.0218178 0.0234858 0.0883633
6 0.790046 0.442253 0.221656 0.296707 0.087376
4 0.691409 0.183598 0.0152369 0.0399087 0.0860065
2 0.359051 0.355616 0.0302188 0.028905 0.0842165
6 0.642985 0.184154 0.0242702 0.062452 0.0837685
4 0.593604 0.235886 0.0619667 0.0701433 0.0810443
10 0.527941 0.222186 0.0345798 0.136613 0.0800186
8 0.444855 0.589769 0.157065 0.119654 0.0794714
6 0.645699 0.965443 0.233471 0.0699893 0.0794664
6 0.641538 0.197952 0.0210109 0.0505637 0.0771091
6 0.735312 0.966748 0.507853 0.0680466 0.0762971
6 0.857974 0.347449 0.0885643 0.110353 0.0761047
10 0.527417 0.182602 0.0525574 0.226455 0.0752825
2 0.361098 0.355579 0.0258112 0.0280804 0.0750374
6 0.52044 0.255178 0.0507064 0.201266 0.0747093
6 0.641146 0.221886 0.0187653 0.0968621 0.0747062
6 0.825093 0.477623 0.167119 0.375411 0.0728041
6 0.536885 0.950408 0.7574 0.0992416 0.07218
5 0.573836 0.219859 0.0163764 0.0259665 0.0716852
6 0.836135 0.410958 0.143429 0.240502 0.0703298
8 0.446002 0.579591 0.154537 0.0955576 0.0668134
6 0.611412 0.235169 0.0258836 0.0683315 0.0662923
4 0.551849 0.178258 0.108615 0.21414 0.0654454
6 0.822262 0.504876 0.182649 0.426959 0.065183
4 0.65108 0.256024 0.0242142 0.0298403 0.0641346
6 0.651245 0.227781 0.0258937 0.0871776 0.0628132
5 0.526091 0.103181 0.0516015 0.0604156 0.0619465
6 0.873148 0.545812 0.254192 0.494954 0.0616801
6 0.0971395 0.667797 0.193533 0.67304 0.0614229
7 0.782189 0.389392 0.0234417 0.0385617 0.0613408
4 0.691328 0.282555 0.0116563 0.0637093 0.0609854
8 0.444566 0.599363 0.159333 0.138865 0.0606383
6 0.541093 0.224805 0.093427 0.159928 0.0602844
4 0.553022 0.230061 0.11366 0.141307 0.0598035
6 0.839249 0.415004 0.145911 0.249208 0.0580269
6 0.0925541 0.858288 0.187906 0.285086 0.057853
2 0.838865 0.113065 0.0572035 0.184278 0.057421
4 0.440472 0.184494 0.0254342 0.0162834 0.0566548
6 0.43425 0.965687 0.811572 0.0697126 0.0565979
6 0.173883 0.543536 0.133683 0.176745 0.0558099
5 0.526708 0.0963358 0.0495077 0.0443462 0.0557997
4 0.540418 0.145938 0.0558219 0.147649 0.055767
8 0.169456 0.51688 0.111313 0.118207 0.0546376
4 0.57579 0.200604 0.0742129 0.0622761 0.0545924
6 0.639791 0.210434 0.0173405 0.0815237 0.0545914
10 0.526659 0.145485 0.0551127 0.149155 0.0545684
4 0.562496 0.198425 0.0999802 0.0675224 0.0537218
6 0.520757 0.202399 0.0374821 0.0365822 0.053239
6 0.440237 0.266825 0.0337909 0.114286 0.0531512
8 0.397663 0.618305 0.252625 0.167583 0.0529169
6 0.559649 0.204794 0.0348772 0.0615255 0.0527091
8 0.35728 0.616761 0.163687 0.16703 0.0522182
4 0.568834 0.226396 0.107797 0.102586 0.051872
8 0.193808 0.507675 0.06639 0.0962791 0.051427
5 0.535597 0.099909 0.0325687 0.0538235 0.050959
6 0.646384 0.093687 0.0343555 0.0611067 0.0509264
2 0.198251 0.394098 0.0291074 0.052609 0.0504316
6 0.548725 0.941885 0.783265 0.116485 0.0504084
6 0.646114 0.115794 0.0356649 0.107288 0.0501582
5 0.317832 0.126754 0.0271744 0.104171 0.0495967
4 0.588481 0.218469 0.0514145 0.0426982 0.0495234
6 0.0330377 0.819051 0.0673138 0.377606 0.0492011
6 0.0165194 0.908783 0.0328105 0.182722 0.0491633
6 0.825036 0.502076 0.183911 0.43353 0.0471415
8 0.401998 0.554223 0.0637753 0.0394464 0.0471411
6 0.173204 0.544466 0.133619 0.181323 0.0463183
6 0.661839 0.106282 0.0668751 0.0893524 0.0463131
6 0.809448 0.501641 0.195577 0.443749 0.0462431
6 0.825032 0.449085 0.165451 0.325063 0.0458813
6 0.688905 0.187994 0.0261925 0.185114 0.0458285
4 0.554457 0.162736 0.0266827 0.111747 0.0454647
6 0.833308 0.536457 0.21716 0.419767 0.0453882
11 0.738013 0.457272 0.101186 0.196283 0.0439331
11 0.8355 0.541094 0.325092 0.463155 0.0435984
4 0.969642 0.0498 0.0608154 0.0994085 0.0435682
8 0.352963 0.618877 0.158454 0.163824 0.0434853
6 0.83569 0.57863 0.13833 0.200166 0.0433002
6 0.560691 0.938993 0.833426 0.121719 0.0432379
2 0.922064 0.51939 0.0328527 0.0644605 0.0430079
10 0.527365 0.173204 0.0205044 0.0395313 0.0426369
6 0.641791 0.213286 0.0382842 0.0994365 0.0425897
6 0.569859 0.989744 0.170507 0.0220746 0.0421092
6 0.865989 0.409167 0.0952166 0.234202 0.041957
6 0.833088 0.57976 0.131185 0.199299 0.0418656
4 0.479968 0.193438 0.110489 0.0460057 0.0418083
11 0.31092 0.37385 0.139654 0.0809841 0.0412978
6 0.0238621 0.708535 0.0487553 0.6023 0.0406021
6 0.0647387 0.722655 0.132411 0.573653 0.0399903
4 0.967331 0.0876858 0.0653326 0.175724 0.0395092
10 0.540824 0.092934 0.0200252 0.0369122 0.0390992
5 0.315523 0.638559 0.0806436 0.122515 0.0388457
6 0.818774 0.562533 0.130534 0.247892 0.0386674
4 0.974145 0.0513439 0.0512543 0.103207 0.0385299
6 0.649693 0.278319 0.028413 0.0637403 0.0385203
4 0.690877 0.272499 0.0116267 0.0386413 0.0382249
6 0.396218 0.9214 0.791631 0.160358 0.0380999
6 0.643933 0.226203 0.0136698 0.0874301 0.0379595
6 0.439822 0.952938 0.855501 0.0968711 0.0379281
6 0.517476 0.21621 0.042666 0.0296516 0.0372885
8 0.18056 0.533068 0.0306606 0.0392393 0.0371195
6 0.562656 0.245819 0.11803 0.109515 0.037075
6 0.66067 0.099057 0.0653022 0.0762633 0.0366373
5 0.525435 0.104332 0.051904 0.0594989 0.036561
8 0.350343 0.619042 0.151312 0.164537 0.0365219
6 0.146502 0.720399 0.293809 0.569661 0.0364899
8 0.347557 0.657719 0.161135 0.087358 0.0364005
6 0.761178 0.473924 0.0788202 0.175177 0.0363295
4 0.606187 0.227993 0.0163867 0.0509101 0.0362013
6 0.751005 0.534085 0.145413 0.388014 0.0359993
6 0.654103 0.196904 0.0185884 0.0201737 0.0355515
3 0.95911 0.118527 0.0818699 0.23613 0.0352172
4 0.561114 0.172387 0.0868425 0.203084 0.0351073
6 0.63993 0.187249 0.0186222 0.132235 0.035027
6 0.832728 0.539885 0.324989 0.478437 0.0350224
2 0.852771 0.121687 0.0307194 0.173989 0.0348059
6 0.792081 0.531173 0.178267 0.382272 0.03477
6 0.171613 0.533959 0.125799 0.155669 0.0347639
6 0.714095 0.464826 0.0627006 0.167509 0.0344088
2 0.842084 0.0505576 0.0456547 0.0555223 0.0343887
7 0.336951 0.360749 0.0182561 0.0171508 0.0341305
10 0.80883 0.150987 0.0974743 0.109371 0.0340259
10 0.539069 0.102656 0.0236382 0.0624234 0.0339589
10 0.783665 0.144295 0.0293136 0.0487184 0.0339135
10 0.992907 0.521023 0.0158831 0.181242 0.033869
2 0.921335 0.516778 0.0335264 0.0693694 0.0336403
6 0.653979 0.225825 0.0171967 0.0874769 0.0333716
6 0.101462 0.963032 0.203765 0.0757225 0.0331846
2 0.336608 0.358244 0.0138457 0.0172323 0.0331818
8 0.40219 0.556028 0.0673178 0.0454341 0.0331583
4 0.974646 0.0790871 0.0501293 0.157687 0.0329036
5 0.77995 0.142562 0.0422074 0.0732597 0.032718
6 0.608584 0.225992 0.123732 0.105886 0.0326628
6 0.59287 0.256004 0.0682129 0.112274 0.0326119
6 0.788596 0.537022 0.11741 0.357435 0.0323702
2 0.349324 0.356664 0.0451932 0.0303481 0.0322792
11 0.75307 0.531978 0.12835 0.355145 0.0321508
6 0.713845 0.475635 0.0752634 0.229352 0.0319244
6 0.862128 0.601595 0.272415 0.442915 0.0316362
4 0.611884 0.253985 0.0222853 0.0306417 0.0315881
2 0.842562 0.0724011 0.0500095 0.101092 0.0312909
6 0.81646 0.514994 0.117151 0.0883457 0.0312314
6 0.290589 0.910089 0.584083 0.182729 0.0308484
6 0.509296 0.202326 0.0147996 0.0325644 0.0308111
6 0.0247806 0.507658 0.0491309 0.984307 0.0306624
8 0.142885 0.536514 0.0639562 0.081792 0.0305434
7 0.739757 0.382279 0.0267098 0.0280576 0.030354
6 0.803919 0.650249 0.148239 0.247845 0.0303206
6 0.968991 0.760186 0.0627396 0.46429 0.0302531
6 0.750752 0.498493 0.0942972 0.14951 0.030246
6 0.812733 0.668276 0.147725 0.129595 0.0302064
6 0.783371 0.478187 0.0411514 0.16314 0.030089
8 0.316394 0.537449 0.413933 0.18055 0.0298616
6 0.0192312 0.688477 0.0386188 0.634268 0.0298533
8 0.307963 0.658808 0.089305 0.081289 0.0298155
6 0.520045 0.271105 0.056617 0.039186 0.0296897
6 0.153092 0.970871 0.311405 0.0591303 0.029509
8 0.302481 0.660304 0.0810026 0.078289 0.0294998
4 0.800127 0.145039 0.0792857 0.0937163 0.0288411
6 0.783393 0.455876 0.0411969 0.166074 0.0287002
8 0.174428 0.51275 0.032474 0.070506 0.0284916
8 0.196737 0.521485 0.0507764 0.0530012 0.0283361
6 0.0710768 0.541795 0.0923235 0.248198 0.028187
8 0.309007 0.664757 0.0730483 0.0690501 0.0281716
11 0.710497 0.447566 0.0594498 0.180759 0.0281243
7 0.744666 0.393232 0.0627008 0.0596146 0.0281229
7 0.774531 0.398977 0.0192096 0.0376151 0.0276905
6 0.652198 0.22785 0.016295 0.0874609 0.0272647
7 0.748628 0.387648 0.0446892 0.0377285 0.0269746
6 0.847063 0.444378 0.128724 0.174189 0.0267371
4 0.689761 0.305903 0.0102717 0.0390804 0.026353
7 0.742736 0.392722 0.0706882 0.0657403 0.0262712
6 0.802405 0.58025 0.0576653 0.16383 0.0262044
11 0.937742 0.361182 0.104588 0.131884 0.0260803
7 0.344556 0.363567 0.0158257 0.0152765 0.0258494
4 0.698271 0.164881 0.0129107 0.0597564 0.0257912
6 0.230104 0.710092 0.469276 0.585087 0.0255856
8 0.164653 0.532943 0.107948 0.0852467 0.0255785
8 0.195265 0.528156 0.0447171 0.0449709 0.0253546
10 0.212369 0.502193 0.0255588 0.0428434 0.0248852
6 0.646263 0.095558 0.0233302 0.0473122 0.0248452
5 0.536684 0.0950455 0.0292108 0.0376604 0.0246248
8 0.434737 0.679528 0.855384 0.638414 0.0245437
11 0.343558 0.366912 0.0708639 0.0603462 0.0240181
6 0.700519 0.429704 0.0177643 0.0360917 0.0238376
10 0.139739 0.522871 0.0611428 0.111634 0.0236937
6 0.126947 0.704054 0.222437 0.591461 0.023631
6 0.0584819 0.500646 0.0713617 0.192832 0.0235206
10 0.540441 0.41246 0.0186807 0.06005 0.0234525
6 0.950576 0.558193 0.0998047 0.42467 0.0232764
8 0.382112 0.657043 0.15386 0.0692014 0.0229997
8 0.420601 0.721855 0.795916 0.567847 0.0228121
4 0.684248 0.248602 0.026499 0.074048 0.022408
2 0.924264 0.555341 0.0319303 0.0661377 0.0220756
10 0.206411 0.516023 0.0377158 0.0724775 0.021537
6 0.456169 0.687622 0.893184 0.617411 0.0215141
10 0.787573 0.622911 0.0280924 0.0423158 0.0213788
6 0.964846 0.585991 0.0721609 0.375056 0.0213496
8 0.305506 0.691577 0.09652 0.0855702 0.0212135
11 0.305205 0.413639 0.169435 0.104299 0.0208977
10 0.796801 0.374803 0.0457196 0.132774 0.0207695
6 0.663335 0.557616 0.0314692 0.0435004 0.0205781
6 0.877267 0.657124 0.0517725 0.0848507 0.0205355
10 0.222862 0.577484 0.0295854 0.0402079 0.0202758
6 0.891391 0.813313 0.173536 0.141404 0.0202609
10 0.605432 0.331755 0.0193346 0.0463607 0.0201284
11 0.9319 0.429287 0.136115 0.256712 0.0200598
10 0.797163 0.74068 0.0509597 0.0548412 0.0200055
2 0.174232 0.564775 0.0299262 0.0326315 0.0199519
8 0.51348 0.65948 0.999977 0.695813 0.0198212
11 0.817574 0.864624 0.369448 0.267582 0.0194564
8 0.192532 0.530322 0.0530023 0.0653255 0.0192943
5 0.191052 0.427996 0.0414093 0.0795625 0.0192923
8 0.509955 0.669234 0.998858 0.675303 0.0191575
10 0.531791 0.151607 0.0227218 0.0374663 0.0191008
8 0.510947 0.566902 0.0415232 0.0599798 0.0190401
6 0.887917 0.8723 0.19739 0.138507 0.0187504
8 0.512692 0.613571 0.0601322 0.129719 0.0185795
11 0.869844 0.951851 0.266452 0.103062 0.0181789
2 0.908578 0.754259 0.0394075 0.0729822 0.0179573
10 0.718699 0.926517 0.182064 0.130831 0.0179066
8 0.596669 0.678597 0.624572 0.172061 0.0178902
6 0.74617 0.6761 0.0790693 0.107728 0.0178666
4 0.516758 0.546795 0.999971 0.853665 0.0177856
10 0.163297 0.604799 0.0758666 0.0575876 0.0177596
6 0.170354 0.888439 0.117951 0.0949452 0.0177267
6 0.872413 0.906322 0.236539 0.151356 0.0176293
11 0.747627 0.701397 0.0934581 0.107106 0.0175397
10 0.715435 0.767909 0.065059 0.0786684 0.0175199
10 0.928008 0.863336 0.0711239 0.0992412 0.017331
10 0.721587 0.906292 0.0983845 0.155903 0.0172622
8 0.370753 0.704568 0.0631475 0.0560023 0.0171623
10 0.720258 0.882272 0.0775794 0.118302 0.0171231
10 0.56825 0.357026 0.0173542 0.031322 0.0170172
10 0.752224 0.924409 0.141651 0.179343 0.0169575
10 0.189057 0.770044 0.0457691 0.0384267 0.0169049
10 0.378138 0.726853 0.0560477 0.0389323 0.0168898
8 0.532876 0.587968 0.0450035 0.0739941 0.0168684
10 0.770559 0.902636 0.210934 0.21996 0.0168554
6 0.80779 0.874743 0.377316 0.229393 0.01684
10 0.780281 0.716059 0.0255624 0.0324763 0.0166381
10 0.184259 0.692741 0.0588758 0.0561835 0.0166072
2 0.48134 0.869184 0.0358809 0.0199215 0.0165363
6 0.141284 0.965676 0.147866 0.075356 0.0165178
10 0.773159 0.855172 0.13167 0.203857 0.0164784
10 0.539486 0.563466 0.0196621 0.0513163 0.0164414
5 0.315118 0.754457 0.0835341 0.063728 0.016433
10 0.87007 0.869136 0.062756 0.0843797 0.0163807
2 0.901921 0.895724 0.052352 0.078853 0.0161354
10 0.887003 0.823989 0.039469 0.0507662 0.016118
10 0.75203 0.921317 0.126705 0.144582 0.0160522
10 0.851521 0.888561 0.0768543 0.087727 0.0160215
10 0.517336 0.692226 0.072487 0.0627374 0.0158687
10 0.700356 0.889101 0.0705999 0.119697 0.0157135
6 0.741312 0.387442 0.0696466 0.0825387 0.0156669
10 0.33664 0.838428 0.0346015 0.0338663 0.0156378
2 0.279921 0.922149 0.0793566 0.05131 0.0156302
11 0.848136 0.936448 0.212548 0.1341 0.015529
10 0.500354 0.350102 0.0235164 0.017336 0.0154932
10 0.169151 0.918633 0.0899713 0.06343 0.0154686
10 0.361643 0.864284 0.0437031 0.0246668 0.0153671
10 0.77649 0.875993 0.129175 0.153349 0.0151796
10 0.118551 0.894708 0.0418507 0.042539 0.0151729
10 0.481082 0.49464 0.0156307 0.0213038 0.0151213
10 0.369682 0.898686 0.198112 0.0797194 0.0149626
2 0.228626 0.926847 0.0328879 0.0337506 0.0147206
10 0.406312 0.79751 0.0686667 0.0467436 0.0147056
10 0.488389 0.825991 0.0829719 0.046642 0.0145458
4 0.191512 0.93809 0.0737133 0.0604779 0.0143531
10 0.395473 0.873236 0.198235 0.0562742 0.0140912
