8 0.386018 0.499046 0.225532 0.303079 0.907181
8 0.47381 0.632568 0.193929 0.292774 0.894506
11 0.73765 0.480377 0.119565 0.245852 0.83476
6 0.87245 0.546875 0.255385 0.512463 0.824685
6 0.171733 0.537897 0.127471 0.194419 0.213371
4 0.531246 0.187505 0.0721228 0.0681577 0.208583
4 0.519011 0.191032 0.0479088 0.0615369 0.202765
6 0.645826 0.220385 0.0315333 0.103354 0.186869
2 0.923625 0.480518 0.0395573 0.148561 0.182454
6 0.878531 0.633418 0.241628 0.321172 0.17695
6 0.594867 0.96223 0.435381 0.0754314 0.169666
6 0.651899 0.961993 0.44428 0.0763626 0.148325
6 0.664659 0.963005 0.235022 0.0743328 0.134388
6 0.754929 0.964487 0.460168 0.0710052 0.118018
6 0.520209 0.225909 0.0509796 0.133953 0.117882
6 0.0962173 0.70734 0.192729 0.586817 0.117178
6 0.166229 0.492455 0.13907 0.288178 0.115465
6 0.646525 0.189284 0.0354582 0.167679 0.111857
6 0.501037 0.962779 0.602928 0.0745949 0.111102
6 0.642285 0.963557 0.246391 0.0736853 0.110081
6 0.792003 0.485026 0.227785 0.385382 0.109036
4 0.556024 0.191211 0.0261537 0.0458052 0.104756
6 0.875636 0.59739 0.249495 0.400795 0.101559
6 0.114166 0.704435 0.230168 0.592497 0.100423
6 0.662742 0.16956 0.0699119 0.210989 0.0961841
6 0.677026 0.96539 0.549575 0.0705704 0.0939974
4 0.53349 0.148678 0.0710822 0.156351 0.0885925
6 0.165858 0.492889 0.141576 0.288919 0.0885044
4 0.556553 0.215778 0.124127 0.120318 0.0862205
4 0.504762 0.195088 0.0202218 0.0454022 0.0861441
6 0.609573 0.945275 0.575967 0.110116 0.083189
4 0.534751 0.223177 0.0790085 0.141392 0.0829668
6 0.529235 0.19552 0.0274381 0.0521848 0.0811367
6 0.825769 0.497339 0.168659 0.411206 0.081098
4 0.691113 0.183501 0.0158819 0.0420721 0.0804349
4 0.527579 0.0982195 0.0487744 0.0478577 0.0802227
6 0.670647 0.22304 0.0584325 0.103984 0.0800964
7 0.339525 0.359362 0.0214967 0.023003 0.0795876
4 0.483051 0.194513 0.123336 0.0541078 0.0790721
6 0.509916 0.966065 0.567123 0.0688646 0.076909
6 0.858707 0.347543 0.0891611 0.111195 0.0756865
6 0.666536 0.219641 0.0677376 0.114928 0.0740407
11 0.317744 0.372528 0.121708 0.0769421 0.0734944
6 0.830178 0.477251 0.163726 0.37032 0.0732706
6 0.0915252 0.84312 0.184274 0.3147 0.0732148
7 0.358882 0.355817 0.0289239 0.0294527 0.0731592
6 0.559001 0.96693 0.267801 0.0671669 0.0726191
4 0.57333 0.219943 0.0170845 0.0262066 0.0716183
6 0.875436 0.549249 0.249363 0.502518 0.0713827
6 0.646101 0.169939 0.0364777 0.20643 0.0699406
4 0.476006 0.193376 0.110472 0.0498679 0.0688014
10 0.52906 0.186399 0.0316728 0.0712376 0.0683074
6 0.0430307 0.826191 0.0870559 0.350201 0.0672546
6 0.592089 0.965439 0.265927 0.0709469 0.0670848
4 0.593598 0.236873 0.0637504 0.0732391 0.0655309
4 0.527611 0.146707 0.0583922 0.149787 0.0638424
7 0.361692 0.355371 0.0227567 0.0270601 0.0637412
6 0.840263 0.416006 0.148115 0.250223 0.0636594
4 0.611812 0.234837 0.026404 0.0738473 0.0618121
6 0.823161 0.505085 0.177341 0.425933 0.0604359
6 0.819403 0.41872 0.176039 0.256262 0.0599191
4 0.562641 0.197202 0.0943553 0.0646121 0.0596073
4 0.553285 0.181189 0.110988 0.221641 0.059377
4 0.651 0.256261 0.0234681 0.0284116 0.0592307
10 0.318127 0.128004 0.0257274 0.100217 0.059173
2 0.350964 0.35748 0.0478979 0.0352951 0.0588418
6 0.0612094 0.921584 0.123489 0.158511 0.0587378
6 0.645132 0.195502 0.0277314 0.0423316 0.0582179
6 0.546637 0.95077 0.71401 0.0993103 0.0581055
6 0.829168 0.496019 0.174296 0.436021 0.0576148
2 0.200652 0.378873 0.0146748 0.027304 0.0569159
4 0.439097 0.189997 0.0324478 0.0292796 0.0566453
6 0.643386 0.182612 0.025955 0.0633519 0.0565877
3 0.964693 0.113747 0.0703278 0.226805 0.0555738
4 0.691281 0.19968 0.0197764 0.0983694 0.0553982
4 0.556503 0.174655 0.0251121 0.0816915 0.0544397
4 0.9741 0.0518508 0.0516514 0.104015 0.0539283
11 0.736362 0.454026 0.0953443 0.191205 0.0538333
4 0.442835 0.185627 0.0237588 0.0167973 0.0538297
6 0.0999795 0.575135 0.200536 0.857895 0.0515084
6 0.64063 0.221668 0.0187253 0.0976814 0.0513514
4 0.611754 0.250082 0.0240314 0.0411706 0.0511848
4 0.969963 0.0449652 0.0614412 0.0935138 0.0503597
6 0.0170519 0.913419 0.033869 0.173066 0.0502064
6 0.848254 0.54519 0.30125 0.487006 0.0498132
4 0.691734 0.26348 0.0127631 0.0281051 0.0482981
6 0.820381 0.51963 0.195684 0.422936 0.0476522
10 0.528508 0.182722 0.0631984 0.230065 0.047298
6 0.640468 0.212098 0.0182495 0.0779176 0.0465935
6 0.631672 0.229801 0.0643496 0.109768 0.0465792
6 0.0435841 0.666459 0.0853097 0.683224 0.0463487
6 0.562756 0.989633 0.184008 0.0224306 0.0460538
4 0.779138 0.145554 0.0384125 0.059118 0.0454939
6 0.866419 0.410542 0.0999454 0.235447 0.0454857
4 0.968644 0.0676222 0.0633892 0.133787 0.0454073
6 0.82759 0.465991 0.160492 0.356861 0.0450121
6 0.0281014 0.746952 0.0567955 0.523866 0.0449963
10 0.540788 0.0926275 0.0205667 0.0373943 0.0445386
10 0.527069 0.175126 0.0201635 0.0430887 0.0442643
4 0.482584 0.200274 0.123489 0.0764632 0.0441638
6 0.150981 0.68718 0.305895 0.638829 0.0439184
6 0.529433 0.202272 0.0213223 0.0396736 0.0436659
3 0.0665878 0.97447 0.133527 0.0521956 0.0436063
6 0.631061 0.23406 0.0651281 0.134111 0.043497
4 0.97434 0.0739012 0.0509996 0.149516 0.0425377
6 0.0711996 0.82144 0.151494 0.365242 0.042451
4 0.588375 0.216538 0.0529316 0.0364967 0.0419889
6 0.0782585 0.751412 0.162645 0.517515 0.0419666
5 0.533919 0.0999717 0.0362543 0.0540995 0.041619
4 0.66848 0.256968 0.0588132 0.0389111 0.0415487
6 0.80921 0.509843 0.200097 0.422104 0.0412576
6 0.799802 0.536173 0.145723 0.363477 0.0412436
2 0.922533 0.515303 0.0349234 0.073285 0.0407273
4 0.689337 0.164693 0.0163517 0.0830675 0.0402015
6 0.0439797 0.507279 0.0862229 0.986193 0.0400275
2 0.837859 0.112085 0.0591383 0.185152 0.0399351
6 0.813611 0.530226 0.200458 0.39645 0.0398611
8 0.470292 0.631016 0.189797 0.284928 0.0398182
6 0.780415 0.477526 0.0463252 0.172742 0.0395696
4 0.809173 0.150886 0.0971073 0.108258 0.0392671
6 0.776311 0.546206 0.0816645 0.333868 0.0391732
10 0.785854 0.144304 0.0243681 0.0453121 0.0390883
4 0.689838 0.160557 0.0182797 0.14833 0.0389817
6 0.748355 0.53817 0.143253 0.380685 0.038537
2 0.0698622 0.420948 0.0296049 0.135362 0.0384352
8 0.386425 0.496011 0.223172 0.293276 0.0383185
10 0.319027 0.133194 0.0163627 0.0827275 0.0380745
2 0.197692 0.393599 0.0283635 0.0549025 0.0378037
6 0.414399 0.927328 0.825139 0.148425 0.0375875
6 0.835114 0.46769 0.145084 0.199562 0.037478
2 0.197248 0.382984 0.0208585 0.0333559 0.0374537
6 0.0379971 0.725421 0.0822152 0.587952 0.0371974
4 0.543973 0.224347 0.098242 0.147364 0.036984
6 0.0692797 0.954253 0.140125 0.0936873 0.0366706
7 0.745422 0.39147 0.0631883 0.0578337 0.0366022
8 0.469203 0.61855 0.184455 0.269167 0.0356675
10 0.539899 0.0994328 0.021713 0.0559734 0.0355878
6 0.0740494 0.634788 0.144835 0.757036 0.0351619
6 0.713133 0.478549 0.0718653 0.226303 0.0350963
4 0.588431 0.192627 0.148355 0.0797238 0.0350561
6 0.772558 0.475211 0.0625976 0.173159 0.0348002
4 0.678053 0.261525 0.0318694 0.0318158 0.0347923
6 0.0776457 0.536089 0.109422 0.24205 0.0346448
6 0.869635 0.625516 0.109316 0.161363 0.0346416
6 0.171658 0.562946 0.126649 0.152547 0.0344363
7 0.336906 0.360389 0.0161573 0.0183318 0.0339622
6 0.526514 0.203518 0.0240255 0.0371119 0.0336566
2 0.841437 0.0842995 0.0506664 0.122384 0.0331004
6 0.125794 0.971433 0.253229 0.0583664 0.0328063
7 0.725167 0.390849 0.0277184 0.0470625 0.0327008
10 0.779893 0.151311 0.0443899 0.0656636 0.0326217
6 0.714066 0.455079 0.0573861 0.177946 0.0325033
6 0.150562 0.971775 0.30244 0.0571869 0.0324551
6 0.835937 0.547119 0.325884 0.477606 0.0323383
7 0.336385 0.361996 0.0180367 0.0171666 0.0320766
6 0.0444729 0.570035 0.0895492 0.357819 0.0318576
6 0.341609 0.92468 0.679748 0.152627 0.0317942
6 0.871619 0.7131 0.245395 0.257174 0.0317619
7 0.782841 0.389203 0.02785 0.0481131 0.031735
4 0.842704 0.0502204 0.0438429 0.0572797 0.0314775
6 0.0178218 0.716432 0.0365903 0.585014 0.0313827
6 0.782287 0.494221 0.0419394 0.159403 0.0310376
3 0.968447 0.116578 0.063287 0.231816 0.0308985
6 0.830874 0.565528 0.334865 0.518718 0.030713
2 0.921548 0.519441 0.0321232 0.0667842 0.0306324
6 0.651263 0.228685 0.0226823 0.0906665 0.0304021
6 0.0372001 0.5111 0.0741201 0.981807 0.0300186
6 0.407711 0.703975 0.817241 0.591715 0.0299253
6 0.786268 0.61031 0.112498 0.275364 0.0297397
8 0.401066 0.425849 0.197777 0.161067 0.0289602
4 0.562029 0.204001 0.0326645 0.0631574 0.0288284
8 0.43272 0.587607 0.11294 0.22446 0.028773
8 0.31015 0.475845 0.0712233 0.11752 0.0286835
6 0.0174675 0.98416 0.0340861 0.030139 0.0284949
8 0.441199 0.577536 0.133603 0.210755 0.0284389
6 0.861517 0.50145 0.118862 0.13549 0.0281402
6 0.901595 0.366727 0.193618 0.168883 0.0280618
8 0.32845 0.459158 0.110536 0.192062 0.0280252
8 0.30393 0.515502 0.06177 0.237133 0.0279071
8 0.505049 0.659271 0.987291 0.678593 0.0278886
7 0.752037 0.39596 0.0457506 0.0317639 0.0278527
6 0.709844 0.447925 0.0534998 0.176233 0.0277634
6 0.894789 0.419961 0.162975 0.259231 0.0277129
6 0.96424 0.778674 0.0721382 0.428256 0.0276663
6 0.524049 0.195668 0.0619578 0.0485088 0.0276465
7 0.774834 0.39742 0.0190529 0.0403911 0.0274667
10 0.95699 0.11188 0.0401039 0.126878 0.027056
6 0.293773 0.706391 0.588144 0.589854 0.0268217
6 0.783132 0.503956 0.040102 0.110826 0.0267891
8 0.424425 0.601293 0.111133 0.244125 0.0267298
8 0.32468 0.511469 0.097199 0.275155 0.0265876
2 0.919029 0.491953 0.056143 0.131292 0.026572
6 0.790559 0.557752 0.0508356 0.176151 0.0265568
6 0.703233 0.971684 0.146786 0.0589398 0.0264126
6 0.77909 0.526014 0.10606 0.30929 0.0261021
8 0.436785 0.612575 0.125829 0.277583 0.0258593
6 0.635844 0.287115 0.0186929 0.0392699 0.0258463
8 0.420238 0.451323 0.165295 0.119613 0.0254983
6 0.652798 0.204221 0.012821 0.0490477 0.025277
2 0.923378 0.539838 0.0329655 0.102144 0.0250196
6 0.114753 0.911689 0.228379 0.177098 0.0246907
10 0.485259 0.528261 0.0368249 0.0485159 0.024379
6 0.665598 0.318907 0.0564684 0.0759282 0.0243192
8 0.389644 0.383902 0.204831 0.0947606 0.0243135
8 0.307386 0.564627 0.0745806 0.169447 0.0242396
2 0.155836 0.463089 0.0171644 0.032556 0.0241625
4 0.50262 0.194512 0.0251208 0.0596733 0.0237018
11 0.739223 0.392397 0.07688 0.0661338 0.0235854
4 0.521875 0.149864 0.0461246 0.140573 0.0232802
8 0.434242 0.397142 0.137021 0.105063 0.0231094
8 0.437849 0.562101 0.123721 0.175959 0.0230919
8 0.435045 0.42923 0.137411 0.150575 0.0230424
6 0.0636317 0.579825 0.12478 0.945501 0.0230099
10 0.125398 0.988884 0.0992387 0.0236977 0.0228928
6 0.956323 0.582991 0.0894993 0.397095 0.0228529
8 0.416896 0.671278 0.0918995 0.194668 0.0227441
11 0.950797 0.588876 0.100213 0.409147 0.0225147
6 0.0185599 0.520676 0.0377999 0.93784 0.0223215
11 0.924305 0.356269 0.155845 0.144156 0.022308
6 0.640377 0.248692 0.00986729 0.0787771 0.0221477
8 0.452473 0.440894 0.0855982 0.149149 0.021959
8 0.324823 0.561616 0.108241 0.0844857 0.0219388
2 0.923472 0.55703 0.0240639 0.0636707 0.0218611
4 0.781841 0.178942 0.0489626 0.042546 0.0216856
6 0.96507 0.588493 0.0714924 0.421435 0.0216724
6 0.334986 0.793469 0.655573 0.420357 0.021672
6 0.521493 0.237906 0.0307742 0.0280136 0.0216397
6 0.286088 0.914515 0.509209 0.201676 0.0216381
11 0.930464 0.37064 0.134431 0.133344 0.0215183
7 0.742241 0.371342 0.0315226 0.0283422 0.0214257
8 0.454301 0.424238 0.0963839 0.151283 0.0210411
11 0.0173742 0.983032 0.0349091 0.0319008 0.0210262
6 0.732193 0.542013 0.0395018 0.0441586 0.0207473
6 0.0629227 0.993157 0.120876 0.0154633 0.0204266
11 0.330634 0.403384 0.109732 0.139805 0.020354
8 0.530118 0.725153 0.0437735 0.0522015 0.0203503
8 0.439079 0.545267 0.110772 0.130318 0.0202717
6 0.853082 0.759646 0.290034 0.511864 0.0202546
8 0.432481 0.524721 0.117478 0.0864688 0.0201273
7 0.782682 0.435574 0.0322701 0.0672345 0.0201024
8 0.30154 0.594481 0.0556565 0.147397 0.0198469
4 0.572755 0.466649 0.0569227 0.0480861 0.0198157
10 0.513662 0.108007 0.0205556 0.0251529 0.0197119
10 0.510285 0.132977 0.0220079 0.10313 0.0196617
8 0.426579 0.72132 0.12122 0.0935732 0.0195157
4 0.654432 0.273692 0.0375176 0.0707024 0.0195091
4 0.562878 0.450997 0.0595986 0.0322442 0.0195041
8 0.511689 0.648494 0.999954 0.717459 0.0194608
2 0.925115 0.567194 0.0305649 0.0580375 0.019443
6 0.116439 0.587283 0.235761 0.86523 0.0193911
6 0.737512 0.649219 0.0599708 0.0699534 0.019343
10 0.819862 0.755264 0.0456299 0.0695108 0.0190528
10 0.717455 0.739422 0.0683275 0.0902115 0.0189792
8 0.412294 0.704873 0.0730343 0.122114 0.0189781
6 0.882666 0.874849 0.217882 0.150435 0.0189508
6 0.879578 0.679405 0.0548082 0.0909142 0.0186533
10 0.718964 0.932905 0.115832 0.1369 0.0185804
8 0.543199 0.626624 0.0731914 0.252265 0.0185181
10 0.858345 0.807614 0.080286 0.0976273 0.0184693
10 0.508245 0.223034 0.0109509 0.0345991 0.0184569
6 0.876641 0.889237 0.229113 0.20347 0.0184
8 0.374316 0.629676 0.0454141 0.0366231 0.0182462
6 0.789229 0.759045 0.148415 0.205006 0.0181451
8 0.346036 0.394424 0.094373 0.0587585 0.018125
5 0.156454 0.436597 0.0269247 0.0569842 0.0180147
10 0.570389 0.403872 0.0161488 0.0248778 0.0178986
5 0.158094 0.479494 0.0310935 0.0408866 0.0177528
10 0.814184 0.779799 0.0640385 0.0406671 0.0176317
10 0.725762 0.916841 0.0771591 0.118289 0.0174586
10 0.737817 0.840653 0.0566654 0.051759 0.0173241
10 0.740555 0.918569 0.176391 0.195026 0.0173219
10 0.725805 0.931378 0.17013 0.131522 0.0172358
7 0.702672 0.412632 0.015321 0.0319561 0.0172007
4 0.523497 0.294405 0.0341373 0.0241443 0.0170943
10 0.896596 0.784628 0.0340946 0.0478606 0.0170593
10 0.59622 0.681919 0.0165388 0.0197035 0.0169683
10 0.740825 0.859554 0.0764235 0.134257 0.0168076
11 0.82851 0.914045 0.314908 0.171229 0.0166649
10 0.716143 0.892035 0.0730168 0.11483 0.0166624
10 0.522815 0.371366 0.0155195 0.0254308 0.0166133
10 0.749075 0.907385 0.138872 0.200535 0.0165749
8 0.357759 0.384079 0.076283 0.0547846 0.0164009
10 0.76227 0.779878 0.0375052 0.0510563 0.016318
10 0.381304 0.775398 0.088912 0.126202 0.0162394
6 0.79261 0.966285 0.380002 0.133287 0.0162383
10 0.692783 0.894875 0.0629796 0.107158 0.0160789
10 0.272896 0.703402 0.0609066 0.110602 0.0159112
10 0.754332 0.908457 0.117582 0.144214 0.0158227
10 0.91923 0.870038 0.10925 0.112514 0.0155965
10 0.821112 0.844124 0.0748686 0.0657028 0.0155719
10 0.219592 0.910684 0.110214 0.0739984 0.0154665
10 0.750416 0.864822 0.113295 0.152435 0.0153271
10 0.910106 0.900063 0.0587128 0.0921494 0.0153008
6 0.657408 0.733613 0.0294787 0.0422213 0.0152333
11 0.311448 0.71106 0.108903 0.0645216 0.0150822
10 0.365398 0.863033 0.0829845 0.125637 0.0148224
2 0.88887 0.876264 0.0896513 0.10944 0.0147613
10 0.285395 0.8764 0.0680353 0.0358482 0.0146917
10 0.301846 0.756779 0.114174 0.0603381 0.0145195
2 0.291937 0.806625 0.0693677 0.0534451 0.0139353
