8 0.665924 0.562946 0.148412 0.352544 0.880551
6 0.87917 0.5473 0.242011 0.511638 0.856459
8 0.553732 0.703218 0.329339 0.320161 0.855527
11 0.741551 0.456936 0.113239 0.205765 0.732251
6 0.166917 0.495102 0.151546 0.283164 0.366861
11 0.316866 0.382488 0.123381 0.0983588 0.319916
6 0.17406 0.539103 0.136368 0.193697 0.237414
2 0.923389 0.479427 0.0389206 0.150202 0.206809
6 0.646152 0.222114 0.0333352 0.101485 0.200341
6 0.883374 0.634088 0.231477 0.312833 0.188116
6 0.519658 0.225291 0.0468043 0.136136 0.172329
10 0.521634 0.226014 0.0454764 0.145705 0.149628
10 0.528765 0.186743 0.0252735 0.0676889 0.137513
11 0.314827 0.416401 0.139311 0.175872 0.126928
4 0.555939 0.19221 0.0256804 0.0455932 0.124411
7 0.360381 0.354749 0.0245126 0.026546 0.121809
10 0.529357 0.230928 0.0302558 0.155927 0.114832
10 0.518941 0.188622 0.0456791 0.0649387 0.113458
7 0.339495 0.359037 0.0216825 0.022794 0.109746
6 0.646195 0.207911 0.0352845 0.131866 0.109592
6 0.593634 0.963371 0.515263 0.0729525 0.106726
6 0.533323 0.235235 0.0747764 0.159131 0.0999276
6 0.0870119 0.68383 0.17308 0.636374 0.0985183
6 0.116983 0.704446 0.236694 0.595376 0.0983037
6 0.50473 0.195511 0.0205233 0.0443079 0.0924246
10 0.526538 0.187875 0.0535143 0.232912 0.0912221
6 0.507199 0.964726 0.580478 0.0712834 0.088357
6 0.664704 0.962729 0.242311 0.0752465 0.087602
6 0.0378767 0.813733 0.0778949 0.377254 0.0854965
6 0.541673 0.223048 0.0561142 0.135121 0.0843808
6 0.769423 0.965709 0.444689 0.0689451 0.0828007
6 0.828673 0.422963 0.150175 0.26124 0.0825935
6 0.661941 0.169336 0.0684912 0.21316 0.0809778
6 0.520667 0.201414 0.0386915 0.0404724 0.0800025
6 0.130679 0.497558 0.231157 0.301183 0.0797855
6 0.880366 0.54998 0.238883 0.504857 0.0780772
6 0.127903 0.43301 0.229032 0.424308 0.0767312
6 0.0535122 0.914296 0.10806 0.172233 0.0760966
6 0.832228 0.493492 0.158026 0.400013 0.0745758
6 0.859512 0.347682 0.0866377 0.109123 0.0743922
4 0.593704 0.236615 0.0628313 0.070101 0.0742229
4 0.612154 0.235798 0.0273168 0.0664942 0.0732726
4 0.691162 0.182407 0.0159773 0.0406217 0.071264
6 0.517646 0.197622 0.0448586 0.0445614 0.0700473
6 0.64613 0.168502 0.0370083 0.211215 0.0686614
6 0.829631 0.509763 0.173517 0.435588 0.0685493
10 0.5312 0.14456 0.0442665 0.14694 0.0679856
6 0.689037 0.963568 0.234483 0.0737057 0.0671431
7 0.362905 0.355093 0.0192408 0.0253904 0.0667844
6 0.0177433 0.911862 0.0357494 0.1763 0.0660956
6 0.0648711 0.709487 0.131104 0.595074 0.0644674
6 0.541407 0.188548 0.0519946 0.0706868 0.0643267
6 0.528251 0.201875 0.0239457 0.0394212 0.0641077
4 0.573303 0.219682 0.0150314 0.0246345 0.0638439
6 0.83402 0.417499 0.143693 0.253916 0.0637743
6 0.631726 0.969288 0.589314 0.0626956 0.0630871
6 0.830542 0.531987 0.324055 0.479044 0.0630576
6 0.130494 0.643551 0.228845 0.487574 0.0619838
6 0.831521 0.46403 0.148345 0.348494 0.061581
6 0.831475 0.480771 0.149719 0.377769 0.060258
6 0.522553 0.195905 0.0431849 0.0848329 0.0583485
11 0.527735 0.40083 0.560319 0.15664 0.0583457
4 0.690683 0.292895 0.0121469 0.0356862 0.0582091
6 0.0470585 0.503278 0.0921523 0.995821 0.0563874
6 0.0709443 0.925206 0.143864 0.151309 0.0559851
4 0.556114 0.177695 0.0267634 0.0750613 0.0555683
4 0.691023 0.279367 0.0127262 0.064092 0.0545518
2 0.349935 0.356722 0.047965 0.0336732 0.0540306
6 0.0291102 0.676951 0.0581658 0.660198 0.0536481
4 0.575612 0.197534 0.0713798 0.0634678 0.0529482
6 0.0221992 0.761224 0.0451586 0.488882 0.052363
4 0.650831 0.257073 0.0242631 0.0288963 0.0519697
6 0.124375 0.716208 0.255426 0.580784 0.0510082
4 0.527227 0.0964437 0.0492978 0.0436635 0.0505805
6 0.642665 0.194047 0.0242022 0.0368611 0.050353
6 0.639868 0.222497 0.017896 0.0960781 0.050097
2 0.20031 0.37915 0.0159916 0.0314512 0.0499482
8 0.665665 0.483586 0.142538 0.191532 0.0492123
6 0.823971 0.507446 0.177198 0.432929 0.0487764
6 0.55777 0.202726 0.0306523 0.0638592 0.0487645
6 0.640329 0.205933 0.0174948 0.06304 0.0486277
6 0.789204 0.529735 0.253462 0.41914 0.0482545
6 0.20785 0.697903 0.420719 0.615462 0.0466971
6 0.865801 0.410215 0.0956594 0.231073 0.0461364
2 0.840873 0.0766759 0.0501957 0.109355 0.0456508
7 0.338909 0.361142 0.0173423 0.0164302 0.0453401
2 0.0983519 0.977283 0.0624883 0.0472815 0.0452588
6 0.226945 0.974293 0.455491 0.0525246 0.0451141
7 0.337694 0.359823 0.0177865 0.0176595 0.0449505
10 0.318174 0.128551 0.0265659 0.1014 0.0446259
6 0.0900003 0.508208 0.175045 0.983926 0.0444008
6 0.73557 0.457846 0.0988807 0.199996 0.0442905
6 0.780217 0.46621 0.0441891 0.175889 0.0439868
6 0.631114 0.248376 0.0662562 0.146532 0.0439194
2 0.839335 0.11232 0.0567013 0.181209 0.0438987
10 0.527178 0.17347 0.0187977 0.0401779 0.0437081
6 0.786948 0.542946 0.419764 0.488621 0.043705
8 0.663819 0.577121 0.14892 0.327592 0.0432649
6 0.135345 0.676352 0.233891 0.65544 0.0429907
6 0.827747 0.598138 0.129007 0.198735 0.042937
6 0.0701979 0.718397 0.146244 0.576366 0.0428086
6 0.594362 0.256622 0.0724132 0.110177 0.0426224
6 0.836074 0.427907 0.305 0.264985 0.0422592
2 0.0707035 0.423878 0.0313457 0.14066 0.0422294
10 0.524694 0.148787 0.0559298 0.148331 0.0419449
6 0.632734 0.245736 0.0698977 0.143888 0.0417967
2 0.841035 0.0867604 0.0520018 0.127825 0.0416821
3 0.95042 0.116118 0.0992596 0.231875 0.0412982
6 0.0199077 0.689628 0.0406454 0.630184 0.0412961
11 0.31919 0.365226 0.111452 0.0635225 0.0408026
4 0.441216 0.184294 0.0247233 0.0181238 0.0402296
6 0.0739227 0.530012 0.100526 0.24419 0.0387815
7 0.541463 0.0914152 0.01964 0.0372423 0.0386571
2 0.922094 0.518191 0.0342274 0.0697335 0.0382508
7 0.336061 0.356025 0.0134514 0.0186922 0.0379694
6 0.808197 0.505055 0.160472 0.465563 0.0378342
6 0.226075 0.915983 0.466369 0.173304 0.0374216
4 0.809254 0.151992 0.097798 0.108674 0.0370727
6 0.164962 0.507239 0.103063 0.123175 0.0369657
6 0.414805 0.924422 0.826721 0.154831 0.0366016
6 0.644727 0.226203 0.0157433 0.0872981 0.0365906
4 0.968625 0.0567326 0.0626724 0.111567 0.0365486
6 0.836078 0.569714 0.322307 0.485863 0.0364206
6 0.54548 0.553043 0.914873 0.539971 0.0363877
6 0.529074 0.200418 0.0198638 0.0395184 0.0361382
4 0.197734 0.394197 0.028677 0.0561288 0.0358457
2 0.779564 0.0393801 0.0360962 0.0810716 0.0358194
6 0.150235 0.532748 0.0878806 0.131534 0.0357976
7 0.511467 0.203163 0.0141125 0.0294763 0.035786
6 0.808872 0.56751 0.138516 0.334028 0.0351763
10 0.530898 0.152947 0.0441186 0.1604 0.0348436
6 0.772458 0.554441 0.0668851 0.323663 0.0348084
6 0.177179 0.664469 0.144984 0.206619 0.0345296
6 0.817302 0.581264 0.109858 0.22947 0.0342957
11 0.735167 0.391518 0.0854264 0.0672014 0.0339189
6 0.902242 0.364147 0.190793 0.159032 0.0336433
2 0.92239 0.485646 0.0338486 0.132781 0.0336215
6 0.530056 0.28012 0.0297082 0.0631148 0.0331346
6 0.712605 0.455474 0.176275 0.207503 0.0331282
6 0.0480978 0.556457 0.0979023 0.366892 0.0330874
5 0.534629 0.100419 0.0336861 0.0457897 0.0329966
2 0.842139 0.0505258 0.0438044 0.0535432 0.0327987
7 0.747654 0.391056 0.0580548 0.0563164 0.0326411
4 0.612086 0.253915 0.0238997 0.0316381 0.0326387
4 0.785647 0.143839 0.0252037 0.0443271 0.0326092
8 0.55264 0.738605 0.328449 0.262619 0.0324366
7 0.329683 0.332761 0.0122132 0.0446149 0.0323697
4 0.975699 0.0575997 0.0477184 0.114528 0.0322077
6 0.260118 0.707723 0.524644 0.598094 0.0320657
6 0.0176389 0.98126 0.0352239 0.0356398 0.0317942
10 0.319116 0.135583 0.0164681 0.0761365 0.0317451
10 0.779189 0.145218 0.040279 0.0612621 0.0315726
7 0.746969 0.386964 0.0529644 0.043111 0.0313801
6 0.886051 0.417552 0.216058 0.258874 0.0310425
8 0.669843 0.560471 0.0485842 0.0666975 0.0310335
2 0.964749 0.109523 0.0704979 0.21605 0.0309908
6 0.963043 0.775426 0.0746466 0.439263 0.0309625
6 0.876429 0.738113 0.228661 0.199173 0.0309229
7 0.35423 0.356963 0.0164392 0.021612 0.0308756
6 0.037601 0.509614 0.0737388 0.989237 0.0308448
3 0.966031 0.115808 0.067625 0.229594 0.0308239
7 0.782047 0.395707 0.021501 0.0363482 0.0306546
6 0.020197 0.509022 0.0412558 0.979213 0.0302485
6 0.771058 0.542416 0.0818922 0.344833 0.0299907
2 0.925371 0.508805 0.028511 0.118869 0.0299717
2 0.332477 0.338806 0.0179364 0.0562398 0.0299708
6 0.778433 0.481567 0.0452027 0.157914 0.0298541
6 0.258648 0.671537 0.51784 0.668499 0.0297205
4 0.829967 0.174161 0.0522194 0.0637255 0.0295263
11 0.0194964 0.982733 0.0390392 0.0329309 0.0290891
8 0.554902 0.64382 0.296123 0.217652 0.0289507
8 0.634518 0.483849 0.0905996 0.189104 0.0287335
6 0.653393 0.226323 0.0181583 0.0874477 0.0286211
7 0.771896 0.398673 0.0170901 0.0343131 0.0281866
6 0.0404731 0.629461 0.0865931 0.516892 0.0281715
2 0.92105 0.527132 0.0304869 0.0614843 0.027951
6 0.875521 0.775057 0.230923 0.195996 0.0276698
6 0.502509 0.659906 0.972954 0.674024 0.0274466
8 0.600922 0.658648 0.20518 0.250777 0.0273005
6 0.957144 0.581172 0.0873354 0.392206 0.0272068
10 0.643532 0.517018 0.0428452 0.092214 0.0269219
4 0.827186 0.173514 0.0328939 0.0447495 0.0267496
7 0.74561 0.384069 0.0400422 0.0321253 0.0267072
8 0.629121 0.683122 0.169871 0.314592 0.0264401
2 0.925232 0.46289 0.0461679 0.0887199 0.0262832
11 0.350381 0.367703 0.0550923 0.0572881 0.0258472
6 0.800961 0.414858 0.0720675 0.242469 0.0257998
6 0.151432 0.756454 0.185779 0.188369 0.0257281
6 0.779109 0.481129 0.0463135 0.172568 0.0256565
2 0.674378 0.582851 0.0261118 0.0196216 0.0256468
2 0.850933 0.119288 0.0339001 0.179711 0.0255381
6 0.851847 0.70671 0.285216 0.34152 0.0254114
6 0.105327 0.966119 0.150079 0.100183 0.0252869
6 0.39239 0.680698 0.770474 0.646752 0.0252193
8 0.430526 0.667016 0.0906798 0.0827544 0.025163
4 0.525949 0.100534 0.051903 0.0538379 0.0248722
8 0.481765 0.639076 0.187202 0.156909 0.0247994
8 0.508652 0.692942 0.19306 0.253072 0.024699
6 0.113936 0.821152 0.21425 0.377591 0.0243367
8 0.65936 0.639856 0.0929697 0.210878 0.0243325
8 0.514321 0.62736 0.208874 0.164403 0.0243118
6 0.121887 0.522046 0.240371 0.964117 0.0242701
8 0.635337 0.641685 0.152246 0.213114 0.0240694
6 0.111337 0.826578 0.222923 0.334337 0.0239022
8 0.633468 0.79406 0.1742 0.141084 0.023874
8 0.646469 0.643168 0.113359 0.210481 0.0238409
8 0.45211 0.655464 0.134707 0.15756 0.0238381
8 0.709762 0.624537 0.0724216 0.217083 0.0238182
8 0.642859 0.794216 0.158182 0.138539 0.0237895
4 0.669401 0.254806 0.0617587 0.0554412 0.0236509
6 0.911228 0.511516 0.127644 0.197778 0.0234512
6 0.160735 0.413813 0.0710669 0.0878731 0.0234473
8 0.647116 0.735129 0.0902458 0.0876998 0.0233983
6 0.951401 0.603537 0.0979494 0.37953 0.0233279
2 0.0908721 0.981952 0.04457 0.0362464 0.0233035
6 0.860682 0.717883 0.271042 0.593661 0.0232302
8 0.653608 0.54556 0.0203436 0.0383001 0.0229134
6 0.971881 0.590174 0.0578117 0.415847 0.0227967
8 0.651844 0.650963 0.0997525 0.213193 0.0224951
8 0.553096 0.622824 0.109782 0.142051 0.0222224
8 0.640753 0.791047 0.125503 0.14308 0.0221231
11 0.346698 0.369583 0.0563153 0.04757 0.0221176
6 0.472241 0.889192 0.841807 0.22442 0.0220765
6 0.483288 0.757578 0.0646473 0.0785755 0.0218112
8 0.692435 0.566853 0.0531385 0.0623245 0.0217071
6 0.715687 0.460055 0.0623003 0.13409 0.0216369
8 0.669332 0.670596 0.052998 0.129379 0.0216228
8 0.638104 0.562107 0.0793613 0.0497564 0.0214229
6 0.45697 0.785217 0.890127 0.410456 0.0213545
8 0.606242 0.720688 0.0537795 0.0924843 0.0209923
2 0.667186 0.678703 0.0470601 0.116068 0.0209865
8 0.453887 0.706417 0.134422 0.187809 0.0209849
6 0.0176872 0.398549 0.0344857 0.681505 0.0208242
8 0.721047 0.605825 0.0576127 0.248167 0.0207304
10 0.537063 0.0942567 0.0274217 0.0370093 0.0205831
8 0.446687 0.602515 0.734381 0.562213 0.0205417
7 0.784704 0.388238 0.0285442 0.0663202 0.0204945
8 0.636202 0.591343 0.0642395 0.0805759 0.0203574
2 0.913668 0.469994 0.068012 0.175208 0.0203144
8 0.610249 0.735825 0.0367475 0.0522181 0.0202741
6 0.736312 0.559041 0.505847 0.625134 0.020211
8 0.692052 0.471981 0.0979856 0.173817 0.0200321
6 0.168225 0.944375 0.15056 0.133237 0.0199945
6 0.169645 0.644661 0.0942246 0.0891311 0.0196714
10 0.717075 0.69849 0.0547558 0.138926 0.0195982
8 0.664238 0.710725 0.0607327 0.0545711 0.019457
8 0.715786 0.640284 0.0543256 0.201005 0.0194505
4 0.948911 0.177408 0.100908 0.232834 0.0193988
6 0.689304 0.639959 0.60268 0.475223 0.0193534
8 0.617819 0.562606 0.43853 0.371464 0.0193487
10 0.599331 0.31784 0.0155628 0.0433692 0.0192319
10 0.928477 0.598095 0.0297134 0.0529472 0.0190487
8 0.453518 0.718832 0.125073 0.153944 0.0189205
6 0.867983 0.923745 0.258016 0.17782 0.0188936
8 0.45241 0.726626 0.137335 0.207011 0.0187926
6 0.136257 0.381008 0.0398776 0.100983 0.0185202
10 0.621303 0.84029 0.0594662 0.0636133 0.0184964
10 0.770055 0.836956 0.0473115 0.0800513 0.0183513
8 0.669811 0.39726 0.0928596 0.0717021 0.0180155
10 0.865097 0.713756 0.054583 0.0808277 0.017958
8 0.693204 0.772269 0.0705264 0.0851368 0.0178893
10 0.874798 0.79522 0.0739363 0.101382 0.0178051
6 0.481848 0.759749 0.890226 0.452971 0.0177623
8 0.550428 0.781393 0.0568659 0.0757482 0.0176787
11 0.752519 0.408863 0.0428012 0.0462201 0.0175555
10 0.626391 0.961305 0.0480497 0.0357941 0.017528
10 0.774391 0.175107 0.0429674 0.059935 0.0174161
10 0.704669 0.947958 0.116599 0.121988 0.0173471
2 0.667328 0.839079 0.0340918 0.0584894 0.0173161
10 0.648933 0.337693 0.0436735 0.093106 0.0172909
5 0.543255 0.349775 0.0395523 0.0792105 0.0171658
4 0.606884 0.346271 0.0530287 0.042649 0.0171421
10 0.575577 0.254723 0.0151714 0.0230675 0.0169369
8 0.637208 0.835645 0.132132 0.141984 0.0169206
11 0.76662 0.802874 0.137188 0.26471 0.0168652
10 0.853693 0.865678 0.0822433 0.101366 0.0168427
8 0.685727 0.839452 0.149339 0.15946 0.0167332
8 0.663036 0.830596 0.10577 0.0901938 0.0166922
8 0.563522 0.820498 0.132162 0.122453 0.016537
10 0.81107 0.747046 0.077254 0.0488325 0.0164727
10 0.72418 0.943028 0.106899 0.127609 0.0163478
6 0.898841 0.71205 0.0371288 0.0632968 0.0162762
10 0.365721 0.587093 0.0605678 0.0791261 0.0162358
10 0.729217 0.911307 0.0585517 0.117521 0.0160359
6 0.336759 0.785562 0.100726 0.0614031 0.0158207
8 0.670213 0.387117 0.113177 0.0859362 0.0156476
2 0.88827 0.873229 0.0940481 0.104323 0.0156129
6 0.194841 0.790503 0.0355005 0.0326781 0.0155318
10 0.472484 0.505456 0.0146203 0.0216459 0.0155128
10 0.826513 0.833406 0.0498287 0.0291401 0.0155007
2 0.509059 0.86067 0.0624765 0.0445445 0.0152108
10 0.687844 0.828021 0.0711499 0.0740793 0.0150595
10 0.563458 0.942708 0.298061 0.118336 0.0149794
11 0.885191 0.942428 0.203948 0.12999 0.0149138
10 0.663846 0.875883 0.136048 0.0898682 0.0148783
2 0.373027 0.541477 0.0432712 0.0354675 0.014861
11 0.365473 0.757541 0.240551 0.0968075 0.0147948
10 0.882467 0.835025 0.0405367 0.0481762 0.0146058
2 0.286473 0.847118 0.0611064 0.0390088 0.0143246
6 0.889411 0.904064 0.141839 0.116734 0.0136678
