10 0.771429 0.353584 0.111904 0.45312 0.911024
10 0.264498 0.424043 0.24654 0.559837 0.906304
6 0.184222 0.590234 0.367339 0.817233 0.902029
11 0.631981 0.458434 0.15876 0.337716 0.860828
11 0.587658 0.790088 0.288648 0.420138 0.702923
5 0.43674 0.727394 0.0429235 0.167332 0.673433
2 0.619844 0.615315 0.0345626 0.207511 0.346266
7 0.975326 0.600106 0.0492277 0.164759 0.303525
7 0.965971 0.791431 0.0672796 0.266283 0.290689
10 0.965662 0.121107 0.0610394 0.23887 0.198374
7 0.665063 0.283984 0.0256256 0.0753522 0.171372
2 0.59178 0.643121 0.0416176 0.176047 0.168257
10 0.965656 0.245645 0.0669493 0.486753 0.164511
7 0.967677 0.724544 0.0645878 0.434534 0.145963
2 0.622158 0.258015 0.0204283 0.1223 0.141607
7 0.456315 0.308923 0.0212883 0.0506819 0.121239
10 0.965842 0.19447 0.064122 0.383551 0.112203
7 0.963045 0.826111 0.0736366 0.341999 0.109713
6 0.952354 0.475787 0.0947586 0.300275 0.100695
11 0.340706 0.872704 0.254889 0.253542 0.0966941
6 0.952298 0.512584 0.0959736 0.381174 0.0935504
2 0.992749 0.588242 0.0151499 0.174243 0.0931428
6 0.180024 0.588735 0.361086 0.812621 0.0835683
10 0.961961 0.220141 0.07575 0.447531 0.0828977
6 0.0846936 0.414807 0.169875 0.450028 0.0773834
2 0.619905 0.637864 0.0343903 0.15863 0.0739688
6 0.085028 0.592644 0.168035 0.803355 0.0718293
6 0.73651 0.467528 0.0525647 0.168104 0.069611
6 0.959321 0.536482 0.0815485 0.282354 0.069285
6 0.954575 0.463223 0.0914911 0.279219 0.0692671
7 0.665411 0.275077 0.0299299 0.0927981 0.0683103
7 0.36979 0.296325 0.0274389 0.0631658 0.0679109
7 0.453841 0.308277 0.0159282 0.0482018 0.0648052
6 0.256836 0.530419 0.242666 0.289954 0.0643277
5 0.43688 0.68909 0.0358382 0.0896251 0.0637572
6 0.259388 0.497345 0.242688 0.394597 0.0636081
7 0.397242 0.301791 0.0198559 0.0472001 0.0636072
2 0.0182852 0.880073 0.0367279 0.24013 0.0600692
6 0.963274 0.40144 0.0727943 0.170528 0.0594973
2 0.615801 0.547234 0.024586 0.0749904 0.059484
7 0.427451 0.296202 0.0541819 0.0766602 0.0586153
11 0.716049 0.7729 0.56139 0.454201 0.0585788
2 0.641447 0.277989 0.0241831 0.0870349 0.0579193
7 0.621544 0.287672 0.0140023 0.0630328 0.0575531
7 0.51974 0.301434 0.0210953 0.0569576 0.0574422
7 0.470899 0.315385 0.0165476 0.0419092 0.0569299
7 0.975181 0.608802 0.0484777 0.138585 0.0567936
6 0.964983 0.382893 0.0691341 0.364604 0.05659
7 0.342358 0.292454 0.046599 0.0709908 0.0558618
7 0.602772 0.29533 0.0165885 0.023917 0.0555463
7 0.351878 0.293957 0.0651889 0.0709203 0.0547313
6 0.260586 0.491299 0.241728 0.44784 0.0505504
4 0.256429 0.434969 0.0295706 0.0464619 0.0493729
6 0.029896 0.68277 0.060698 0.633718 0.0492997
6 0.0578128 0.593308 0.115068 0.812954 0.0488956
6 0.13081 0.42294 0.261474 0.471667 0.0488208
2 0.992448 0.501112 0.0158751 0.0977472 0.0483184
7 0.977071 0.705012 0.046567 0.403511 0.0475029
11 0.595051 0.650148 0.299945 0.704165 0.0472754
2 0.982386 0.543546 0.0339602 0.0615721 0.0471382
6 0.181159 0.586889 0.362332 0.786562 0.0466494
10 0.993456 0.131853 0.0141611 0.263525 0.045454
9 0.959932 0.509978 0.0802732 0.177906 0.0454003
10 0.301281 0.536558 0.15626 0.257226 0.0453534
7 0.468275 0.313594 0.0159704 0.0443341 0.0449079
2 0.617511 0.635301 0.0343416 0.164486 0.0446853
10 0.989675 0.879901 0.0203833 0.0947012 0.0442065
6 0.637432 0.483332 0.150455 0.310725 0.0433067
6 0.0302751 0.598263 0.0607738 0.806367 0.0430545
10 0.307922 0.547873 0.157809 0.280533 0.0429399
6 0.959854 0.436165 0.0795122 0.212872 0.042293
4 0.543575 0.625453 0.0305394 0.0430295 0.041221
7 0.60147 0.308197 0.0491824 0.035124 0.0411782
6 0.306703 0.501942 0.128574 0.192787 0.041012
7 0.534457 0.314369 0.0173342 0.0329572 0.0409368
6 0.0257067 0.674113 0.053121 0.655548 0.0408082
2 0.990357 0.510807 0.020097 0.12492 0.0402088
10 0.316736 0.438451 0.141095 0.532566 0.0391247
10 0.771346 0.354404 0.105323 0.444372 0.0390836
6 0.737103 0.418322 0.056107 0.271501 0.0390079
11 0.241267 0.891246 0.489262 0.217112 0.038728
10 0.31111 0.462498 0.134371 0.337456 0.0386454
7 0.653141 0.309306 0.0349038 0.0314641 0.0383192
2 0.994187 0.541389 0.0115074 0.0648153 0.0383093
6 0.253628 0.477413 0.25734 0.446045 0.0382282
6 0.154145 0.617894 0.311994 0.73195 0.0379657
6 0.0255479 0.436747 0.0525035 0.490893 0.0378248
10 0.975917 0.590178 0.0471546 0.149496 0.0378173
6 0.239553 0.644436 0.267506 0.38831 0.0375909
10 0.254181 0.434337 0.217816 0.502633 0.0374981
10 0.963074 0.410864 0.0737694 0.793873 0.0374256
7 0.660224 0.308443 0.0555518 0.0378251 0.0373932
2 0.98454 0.91549 0.0311777 0.16779 0.0367241
7 0.490928 0.32539 0.0287519 0.0270344 0.0364595
6 0.184693 0.69024 0.366742 0.544473 0.0364562
5 0.383609 0.823186 0.0716938 0.167192 0.0360851
6 0.254589 0.461746 0.227219 0.430417 0.0356922
10 0.959948 0.378766 0.0802765 0.636015 0.0355534
7 0.471231 0.324332 0.017382 0.0279622 0.0354876
6 0.199574 0.590074 0.218575 0.344178 0.0354117
6 0.0520976 0.601748 0.10693 0.798898 0.035289
6 0.184227 0.681453 0.371229 0.631182 0.0351698
2 0.615185 0.640201 0.0329486 0.142042 0.0350847
2 0.527618 0.770243 0.0203232 0.0377344 0.0350525
7 0.340712 0.276919 0.035291 0.0398014 0.0350516
10 0.314255 0.418005 0.141426 0.563057 0.0345538
10 0.297133 0.418766 0.172738 0.558829 0.0343371
6 0.958838 0.498428 0.0820065 0.168984 0.0339774
10 0.256354 0.445011 0.222435 0.485743 0.0338791
11 0.97816 0.383435 0.0423822 0.0553719 0.0337613
6 0.0604748 0.779776 0.122305 0.437656 0.0335773
7 0.988475 0.843508 0.0227394 0.196282 0.0333371
5 0.40997 0.807525 0.113016 0.232065 0.0332735
10 0.314669 0.472631 0.134085 0.460019 0.0331718
10 0.272985 0.448123 0.225576 0.565458 0.0328431
5 0.434691 0.695623 0.0361975 0.103744 0.0327475
5 0.407851 0.734574 0.0852468 0.184376 0.0326582
6 0.0960054 0.801207 0.197843 0.407515 0.0325717
5 0.540875 0.313751 0.0353207 0.0384069 0.0325472
7 0.544914 0.315968 0.0231527 0.0314953 0.0323762
6 0.0687576 0.763947 0.136165 0.507477 0.031595
11 0.455862 0.80367 0.54762 0.39834 0.031563
10 0.735143 0.361008 0.0497829 0.412201 0.0313376
2 0.601889 0.592718 0.066139 0.276056 0.0308053
6 0.183976 0.484557 0.124207 0.331477 0.0308032
7 0.662452 0.283117 0.0196067 0.0613313 0.0306154
2 0.983887 0.526261 0.0325541 0.0973421 0.0303952
10 0.990937 0.596882 0.0167801 0.134144 0.0299211
2 0.646681 0.274635 0.048568 0.100182 0.029904
7 0.966731 0.776851 0.0671898 0.218163 0.0297065
6 0.113229 0.805808 0.222259 0.394437 0.0296745
10 0.992483 0.484188 0.0169388 0.180545 0.029599
11 0.631134 0.488924 0.107603 0.259042 0.0294762
6 0.202278 0.465517 0.141672 0.369767 0.0294255
6 0.172116 0.774252 0.352459 0.490537 0.0288961
8 0.958118 0.0454848 0.0420464 0.0885412 0.0285483
6 0.392805 0.65727 0.784927 0.701409 0.0284468
10 0.347823 0.420134 0.0888738 0.328798 0.0283746
9 0.962768 0.926867 0.0743462 0.146375 0.0282569
10 0.74012 0.419412 0.0575992 0.295762 0.0282394
8 0.436664 0.727966 0.039854 0.169143 0.0282298
11 0.639253 0.397809 0.136528 0.238396 0.0282221
6 0.117277 0.640692 0.208386 0.401901 0.0281089
11 0.624721 0.670606 0.203888 0.646434 0.0279149
6 0.248653 0.709718 0.244836 0.37432 0.0279106
10 0.265014 0.467533 0.172042 0.341531 0.0277593
10 0.964994 0.0490628 0.0685814 0.101485 0.0276985
2 0.975763 0.545115 0.0252445 0.0533176 0.0275956
6 0.178643 0.870472 0.36206 0.25886 0.0275456
7 0.488504 0.326291 0.0317995 0.0295327 0.0275283
6 0.237558 0.667824 0.270704 0.704374 0.0273822
7 0.660861 0.303369 0.0572264 0.0443172 0.0271499
7 0.663964 0.286886 0.0205334 0.0639266 0.0270826
6 0.139951 0.677347 0.225085 0.363953 0.0270447
10 0.772698 0.280751 0.104483 0.183865 0.0268859
6 0.0201561 0.58004 0.0421528 0.599907 0.0268386
10 0.806352 0.438073 0.0436766 0.295392 0.0267743
6 0.015206 0.405827 0.0324318 0.418436 0.0267724
11 0.656266 0.536158 0.118239 0.0867474 0.0263589
6 0.228157 0.743327 0.253 0.375515 0.0260764
6 0.14901 0.74798 0.132302 0.15523 0.0260018
7 0.638364 0.281662 0.0236871 0.0807067 0.025678
5 0.378548 0.855298 0.0554389 0.0840869 0.0255034
11 0.393839 0.930169 0.158387 0.139787 0.0253369
6 0.163508 0.853732 0.327288 0.45894 0.02533
6 0.199967 0.501479 0.126672 0.2926 0.0252498
7 0.647059 0.31059 0.0221294 0.027212 0.0249359
10 0.989312 0.531566 0.0180849 0.0561413 0.0248035
11 0.827777 0.773546 0.334632 0.452742 0.0246028
6 0.197863 0.509751 0.13417 0.267892 0.0244435
6 0.343064 0.592108 0.0910276 0.228733 0.0243201
6 0.0580637 0.651124 0.118005 0.258229 0.0242225
6 0.250005 0.761832 0.26376 0.524009 0.0241899
11 0.625219 0.453283 0.095787 0.214885 0.0241693
6 0.166462 0.842826 0.306307 0.309457 0.0240147
11 0.371585 0.796575 0.339216 0.412052 0.024011
6 0.132342 0.495048 0.0680934 0.228984 0.0239803
6 0.39361 0.761195 0.768172 0.48467 0.0238624
11 0.36298 0.782245 0.714205 0.436286 0.0238558
2 0.613596 0.704572 0.0357104 0.131603 0.0238083
2 0.976352 0.550759 0.0186209 0.0431655 0.0237311
10 0.98468 0.678105 0.0314875 0.067529 0.023613
6 0.17595 0.869292 0.340063 0.264819 0.0235827
6 0.201053 0.459299 0.124022 0.358368 0.0235341
2 0.381445 0.888045 0.0583462 0.0621814 0.0235202
10 0.252118 0.568431 0.271135 0.715267 0.0234
6 0.335991 0.542876 0.0505434 0.0908101 0.0230974
11 0.48706 0.431315 0.461264 0.38542 0.0229756
10 0.762597 0.165636 0.0427005 0.0794937 0.0229474
6 0.119593 0.71492 0.0916056 0.178185 0.0229044
6 0.160261 0.912228 0.326495 0.324004 0.0228446
6 0.32524 0.812517 0.318842 0.373593 0.0227633
6 0.165641 0.927296 0.354748 0.337935 0.0227432
6 0.0822208 0.883529 0.16051 0.281738 0.022437
10 0.642885 0.325242 0.100731 0.212038 0.0224326
2 0.608634 0.699405 0.0216953 0.0409851 0.0224231
6 0.341584 0.491425 0.0620464 0.136511 0.0223372
10 0.979083 0.693797 0.0380276 0.0560706 0.0223328
6 0.63105 0.499442 0.152773 0.463944 0.0220317
6 0.590577 0.912429 0.281645 0.192247 0.0218827
10 0.21437 0.373956 0.117339 0.310859 0.0218579
6 0.235069 0.86419 0.238709 0.244771 0.0217258
6 0.0289917 0.819458 0.058055 0.381431 0.0217022
6 0.499379 0.657675 0.957382 0.670266 0.0215609
10 0.610085 0.35703 0.0729125 0.213909 0.0215076
2 0.632724 0.635991 0.019115 0.0372498 0.0214162
6 0.157646 0.918133 0.300616 0.291474 0.0213696
6 0.592094 0.893501 0.286262 0.239755 0.0213688
6 0.159005 0.909293 0.280634 0.289805 0.0213675
11 0.673119 0.802602 0.142296 0.380243 0.0213395
11 0.443817 0.838805 0.569768 0.343004 0.0213395
6 0.192717 0.82682 0.113683 0.0967204 0.0212764
10 0.976212 0.91909 0.0476473 0.161373 0.0210439
6 0.155471 0.813677 0.0744223 0.178629 0.0209684
7 0.97578 0.661548 0.0318058 0.0757885 0.020716
6 0.967317 0.91358 0.0626085 0.232147 0.0206574
10 0.967931 0.955628 0.0605181 0.0926992 0.020213
6 0.0630131 0.924654 0.119673 0.149097 0.0201394
10 0.978849 0.782068 0.0253996 0.0453735 0.0200342
6 0.966548 0.413655 0.0587339 0.116232 0.0198667
6 0.0230267 0.867307 0.0459521 0.381642 0.019689
10 0.980515 0.875433 0.0312361 0.0782728 0.0196671
2 0.587174 0.698238 0.0571459 0.0898762 0.0196624
6 0.594987 0.455887 0.0768006 0.374343 0.0196387
11 0.709013 0.876966 0.51397 0.257224 0.0195261
6 0.295829 0.836835 0.137462 0.197294 0.0194219
11 0.677161 0.768679 0.121525 0.403926 0.0193412
11 0.603626 0.917987 0.240149 0.168797 0.0192815
10 0.685094 0.420712 0.0589918 0.257426 0.0190568
6 0.23692 0.927979 0.216019 0.145783 0.019007
2 0.963621 0.915121 0.0707983 0.172458 0.01899
6 0.141481 0.891389 0.100988 0.163816 0.0188727
10 0.387017 0.577922 0.0189918 0.0391048 0.0187844
10 0.970732 0.899019 0.0565798 0.205246 0.0187592
2 0.418001 0.672106 0.0172521 0.0316209 0.0187427
10 0.626589 0.377456 0.0197577 0.027386 0.0187151
10 0.473754 0.498037 0.0103597 0.0325219 0.0186887
6 0.971637 0.938097 0.0542427 0.128143 0.0185096
11 0.552979 0.871186 0.775701 0.250209 0.0184961
11 0.191272 0.936034 0.179528 0.127503 0.0184845
11 0.0831713 0.956774 0.172965 0.0997269 0.018451
10 0.328865 0.425292 0.020377 0.0230733 0.0183842
10 0.537428 0.885752 0.0187813 0.0256424 0.0183168
10 0.691943 0.429659 0.0512474 0.276892 0.0183107
10 0.610267 0.859759 0.0948314 0.119902 0.0183012
2 0.358418 0.64756 0.0499843 0.113148 0.0182734
2 0.619429 0.527173 0.0371542 0.0641897 0.0182465
11 0.621506 0.792548 0.160439 0.352464 0.0182087
10 0.965593 0.915189 0.0515253 0.0943286 0.0180956
2 0.607702 0.691438 0.0643553 0.0852708 0.0180584
2 0.638919 0.904277 0.0394923 0.160967 0.0179318
10 0.568776 0.947265 0.02899 0.0301355 0.0179309
11 0.773411 0.503429 0.44006 0.323563 0.0179251
8 0.255316 0.912997 0.138715 0.112872 0.0178888
10 0.605272 0.356073 0.0226302 0.0166097 0.0177436
10 0.526289 0.937495 0.0872066 0.102402 0.0176531
7 0.525687 0.757413 0.0300389 0.0314623 0.0176515
10 0.686957 0.416789 0.0513088 0.249152 0.0176211
8 0.238814 0.850034 0.0574086 0.0687155 0.0173997
6 0.318154 0.992025 0.180295 0.0313789 0.0173048
11 0.297391 0.927613 0.133874 0.139801 0.0172743
8 0.314159 0.834327 0.0988152 0.128845 0.0172202
8 0.639985 0.903911 0.0372744 0.0974104 0.017111
11 0.222271 0.94463 0.17469 0.106931 0.0171049
10 0.548616 0.956008 0.0467468 0.0652847 0.0170433
11 0.694949 0.960431 0.588541 0.13771 0.016898
2 0.387246 0.944813 0.0646146 0.0597143 0.0168188
6 0.148304 0.954508 0.273605 0.103115 0.0167844
7 0.614605 0.799118 0.0191451 0.0507419 0.0167418
8 0.717408 0.789579 0.0317953 0.0601796 0.0167011
11 0.621448 0.483715 0.0232694 0.0200162 0.0166499
4 0.511514 0.923604 0.863739 0.160086 0.016607
2 0.370862 0.882182 0.0394753 0.0674055 0.0165563
10 0.681524 0.779718 0.0721008 0.127798 0.016556
8 0.169653 0.966416 0.294339 0.0816252 0.0164909
8 0.238247 0.917549 0.117034 0.124542 0.0164452
8 0.263246 0.726515 0.0326315 0.0307615 0.0163853
8 0.723548 0.98476 0.454225 0.0463611 0.0163512
6 0.578986 0.952753 0.272922 0.150588 0.0161217
8 0.642907 0.50216 0.0142708 0.0196484 0.0160864
8 0.280763 0.965487 0.0892539 0.0827794 0.0159416
10 0.0441987 0.682403 0.0369556 0.0585678 0.0158994
6 0.208552 0.967778 0.216415 0.141761 0.0158872
6 0.608087 0.911374 0.181367 0.180067 0.0157704
8 0.658546 0.935076 0.0313718 0.103188 0.0157294
10 0.420228 0.957999 0.283721 0.113478 0.0156891
10 0.532587 0.390029 0.0139225 0.0298464 0.0156856
11 0.699069 0.890573 0.0976339 0.225729 0.0155986
8 0.559073 0.979791 0.30516 0.0637697 0.0155926
10 0.593425 0.918728 0.154813 0.175068 0.0155697
2 0.459194 0.878254 0.0189713 0.0329045 0.015502
11 0.677587 0.982922 0.536048 0.065476 0.0153451
11 0.218373 0.958938 0.120104 0.091095 0.0153257
8 0.364439 0.966956 0.0847486 0.069013 0.0153138
11 0.502607 0.694365 0.319925 0.231002 0.0152216
6 0.686272 0.978443 0.554865 0.0976048 0.0152024
8 0.677178 0.986025 0.443334 0.0436481 0.014841
11 0.672191 0.982269 0.534992 0.0662979 0.0147034
11 0.680529 0.96302 0.534824 0.111464 0.0144882
10 0.677071 0.503453 0.0140279 0.0301669 0.0141924
