0 0.94482 0.748496 0.109895 0.504842 0.311096
0 0.966259 0.858042 0.0677627 0.284493 0.304404
0 0.932826 0.82711 0.134499 0.346032 0.288478
0 0.941762 0.854755 0.117148 0.292815 0.2394
3 0.545609 0.41131 0.192149 0.20449 0.235637
0 0.908918 0.759025 0.182784 0.482722 0.224119
4 0.778035 0.464257 0.0786837 0.114558 0.211839
2 0.978201 0.910079 0.0442379 0.179243 0.200655
2 0.979878 0.86366 0.0411311 0.273161 0.191133
0 0.950595 0.676644 0.098692 0.64551 0.189137
3 0.499337 0.500269 0.999988 0.99997 0.18471
0 0.967237 0.754478 0.0653931 0.490495 0.170853
2 0.971654 0.918254 0.0579692 0.163564 0.164064
2 0.979649 0.922211 0.0411819 0.155302 0.149769
0 0.929133 0.665093 0.14202 0.669217 0.148408
0 0.952718 0.788944 0.0950698 0.420248 0.136425
0 0.802873 0.7632 0.395085 0.471474 0.133339
0 0.921619 0.699833 0.157089 0.60145 0.131543
0 0.92493 0.849749 0.150963 0.300283 0.127913
0 0.836931 0.85552 0.327404 0.289824 0.125913
2 0.984712 0.926193 0.0309063 0.147682 0.116794
0 0.937851 0.505652 0.125051 0.994162 0.110546
0 0.939257 0.803431 0.120687 0.39477 0.103677
3 0.582446 0.413553 0.116358 0.185896 0.102408
4 0.784307 0.473213 0.0643727 0.0972062 0.100916
0 0.925325 0.817718 0.0908594 0.363393 0.0978104
4 0.503448 0.4101 0.109206 0.179706 0.0918972
10 0.981163 0.458719 0.0383837 0.20254 0.0911402
0 0.921331 0.501762 0.15749 0.995867 0.0908292
10 0.913206 0.512892 0.0690571 0.199234 0.0833857
2 0.976107 0.949087 0.0499275 0.102429 0.0816788
0 0.92256 0.813245 0.0979187 0.373096 0.0812931
0 0.969505 0.657414 0.061154 0.681023 0.0810051
2 0.987532 0.962364 0.0249536 0.0739367 0.078381
4 0.0312853 0.411124 0.0634377 0.423813 0.0776876
0 0.966602 0.628398 0.0675075 0.73394 0.0768381
0 0.979527 0.766121 0.0409149 0.464904 0.0748398
0 0.962663 0.670155 0.0761749 0.375411 0.0744763
0 0.929859 0.762752 0.0821104 0.47115 0.0737324
4 0.0347836 0.523877 0.0708951 0.19586 0.0725685
10 0.907384 0.486598 0.0616181 0.13275 0.0717295
4 0.979085 0.587891 0.0430375 0.182873 0.0699077
4 0.969092 0.657424 0.0631395 0.311081 0.0690667
0 0.831733 0.868676 0.334398 0.262763 0.0671039
2 0.968921 0.944551 0.0643782 0.111722 0.0670802
3 0.79564 0.090853 0.40841 0.181744 0.0665325
4 0.0312536 0.504503 0.064037 0.235835 0.0661944
4 0.980079 0.54734 0.0406525 0.141457 0.0657129
3 0.321504 0.389899 0.641555 0.403061 0.065518
11 0.848627 0.982229 0.300372 0.0392991 0.0633763
10 0.895961 0.49208 0.0373942 0.0917945 0.0626453
2 0.98339 0.891286 0.0327269 0.217172 0.062115
4 0.979419 0.657066 0.0421156 0.302053 0.0618059
4 0.97989 0.557805 0.0412213 0.126588 0.0612863
4 0.0340374 0.487719 0.0692038 0.265522 0.0610739
4 0.964545 0.592124 0.0724169 0.204406 0.0606574
0 0.980462 0.786673 0.0389866 0.41333 0.0605524
2 0.983837 0.963579 0.0323492 0.0723296 0.0601401
10 0.990528 0.438681 0.0201843 0.157987 0.0600647
6 0.822139 0.968274 0.355712 0.0661903 0.0598687
0 0.970492 0.771086 0.0589756 0.457302 0.0596991
0 0.75752 0.875009 0.473101 0.247681 0.0585351
10 0.982308 0.530108 0.0359819 0.340038 0.0584088
10 0.979482 0.489509 0.0417814 0.278094 0.0583812
4 0.0309158 0.321813 0.0623332 0.604093 0.0582563
4 0.0550232 0.925552 0.110572 0.150128 0.0574106
3 0.798832 0.0590654 0.398497 0.119062 0.0570395
10 0.0127319 0.411564 0.0257831 0.373676 0.0561736
4 0.182572 0.365303 0.363339 0.409447 0.0558821
0 0.619318 0.859142 0.754597 0.279635 0.0553355
10 0.980561 0.4457 0.0299168 0.103843 0.0550842
3 0.502167 0.258431 0.999983 0.513827 0.054989
3 0.501078 0.277528 0.999653 0.555859 0.0548742
0 0.936474 0.732157 0.112 0.426898 0.0546083
6 0.830434 0.965681 0.335961 0.0702082 0.0542853
4 0.578292 0.384314 0.134554 0.236737 0.0537799
10 0.982683 0.470428 0.0356809 0.129998 0.0534853
3 0.399444 0.396067 0.481176 0.243249 0.0534049
4 0.758146 0.46379 0.115337 0.114645 0.0531907
4 0.980818 0.533573 0.0392658 0.0980161 0.0524374
10 0.978928 0.530171 0.0426003 0.329684 0.05218
6 0.922131 0.944166 0.161081 0.119547 0.0513257
10 0.0222184 0.381729 0.0450722 0.481843 0.051195
0 0.931705 0.872141 0.132155 0.260723 0.0505661
3 0.663228 0.0585891 0.668004 0.117867 0.0499103
3 0.504578 0.12756 0.999988 0.255597 0.0494642
10 0.919418 0.507069 0.0475647 0.180581 0.0490016
10 0.987092 0.757386 0.0261923 0.339961 0.0486735
4 0.748507 0.453298 0.0381342 0.080186 0.0486652
2 0.981407 0.820367 0.0370864 0.191775 0.048638
10 0.919565 0.507218 0.0537373 0.206233 0.0485154
0 0.966784 0.762524 0.067471 0.334654 0.0484734
0 0.979179 0.81364 0.0414264 0.181147 0.0482709
4 0.502006 0.380033 0.116214 0.233903 0.0482566
10 0.0411866 0.450351 0.0824121 0.445695 0.0479443
4 0.0542558 0.968887 0.109004 0.0633484 0.0476168
10 0.00902574 0.374244 0.0190726 0.411014 0.0474534
4 0.714949 0.439316 0.18161 0.139038 0.0472821
0 0.969283 0.814529 0.0634682 0.322755 0.0470776
4 0.16891 0.289289 0.117227 0.133562 0.0465125
6 0.931346 0.950668 0.144972 0.103636 0.0461732
0 0.949619 0.802869 0.103691 0.395443 0.0461577
4 0.176393 0.273046 0.352591 0.527765 0.0459064
4 0.979745 0.554455 0.0413646 0.114809 0.0456831
4 0.717643 0.448413 0.191985 0.165364 0.044986
4 0.71471 0.442342 0.183395 0.140861 0.0448983
2 0.983256 0.796299 0.0330498 0.163405 0.0447527
3 0.320869 0.3928 0.640251 0.426994 0.0444741
4 0.4699 0.399319 0.32589 0.228622 0.0441975
10 0.0366078 0.552883 0.0731756 0.896737 0.0440513
3 0.589746 0.0837883 0.819005 0.16766 0.0439689
4 0.0769704 0.323705 0.153686 0.631654 0.0435641
4 0.955047 0.652452 0.0932261 0.290318 0.0430947
10 0.929699 0.689665 0.0778952 0.607706 0.0430894
10 0.0117861 0.469687 0.0237556 0.301495 0.0428886
2 0.00685731 0.925928 0.0146853 0.145296 0.0427617
6 0.928636 0.95962 0.141663 0.0825581 0.0426877
4 0.111606 0.382498 0.220494 0.409692 0.0424167
4 0.58138 0.454878 0.113917 0.11591 0.0422987
4 0.0199902 0.536738 0.0406208 0.160231 0.0421134
4 0.133328 0.928017 0.266486 0.144122 0.0415898
10 0.940668 0.481994 0.117833 0.247008 0.0411242
4 0.579428 0.33935 0.125276 0.162506 0.041097
0 0.917471 0.851411 0.0906204 0.299187 0.0410927
2 0.982784 0.798849 0.0340954 0.155291 0.0409717
0 0.607517 0.747512 0.779843 0.502469 0.0400243
10 0.92679 0.49791 0.0451024 0.122452 0.0395238
0 0.500916 0.669554 0.99999 0.659033 0.0388885
10 0.0239301 0.403409 0.0483758 0.286965 0.0387201
4 0.183014 0.408108 0.368203 0.342029 0.0385383
10 0.928531 0.757992 0.0797167 0.481099 0.0382751
0 0.922969 0.865346 0.0847339 0.269641 0.0382253
3 0.525895 0.0512035 0.93481 0.103458 0.037788
10 0.937783 0.516797 0.123503 0.293709 0.0376516
10 0.987507 0.770817 0.0254523 0.433804 0.0373255
4 0.129385 0.386135 0.259835 0.287735 0.037232
10 0.058152 0.189367 0.116314 0.358356 0.0369265
4 0.780996 0.478679 0.0550137 0.0836825 0.0367689
4 0.102277 0.402053 0.201792 0.301059 0.036596
0 0.494027 0.869072 0.999989 0.252013 0.0362228
3 0.319519 0.395728 0.645784 0.441558 0.0361312
0 0.873714 0.824557 0.256711 0.358136 0.0360912
2 0.0284759 0.926432 0.0575773 0.148284 0.0360885
4 0.981084 0.518288 0.0394844 0.141912 0.0357211
10 0.900236 0.496797 0.029142 0.0808572 0.0356499
10 0.807565 0.474556 0.0374699 0.0954413 0.0355508
4 0.114303 0.28457 0.228357 0.545084 0.0354594
6 0.782192 0.483002 0.0576593 0.081213 0.0352325
10 0.987574 0.50285 0.0265131 0.161325 0.0352205
0 0.933042 0.547663 0.135318 0.429581 0.0350687
6 0.650131 0.967187 0.693817 0.0668745 0.0346862
10 0.0110975 0.249085 0.022467 0.307563 0.0342742
4 0.979993 0.559774 0.0397384 0.0657205 0.0341257
3 0.609234 0.0345991 0.76008 0.0703793 0.0337618
2 0.102026 0.819957 0.204597 0.358154 0.0335309
2 0.977246 0.875696 0.0401932 0.139771 0.0332361
10 0.936377 0.496581 0.0397569 0.105984 0.0332022
10 0.122724 0.93214 0.245731 0.135034 0.0331194
3 0.502729 0.0787953 0.999988 0.159888 0.0330389
4 0.85023 0.430235 0.110321 0.185025 0.0329459
10 0.313203 0.200869 0.088433 0.179816 0.0328781
3 0.49481 0.432293 0.99939 0.865972 0.0325345
10 0.928165 0.760609 0.0675102 0.329182 0.0324568
10 0.0970978 0.0455983 0.192191 0.0913416 0.0323389
10 0.0545427 0.27493 0.108896 0.46958 0.0322961
10 0.981243 0.429588 0.024035 0.0695873 0.0322764
4 0.340372 0.295649 0.0509458 0.0829926 0.0320991
10 0.0399269 0.408215 0.0801224 0.665092 0.0319097
0 0.496953 0.757461 0.998861 0.476636 0.0316688
2 0.976595 0.943148 0.0471525 0.11486 0.0314024
4 0.583627 0.367089 0.112263 0.11983 0.0313525
4 0.50261 0.364711 0.0987298 0.101111 0.0311307
4 0.200452 0.45584 0.400518 0.308232 0.0309516
3 0.389037 0.394787 0.764749 0.342991 0.0308358
4 0.219628 0.288614 0.444936 0.565897 0.0308338
4 0.514936 0.459505 0.126214 0.116441 0.0304265
4 0.190231 0.370282 0.381629 0.28836 0.03026
4 0.226679 0.315428 0.462236 0.620708 0.0299513
10 0.0879376 0.0306079 0.175232 0.0615088 0.029665
2 0.986242 0.956587 0.0270977 0.085438 0.029392
4 0.129003 0.340322 0.259464 0.298262 0.0292936
2 0.950295 0.947109 0.0638197 0.104676 0.0292714
2 0.987964 0.875528 0.0207712 0.0676071 0.0292033
3 0.524376 0.0403195 0.942298 0.0815444 0.0290755
10 0.933806 0.450787 0.0752184 0.303181 0.0289732
3 0.318313 0.273366 0.645043 0.541021 0.0288801
4 0.435018 0.42162 0.421145 0.30805 0.0285932
4 0.655455 0.316577 0.0892499 0.13889 0.0285203
4 0.489453 0.404866 0.601997 0.257137 0.0283796
10 0.775017 0.459185 0.0435845 0.0963668 0.0282149
4 0.593533 0.313977 0.069923 0.0872908 0.0281887
10 0.043922 0.344829 0.0878514 0.18408 0.0279617
10 0.0148222 0.531133 0.0285527 0.098517 0.0278448
10 0.927619 0.277564 0.144269 0.49619 0.0277936
10 0.878984 0.506975 0.0241994 0.0878426 0.0277411
4 0.778087 0.414196 0.126058 0.219853 0.0276449
4 0.219469 0.457621 0.442009 0.354624 0.0275533
4 0.468428 0.420937 0.17903 0.162993 0.027537
2 0.989667 0.865964 0.0175071 0.0946446 0.0273542
10 0.988399 0.904535 0.0216754 0.0709139 0.0271005
8 0.502011 0.94561 0.999886 0.109177 0.0270815
10 0.969158 0.94304 0.0571003 0.114866 0.0268185
10 0.926078 0.636853 0.0567703 0.182155 0.0267296
2 0.987317 0.932595 0.0230547 0.128094 0.0265556
4 0.322413 0.395759 0.646499 0.490731 0.0265376
4 0.524161 0.494628 0.24273 0.178363 0.026507
2 0.986997 0.937363 0.023144 0.119938 0.0260992
3 0.565499 0.343078 0.854873 0.669854 0.0257407
4 0.983068 0.610432 0.0348054 0.135515 0.0257057
10 0.239802 0.0626801 0.275298 0.121176 0.0256779
10 0.746684 0.457685 0.0383137 0.0841007 0.0256727
11 0.837228 0.984727 0.316606 0.033927 0.0254173
4 0.234448 0.44964 0.463791 0.260554 0.0249595
0 0.738079 0.625555 0.526488 0.703227 0.0249533
4 0.84821 0.401971 0.0969506 0.124767 0.024935
2 0.986234 0.965075 0.0268896 0.0690738 0.0248728
6 0.966483 0.962031 0.0620212 0.0771785 0.0247799
4 0.745497 0.45476 0.0470761 0.0794124 0.024713
10 0.76791 0.4332 0.0828485 0.169194 0.0245359
0 0.928599 0.88302 0.0972101 0.225915 0.0244385
10 0.978464 0.870918 0.0392384 0.104273 0.0243456
3 0.425197 0.363153 0.859823 0.723628 0.0240311
10 0.773342 0.465106 0.0316247 0.0604352 0.0240284
3 0.49387 0.447579 0.997295 0.358781 0.0239448
2 0.943513 0.956115 0.0394528 0.0858171 0.0239303
6 0.887487 0.992708 0.205244 0.0164738 0.0238958
2 0.981018 0.966952 0.0346216 0.0693948 0.0236466
3 0.593072 0.260177 0.81255 0.520292 0.023626
10 0.0903633 0.570485 0.184175 0.318559 0.0235702
4 0.826839 0.159155 0.340678 0.317567 0.0235674
10 0.632284 0.369767 0.041621 0.103567 0.0232045
10 0.926891 0.719016 0.0439617 0.0860098 0.0228717
4 0.681143 0.356042 0.108431 0.13908 0.0228503
3 0.389368 0.501312 0.793345 0.999792 0.0226016
4 0.50613 0.342477 0.0958886 0.106292 0.0225975
4 0.570927 0.377102 0.106309 0.0903351 0.0225117
4 0.271217 0.573602 0.550211 0.852009 0.0224028
3 0.453626 0.296299 0.907515 0.580726 0.0223794
10 0.0435328 0.976261 0.0860222 0.0471688 0.0221347
10 0.981945 0.780583 0.0339083 0.0849318 0.0219864
3 0.491863 0.438511 0.999953 0.755451 0.0218282
10 0.926735 0.67227 0.0451843 0.108973 0.0217869
4 0.890047 0.0345967 0.219147 0.0702156 0.0217381
3 0.343398 0.389632 0.704352 0.476702 0.021673
10 0.900394 0.608098 0.029545 0.0714104 0.0212463
10 0.941934 0.681095 0.0439594 0.104228 0.0210245
0 0.498462 0.501962 0.999646 0.999745 0.0209554
2 0.0130591 0.797849 0.0252648 0.140814 0.0209029
2 0.916237 0.953822 0.0474518 0.0970537 0.02075
0 0.93651 0.784238 0.0528547 0.0982213 0.0207273
10 0.134477 0.979097 0.274522 0.0415483 0.0207078
4 0.537301 0.435409 0.16557 0.12387 0.0204359
10 0.621724 0.421186 0.0410819 0.0766128 0.0204359
4 0.440169 0.393307 0.0766341 0.157259 0.0203819
4 0.208013 0.605437 0.430696 0.632677 0.0201383
10 0.967621 0.981206 0.0642174 0.0413317 0.0199273
0 0.699594 0.616216 0.567181 0.469739 0.0198985
10 0.983778 0.985145 0.0306478 0.0306883 0.0197261
10 0.979216 0.848307 0.0375193 0.0848228 0.0196466
2 0.51309 0.980418 0.115524 0.0393154 0.0195838
0 0.532295 0.699881 0.999919 0.560556 0.0193959
10 0.891529 0.829509 0.0395527 0.0641611 0.0193187
10 0.870044 0.923567 0.0479124 0.103243 0.019299
4 0.51847 0.540854 0.362992 0.483974 0.0192816
10 0.910559 0.96519 0.0757915 0.0736635 0.0191846
6 0.905316 0.967883 0.0965037 0.0568779 0.0191809
4 0.608658 0.36215 0.0605509 0.0615236 0.0188135
10 0.983424 0.690702 0.0309109 0.0543793 0.0187892
10 0.0360689 0.84801 0.0706012 0.0929274 0.0187436
10 0.981022 0.687448 0.0385365 0.0762638 0.0187289
10 0.367344 0.348304 0.0593289 0.0810253 0.0186147
10 0.963005 0.985547 0.0694452 0.0343428 0.0185673
10 0.625843 0.435038 0.0363509 0.0483384 0.0185512
4 0.54305 0.499191 0.995804 0.298672 0.0180891
0 0.910452 0.618166 0.0230893 0.0545791 0.0176906
4 0.486807 0.592128 0.682987 0.22498 0.0176143
10 0.29402 0.593803 0.523596 0.85935 0.0175832
10 0.804342 0.835504 0.0435837 0.0437462 0.017487
10 0.765464 0.860198 0.0473854 0.0531878 0.0174245
10 0.777564 0.545719 0.0334111 0.0438386 0.0173343
10 0.524394 0.0525507 0.83575 0.0966078 0.0173204
10 0.0865363 0.889679 0.174805 0.144289 0.0172298
10 0.382171 0.519163 0.762944 0.965809 0.0169866
4 0.495814 0.624331 0.999982 0.999668 0.0169342
10 0.621687 0.603039 0.0583972 0.0767768 0.0169163
10 0.845223 0.227304 0.210624 0.0938793 0.0168766
0 0.492253 0.74439 0.999816 0.944874 0.0167862
4 0.291812 0.851692 0.562967 0.154674 0.0165962
10 0.343692 0.666153 0.0482067 0.0541639 0.0165126
10 0.80336 0.557114 0.0375122 0.0521348 0.0164319
10 0.515106 0.498834 0.129179 0.0560195 0.0162105
10 0.644996 0.821325 0.0536499 0.0372369 0.0160899
0 0.528021 0.763355 0.963789 0.174788 0.0160472
10 0.534073 0.602243 0.0897061 0.069517 0.0160004
10 0.59482 0.0978678 0.588824 0.0769936 0.0157178
10 0.792435 0.708735 0.0414644 0.0447074 0.0155701
2 0.507949 0.690189 0.048177 0.0365852 0.0155304
0 0.527126 0.857691 0.863709 0.221097 0.0150157
6 0.561665 0.622668 0.163942 0.0980082 0.0148476
10 0.512686 0.707659 0.851346 0.168128 0.0143002
