10 0.196465 0.383792 0.241886 0.406825 0.893536
11 0.629912 0.459386 0.156594 0.331301 0.893134
10 0.80961 0.354739 0.0848101 0.407279 0.887718
6 0.181784 0.587315 0.361861 0.822997 0.881044
11 0.589402 0.7902 0.286169 0.417017 0.825589
6 0.729324 0.46512 0.0411325 0.173036 0.364064
2 0.619469 0.615037 0.0326841 0.205414 0.25871
6 0.975263 0.602875 0.0495764 0.17171 0.240518
2 0.619618 0.635946 0.0347561 0.164086 0.207357
7 0.966259 0.787245 0.0667751 0.264908 0.202068
10 0.964156 0.118754 0.062204 0.233989 0.181489
7 0.592622 0.645323 0.04097 0.171924 0.166114
6 0.729555 0.446936 0.0422775 0.212605 0.162341
10 0.963744 0.191922 0.0691231 0.379266 0.142284
10 0.963105 0.24896 0.0724255 0.493983 0.131666
6 0.959431 0.50725 0.0812672 0.337282 0.129582
6 0.0875626 0.394354 0.175894 0.433768 0.128757
2 0.621406 0.257627 0.0208407 0.123055 0.125249
6 0.730801 0.418044 0.0494133 0.273178 0.119777
6 0.958497 0.468225 0.0829695 0.283088 0.113099
6 0.958719 0.407012 0.0817961 0.401086 0.107349
2 0.992781 0.586252 0.0151604 0.173314 0.0986637
6 0.0879787 0.586177 0.173922 0.809619 0.0974112
7 0.965407 0.812186 0.0686104 0.325747 0.0924148
7 0.665893 0.283286 0.0281254 0.0770031 0.091417
6 0.770091 0.448697 0.0819569 0.195652 0.0913769
6 0.202132 0.43182 0.226369 0.306832 0.0904907
6 0.761364 0.465351 0.05228 0.165132 0.0904328
6 0.971299 0.714158 0.0577005 0.447533 0.0883775
6 0.0878053 0.489486 0.174748 0.636286 0.087987
6 0.959266 0.50563 0.0816027 0.191551 0.0866227
6 0.974751 0.343476 0.0498705 0.283043 0.0853385
7 0.455701 0.308057 0.0201979 0.0475395 0.0845176
10 0.962203 0.203945 0.0717836 0.408604 0.0802835
7 0.961907 0.826693 0.0761116 0.340644 0.0798696
6 0.180228 0.590481 0.359879 0.81158 0.0786781
7 0.616247 0.547634 0.0240742 0.073126 0.0764255
11 0.720412 0.771405 0.553125 0.458884 0.0763057
6 0.0572983 0.587849 0.113754 0.826177 0.0756511
6 0.0601506 0.588054 0.119644 0.823615 0.0749043
2 0.989425 0.882787 0.0212427 0.0933582 0.0738459
6 0.960069 0.438155 0.079418 0.223341 0.0725869
6 0.683872 0.427275 0.130555 0.263017 0.0713055
10 0.964781 0.192013 0.0673548 0.378287 0.0707485
6 0.157947 0.394646 0.314373 0.436189 0.068463
7 0.458679 0.309898 0.0289519 0.0533519 0.0681911
6 0.028899 0.679772 0.0584527 0.640244 0.0681196
7 0.395531 0.29969 0.0216392 0.0530652 0.0676121
7 0.427427 0.296645 0.0530532 0.0775473 0.0668743
6 0.0201605 0.878978 0.0407989 0.242923 0.0656528
7 0.665446 0.283957 0.0224575 0.0651341 0.0648387
10 0.130671 0.35182 0.101846 0.342418 0.0642195
6 0.636516 0.456872 0.147923 0.326408 0.0641814
6 0.0292172 0.685318 0.0589573 0.627979 0.0629083
7 0.989176 0.794806 0.0214483 0.276393 0.0624338
11 0.719384 0.659082 0.556529 0.67922 0.0618613
10 0.959932 0.340327 0.0796804 0.667316 0.0616525
10 0.163532 0.382936 0.184478 0.39957 0.0606543
9 0.953892 0.918881 0.0913696 0.159029 0.0581828
2 0.561884 0.293355 0.0186524 0.0597516 0.0581114
10 0.129902 0.347403 0.101039 0.338435 0.0578403
10 0.215457 0.434454 0.19287 0.300833 0.0565799
6 0.96067 0.479812 0.0775085 0.141743 0.0561191
6 0.964875 0.387357 0.0701134 0.342346 0.0555493
10 0.78723 0.412799 0.0489525 0.263486 0.054987
6 0.973622 0.714723 0.0538445 0.390772 0.054893
2 0.737431 0.394691 0.0232166 0.0829421 0.0543563
7 0.752051 0.294897 0.0148004 0.0444529 0.0519701
6 0.962201 0.406502 0.0740684 0.168193 0.0518047
11 0.635975 0.469587 0.136749 0.305201 0.0513617
7 0.465307 0.312591 0.0162902 0.0439289 0.0510768
10 0.992068 0.542276 0.0167637 0.269678 0.0505707
6 0.157681 0.411848 0.236228 0.406275 0.0503428
2 0.53466 0.314404 0.0187224 0.0336626 0.049663
6 0.039747 0.445518 0.0808333 0.523212 0.0494726
6 0.158461 0.400139 0.317333 0.429674 0.0494418
7 0.343481 0.29999 0.0389362 0.0543148 0.0489884
7 0.601195 0.308173 0.0475536 0.0338626 0.0487723
7 0.661225 0.307966 0.0536812 0.0358997 0.0480311
6 0.0580511 0.771273 0.116907 0.45877 0.0480173
6 0.740502 0.453175 0.0381076 0.189478 0.0477495
6 0.0233521 0.404058 0.0478185 0.430738 0.0474372
9 0.979416 0.918021 0.0408503 0.161549 0.0463142
7 0.469893 0.316154 0.0191826 0.0415291 0.0459822
6 0.0530741 0.288704 0.108121 0.224954 0.0459055
2 0.640844 0.279297 0.0263052 0.084882 0.0458981
10 0.784076 0.353514 0.0590772 0.391968 0.0456027
2 0.992147 0.498182 0.0164288 0.100503 0.0452306
2 0.990918 0.534003 0.0188786 0.130937 0.0448794
10 0.993698 0.135437 0.0137907 0.269622 0.0445871
6 0.0200648 0.68112 0.0413272 0.638358 0.0442803
11 0.97818 0.382903 0.0422279 0.0526402 0.0439307
11 0.609801 0.642397 0.329554 0.71847 0.0432832
9 0.94853 0.907738 0.102712 0.180388 0.0428547
6 0.134254 0.767618 0.268039 0.463718 0.0422646
7 0.340451 0.290036 0.0534381 0.0748348 0.0419809
2 0.621073 0.286734 0.0138614 0.0664491 0.0414592
7 0.603134 0.296417 0.0173664 0.0227102 0.0409677
10 0.776061 0.35153 0.0612234 0.396821 0.0409564
6 0.975523 0.616441 0.0490648 0.123442 0.0406387
6 0.965867 0.820689 0.0686901 0.347192 0.0403753
6 0.124023 0.463633 0.25109 0.285519 0.0401388
6 0.169124 0.648373 0.344385 0.680899 0.0394281
7 0.543112 0.626862 0.0295151 0.0459241 0.039268
10 0.989684 0.905154 0.0215868 0.185069 0.0384469
2 0.634987 0.268957 0.0435828 0.107664 0.0382894
2 0.984228 0.667937 0.0320559 0.0827776 0.0382878
7 0.967683 0.718564 0.0656792 0.121538 0.0377909
10 0.195943 0.388728 0.236885 0.413114 0.0370443
6 0.0806874 0.298129 0.164241 0.258951 0.0369328
6 0.218365 0.495667 0.226457 0.186296 0.0369027
2 0.98402 0.540444 0.0311644 0.064823 0.0368636
6 0.163496 0.679228 0.335741 0.643056 0.0364532
6 0.972392 0.821868 0.0551304 0.277101 0.0363019
6 0.26741 0.506975 0.112109 0.150701 0.0362287
2 0.751478 0.346897 0.0218336 0.139481 0.0361127
6 0.306704 0.577902 0.138905 0.319025 0.0360234
11 0.333889 0.898152 0.276183 0.205592 0.0359074
6 0.139182 0.559455 0.248058 0.213953 0.0357291
2 0.604865 0.609145 0.0636329 0.245825 0.0355804
11 0.639532 0.493035 0.123657 0.261562 0.0355747
6 0.635698 0.470319 0.126927 0.307708 0.0353252
6 0.214317 0.511833 0.281634 0.558535 0.0348157
10 0.946942 0.120327 0.0375486 0.231408 0.034615
6 0.0267202 0.617022 0.0553983 0.633284 0.034384
6 0.626468 0.444613 0.11532 0.266056 0.0343323
2 0.645944 0.310502 0.0211034 0.0261192 0.0338143
6 0.0526987 0.801391 0.10754 0.397382 0.0336974
2 0.982165 0.581957 0.0371424 0.104661 0.0333398
6 0.648807 0.560909 0.109635 0.122127 0.0333396
6 0.767999 0.546776 0.0742196 0.115449 0.0331267
6 0.0342844 0.290617 0.0720394 0.230801 0.0329142
10 0.972504 0.89084 0.0538904 0.105702 0.0328071
6 0.0413386 0.331036 0.0871225 0.189799 0.0325001
7 0.753174 0.329175 0.0186222 0.0291135 0.0318009
10 0.808686 0.450203 0.0826471 0.206925 0.0317011
11 0.641562 0.654677 0.195114 0.659506 0.0314755
6 0.594458 0.449461 0.0737448 0.324677 0.0313361
10 0.810136 0.26023 0.0802183 0.218666 0.0310032
6 0.170501 0.433936 0.147214 0.280537 0.0310004
11 0.654898 0.526278 0.110398 0.0599506 0.0308774
6 0.0145994 0.400065 0.0315518 0.416316 0.0308339
6 0.148247 0.821277 0.307894 0.347868 0.0306266
6 0.176024 0.785089 0.356311 0.414016 0.0306186
6 0.206198 0.598725 0.275653 0.81232 0.0305805
6 0.0645292 0.809957 0.130407 0.403807 0.0305562
7 0.652067 0.309781 0.0337959 0.0299372 0.0304097
10 0.787078 0.449378 0.0676918 0.215257 0.0303616
10 0.659195 0.387169 0.0628293 0.321683 0.0303103
6 0.175858 0.768173 0.349374 0.443537 0.03022
8 0.956583 0.04313 0.0409782 0.084381 0.0300451
11 0.604565 0.687301 0.249618 0.204979 0.0300153
6 0.721252 0.577755 0.0584075 0.128899 0.0299223
6 0.190005 0.463871 0.217591 0.338887 0.0298399
2 0.368313 0.296205 0.0305381 0.0625578 0.0297771
2 0.595406 0.595137 0.0474556 0.0814737 0.0297564
5 0.730752 0.419097 0.0282311 0.053553 0.0297427
11 0.639431 0.403435 0.129057 0.24045 0.0294307
6 0.151863 0.787219 0.323384 0.477285 0.0292814
7 0.663401 0.306276 0.0229384 0.0338044 0.028754
6 0.148143 0.792442 0.291642 0.435564 0.0286651
6 0.680989 0.391834 0.0764335 0.319964 0.028491
10 0.665853 0.434441 0.0885535 0.361031 0.0281033
6 0.599392 0.430979 0.0517335 0.289023 0.0280858
10 0.81281 0.466071 0.0748091 0.175002 0.0280192
6 0.105397 0.712318 0.142319 0.142321 0.0276689
6 0.135625 0.708384 0.256787 0.348969 0.0276559
2 0.96181 0.506078 0.0467482 0.0827387 0.027642
10 0.674808 0.392706 0.0743576 0.338367 0.0274946
6 0.138648 0.708053 0.160835 0.284603 0.0274196
6 0.956621 0.905088 0.0846489 0.174189 0.0271495
6 0.681719 0.391022 0.0782193 0.324976 0.0269245
6 0.0585861 0.740558 0.111621 0.227928 0.0269016
4 0.333744 0.280792 0.0395788 0.0570192 0.0268588
7 0.528271 0.771291 0.0215214 0.0352255 0.026739
6 0.623236 0.453933 0.071401 0.117011 0.026638
11 0.600524 0.811366 0.275264 0.370472 0.0263891
6 0.59846 0.406951 0.0430264 0.125824 0.0262238
6 0.248979 0.636397 0.232828 0.567676 0.0261201
6 0.681191 0.459832 0.0734843 0.30497 0.0261086
6 0.162017 0.753643 0.194162 0.33198 0.0259643
2 0.616586 0.716012 0.0324142 0.127939 0.0257996
6 0.193039 0.666133 0.163973 0.358013 0.0257514
6 0.152487 0.798765 0.296107 0.401311 0.0254231
2 0.612946 0.562212 0.0384542 0.0916927 0.0254016
11 0.668782 0.449493 0.0788174 0.302591 0.0251876
10 0.669106 0.397244 0.0803988 0.29954 0.0251374
6 0.10597 0.906715 0.21647 0.187415 0.0250982
6 0.0224522 0.760477 0.0480554 0.500548 0.0249808
10 0.964359 0.0394227 0.0720776 0.0858506 0.0249583
10 0.601785 0.406069 0.053462 0.24085 0.0249047
7 0.603515 0.301819 0.0248931 0.0227399 0.0246907
6 0.278134 0.578379 0.0951575 0.107955 0.0246079
6 0.684198 0.456188 0.0677354 0.312996 0.0245099
6 0.958637 0.799137 0.0636253 0.0761008 0.024411
11 0.496942 0.643293 0.929461 0.687797 0.0241833
11 0.637876 0.543837 0.0832208 0.13717 0.0240694
6 0.127979 0.486098 0.0924564 0.154346 0.0238778
10 0.640657 0.360739 0.135591 0.200732 0.0236237
11 0.544952 0.472973 0.334147 0.372357 0.0233335
6 0.163894 0.861466 0.322561 0.286474 0.023261
6 0.168495 0.891829 0.326462 0.328969 0.0230245
6 0.167519 0.9215 0.358808 0.353497 0.0229433
6 0.637511 0.317315 0.105808 0.157961 0.0228697
6 0.168553 0.889208 0.313059 0.323075 0.0228262
11 0.522916 0.778634 0.145243 0.376129 0.0226404
2 0.620962 0.561603 0.0170282 0.0306377 0.0226395
6 0.165514 0.915899 0.350206 0.35449 0.0225639
6 0.235971 0.667984 0.111304 0.207128 0.0225321
6 0.161459 0.866798 0.318603 0.276283 0.0225047
10 0.222987 0.429901 0.106625 0.173578 0.0224346
10 0.932892 0.0560838 0.027577 0.111234 0.0223662
6 0.129391 0.800969 0.0714784 0.098827 0.0222403
6 0.356671 0.507373 0.115735 0.470688 0.021845
4 0.338598 0.28723 0.0399382 0.0639693 0.0218136
11 0.568982 0.826158 0.826672 0.332766 0.0217691
6 0.0214313 0.882769 0.0452269 0.272304 0.0217077
7 0.979743 0.75652 0.0351135 0.0528276 0.0215308
11 0.385386 0.807909 0.771423 0.402901 0.021511
6 0.690929 0.419594 0.0536487 0.253439 0.0213288
6 0.163473 0.937203 0.357634 0.322494 0.0211386
11 0.488947 0.897572 0.0867474 0.185447 0.0210826
6 0.346652 0.695581 0.0907427 0.271873 0.0210649
6 0.953706 0.968041 0.0938509 0.0740336 0.0210078
11 0.632899 0.782172 0.223235 0.179064 0.0209379
11 0.634122 0.717377 0.16192 0.307321 0.0209298
6 0.961112 0.53423 0.0751528 0.103332 0.0208362
10 0.676513 0.779777 0.122368 0.391693 0.020568
11 0.372191 0.876275 0.709885 0.247186 0.0205159
6 0.238272 0.857229 0.183096 0.177339 0.0204357
10 0.952147 0.876045 0.0283514 0.049942 0.0201654
10 0.526932 0.893406 0.0493408 0.154078 0.02008
7 0.613412 0.341526 0.0358648 0.0176644 0.020077
10 0.554427 0.771414 0.119469 0.367516 0.0200513
6 0.0208858 0.929613 0.0439484 0.283046 0.020023
10 0.605628 0.885258 0.121617 0.166721 0.0199938
10 0.131392 0.233976 0.0776812 0.104656 0.0199298
7 0.587499 0.736499 0.0312007 0.0761002 0.0197666
2 0.631456 0.800376 0.0359923 0.122002 0.0197646
6 0.102934 0.919837 0.132099 0.183056 0.0196805
7 0.560377 0.717674 0.0262222 0.0348019 0.0196444
2 0.53473 0.31798 0.016228 0.0319363 0.0195235
11 0.624815 0.906857 0.197794 0.181533 0.0194147
10 0.604829 0.92285 0.0831635 0.1012 0.0193843
7 0.639854 0.624213 0.0401401 0.0197317 0.0191241
6 0.23709 0.855116 0.142535 0.102379 0.0191016
2 0.606896 0.693612 0.0559726 0.109159 0.0190879
11 0.0845085 0.962459 0.123956 0.0926676 0.0190085
10 0.584748 0.885236 0.131474 0.16397 0.0188208
10 0.969899 0.975593 0.0508844 0.0553905 0.0187967
10 0.625122 0.556218 0.0761666 0.174478 0.0186123
6 0.609422 0.90935 0.237916 0.186292 0.0182855
10 0.647006 0.894977 0.0317986 0.0836868 0.0181093
6 0.596362 0.91052 0.268337 0.260616 0.0180393
6 0.238004 0.822867 0.0975805 0.199986 0.0179298
10 0.605496 0.914562 0.151895 0.161676 0.0179069
10 0.592569 0.901929 0.157013 0.208545 0.0177736
8 0.736849 0.644356 0.0216772 0.0478899 0.0177697
10 0.620329 0.331253 0.0880341 0.106556 0.0177152
6 0.184991 0.891062 0.26037 0.234685 0.0176744
6 0.16469 0.942707 0.280848 0.198829 0.0176584
6 0.08094 0.898942 0.0849837 0.121144 0.0175601
10 0.0169113 0.831184 0.0331099 0.078961 0.0175151
8 0.252949 0.901142 0.122468 0.143994 0.0174967
6 0.601596 0.896487 0.268475 0.225018 0.0174954
4 0.71887 0.962827 0.537878 0.131774 0.017468
6 0.622996 0.289947 0.115973 0.0713968 0.0174616
10 0.694547 0.845307 0.0963333 0.273907 0.0174487
7 0.680741 0.358085 0.0145957 0.0408084 0.017416
10 0.636305 0.948506 0.0574888 0.0939796 0.017275
11 0.152444 0.98331 0.259192 0.0450621 0.0171726
6 0.159545 0.908516 0.087851 0.0968552 0.0171257
11 0.603706 0.799897 0.10734 0.1185 0.0171148
7 0.553216 0.723789 0.0625843 0.0721316 0.0170109
11 0.199752 0.918738 0.0952101 0.133239 0.01698
10 0.47643 0.516188 0.0139581 0.0334207 0.0169648
6 0.70337 0.980929 0.540637 0.11105 0.0168887
10 0.631229 0.938139 0.039945 0.0915924 0.0167533
10 0.626481 0.807524 0.0572373 0.082552 0.0164209
2 0.559478 0.45583 0.0147347 0.035631 0.016402
10 0.6395 0.960757 0.0564254 0.0835324 0.0163572
8 0.715064 0.98982 0.377675 0.0457544 0.016333
2 0.418777 0.473491 0.0143708 0.037348 0.0162264
10 0.981133 0.926796 0.0382582 0.0862795 0.0162042
4 0.731146 0.986843 0.441103 0.0583876 0.0161654
8 0.710238 0.992628 0.337381 0.0344713 0.0160433
10 0.709691 0.899686 0.0520648 0.0797752 0.0160351
8 0.720379 0.990306 0.35874 0.0401918 0.0159775
8 0.707543 0.991506 0.317006 0.0366285 0.0158832
7 0.636492 0.806432 0.0347206 0.099695 0.0158768
10 0.606824 0.817231 0.0220967 0.0388843 0.0158448
10 0.969686 0.952521 0.056147 0.0896156 0.0156773
8 0.809535 0.734549 0.0737511 0.0936624 0.0155457
6 0.726011 0.976757 0.410803 0.052503 0.0152898
11 0.56023 0.546548 0.0395638 0.0341214 0.0151855
6 0.703428 0.973183 0.44068 0.098403 0.0149159
4 0.717199 0.981027 0.432228 0.0427591 0.0140102
2 0.364409 0.519635 0.0197909 0.0319426 0.0139966
11 0.680773 0.979288 0.347918 0.0665915 0.0138897
10 0.706229 0.973714 0.371391 0.0594126 0.01382
