11 0.630639 0.458106 0.158169 0.334144 0.875177
10 0.784285 0.347098 0.0831931 0.416457 0.871284
6 0.147758 0.593124 0.295015 0.811442 0.853088
11 0.588361 0.781614 0.284342 0.436404 0.59832
7 0.965988 0.790545 0.0675995 0.260723 0.510616
6 0.729111 0.450997 0.040151 0.195526 0.422098
10 0.206248 0.428521 0.218687 0.317524 0.360896
2 0.621046 0.614011 0.0335 0.20627 0.338748
6 0.958787 0.438694 0.0829779 0.480284 0.289159
6 0.0956759 0.401384 0.191205 0.423246 0.222955
2 0.621234 0.618403 0.0340045 0.199667 0.214854
6 0.958149 0.452246 0.0843592 0.505681 0.212861
6 0.967492 0.343017 0.0646038 0.29645 0.208945
10 0.964083 0.248473 0.0709171 0.494534 0.201552
2 0.595075 0.643289 0.0418641 0.175448 0.195253
5 0.758656 0.691132 0.0865004 0.127655 0.194277
6 0.238275 0.434781 0.288771 0.330226 0.185117
10 0.965047 0.194051 0.0684921 0.383035 0.178342
6 0.143684 0.767638 0.287662 0.464468 0.165868
6 0.961425 0.385465 0.0774538 0.382115 0.158189
6 0.145434 0.594944 0.289997 0.815822 0.142625
6 0.955797 0.403107 0.0892937 0.411217 0.141451
6 0.0951344 0.493735 0.189155 0.619831 0.138052
7 0.975338 0.598175 0.0491745 0.167994 0.134491
10 0.96284 0.353256 0.0734371 0.698732 0.13166
10 0.965067 0.120993 0.0624758 0.239385 0.128818
2 0.621156 0.256794 0.0197942 0.120599 0.128011
6 0.962429 0.55914 0.0753555 0.719907 0.119139
7 0.964098 0.823232 0.0716366 0.345772 0.118793
6 0.96755 0.298524 0.0645212 0.202851 0.117241
6 0.243387 0.433768 0.270102 0.317269 0.11696
10 0.76096 0.410257 0.0495717 0.277989 0.114344
6 0.309509 0.508035 0.142622 0.154378 0.114116
11 0.721141 0.780733 0.552766 0.438695 0.110057
2 0.990884 0.59066 0.0188261 0.16045 0.108139
5 0.766118 0.695044 0.070394 0.120157 0.108091
6 0.959185 0.44325 0.0822456 0.241144 0.105333
2 0.61887 0.54744 0.0245577 0.0771417 0.10419
6 0.729129 0.475992 0.0436895 0.251343 0.103679
7 0.665112 0.284734 0.0257801 0.0743439 0.10305
6 0.336697 0.669556 0.186142 0.35771 0.100745
6 0.256847 0.557269 0.28922 0.566808 0.100011
2 0.619076 0.613211 0.0309101 0.209828 0.098643
6 0.244309 0.55172 0.291455 0.55832 0.097863
6 0.325187 0.493522 0.112471 0.120657 0.0961243
10 0.955995 0.28896 0.0869867 0.577356 0.0951978
5 0.754551 0.676432 0.0963809 0.159955 0.094808
7 0.454985 0.30854 0.0179113 0.0482832 0.0940142
6 0.336624 0.733542 0.141125 0.203737 0.0938216
6 0.253005 0.458662 0.251235 0.261059 0.0920933
11 0.721943 0.770124 0.553884 0.459896 0.0893406
6 0.144093 0.734252 0.289954 0.536422 0.0881561
5 0.770606 0.694768 0.0604917 0.120208 0.086545
6 0.23777 0.505162 0.280297 0.165727 0.0848825
6 0.0754283 0.592642 0.148717 0.811819 0.0805647
6 0.0926934 0.445334 0.184922 0.419466 0.0784118
6 0.269217 0.620568 0.27238 0.407774 0.0769669
6 0.356337 0.60126 0.712444 0.770977 0.0750322
7 0.459017 0.310268 0.0284171 0.0542273 0.0744672
6 0.146531 0.38151 0.115153 0.336821 0.0738955
2 0.31195 0.412483 0.0268835 0.0925873 0.073285
10 0.76112 0.434098 0.0478229 0.227556 0.0718448
2 0.0154626 0.87798 0.0314526 0.243841 0.0712759
6 0.74649 0.410391 0.0692321 0.273098 0.0711786
6 0.315685 0.519977 0.157818 0.179042 0.0709985
6 0.729019 0.45199 0.0381061 0.183347 0.0699105
7 0.752744 0.295961 0.0146177 0.0423515 0.068424
7 0.973644 0.699205 0.053343 0.442457 0.0681015
6 0.235922 0.507081 0.282871 0.16446 0.0671181
7 0.620925 0.286343 0.0143439 0.0600593 0.0663631
6 0.765194 0.437115 0.108626 0.231223 0.0659501
10 0.210247 0.408558 0.26289 0.374551 0.0646331
6 0.163574 0.630517 0.330353 0.744451 0.0627689
6 0.0354307 0.673118 0.0715585 0.653947 0.0623423
6 0.309088 0.508999 0.181261 0.170538 0.0617958
6 0.0285921 0.748834 0.057745 0.500256 0.0612631
6 0.959399 0.500128 0.0807962 0.19546 0.0609564
2 0.437442 0.870761 0.0505236 0.119105 0.0609502
6 0.244881 0.485606 0.299811 0.427046 0.0605215
10 0.78725 0.345255 0.0744009 0.410736 0.0587685
6 0.277379 0.603411 0.55723 0.789019 0.0579041
7 0.427562 0.297307 0.0531161 0.0760015 0.0554743
7 0.395857 0.300612 0.0210924 0.0503276 0.0551822
6 0.0353691 0.428724 0.072593 0.478023 0.0550155
10 0.801917 0.345459 0.0503054 0.409261 0.0545736
6 0.727451 0.485929 0.0337605 0.0999225 0.0536153
10 0.945815 0.371311 0.108322 0.74162 0.0532309
6 0.0232704 0.677866 0.0478206 0.643544 0.0527568
6 0.240423 0.602696 0.483845 0.795985 0.052634
10 0.759809 0.370354 0.041114 0.114095 0.0523389
10 0.323598 0.285822 0.0215626 0.0642806 0.0520496
6 0.0642347 0.769788 0.128671 0.460703 0.0519891
11 0.719936 0.738275 0.554986 0.480234 0.0519771
7 0.46683 0.31301 0.0166968 0.0442503 0.0515161
6 0.960688 0.487443 0.078602 0.162351 0.0509299
2 0.311825 0.427188 0.0243528 0.0626517 0.0507526
6 0.0279427 0.556233 0.0575203 0.724339 0.0499104
11 0.721765 0.651807 0.55058 0.688842 0.0496307
2 0.752879 0.336673 0.0205943 0.125419 0.0486636
2 0.752637 0.321246 0.0181042 0.0937249 0.0485612
7 0.470878 0.316228 0.0177285 0.041028 0.0483602
11 0.596869 0.638917 0.308827 0.725419 0.0483478
10 0.989672 0.877599 0.0204977 0.109798 0.0479979
6 0.641828 0.469156 0.136139 0.309029 0.0475355
6 0.0308895 0.589152 0.0641376 0.788455 0.047459
6 0.961622 0.413507 0.077808 0.171235 0.0474042
7 0.657898 0.308807 0.0437937 0.0334407 0.0471318
6 0.991746 0.437524 0.0179892 0.264756 0.0470052
2 0.534039 0.314076 0.0186472 0.0335614 0.0465956
6 0.228443 0.710098 0.462196 0.588797 0.0457964
10 0.186403 0.404471 0.198369 0.370069 0.0455759
6 0.0976171 0.842172 0.20087 0.334072 0.0449243
6 0.963479 0.733566 0.0721424 0.286031 0.0448312
6 0.637349 0.453482 0.148295 0.326582 0.0444449
10 0.796022 0.348759 0.055709 0.391762 0.044428
10 0.7598 0.341871 0.0641004 0.408319 0.0443454
6 0.252886 0.608124 0.505889 0.453597 0.0441042
10 0.993418 0.154588 0.0149105 0.305729 0.0440747
6 0.217645 0.432484 0.151965 0.296962 0.0439969
6 0.0868218 0.883426 0.174555 0.23653 0.0432257
11 0.978445 0.382507 0.042729 0.0539532 0.0428911
6 0.140304 0.898691 0.282595 0.20402 0.0428382
7 0.601963 0.308032 0.0497162 0.0353131 0.0428183
6 0.72698 0.492978 0.030111 0.0822356 0.0424384
7 0.763306 0.336591 0.0336376 0.0480307 0.0416961
6 0.0186004 0.393543 0.0384444 0.404613 0.040874
6 0.740275 0.392435 0.0222812 0.0838994 0.040312
2 0.615909 0.636686 0.0349689 0.176261 0.0402681
5 0.538577 0.31354 0.0301975 0.0372087 0.0394914
7 0.662798 0.283019 0.0203235 0.0591037 0.0392214
4 0.340315 0.290553 0.0532884 0.0727388 0.0384904
6 0.329553 0.651785 0.362133 0.411704 0.0381374
7 0.991875 0.819291 0.0174873 0.2476 0.0378642
6 0.157868 0.420667 0.141489 0.323219 0.0377816
6 0.0432273 0.649416 0.0938863 0.716184 0.0374255
7 0.602183 0.292115 0.0187993 0.0280238 0.0371603
2 0.993476 0.540244 0.0139854 0.235472 0.0370432
6 0.104217 0.816685 0.198765 0.290668 0.0366853
6 0.302437 0.67866 0.387319 0.327253 0.0366235
6 0.146451 0.470354 0.115772 0.254001 0.0363995
6 0.625596 0.445226 0.107945 0.269431 0.0361117
2 0.992589 0.49905 0.0157166 0.102271 0.0359232
6 0.266018 0.806 0.238814 0.148755 0.0358284
10 0.801884 0.381816 0.0417927 0.320511 0.0355661
6 0.133448 0.69528 0.270005 0.590176 0.0353525
10 0.98778 0.911596 0.0250998 0.172321 0.0350434
6 0.0419386 0.691376 0.0946004 0.641742 0.0347796
11 0.639287 0.640086 0.208571 0.687729 0.0347427
10 0.795586 0.219989 0.0557122 0.165013 0.0345827
6 0.75273 0.423201 0.0710319 0.246656 0.0345568
2 0.970045 0.686916 0.0542849 0.050015 0.0342077
6 0.963158 0.622761 0.0708721 0.119817 0.0337733
10 0.752766 0.437319 0.0468243 0.199036 0.033601
10 0.809069 0.381453 0.0370192 0.323579 0.0335623
6 0.146626 0.430876 0.110535 0.273001 0.0334253
2 0.995066 0.511936 0.0105604 0.0759592 0.0333404
2 0.648293 0.310269 0.0243703 0.0280248 0.0333245
11 0.382913 0.739046 0.657331 0.511122 0.0330535
11 0.695832 0.630097 0.494722 0.725829 0.0324593
7 0.548986 0.626453 0.0347313 0.0455296 0.0320621
10 0.638019 0.400271 0.12802 0.236943 0.0311201
6 0.627081 0.458335 0.119613 0.319633 0.0307367
6 0.503452 0.629724 0.997854 0.726503 0.0299753
6 0.29683 0.559492 0.0993508 0.105042 0.0296715
4 0.339394 0.278931 0.0341711 0.0377705 0.0296359
7 0.971429 0.760464 0.052294 0.11347 0.0295273
7 0.661768 0.306652 0.0251977 0.0334428 0.0295204
10 0.779909 0.328617 0.079223 0.184384 0.0294231
6 0.288153 0.721656 0.569269 0.606181 0.029364
11 0.593793 0.682768 0.265153 0.199335 0.0290827
6 0.382047 0.618127 0.680669 0.689189 0.0288529
6 0.227125 0.845054 0.285465 0.129101 0.028717
6 0.715023 0.45663 0.0826172 0.277799 0.0286868
2 0.987043 0.675696 0.0242275 0.0785821 0.0286422
10 0.332962 0.282712 0.0371182 0.0547507 0.0285735
11 0.367662 0.785077 0.729593 0.439533 0.0285313
6 0.0118741 0.392758 0.0254132 0.400579 0.0283182
6 0.0280679 0.727082 0.0609173 0.578099 0.0281258
6 0.969723 0.632919 0.0609707 0.177648 0.028086
6 0.0744344 0.816327 0.157553 0.386511 0.0277206
7 0.750786 0.329874 0.0127223 0.0284821 0.0273488
6 0.724976 0.411606 0.0280117 0.0533944 0.0272341
6 0.21125 0.801347 0.404559 0.394963 0.0272029
10 0.668959 0.394097 0.079525 0.30074 0.0271286
7 0.971475 0.785195 0.0447302 0.0674322 0.0270263
6 0.098026 0.763717 0.186341 0.357572 0.0270146
10 0.681978 0.403841 0.0682973 0.283194 0.0267077
8 0.957641 0.0350771 0.0381008 0.0706202 0.0258263
7 0.966111 0.781617 0.0677717 0.256181 0.0257778
10 0.668631 0.409533 0.0778152 0.273442 0.0255455
2 0.620507 0.618077 0.047681 0.08748 0.0252502
2 0.61958 0.680206 0.0182921 0.0386322 0.025241
6 0.240211 0.914228 0.268852 0.178387 0.0251622
6 0.128633 0.836509 0.0803108 0.122896 0.0249994
6 0.0410449 0.934608 0.0847321 0.134476 0.0247544
6 0.352813 0.858557 0.673137 0.430157 0.0247517
7 0.98368 0.739384 0.0280033 0.0583825 0.0246665
6 0.897853 0.441515 0.43631 0.34482 0.02444
11 0.592185 0.861856 0.271698 0.278067 0.0243732
6 0.636643 0.329696 0.112917 0.17007 0.0243193
6 0.628917 0.333484 0.0959269 0.175762 0.0239603
6 0.727726 0.633893 0.0610007 0.165136 0.023764
2 0.617689 0.687613 0.0251987 0.0594406 0.0237221
6 0.022865 0.245828 0.0440277 0.128131 0.0235666
6 0.593881 0.896438 0.283431 0.220681 0.0234937
6 0.305407 0.828541 0.0923107 0.100859 0.0233796
6 0.267569 0.820417 0.46456 0.367362 0.023237
10 0.670142 0.415362 0.0775559 0.247286 0.0230307
6 0.0470384 0.57105 0.0924875 0.106911 0.0230252
11 0.596245 0.858264 0.737313 0.28944 0.0228871
6 0.230714 0.910538 0.446101 0.206962 0.0227352
11 0.53922 0.46779 0.294795 0.281584 0.0227332
6 0.0184979 0.439287 0.0330054 0.126249 0.0224584
6 0.950665 0.960634 0.0905062 0.0980125 0.0223355
10 0.696715 0.424215 0.0597389 0.263276 0.0219045
6 0.121053 0.943052 0.264433 0.294219 0.0217496
6 0.162805 0.48144 0.0657072 0.146532 0.0217235
6 0.969044 0.85188 0.0584023 0.159175 0.021688
6 0.18116 0.923077 0.257434 0.227367 0.0216761
7 0.971132 0.657691 0.0567417 0.102875 0.021619
6 0.33348 0.913163 0.609638 0.3113 0.0215858
6 0.150207 0.510762 0.080615 0.115238 0.021359
10 0.980787 0.892095 0.0293345 0.111835 0.0213427
6 0.968418 0.910697 0.0628284 0.182854 0.0213007
6 0.161208 0.934374 0.299028 0.253575 0.0210979
6 0.168551 0.921258 0.307491 0.219941 0.0206896
6 0.237412 0.925788 0.425824 0.342313 0.0206706
6 0.759701 0.557185 0.0553553 0.107355 0.0206658
6 0.166988 0.914457 0.220603 0.14916 0.0204129
8 0.157618 0.511256 0.0695491 0.135037 0.020348
6 0.0691102 0.839841 0.120435 0.100678 0.0203392
2 0.969045 0.676797 0.0391405 0.0868479 0.0202998
2 0.613603 0.721754 0.0338965 0.0891597 0.0200798
6 0.121637 0.950459 0.253778 0.269703 0.0199995
11 0.588284 0.803427 0.292356 0.406889 0.0199307
11 0.547103 0.542151 0.391971 0.417156 0.0198129
10 0.605582 0.894164 0.0856615 0.0954138 0.0197388
2 0.966004 0.690558 0.0416544 0.0510148 0.0197307
6 0.730495 0.434314 0.0310706 0.0647995 0.0196415
10 0.965819 0.956456 0.0647079 0.0904829 0.0196241
6 0.0627502 0.585617 0.0625516 0.0535763 0.0195299
6 0.308346 0.787983 0.0658454 0.083134 0.0193726
2 0.963339 0.693197 0.0467638 0.0618167 0.0191359
10 0.623656 0.860391 0.0449498 0.123625 0.0190478
2 0.708828 0.683933 0.0306647 0.0817982 0.0190119
10 0.975992 0.931627 0.0457796 0.133259 0.0189771
6 0.032047 0.606316 0.0650879 0.138228 0.018962
7 0.558446 0.740861 0.0344765 0.0310327 0.0186981
11 0.626607 0.466108 0.0155119 0.0172056 0.0186667
10 0.615971 0.911445 0.0852612 0.108517 0.0186413
2 0.636628 0.626577 0.0531797 0.0570819 0.0185961
6 0.0339847 0.722089 0.0635401 0.110419 0.0184744
10 0.606413 0.907002 0.132855 0.155912 0.0183287
11 0.713032 0.457882 0.326952 0.366028 0.0183173
11 0.124652 0.982499 0.227297 0.0506031 0.0182516
6 0.368454 0.718531 0.0954461 0.180697 0.017842
10 0.615817 0.896296 0.151399 0.169786 0.0178133
10 0.953514 0.979222 0.0809069 0.0692548 0.017777
10 0.629846 0.827431 0.0387752 0.133059 0.0177626
2 0.680061 0.57122 0.0140091 0.0266454 0.0177517
7 0.477653 0.363424 0.0109262 0.0253812 0.0177437
11 0.196198 0.951556 0.246488 0.117024 0.01773
10 0.584853 0.900778 0.136684 0.161427 0.0177144
7 0.585308 0.790333 0.0405429 0.097054 0.0176498
6 0.23418 0.849678 0.0787553 0.0604975 0.0175927
10 0.634506 0.829225 0.0373528 0.0790491 0.0174642
2 0.971523 0.50378 0.0590612 0.160192 0.0174507
8 0.312036 0.822672 0.0460409 0.0362025 0.0173948
11 0.0802395 0.221593 0.168429 0.118201 0.0171933
8 0.76022 0.785105 0.0369178 0.0532493 0.0168993
10 0.305434 0.933607 0.0771648 0.0773161 0.0168302
2 0.711202 0.798721 0.0298653 0.110635 0.0167816
11 0.29387 0.978449 0.136228 0.0534673 0.0166286
8 0.709433 0.991326 0.444662 0.0446806 0.0166112
10 0.63276 0.966181 0.0561956 0.0601373 0.0165491
8 0.712361 0.54455 0.0136862 0.0384306 0.0165345
6 0.124342 0.979037 0.177548 0.0859495 0.0164424
7 0.962966 0.668843 0.0668404 0.141187 0.016402
10 0.690395 0.866783 0.0776779 0.180513 0.0163921
11 0.117418 0.976365 0.217402 0.0649189 0.0163482
7 0.707349 0.779457 0.0385491 0.0724834 0.0163126
10 0.603165 0.908267 0.190971 0.1876 0.0161388
11 0.341022 0.975878 0.60571 0.0981777 0.0160784
10 0.583288 0.784577 0.0510673 0.0868647 0.0160077
6 0.117952 0.979355 0.182611 0.0708934 0.015846
10 0.602007 0.799838 0.0589476 0.0846552 0.0156547
2 0.41599 0.520331 0.0142682 0.0354255 0.0156129
10 0.602131 0.921321 0.189389 0.152725 0.0155452
10 0.656563 0.967816 0.300137 0.0729507 0.0155066
11 0.129091 0.986121 0.164092 0.0625034 0.0154587
6 0.322593 0.95826 0.103822 0.0826177 0.0154317
6 0.370097 0.983345 0.555764 0.0628345 0.0154252
11 0.702209 0.984774 0.474496 0.0594141 0.0153184
11 0.676124 0.978151 0.544305 0.0829996 0.015033
11 0.700896 0.985392 0.478076 0.0577536 0.0149866
11 0.690115 0.97817 0.554818 0.0971123 0.0149157
11 0.683918 0.982781 0.523927 0.061474 0.0148579
11 0.622196 0.98017 0.431625 0.0675037 0.0146361
11 0.690511 0.986026 0.526493 0.0613489 0.0145472
10 0.674762 0.98219 0.458469 0.0542984 0.0138687
