11 0.569654 0.801162 0.346156 0.39644 0.908109
10 0.68794 0.518349 0.203071 0.276298 0.877347
10 0.537034 0.342366 0.0536283 0.266782 0.594986
6 0.0552342 0.852371 0.110607 0.292535 0.58276
10 0.764854 0.624577 0.0742287 0.378546 0.380007
7 0.491132 0.617286 0.0612842 0.131524 0.337882
10 0.760044 0.549891 0.0824372 0.225816 0.322098
11 0.890332 0.915032 0.218484 0.169189 0.28286
6 0.0543234 0.757902 0.109297 0.483199 0.239726
6 0.985901 0.914096 0.0277283 0.17193 0.212654
6 0.053249 0.772217 0.107003 0.454822 0.211144
6 0.0542729 0.855535 0.108793 0.28808 0.199902
6 0.0532977 0.846087 0.106334 0.271281 0.193784
6 0.0520384 0.831306 0.104673 0.244092 0.186967
10 0.776871 0.543832 0.0488871 0.213196 0.183437
10 0.758982 0.668344 0.0732053 0.288437 0.16798
10 0.739725 0.548944 0.123378 0.234634 0.161261
10 0.983462 0.761967 0.0327517 0.475228 0.158273
10 0.985376 0.809628 0.0288118 0.380172 0.147271
2 0.591914 0.616597 0.0178102 0.0556641 0.147067
10 0.985765 0.638312 0.0280853 0.723575 0.143181
11 0.868069 0.917064 0.263299 0.168434 0.142708
6 0.0544898 0.859065 0.109355 0.28434 0.139033
10 0.776521 0.63051 0.049757 0.387466 0.136974
7 0.5863 0.626925 0.0257672 0.0410153 0.135283
10 0.952838 0.596345 0.0297157 0.0808475 0.130944
6 0.888411 0.839726 0.222071 0.320662 0.129604
10 0.772172 0.492622 0.0550927 0.110853 0.126034
10 0.985168 0.538235 0.0295383 0.918689 0.124268
11 0.947285 0.913974 0.104721 0.173715 0.121589
6 0.0541299 0.82156 0.109701 0.35846 0.121279
11 0.94167 0.917774 0.116546 0.165896 0.119394
2 0.589419 0.617369 0.0235452 0.0595562 0.118112
6 0.877917 0.881432 0.243938 0.240322 0.117596
10 0.988638 0.805438 0.0225788 0.387621 0.11727
10 0.739819 0.549065 0.123329 0.22701 0.115582
2 0.577611 0.588832 0.0157945 0.0598795 0.10593
6 0.869034 0.879651 0.261399 0.243843 0.105014
10 0.990883 0.803615 0.0190632 0.389331 0.104935
6 0.0470611 0.780708 0.0954298 0.151316 0.104006
10 0.749464 0.547515 0.108096 0.224072 0.100454
10 0.0129165 0.75826 0.0265885 0.478779 0.100238
10 0.591468 0.314385 0.0289223 0.0997987 0.0985846
10 0.985527 0.721649 0.0287655 0.563005 0.0976925
7 0.60355 0.574573 0.0244613 0.0601682 0.0965022
10 0.77624 0.628182 0.047593 0.380597 0.0964485
6 0.961762 0.850825 0.0767023 0.299729 0.0939859
10 0.99175 0.597467 0.0152683 0.101659 0.0939368
6 0.906758 0.817998 0.186236 0.368746 0.0935193
7 0.440182 0.586446 0.0376373 0.0997539 0.0935163
6 0.0584095 0.964364 0.116337 0.0716316 0.0910415
6 0.0378776 0.729297 0.0777447 0.232036 0.0907846
7 0.591715 0.62769 0.016951 0.0363738 0.0887662
6 0.0263142 0.761939 0.05278 0.47426 0.0875766
6 0.0133734 0.851698 0.0288595 0.294198 0.0866129
6 0.951096 0.917494 0.0976343 0.16787 0.0843848
6 0.0457723 0.743526 0.0935481 0.242547 0.0840742
6 0.0554083 0.929868 0.111642 0.140763 0.082468
10 0.759306 0.701689 0.0785346 0.39055 0.0823093
11 0.930541 0.918493 0.136716 0.164792 0.0800918
6 0.0211415 0.939287 0.0422639 0.121355 0.0786528
10 0.179241 0.569292 0.0334705 0.128663 0.0744744
10 0.00778545 0.755557 0.01623 0.335742 0.074332
11 0.918466 0.922123 0.15482 0.155587 0.0733605
10 0.76056 0.897949 0.0447966 0.124748 0.0727741
10 0.992311 0.600837 0.0143726 0.104428 0.0724976
10 0.0058445 0.69263 0.0123927 0.101659 0.0697027
6 0.0137224 0.889893 0.0290327 0.217667 0.0693805
6 0.0225574 0.656013 0.0453567 0.688171 0.0691008
10 0.992509 0.247039 0.0149097 0.390212 0.0679586
10 0.698736 0.546142 0.207861 0.227738 0.0679347
10 0.0202821 0.549677 0.04109 0.895881 0.0677357
7 0.752012 0.591881 0.0750795 0.144928 0.0664415
10 0.0161524 0.51188 0.0329594 0.93506 0.066399
10 0.991324 0.549508 0.016819 0.199654 0.0660739
2 0.765277 0.724366 0.0378463 0.172272 0.0660154
10 0.00639499 0.709867 0.0139316 0.187411 0.064812
6 0.987207 0.907209 0.0262932 0.182585 0.0644333
10 0.990978 0.812938 0.0183445 0.368143 0.0634295
10 0.0155792 0.770834 0.0318328 0.346233 0.0630755
2 0.556393 0.573816 0.0221785 0.0335096 0.062862
10 0.992298 0.731149 0.0137112 0.230164 0.0623266
6 0.95137 0.922579 0.0955425 0.15951 0.0611202
10 0.594372 0.367308 0.0391767 0.218658 0.0596539
7 0.439876 0.573702 0.0341358 0.0666608 0.0589765
10 0.0167952 0.481255 0.0339279 0.9194 0.0588386
10 0.720393 0.380175 0.0338254 0.0515779 0.0586784
6 0.0555553 0.94891 0.111206 0.10195 0.0574486
10 0.735722 0.621723 0.150171 0.418234 0.0564088
10 0.0189396 0.536172 0.0388764 0.921042 0.055792
10 0.637442 0.550344 0.0938174 0.188586 0.055049
10 0.00681899 0.640745 0.0138727 0.242 0.055033
7 0.584199 0.603495 0.0198383 0.0325232 0.054871
10 0.990781 0.485477 0.0174343 0.313825 0.0544649
6 0.0407116 0.790455 0.0839979 0.148376 0.0540208
7 0.488913 0.629966 0.0602078 0.103845 0.053247
10 0.636604 0.548993 0.0930647 0.18877 0.053175
10 0.743121 0.378235 0.0233479 0.0616668 0.0528018
6 0.00776965 0.777855 0.0173164 0.157487 0.0525486
10 0.0103287 0.937541 0.020699 0.122608 0.0523598
7 0.604908 0.651442 0.0371852 0.0328284 0.0521595
10 0.720743 0.516293 0.118363 0.274344 0.0505563
10 0.993653 0.351063 0.0119827 0.225736 0.0502895
10 0.432747 0.519141 0.0895198 0.231942 0.049404
7 0.588922 0.627923 0.0286368 0.0800208 0.049331
10 0.542678 0.343323 0.0376769 0.246675 0.0482538
10 0.0217313 0.622514 0.0440324 0.739631 0.0481249
6 0.460584 0.793772 0.12996 0.407298 0.048084
6 0.0524794 0.9353 0.105763 0.129366 0.0471068
7 0.773567 0.507038 0.0375758 0.0695598 0.0468247
10 0.696923 0.639177 0.210792 0.471895 0.0468204
7 0.488355 0.650967 0.0560163 0.0639901 0.0465173
6 0.933793 0.835546 0.0402357 0.0892265 0.0464002
6 0.231387 0.851421 0.466312 0.297305 0.0463916
7 0.432974 0.614365 0.0217154 0.0565829 0.0459225
10 0.588768 0.303216 0.0202024 0.0671405 0.0457951
6 0.983371 0.962516 0.0330278 0.0760631 0.0450058
7 0.497064 0.560129 0.0336189 0.0243924 0.0443486
10 0.739891 0.554676 0.122498 0.198494 0.042534
2 0.595627 0.582029 0.0233218 0.0726994 0.0423381
10 0.693456 0.38509 0.0220001 0.05276 0.0421079
6 0.106101 0.749169 0.213037 0.504837 0.0414458
10 0.769615 0.466113 0.0376651 0.0523264 0.0408353
2 0.767967 0.672363 0.0354344 0.084987 0.0405939
10 0.760171 0.870305 0.0437483 0.0732546 0.0401957
6 0.466169 0.736429 0.138065 0.345892 0.0401564
7 0.478794 0.633553 0.11055 0.100091 0.0399829
11 0.036301 0.733266 0.0744036 0.0654701 0.0399239
7 0.452409 0.653762 0.0427529 0.0340046 0.0396697
10 0.638784 0.555883 0.115166 0.19073 0.0389834
7 0.589131 0.604367 0.014778 0.0321378 0.0388867
10 0.981496 0.698989 0.0331251 0.615421 0.0387642
6 0.446449 0.794343 0.103236 0.404223 0.0386966
2 0.761594 0.633356 0.0286679 0.116792 0.038366
7 0.432126 0.612647 0.0194662 0.0467682 0.0381682
6 0.490756 0.792188 0.184348 0.409281 0.0379493
6 0.0292959 0.800465 0.0567485 0.0697389 0.0379404
7 0.589339 0.603798 0.0147851 0.030408 0.0378491
2 0.76573 0.616495 0.01625 0.0611032 0.0377209
6 0.987522 0.956623 0.0265936 0.0871252 0.0376397
10 0.540377 0.245476 0.0317369 0.0704595 0.0375775
2 0.76727 0.731623 0.0240913 0.144882 0.0374276
6 0.872904 0.95614 0.212049 0.0923061 0.036749
11 0.959096 0.957539 0.0848137 0.0885675 0.0366585
10 0.00608131 0.111848 0.0124191 0.206254 0.0365879
7 0.602727 0.629358 0.0407708 0.0769526 0.0364453
2 0.753297 0.751286 0.0157186 0.114386 0.0363265
7 0.446472 0.608742 0.0547348 0.119486 0.0357847
10 0.652865 0.503067 0.0345408 0.0487038 0.0357122
10 0.638858 0.600324 0.108523 0.104685 0.0352742
6 0.13231 0.985206 0.263641 0.0310129 0.0347504
7 0.662833 0.609676 0.0539416 0.0450203 0.0347196
6 0.436891 0.736192 0.0843849 0.297244 0.0345439
10 0.952541 0.595094 0.0222965 0.0631685 0.0344444
10 0.591292 0.578106 0.0446447 0.0750244 0.0343992
10 0.720995 0.584405 0.093082 0.136089 0.034236
10 0.993736 0.496935 0.0114964 0.213247 0.0340772
6 0.98525 0.955313 0.028112 0.0864132 0.0340709
6 0.0574429 0.983546 0.113387 0.0335051 0.0340023
10 0.00580949 0.166778 0.0124626 0.31548 0.0339736
7 0.550186 0.677342 0.0413803 0.0218725 0.0335765
7 0.578419 0.618998 0.018739 0.0613422 0.0335609
2 0.766696 0.590684 0.0222239 0.113604 0.0333918
2 0.459085 0.493845 0.0170394 0.0330373 0.0333914
2 0.457989 0.51461 0.0234005 0.0808421 0.0332307
10 0.53686 0.250714 0.0489156 0.0816918 0.0331299
6 0.43805 0.740553 0.0792962 0.284732 0.0331204
10 0.181275 0.676093 0.052063 0.35009 0.0329916
10 0.540238 0.236273 0.0193825 0.0520824 0.0326676
2 0.752841 0.778575 0.0158765 0.0600934 0.0325623
7 0.597471 0.593895 0.0384955 0.102069 0.0325202
10 0.01055 0.920547 0.0217353 0.161368 0.0324895
6 0.442488 0.784365 0.0922133 0.408157 0.031971
7 0.46081 0.655725 0.0260277 0.0225101 0.0319464
2 0.451695 0.571977 0.0156328 0.0669604 0.0319341
11 0.966043 0.981639 0.0666042 0.0384159 0.0319137
2 0.767684 0.736723 0.0216105 0.140505 0.0317716
6 0.0211879 0.985778 0.0430895 0.0291418 0.0312489
6 0.76572 0.740106 0.0515908 0.20647 0.0311545
10 0.536411 0.253683 0.0497473 0.0887334 0.0310539
10 0.773918 0.487404 0.0380941 0.078832 0.0309363
2 0.765004 0.675054 0.040631 0.271534 0.0304228
2 0.575169 0.589268 0.0158205 0.0603079 0.0302922
6 0.0492925 0.928174 0.0958794 0.13293 0.0302595
2 0.752611 0.760572 0.0168957 0.100753 0.0301797
7 0.622866 0.629489 0.048605 0.0270199 0.0297712
7 0.63624 0.656362 0.042197 0.0271107 0.0293905
7 0.508257 0.637767 0.176301 0.0950624 0.0291546
10 0.596442 0.318221 0.0175276 0.0921055 0.0290754
11 0.572645 0.643439 0.346625 0.118491 0.0290737
6 0.427369 0.792984 0.0768634 0.391002 0.0287868
6 0.578649 0.800523 0.341348 0.379023 0.0283073
7 0.452061 0.655215 0.0396487 0.030791 0.028219
6 0.985652 0.97867 0.0281708 0.0428911 0.0281535
7 0.442643 0.629864 0.0425064 0.0764762 0.0275791
10 0.723274 0.386679 0.0643437 0.0844083 0.0275174
6 0.861183 0.981236 0.191129 0.0451725 0.0273722
7 0.494792 0.575593 0.0484579 0.0603423 0.0272858
6 0.502162 0.711999 0.179932 0.2894 0.0270558
10 0.725704 0.422587 0.0720708 0.101983 0.0264323
6 0.499485 0.692688 0.151401 0.262548 0.0263726
7 0.491404 0.675907 0.0855239 0.248028 0.0261327
10 0.645556 0.610451 0.127078 0.0810533 0.0261227
7 0.585319 0.681601 0.0132375 0.0311732 0.0261151
10 0.695874 0.750215 0.205768 0.341699 0.0260499
7 0.534082 0.67702 0.0161282 0.0237495 0.0257525
7 0.985952 0.954369 0.0254044 0.0935154 0.0256443
6 0.471485 0.705515 0.099915 0.285706 0.0256076
10 0.597218 0.317584 0.0134096 0.0841086 0.0254838
10 0.990188 0.885103 0.0165892 0.0794721 0.0252057
6 0.985629 0.947422 0.0251228 0.107947 0.0248992
10 0.779247 0.480623 0.0209049 0.0317119 0.0248737
10 0.745829 0.378359 0.014677 0.0324099 0.0248247
7 0.566615 0.668511 0.0215199 0.0339927 0.0248158
6 0.0563791 0.980138 0.1085 0.0520738 0.0247798
7 0.772652 0.492965 0.0355464 0.0351158 0.0247659
6 0.435856 0.770168 0.0474291 0.0763674 0.0247379
10 0.746604 0.450183 0.0247228 0.059614 0.0246943
7 0.638833 0.647301 0.0535212 0.0319613 0.024563
11 0.951137 0.950885 0.076313 0.107132 0.0245464
7 0.572462 0.728672 0.0127689 0.0219895 0.0244517
10 0.638083 0.581109 0.0271181 0.05236 0.0241378
10 0.958766 0.620362 0.019949 0.0577287 0.0241215
10 0.667136 0.802657 0.173939 0.377978 0.0241054
11 0.591533 0.796356 0.134379 0.0668724 0.0240965
11 0.59111 0.667283 0.3076 0.0749082 0.0235799
2 0.755163 0.771141 0.0207369 0.0684653 0.0234087
11 0.472663 0.852834 0.113954 0.0533596 0.0233926
6 0.128124 0.927206 0.230739 0.154833 0.023368
2 0.765211 0.65143 0.0461899 0.134241 0.0232982
10 0.735791 0.588215 0.0401709 0.127356 0.0231199
7 0.630337 0.658716 0.0403761 0.0268085 0.0229317
11 0.408603 0.862809 0.0651916 0.294955 0.0229292
7 0.767833 0.494253 0.0514725 0.0731121 0.0229177
2 0.762936 0.726722 0.0201176 0.0469238 0.02278
10 0.98543 0.911408 0.0225231 0.141888 0.0224724
7 0.555028 0.719699 0.0134278 0.0213081 0.0224531
10 0.0315194 0.925792 0.0419993 0.0774174 0.0221853
6 0.46754 0.760717 0.0959649 0.139762 0.0218732
11 0.577826 0.932263 0.321045 0.13487 0.0218726
10 0.701604 0.479374 0.0163857 0.0279761 0.0218645
10 0.696409 0.70385 0.125394 0.136295 0.0218508
6 0.758367 0.943761 0.0590514 0.121267 0.0215714
10 0.754915 0.555304 0.0529596 0.074313 0.0215548
7 0.585279 0.629081 0.307928 0.10358 0.0213317
7 0.658686 0.643294 0.16688 0.0628127 0.0211943
6 0.0388054 0.954531 0.071084 0.0787107 0.0210016
2 0.775388 0.70176 0.0244973 0.0359226 0.0208265
10 0.691508 0.824704 0.142394 0.33155 0.020667
11 0.934324 0.991111 0.113285 0.0226032 0.0204883
6 0.495062 0.824257 0.0541101 0.0672516 0.0204493
10 0.759239 0.891935 0.0650221 0.147243 0.0203415
11 0.433483 0.685296 0.0798878 0.205123 0.0203123
7 0.508774 0.69395 0.053126 0.046336 0.0201761
2 0.770658 0.70927 0.0291596 0.0302985 0.0200621
6 0.758705 0.813255 0.0361336 0.0578903 0.019987
10 0.489275 0.667645 0.0800947 0.262397 0.0198917
10 0.553347 0.433785 0.0223915 0.108636 0.0198176
10 0.582253 0.922039 0.0436474 0.0772322 0.0197622
7 0.44888 0.693605 0.0346985 0.0254066 0.0194915
6 0.448018 0.95434 0.118352 0.103625 0.0193871
11 0.43509 0.675166 0.0800358 0.153286 0.0190656
6 0.0715182 0.98157 0.0807684 0.036877 0.0190608
10 0.9069 0.980369 0.0918604 0.0295372 0.0189197
6 0.0379089 0.95188 0.0660753 0.0724283 0.0188962
10 0.702108 0.875636 0.115067 0.180605 0.0188022
7 0.617478 0.691577 0.0267615 0.0150185 0.0185113
10 0.764124 0.868889 0.0549671 0.177669 0.0183763
7 0.414727 0.762557 0.0178218 0.0546163 0.018303
10 0.0609596 0.98251 0.0506835 0.0259951 0.0181517
10 0.720207 0.947097 0.0465976 0.096069 0.0181192
11 0.56053 0.931862 0.207525 0.0776915 0.018118
7 0.529936 0.676795 0.0421266 0.0340089 0.0181054
10 0.735969 0.965724 0.023663 0.048312 0.0180815
7 0.428177 0.643022 0.0570758 0.0949939 0.0180019
10 0.586683 0.857042 0.0349751 0.100538 0.0179541
7 0.525101 0.789901 0.0336953 0.0673188 0.0174441
6 0.493132 0.868795 0.0393004 0.0303736 0.0174195
6 0.354342 0.9221 0.0639874 0.132116 0.0173475
10 0.38355 0.98309 0.0552666 0.0392437 0.0172843
6 0.418198 0.932811 0.0530104 0.0786133 0.0171479
11 0.600908 0.969239 0.220978 0.0763115 0.0171236
6 0.759257 0.79751 0.0443577 0.0583267 0.017005
11 0.391928 0.963926 0.0562206 0.0855253 0.0169597
10 0.753316 0.850974 0.0225837 0.0242485 0.0169262
6 0.764678 0.801777 0.0438424 0.0445103 0.0167264
7 0.656785 0.704835 0.0317079 0.0161717 0.0166855
10 0.72184 0.973154 0.0434599 0.044362 0.0166672
10 0.716613 0.871377 0.0478987 0.0824005 0.0166328
10 0.613238 0.884579 0.0236394 0.0545276 0.0166318
10 0.062752 0.961546 0.0661411 0.0540979 0.0166216
6 0.487407 0.949314 0.0783917 0.0442863 0.0165962
10 0.656753 0.947347 0.0763054 0.0802539 0.0164561
10 0.731535 0.977091 0.0216625 0.0340679 0.0160067
10 0.48252 0.460708 0.0209872 0.0816678 0.0159324
10 0.726079 0.984936 0.0179628 0.0335642 0.0157808
10 0.406696 0.922026 0.0355728 0.0544225 0.0156171
7 0.730502 0.841745 0.0360508 0.0425528 0.0151896
6 0.751712 0.967643 0.0609017 0.0713643 0.0150017
10 0.760137 0.853783 0.0460133 0.0572176 0.0149355
