11 0.573214 0.803902 0.355508 0.391658 0.908141
10 0.708939 0.499151 0.230304 0.304592 0.748028
10 0.535922 0.342456 0.0538744 0.266261 0.665925
6 0.0545939 0.84221 0.109296 0.301956 0.458619
10 0.754552 0.610496 0.322871 0.528465 0.435385
10 0.808247 0.64635 0.210626 0.456727 0.40132
6 0.0533642 0.787664 0.106224 0.419435 0.325818
7 0.491691 0.617818 0.062079 0.132082 0.285728
6 0.0542359 0.757222 0.108324 0.481824 0.268111
7 0.602366 0.580085 0.0261065 0.0706419 0.23411
6 0.0536573 0.856005 0.107299 0.287851 0.212463
10 0.754085 0.537266 0.316711 0.381789 0.201005
6 0.985886 0.91226 0.0275898 0.174674 0.179987
6 0.0549925 0.793552 0.110325 0.412725 0.176688
6 0.0525957 0.834713 0.105028 0.245979 0.173716
7 0.787958 0.492797 0.0637548 0.126293 0.165793
6 0.0431409 0.747131 0.0875534 0.222232 0.161268
10 0.813696 0.613557 0.197823 0.522507 0.160272
11 0.904954 0.915878 0.189935 0.168142 0.158309
6 0.0509851 0.656489 0.10177 0.685872 0.14753
6 0.985196 0.810919 0.0288538 0.376907 0.144177
11 0.871341 0.915727 0.256498 0.16837 0.137696
6 0.0466503 0.77622 0.0942159 0.168279 0.132718
10 0.808195 0.614989 0.21078 0.527087 0.131153
10 0.984544 0.617399 0.0302979 0.768449 0.128122
10 0.984512 0.638453 0.030245 0.724164 0.126436
10 0.98439 0.530834 0.0305 0.93289 0.125511
6 0.0572734 0.965099 0.113526 0.0701597 0.118581
10 0.984071 0.727371 0.0314457 0.548545 0.11466
10 0.983626 0.52347 0.0318996 0.950419 0.102543
10 0.0138151 0.786308 0.0284827 0.423294 0.100977
10 0.771918 0.645045 0.120887 0.449321 0.099455
10 0.591384 0.314458 0.029991 0.0991201 0.098524
6 0.907824 0.823606 0.182831 0.35264 0.0968926
6 0.87053 0.852918 0.256969 0.29426 0.0956095
6 0.00746385 0.75835 0.0157239 0.249955 0.0924546
10 0.831027 0.569315 0.158833 0.29259 0.0893236
10 0.984342 0.535814 0.0302643 0.930466 0.0891787
6 0.0128163 0.838663 0.0269591 0.319284 0.0876988
6 0.0369351 0.713332 0.0753493 0.145038 0.0876979
6 0.947846 0.913549 0.104057 0.174062 0.0873405
6 0.944641 0.897501 0.110486 0.206278 0.0856483
7 0.439497 0.592786 0.0376972 0.108437 0.0856205
10 0.991284 0.596304 0.0161879 0.104665 0.084953
6 0.0519575 0.875079 0.103401 0.240827 0.0833106
6 0.00626385 0.699929 0.0132794 0.105479 0.0818958
6 0.0142154 0.834582 0.0289925 0.32057 0.0807782
7 0.691133 0.470749 0.0257337 0.0612122 0.0767863
6 0.975345 0.94323 0.0493546 0.122214 0.0758721
6 0.0538653 0.923214 0.109144 0.153784 0.0753187
7 0.444621 0.602993 0.046654 0.131872 0.074342
7 0.546082 0.633711 0.0592835 0.103855 0.0743029
6 0.985963 0.92847 0.0288933 0.147734 0.0727351
10 0.748976 0.521221 0.303741 0.343172 0.0725203
10 0.991511 0.566788 0.0167583 0.166605 0.0722618
2 0.697172 0.59224 0.0241884 0.042725 0.0722187
10 0.991785 0.485928 0.016284 0.321316 0.0719974
6 0.0534403 0.92995 0.104513 0.146384 0.0714901
10 0.992313 0.235601 0.0154535 0.366567 0.0712469
7 0.577119 0.586445 0.0202953 0.0629598 0.0707441
10 0.777272 0.932092 0.0745896 0.132763 0.0702692
6 0.0432142 0.796503 0.0871017 0.164888 0.0690262
2 0.803958 0.513101 0.0221204 0.0739937 0.0683085
2 0.0590212 0.719159 0.0186582 0.0450385 0.0670586
6 0.0427742 0.555729 0.0858227 0.884879 0.0661586
6 0.985603 0.946368 0.0287786 0.105086 0.0654444
10 0.990032 0.600499 0.0192192 0.105295 0.065424
10 0.17943 0.567937 0.0352031 0.125323 0.0653112
6 0.045951 0.785669 0.0919129 0.144705 0.0651193
10 0.98188 0.623827 0.0357552 0.742054 0.0641199
10 0.774939 0.575118 0.143005 0.276518 0.0640352
6 0.0133264 0.795776 0.0269047 0.300574 0.0631878
7 0.590709 0.624599 0.0351982 0.0391222 0.0629344
10 0.0250816 0.533006 0.0507972 0.917068 0.0622786
10 0.719766 0.384572 0.0252671 0.0522785 0.0620913
7 0.555629 0.573164 0.0220062 0.0349899 0.0618871
6 0.945751 0.921468 0.107396 0.159226 0.0610804
7 0.448281 0.631031 0.0508645 0.0815887 0.0609118
7 0.652637 0.497865 0.0446937 0.0758324 0.060168
10 0.0195357 0.578118 0.0396365 0.830621 0.0573389
10 0.742678 0.377841 0.0225271 0.0574947 0.0569338
10 0.692149 0.386602 0.0162196 0.0498543 0.0556928
2 0.503346 0.504839 0.0228528 0.0471651 0.0556374
6 0.0302985 0.743216 0.0612107 0.51592 0.0551057
7 0.489404 0.656162 0.051594 0.0553821 0.0548882
10 0.792146 0.573872 0.0928591 0.303057 0.0546444
10 0.00669918 0.63399 0.0136991 0.262781 0.0545709
10 0.695284 0.385979 0.0294125 0.0596558 0.0544846
10 0.777926 0.562117 0.225898 0.290751 0.0543477
10 0.0164708 0.493815 0.0327332 0.90405 0.0542092
10 0.988338 0.798284 0.0237371 0.406272 0.0525673
6 0.0558321 0.981779 0.110962 0.0368654 0.0523227
10 0.53617 0.344514 0.0457684 0.249431 0.0520301
7 0.584607 0.604755 0.0221605 0.0313317 0.0516854
10 0.992983 0.697777 0.0141006 0.314883 0.0516104
6 0.0359056 0.896237 0.0716501 0.205494 0.0514978
10 0.763135 0.557675 0.12941 0.270578 0.0512769
6 0.869648 0.824123 0.255812 0.358833 0.0506896
10 0.766648 0.532363 0.126013 0.214729 0.0499415
10 0.992529 0.628274 0.014608 0.463061 0.0496184
10 0.847396 0.568742 0.13096 0.288954 0.0483804
10 0.00859532 0.683379 0.0179781 0.367137 0.048089
10 0.993626 0.345832 0.012056 0.217383 0.0475504
10 0.59306 0.366013 0.0392242 0.218824 0.0473385
10 0.991327 0.789416 0.0172604 0.387297 0.0473116
6 0.0101107 0.918349 0.0211117 0.1618 0.0472785
10 0.842782 0.622421 0.135843 0.400411 0.0471768
10 0.795586 0.561463 0.0885598 0.264783 0.0470777
10 0.754064 0.618591 0.332198 0.524232 0.0462565
10 0.762867 0.535376 0.134729 0.22111 0.0459203
7 0.432545 0.614374 0.0201576 0.054505 0.0458002
6 0.986456 0.949037 0.027459 0.103048 0.0455889
6 0.0346459 0.874926 0.0695519 0.122576 0.0453137
10 0.676532 0.606565 0.0701399 0.0741173 0.0453064
6 0.106059 0.981122 0.212634 0.0383951 0.0447217
10 0.764346 0.537893 0.132915 0.225639 0.0446955
6 0.0475738 0.9275 0.0939874 0.137385 0.0445808
10 0.701853 0.385961 0.0126696 0.048264 0.0437543
2 0.801659 0.489779 0.0338097 0.117057 0.0435754
10 0.780787 0.637805 0.0996822 0.392374 0.0431395
7 0.486129 0.640428 0.0577793 0.0832273 0.0429809
7 0.497694 0.561424 0.0343802 0.0258376 0.0427876
6 0.475756 0.793929 0.153555 0.408214 0.042684
10 0.842484 0.640653 0.142697 0.460387 0.0426765
6 0.988414 0.840586 0.0237637 0.322778 0.0415071
11 0.0358714 0.732748 0.0733037 0.0643908 0.0412754
10 0.434182 0.530216 0.0879263 0.256658 0.0410168
7 0.602488 0.558101 0.0243507 0.0224272 0.0407603
6 0.0283386 0.767086 0.0579932 0.112979 0.040148
11 0.700305 0.820506 0.587957 0.354669 0.0397301
10 0.705282 0.385645 0.0155074 0.0496423 0.0388989
7 0.611896 0.597551 0.0220372 0.0332352 0.0385993
2 0.791157 0.429327 0.0189169 0.0317026 0.0385692
10 0.534595 0.250182 0.0492116 0.0806696 0.0375638
10 0.854428 0.711244 0.123689 0.318392 0.0375276
7 0.912597 0.624481 0.0226566 0.0727663 0.0369812
10 0.539883 0.247624 0.0341044 0.0749846 0.0362867
2 0.443582 0.606231 0.0492407 0.133352 0.0359075
7 0.577977 0.578892 0.0721877 0.0736431 0.0357517
7 0.452129 0.655215 0.0434236 0.036281 0.035632
10 0.707231 0.386291 0.0122416 0.0478873 0.0355496
7 0.600909 0.592155 0.020477 0.0492114 0.035432
7 0.765251 0.787202 0.044808 0.170571 0.0348765
10 0.540183 0.387383 0.0281704 0.156802 0.0345761
6 0.491587 0.793154 0.185681 0.407792 0.0345595
10 0.643493 0.548264 0.086934 0.182058 0.0344552
10 0.652363 0.50627 0.0293993 0.0411193 0.0343041
10 0.716323 0.535233 0.215523 0.227524 0.0342467
2 0.458042 0.495683 0.0177663 0.0341365 0.034143
10 0.818139 0.772128 0.202098 0.435828 0.0340745
10 0.738347 0.381686 0.0219626 0.0550527 0.0340559
10 0.797949 0.51126 0.0733452 0.182326 0.0339331
6 0.871298 0.979915 0.198824 0.0616533 0.0336597
6 0.00622156 0.834011 0.0124908 0.06999 0.0334471
7 0.60276 0.652463 0.0426611 0.034601 0.0332739
6 0.478783 0.772298 0.15138 0.448513 0.0331098
10 0.772553 0.508009 0.127986 0.24638 0.032998
10 0.865331 0.63009 0.0975348 0.176982 0.0329514
10 0.863875 0.699028 0.104611 0.356369 0.0328524
2 0.451031 0.572594 0.0175432 0.0678539 0.0328182
7 0.803182 0.523666 0.0194052 0.0582861 0.0327008
10 0.540417 0.237138 0.0205603 0.0536234 0.0326237
10 0.791855 0.531949 0.0749168 0.215868 0.032375
7 0.43541 0.625699 0.0286332 0.0881683 0.0320134
6 0.448325 0.823535 0.105121 0.351538 0.0319331
2 0.72104 0.208742 0.0175355 0.0319066 0.0314925
10 0.634181 0.547366 0.0883181 0.177851 0.0311691
10 0.865391 0.778471 0.116018 0.388703 0.03115
10 0.860324 0.787933 0.114288 0.358583 0.0308745
10 0.544931 0.36064 0.0261108 0.216913 0.0307491
6 0.440741 0.739076 0.0878618 0.294431 0.0306073
10 0.778991 0.447848 0.0875874 0.203535 0.0305911
10 0.0058315 0.113082 0.0117923 0.204813 0.0305637
10 0.993371 0.434647 0.0122124 0.159516 0.030485
7 0.436703 0.574872 0.0330409 0.069322 0.0300491
10 0.00593981 0.157696 0.012374 0.287866 0.0300068
6 0.054806 0.987823 0.109486 0.0430195 0.0299889
10 0.51713 0.349214 0.0248346 0.247557 0.0298565
10 0.859267 0.802078 0.117802 0.324581 0.02981
6 0.911725 0.983854 0.154629 0.0426801 0.0298048
7 0.76025 0.487761 0.0180228 0.0425214 0.0295901
6 0.577379 0.803453 0.345404 0.378469 0.0295296
10 0.533825 0.25401 0.0503018 0.0882846 0.0294475
10 0.589227 0.305971 0.0141955 0.0627467 0.0293775
7 0.54914 0.676442 0.0479115 0.0235815 0.029039
6 0.985649 0.975388 0.0280081 0.049447 0.0287969
10 0.596082 0.318915 0.016242 0.0871191 0.0285502
6 0.690704 0.80013 0.59888 0.397957 0.0284097
6 0.847158 0.987936 0.193786 0.0464447 0.0283533
7 0.759795 0.485456 0.0183152 0.0358669 0.02827
6 0.0515477 0.973728 0.100833 0.0581835 0.0280635
6 0.435821 0.72225 0.0832738 0.353658 0.0277476
6 0.439299 0.710164 0.0914497 0.348738 0.0276444
10 0.769042 0.394772 0.0603408 0.100584 0.0275007
10 0.735181 0.40368 0.042278 0.108974 0.0272729
7 0.760443 0.503802 0.0286712 0.0882265 0.0271013
6 0.430585 0.777958 0.0812206 0.363265 0.0270984
10 0.766221 0.396708 0.0684873 0.105471 0.027089
7 0.603365 0.604214 0.0243051 0.0362032 0.0270342
10 0.981849 0.0886823 0.0363384 0.175288 0.026988
6 0.0232884 0.881835 0.0406808 0.048672 0.0267338
2 0.803071 0.489985 0.0271412 0.113603 0.0267205
11 0.599212 0.765521 0.27007 0.129291 0.0264594
10 0.794947 0.481565 0.0647916 0.164933 0.026414
7 0.585801 0.630495 0.0360358 0.0408276 0.026335
7 0.463972 0.663251 0.0231288 0.0213211 0.0263101
10 0.715937 0.384198 0.0841352 0.0806599 0.0260019
6 0.432572 0.839048 0.0904483 0.336957 0.0259486
7 0.637027 0.656894 0.0463269 0.0303794 0.0255244
2 0.0588461 0.710408 0.0153634 0.0229164 0.0253333
7 0.585335 0.61441 0.0200883 0.0262522 0.0252935
10 0.796477 0.939629 0.0388754 0.101552 0.0252593
10 0.842563 0.54023 0.074489 0.217895 0.0252525
10 0.76848 0.762368 0.059149 0.226864 0.0252444
6 0.985767 0.914189 0.0241497 0.16885 0.0252255
10 0.53361 0.279852 0.0314957 0.0888702 0.0248985
10 0.627159 0.58694 0.085658 0.106182 0.0248806
6 0.668951 0.810815 0.173669 0.370749 0.0245733
7 0.498072 0.633446 0.147976 0.128836 0.0244143
6 0.9067 0.968026 0.128551 0.0591365 0.0242401
7 0.764245 0.503826 0.0335406 0.0848356 0.0239178
7 0.767187 0.831011 0.0423346 0.0848257 0.0237861
7 0.449994 0.661251 0.0380086 0.0278475 0.0234048
10 0.679444 0.497888 0.0625769 0.0841008 0.0229264
10 0.494319 0.699844 0.0912792 0.292073 0.0229129
10 0.822429 0.521245 0.0417086 0.0965199 0.0225457
11 0.575331 0.939474 0.331478 0.12287 0.0224067
7 0.599792 0.668251 0.0347556 0.0355259 0.0223732
7 0.549966 0.750838 0.0157387 0.0193152 0.0223699
10 0.823496 0.522026 0.0437155 0.0984367 0.0223455
7 0.635631 0.643294 0.0928664 0.0387311 0.0221752
6 0.476991 0.91027 0.0689779 0.183959 0.0221495
11 0.58116 0.645085 0.338331 0.127121 0.0217881
10 0.676015 0.596603 0.0668776 0.0983424 0.0217712
10 0.849428 0.56663 0.0688972 0.163122 0.0215909
6 0.503218 0.703619 0.178258 0.263819 0.0214168
10 0.768966 0.683526 0.0939652 0.120143 0.021376
6 0.431199 0.812004 0.033893 0.0656309 0.0213481
10 0.810212 0.533035 0.0383343 0.0977448 0.021206
6 0.984524 0.965734 0.0230835 0.0741987 0.02115
11 0.670682 0.848342 0.177812 0.283505 0.0209268
10 0.780056 0.403726 0.0286476 0.0399208 0.0209248
6 0.420909 0.713679 0.0517888 0.104568 0.0206693
7 0.575567 0.670802 0.0131667 0.0373303 0.0205933
10 0.721321 0.445909 0.0157146 0.0327874 0.0205383
7 0.567067 0.791871 0.0218768 0.0263587 0.020391
10 0.851471 0.732862 0.12467 0.228619 0.0203838
7 0.560458 0.637145 0.0723433 0.174629 0.0203029
10 0.819666 0.528732 0.0330505 0.0655176 0.0201993
11 0.545921 0.83909 0.0628201 0.0572348 0.0201776
7 0.560825 0.634869 0.284555 0.0926138 0.0201507
7 0.571814 0.676451 0.0159 0.0194508 0.0201453
6 0.0338825 0.939656 0.0606896 0.0760106 0.0199348
10 0.743829 0.864857 0.0540547 0.217157 0.0196455
7 0.597157 0.692858 0.018489 0.0326687 0.0196408
7 0.492565 0.67419 0.0711667 0.271784 0.0196166
7 0.723937 0.811087 0.0245306 0.0356285 0.0196118
10 0.735853 0.78629 0.0237405 0.0392549 0.0194715
10 0.719525 0.890839 0.0981185 0.157683 0.019323
6 0.49528 0.806259 0.0510805 0.0790663 0.0192608
10 0.724464 0.883577 0.221311 0.235831 0.0192607
10 0.75991 0.8222 0.133709 0.149706 0.0192457
7 0.775591 0.492472 0.0411383 0.0485387 0.0192383
7 0.552968 0.685974 0.0492624 0.0261518 0.0192161
6 0.399165 0.868133 0.0493016 0.111422 0.0191575
11 0.615141 0.818549 0.0842519 0.0983972 0.0191455
6 0.435089 0.944453 0.146146 0.116399 0.0190689
6 0.761694 0.75317 0.30467 0.251349 0.0190516
10 0.87226 0.842345 0.0743052 0.0841168 0.0188798
10 0.763031 0.89387 0.261182 0.204543 0.0188783
11 0.392574 0.908477 0.0652117 0.194502 0.0187926
6 0.497866 0.884887 0.0566062 0.0431959 0.0187256
6 0.612683 0.779256 0.044838 0.064029 0.0186295
6 0.0360189 0.96315 0.0581968 0.0517212 0.0182277
10 0.70393 0.976944 0.0640614 0.0520926 0.0181253
10 0.816585 0.663062 0.0210482 0.047796 0.0180657
2 0.813204 0.80224 0.0312719 0.0659674 0.0179719
10 0.0438675 0.973895 0.0412496 0.044926 0.0179362
7 0.715815 0.815678 0.0188177 0.0308614 0.0177745
10 0.724674 0.95627 0.0464 0.0596103 0.017703
6 0.438128 0.969019 0.0901394 0.0687056 0.0176813
10 0.715816 0.951966 0.0612743 0.0690197 0.0176274
2 0.80401 0.755541 0.0255928 0.0462005 0.0175075
7 0.47659 0.760337 0.0222168 0.0664645 0.0174789
10 0.671884 0.90817 0.0555722 0.0538774 0.0174538
11 0.37034 0.883054 0.0713806 0.170483 0.0173584
7 0.462972 0.734838 0.0240153 0.085421 0.0172984
2 0.883646 0.878394 0.0310841 0.0535272 0.0171773
6 0.583487 0.96978 0.267756 0.0864006 0.0168823
10 0.721628 0.95401 0.0659143 0.0607847 0.0168558
7 0.771368 0.802159 0.0545341 0.0550581 0.0168329
6 0.708627 0.711258 0.0142061 0.0124564 0.0167544
10 0.887474 0.803504 0.063028 0.0842993 0.0167247
10 0.760238 0.935348 0.158136 0.140691 0.0167077
8 0.770165 0.987979 0.0486258 0.029163 0.0165702
10 0.448915 0.892059 0.0378226 0.0293514 0.0164911
7 0.629048 0.661321 0.106249 0.0657232 0.0162816
10 0.824988 0.365216 0.0191242 0.028393 0.0162798
6 0.649045 0.805809 0.0218886 0.0207359 0.0161363
10 0.752419 0.943702 0.10789 0.100012 0.0151731
