11 0.572228 0.797907 0.354248 0.403965 0.91047
6 0.831116 0.790801 0.139863 0.367293 0.890791
10 0.740375 0.562296 0.125889 0.680193 0.854919
10 0.535847 0.342638 0.0494533 0.268134 0.676016
7 0.491318 0.617237 0.0592472 0.131474 0.28998
7 0.601586 0.57848 0.0254324 0.067661 0.281913
7 0.57755 0.587431 0.020991 0.0597185 0.277524
7 0.0561103 0.853704 0.113251 0.291297 0.236541
11 0.908935 0.915804 0.181297 0.167669 0.195931
11 0.869044 0.915409 0.258545 0.16813 0.166696
6 0.985528 0.913534 0.0284203 0.172101 0.149937
7 0.555855 0.573656 0.0209787 0.0343529 0.148181
7 0.583144 0.633583 0.0204658 0.0544135 0.132088
6 0.87077 0.835938 0.257411 0.326385 0.12787
7 0.618613 0.599757 0.0203017 0.0284189 0.126994
7 0.566418 0.584983 0.0436724 0.0622163 0.126589
10 0.983761 0.523116 0.0319864 0.948242 0.125034
6 0.98518 0.806031 0.0287842 0.38543 0.124187
6 0.834823 0.704528 0.14044 0.541521 0.1143
2 0.179614 0.567554 0.0319253 0.123578 0.113732
10 0.985074 0.587818 0.0291861 0.819722 0.112889
7 0.582612 0.629172 0.0181823 0.0393867 0.111825
10 0.985423 0.638998 0.0284918 0.718685 0.109485
10 0.984901 0.73222 0.0298058 0.535576 0.107292
7 0.54598 0.633819 0.055108 0.101889 0.104568
7 0.566087 0.579949 0.041897 0.0457521 0.103703
7 0.846773 0.477219 0.0672043 0.0859103 0.0894348
10 0.591533 0.314832 0.0278837 0.0997871 0.0893025
6 0.957996 0.913678 0.0838675 0.172774 0.0889007
6 0.985766 0.822934 0.0284361 0.350875 0.0867077
7 0.440253 0.587284 0.0379128 0.104576 0.0857649
10 0.98369 0.570197 0.0323246 0.862747 0.0848615
6 0.93839 0.893015 0.123047 0.214353 0.0788467
7 0.0482744 0.803224 0.0974237 0.189032 0.0781175
10 0.983522 0.523775 0.0323776 0.951863 0.0776528
7 0.566741 0.575372 0.0402168 0.0377799 0.0769025
7 0.578362 0.61871 0.0234923 0.123152 0.0718563
6 0.830773 0.742483 0.124184 0.255227 0.0703467
6 0.0569747 0.781072 0.114298 0.43605 0.0701509
10 0.00569281 0.68893 0.0122586 0.109626 0.069365
6 0.977955 0.938392 0.0406155 0.144281 0.0686344
11 0.945819 0.920233 0.107383 0.160902 0.0672946
7 0.442373 0.601178 0.0418973 0.132465 0.0669221
6 0.850135 0.601133 0.101816 0.333531 0.0655287
7 0.447516 0.63032 0.0470125 0.0820929 0.0647215
2 0.0557669 0.756782 0.112111 0.486711 0.064622
6 0.05345 0.854734 0.1076 0.291803 0.0639273
7 0.489491 0.643736 0.0565043 0.0792488 0.0636274
10 0.0130792 0.793811 0.0270379 0.409485 0.0634754
10 0.987614 0.773627 0.0249836 0.460367 0.0634364
6 0.844245 0.684198 0.0761585 0.126831 0.0626565
10 0.00661101 0.633961 0.0135079 0.233885 0.0608649
7 0.58405 0.61921 0.023758 0.0598405 0.0607644
10 0.992498 0.245645 0.0153536 0.347919 0.0600153
6 0.048021 0.778647 0.0968227 0.152312 0.0596523
6 0.984597 0.933107 0.0302576 0.130753 0.0590015
6 0.461377 0.794045 0.12684 0.406402 0.0589396
11 0.948974 0.916732 0.101711 0.167674 0.0582977
7 0.0177661 0.856103 0.0369928 0.286438 0.0567341
7 0.0555557 0.928596 0.111749 0.143302 0.0557179
7 0.580851 0.638195 0.0188079 0.04791 0.0547541
7 0.432673 0.612824 0.0202859 0.0526984 0.0541425
2 0.0587835 0.719302 0.0195776 0.0481384 0.054127
10 0.791721 0.616962 0.0983967 0.590953 0.0535879
10 0.595695 0.368631 0.0386748 0.218628 0.0526801
7 0.497821 0.560748 0.033625 0.0256622 0.0520151
2 0.0512254 0.777643 0.104347 0.445098 0.0519348
7 0.5874 0.6059 0.0213215 0.0360809 0.0516431
10 0.00799457 0.771234 0.0169994 0.452073 0.0513548
6 0.458198 0.796628 0.126672 0.403947 0.0513012
6 0.83289 0.759557 0.125154 0.231574 0.0512447
7 0.50428 0.50433 0.0238799 0.0480096 0.0508195
10 0.991967 0.734046 0.0151888 0.245293 0.0504586
6 0.853516 0.671416 0.0957594 0.486429 0.0499593
10 0.99316 0.729833 0.0127237 0.227459 0.0498986
6 0.0362442 0.74415 0.0731867 0.511712 0.0494332
10 0.788684 0.620756 0.103123 0.570084 0.0490155
10 0.992352 0.639974 0.0146734 0.412679 0.0485407
10 0.804477 0.537534 0.0675694 0.392738 0.047583
10 0.533532 0.344294 0.0425786 0.244269 0.046878
10 0.0160157 0.555712 0.0322764 0.876834 0.0468662
6 0.854081 0.577672 0.090402 0.147821 0.0466251
7 0.556871 0.581551 0.0263238 0.0528336 0.0465196
6 0.0294804 0.78567 0.0603772 0.431754 0.0459325
7 0.599594 0.660479 0.0505825 0.0404472 0.0458823
10 0.00622633 0.722011 0.0141586 0.222515 0.0455578
6 0.829889 0.792157 0.137304 0.34349 0.0451482
2 0.895611 0.728297 0.018158 0.105032 0.0451289
7 0.0322476 0.794818 0.0664673 0.16326 0.0444125
10 0.0187662 0.469718 0.0375195 0.894816 0.0431253
10 0.79366 0.603402 0.0875559 0.540921 0.0430074
10 0.988463 0.807538 0.0220604 0.384878 0.0430064
2 0.852511 0.563954 0.0936604 0.265894 0.0426792
10 0.989113 0.495928 0.0209396 0.301232 0.042517
10 0.587704 0.301667 0.0184408 0.0639316 0.0422421
7 0.0184681 0.940669 0.037306 0.116163 0.0421612
10 0.0131457 0.37547 0.0260875 0.733683 0.0420441
2 0.181322 0.676863 0.0536057 0.349264 0.041702
7 0.0562953 0.945798 0.112729 0.109003 0.0414381
6 0.787505 0.736569 0.0558358 0.27003 0.0413686
7 0.472167 0.629982 0.0936479 0.107905 0.0408253
6 0.579404 0.799934 0.353067 0.391593 0.0402444
11 0.633367 0.632965 0.11407 0.070387 0.0401757
6 0.0161561 0.844026 0.0341042 0.312571 0.0401669
10 0.766126 0.693 0.0634259 0.389346 0.0398937
2 0.0187267 0.620387 0.0377367 0.753108 0.0392152
6 0.689371 0.778551 0.446868 0.388413 0.038087
7 0.576726 0.609813 0.0138987 0.041361 0.0380215
10 0.740414 0.42109 0.123127 0.303989 0.0378852
7 0.452545 0.654534 0.043144 0.0363219 0.0378809
7 0.762031 0.988211 0.0478029 0.023754 0.0376734
7 0.787285 0.681207 0.027046 0.104858 0.0369722
7 0.585936 0.596493 0.0151167 0.0405027 0.0369669
7 0.0589424 0.963565 0.116472 0.074248 0.036702
10 0.019564 0.496169 0.0393144 0.649462 0.0363936
10 0.0112293 0.762436 0.0231106 0.385946 0.0363323
6 0.458407 0.736714 0.124405 0.322491 0.0362588
7 0.0578148 0.980051 0.114221 0.0404514 0.0362408
10 0.594003 0.316378 0.0176805 0.0868544 0.0360028
6 0.485515 0.773466 0.168636 0.441989 0.0358643
2 0.434436 0.523159 0.0888996 0.243701 0.0358305
7 0.59281 0.582632 0.0170471 0.0665397 0.0356072
7 0.550427 0.677311 0.0393141 0.0209733 0.0355899
6 0.986139 0.954569 0.0280758 0.0908812 0.0353756
10 0.540838 0.350243 0.0338737 0.237077 0.0353737
6 0.502012 0.77614 0.16226 0.439366 0.0351138
10 0.993601 0.372701 0.0130741 0.201319 0.0350454
10 0.00615258 0.154353 0.0128356 0.283231 0.034925
2 0.789084 0.700149 0.0209302 0.0660539 0.0346674
6 0.504381 0.783155 0.202133 0.427488 0.0345723
10 0.00567331 0.115264 0.0115817 0.205869 0.0345431
6 0.851101 0.826737 0.0800961 0.137392 0.0344681
10 0.801274 0.567358 0.0698863 0.450875 0.0342805
6 0.909786 0.977991 0.165863 0.0515295 0.0341703
10 0.53987 0.24536 0.0312642 0.0714206 0.0341118
10 0.534636 0.250118 0.0457172 0.083026 0.0338442
6 0.777873 0.762355 0.0588007 0.320033 0.0334943
10 0.795996 0.609937 0.083639 0.550252 0.0331373
7 0.452908 0.655708 0.0393334 0.0324063 0.0329794
2 0.789289 0.699921 0.0172343 0.0594705 0.0329541
7 0.0111331 0.939827 0.0231822 0.119371 0.0329343
6 0.665944 0.808968 0.178999 0.371074 0.0328525
7 0.524502 0.625044 0.14174 0.117514 0.0327895
6 0.86074 0.746191 0.081267 0.240695 0.0324172
7 0.579077 0.592648 0.014901 0.0399219 0.0322749
6 0.436277 0.796808 0.0912438 0.397403 0.0322724
7 0.0245648 0.8586 0.0497409 0.282964 0.0322143
10 0.540244 0.236144 0.0195467 0.0522686 0.0315924
6 0.438676 0.770159 0.0862645 0.353547 0.0315571
2 0.458891 0.49363 0.0173258 0.0326289 0.0313884
2 0.442816 0.605515 0.0465586 0.137521 0.0310298
10 0.738307 0.512718 0.12248 0.307515 0.0310221
6 0.79437 0.703285 0.0624689 0.223209 0.0310133
6 0.919471 0.984309 0.140652 0.0497778 0.0309148
10 0.795561 0.598271 0.0826961 0.555337 0.030519
10 0.533789 0.252565 0.0469086 0.0906594 0.0304
7 0.0175628 0.914821 0.0365941 0.171255 0.0303883
7 0.594865 0.598252 0.0184689 0.0475334 0.0302798
2 0.811896 0.437368 0.0506311 0.186737 0.0302776
10 0.805597 0.534303 0.0614797 0.396082 0.0301233
10 0.519299 0.344303 0.0242743 0.258505 0.030089
6 0.791824 0.666928 0.0690991 0.427108 0.0299083
7 0.458261 0.655671 0.0286495 0.0246307 0.0297831
11 0.548599 0.641173 0.300208 0.101782 0.0295519
10 0.743164 0.621575 0.132988 0.493504 0.0295038
6 0.68572 0.801794 0.427598 0.355442 0.0292129
2 0.179305 0.576784 0.0225812 0.077941 0.02908
7 0.766963 0.524744 0.0277613 0.0542424 0.0289751
7 0.831303 0.479983 0.0288946 0.0650265 0.0289178
2 0.832328 0.587065 0.0634384 0.304659 0.0288713
6 0.439954 0.74057 0.0837238 0.294154 0.0286395
10 0.814465 0.489425 0.0461933 0.295588 0.028426
10 0.980095 0.660939 0.0335754 0.681792 0.0278768
10 0.780311 0.610678 0.0487052 0.271956 0.027826
10 0.795682 0.599394 0.0814761 0.538353 0.027772
10 0.181902 0.643098 0.0534958 0.288613 0.0277225
10 0.698619 0.465181 0.0548399 0.375125 0.0276963
10 0.552418 0.348777 0.0226352 0.23057 0.0274943
6 0.46625 0.707686 0.120863 0.296147 0.0274503
7 0.634565 0.652354 0.0568921 0.0280793 0.0274412
7 0.638264 0.655968 0.0507025 0.029033 0.0274213
7 0.573231 0.613141 0.0162944 0.0204127 0.0273655
6 0.0338805 0.732144 0.0696767 0.0829955 0.0273463
10 0.778681 0.653304 0.0534458 0.227502 0.0273376
6 0.848634 0.592561 0.0941502 0.325613 0.027299
11 0.581905 0.832962 0.284361 0.0835164 0.0271816
11 0.662475 0.605488 0.0456145 0.030828 0.0271698
7 0.61141 0.611548 0.0679281 0.0634947 0.0270739
6 0.891793 0.708645 0.0331034 0.142249 0.0270674
2 0.720816 0.210159 0.0159631 0.0302676 0.0269974
10 0.585968 0.305324 0.0159902 0.0563654 0.0269138
10 0.596783 0.323771 0.015199 0.0815104 0.0267619
7 0.0288114 0.760282 0.0574573 0.0612849 0.0266352
7 0.581594 0.651194 0.0135468 0.0528175 0.0266303
11 0.51245 0.813553 0.175969 0.0703276 0.0265597
6 0.858682 0.980936 0.17751 0.0554291 0.0264725
10 0.797085 0.593443 0.0765009 0.532233 0.0262591
7 0.525148 0.254986 0.0205201 0.0355496 0.026046
10 0.797176 0.619693 0.0692225 0.471681 0.0259434
10 0.00540565 0.0676811 0.0099895 0.12177 0.0257951
6 0.666314 0.810091 0.18787 0.371514 0.0257697
7 0.432866 0.627929 0.029653 0.0880085 0.025657
6 0.793363 0.84067 0.05476 0.112888 0.0255474
7 0.606536 0.647922 0.0353991 0.0433411 0.025458
6 0.458414 0.744078 0.114146 0.278946 0.0254504
2 0.811359 0.440616 0.0525535 0.195081 0.0253555
10 0.692532 0.512078 0.0483265 0.300488 0.0252475
6 0.893064 0.729121 0.025705 0.104199 0.0252458
6 0.839998 0.894043 0.107414 0.172181 0.0252139
6 0.765049 0.757693 0.0893125 0.310921 0.0249624
6 0.902152 0.977481 0.131317 0.042543 0.0248712
6 0.832144 0.641999 0.087981 0.348512 0.0248668
6 0.429226 0.796728 0.0666497 0.15399 0.0245088
10 0.734661 0.610753 0.120553 0.27735 0.0244359
10 0.986455 0.905252 0.0243793 0.16049 0.0244131
10 0.739069 0.382545 0.122685 0.16508 0.0243942
6 0.759492 0.811711 0.0491529 0.24903 0.0242334
6 0.877148 0.985384 0.150074 0.0504326 0.0241789
6 0.778208 0.878757 0.0603461 0.198131 0.0241554
7 0.629685 0.656961 0.0275062 0.0196455 0.0241523
10 0.803771 0.545101 0.0649902 0.459115 0.0241489
6 0.57137 0.928701 0.343266 0.145169 0.0241313
10 0.792257 0.633946 0.0700045 0.338322 0.0239052
6 0.790703 0.684648 0.0517822 0.150528 0.0238296
6 0.732437 0.78708 0.16298 0.341407 0.0238232
10 0.735881 0.698852 0.128281 0.451204 0.0237812
7 0.00977939 0.943868 0.0201707 0.119526 0.0234856
11 0.687119 0.864132 0.148675 0.258052 0.0234818
6 0.74329 0.760861 0.133618 0.372505 0.0233655
10 0.70052 0.534716 0.0531182 0.231164 0.0233631
6 0.423217 0.833617 0.0616387 0.143753 0.0231645
7 0.571943 0.808288 0.0256604 0.0378463 0.0228776
7 0.863298 0.474152 0.0283825 0.0675881 0.0228039
6 0.81721 0.90874 0.118214 0.116989 0.0223899
10 0.797611 0.647311 0.0626991 0.297985 0.0223472
7 0.570001 0.682093 0.0147044 0.022691 0.0221173
6 0.777949 0.719902 0.0377069 0.139652 0.0220865
6 0.422643 0.816812 0.0546807 0.112326 0.0220715
6 0.789216 0.826002 0.0347478 0.122478 0.0220666
6 0.794098 0.911722 0.0684358 0.139845 0.0220371
2 0.866461 0.477711 0.0227257 0.0503571 0.0219169
7 0.574952 0.674231 0.0157203 0.0307527 0.0217831
6 0.409378 0.894478 0.0849219 0.17374 0.0217487
2 0.783618 0.632801 0.0376397 0.118263 0.0215633
7 0.618754 0.657433 0.0859558 0.0515915 0.021399
6 0.864231 0.914145 0.0977648 0.135383 0.0213903
10 0.641908 0.623131 0.083632 0.0368076 0.0213776
6 0.808453 0.934676 0.130569 0.110301 0.021206
7 0.592665 0.75228 0.0310124 0.0439406 0.0211595
7 0.643484 0.683677 0.0207245 0.0238188 0.0210981
7 0.0481006 0.93106 0.0723498 0.123184 0.020715
6 0.752096 0.925623 0.0763846 0.193092 0.0205519
2 0.869731 0.504213 0.0261307 0.0368161 0.0204748
6 0.40583 0.887734 0.07025 0.250248 0.0204552
2 0.0435037 0.967417 0.088944 0.0690715 0.0203639
11 0.63369 0.695272 0.121179 0.202627 0.0203244
7 0.0439912 0.899503 0.0855259 0.115424 0.0203185
6 0.0749507 0.976759 0.139848 0.0488085 0.0202812
6 0.985565 0.96206 0.0247063 0.0791748 0.0199923
10 0.516963 0.681949 0.12267 0.266028 0.0197356
10 0.567553 0.947292 0.0367236 0.0584203 0.0196744
11 0.672182 0.914219 0.163482 0.0916072 0.0196369
7 0.0501676 0.985009 0.0975699 0.0309357 0.0196317
7 0.41161 0.687475 0.0255599 0.0615141 0.0195719
7 0.439921 0.623495 0.0661201 0.124621 0.0194542
6 0.467279 0.936757 0.193344 0.131922 0.0191895
10 0.0373721 0.986591 0.0663946 0.025961 0.0191771
6 0.77073 0.861387 0.0511292 0.0887285 0.0191695
11 0.812992 0.965947 0.157957 0.106424 0.0190361
2 0.831442 0.639966 0.0189032 0.0294872 0.0189473
6 0.0632836 0.984621 0.115293 0.0526985 0.0189454
2 0.0227351 0.97683 0.0433105 0.0479662 0.0185638
6 0.901097 0.829435 0.0241486 0.115087 0.0185542
7 0.435809 0.639456 0.0794899 0.100767 0.0183752
7 0.63177 0.706332 0.0315116 0.0193799 0.018369
2 0.0445229 0.970074 0.0714046 0.0568785 0.0181778
10 0.349839 0.981436 0.0727531 0.0506901 0.0181063
6 0.481412 0.806224 0.0447756 0.0984185 0.018064
10 0.345329 0.982956 0.0568531 0.0454214 0.0179776
6 0.792594 0.915515 0.0491415 0.0595009 0.0179362
7 0.595744 0.788667 0.0225094 0.0281044 0.0177691
6 0.472494 0.821761 0.0401761 0.0314688 0.017757
6 0.55697 0.934827 0.165684 0.133457 0.0177453
6 0.478288 0.818803 0.0396714 0.0327764 0.0176982
10 0.774106 0.890105 0.0372014 0.0592323 0.0176922
10 0.620754 0.933614 0.0600332 0.0316911 0.0176545
6 0.551079 0.940312 0.219532 0.0722572 0.0175548
11 0.814317 0.958077 0.1149 0.0778235 0.0171661
6 0.817555 0.935863 0.0907982 0.0858092 0.0171315
7 0.530115 0.78004 0.0478531 0.0489493 0.0170667
2 0.894074 0.668631 0.0279036 0.0868187 0.0169234
7 0.593427 0.726338 0.0337137 0.0794599 0.016772
6 0.415936 0.852994 0.0268308 0.0489997 0.0167577
10 0.815654 0.972814 0.105339 0.0577137 0.0165022
2 0.783728 0.935654 0.0310485 0.0865358 0.0161808
10 0.4332 0.862762 0.0333901 0.0249594 0.0160754
10 0.865273 0.954862 0.0425409 0.0503287 0.016034
7 0.186114 0.624202 0.019889 0.0531888 0.015979
10 0.38532 0.937201 0.069951 0.116734 0.0157934
10 0.524075 0.953312 0.0745382 0.104548 0.0154383
