11 0.570285 0.794721 0.348728 0.409294 0.912189
6 0.816749 0.74443 0.155915 0.508486 0.908353
10 0.757653 0.500177 0.127054 0.561644 0.806476
10 0.535658 0.341992 0.0494996 0.266176 0.673479
6 0.0550064 0.85071 0.110165 0.297908 0.535449
7 0.490816 0.618184 0.0601538 0.131485 0.378163
7 0.60184 0.578475 0.0252015 0.0677837 0.317799
6 0.0541563 0.76412 0.10896 0.470729 0.250931
11 0.911062 0.915274 0.17697 0.168335 0.235155
7 0.578101 0.586927 0.0223644 0.0613511 0.223609
6 0.0531481 0.775898 0.106886 0.44857 0.219391
6 0.816897 0.670526 0.151603 0.363727 0.178628
11 0.915938 0.903076 0.167929 0.192737 0.175902
6 0.05647 0.82562 0.114434 0.354335 0.173257
6 0.87002 0.915491 0.259338 0.169106 0.165925
6 0.844849 0.667843 0.100495 0.356655 0.161905
6 0.985708 0.913255 0.0281597 0.172363 0.154596
6 0.0541762 0.783848 0.110476 0.43153 0.152233
6 0.984952 0.805824 0.0295225 0.387078 0.145544
7 0.583346 0.635807 0.0187547 0.052314 0.131719
6 0.0504833 0.82389 0.10153 0.232856 0.129928
6 0.898893 0.850374 0.202192 0.296786 0.126852
7 0.618705 0.599159 0.0203625 0.0271829 0.125833
7 0.556274 0.573668 0.0219978 0.0339846 0.124927
10 0.985273 0.522204 0.0294292 0.948492 0.119857
6 0.0543856 0.856516 0.108826 0.285856 0.118436
7 0.544899 0.634326 0.0549429 0.102585 0.113668
6 0.0354836 0.792923 0.0747744 0.421462 0.113194
6 0.867806 0.864171 0.264183 0.274052 0.113175
11 0.963116 0.913946 0.0730696 0.172722 0.108865
6 0.967283 0.81389 0.0654503 0.370661 0.108526
10 0.180084 0.567777 0.0324585 0.124778 0.107555
7 0.566414 0.585417 0.0424742 0.0628566 0.107225
6 0.0147664 0.853427 0.0308534 0.292092 0.105598
10 0.984176 0.722868 0.0313305 0.555005 0.102272
7 0.489549 0.636116 0.0584744 0.0943425 0.102189
2 0.69673 0.582805 0.0192364 0.0657291 0.101658
6 0.0579153 0.961684 0.114701 0.0769262 0.101123
6 0.806346 0.891997 0.138236 0.217478 0.100816
10 0.985939 0.579849 0.0275932 0.839771 0.100575
6 0.0136961 0.774716 0.0280324 0.447744 0.0996881
6 0.808075 0.816395 0.13335 0.367293 0.0988524
11 0.958304 0.914887 0.0839987 0.171652 0.0962058
6 0.0410887 0.711743 0.0826728 0.259622 0.0960004
10 0.989972 0.805267 0.0199709 0.383945 0.0936269
6 0.0462017 0.778799 0.0937177 0.155483 0.0916286
6 0.0337831 0.674357 0.067778 0.6514 0.088965
7 0.448586 0.63047 0.0473228 0.0801256 0.0888899
6 0.00854316 0.793773 0.0176669 0.397586 0.0872783
6 0.781947 0.814956 0.0886781 0.368265 0.083691
6 0.783947 0.734386 0.0864901 0.209666 0.0826287
6 0.0546902 0.934605 0.110266 0.131264 0.0797397
6 0.0498282 0.835338 0.101559 0.188877 0.0789343
10 0.591961 0.314846 0.0290247 0.100566 0.0780011
6 0.782838 0.669417 0.0861528 0.329926 0.0776822
10 0.990868 0.796182 0.0181686 0.392677 0.0764335
6 0.0418121 0.719713 0.0850541 0.21802 0.0760065
6 0.898852 0.798903 0.199472 0.410083 0.0721053
6 0.767306 0.813317 0.0622589 0.370516 0.0711921
6 0.807498 0.946359 0.140719 0.108602 0.0711509
11 0.924093 0.924865 0.149795 0.149091 0.0702201
6 0.806643 0.824048 0.135973 0.353746 0.0672419
7 0.440546 0.586504 0.0380497 0.115062 0.0666343
6 0.839661 0.743159 0.0840963 0.199282 0.066606
7 0.567416 0.575067 0.0391125 0.0383811 0.0665486
6 0.7711 0.793834 0.078824 0.409717 0.0664028
6 0.0205285 0.745284 0.042352 0.534698 0.0648272
6 0.0545827 0.98049 0.108178 0.0389147 0.0645325
10 0.0193723 0.541423 0.0394096 0.913175 0.064455
6 0.774751 0.780146 0.0730463 0.310002 0.0641561
6 0.987203 0.854928 0.0267139 0.290546 0.0638747
6 0.778777 0.7206 0.0912954 0.375439 0.0638053
6 0.00609878 0.689123 0.0127016 0.110194 0.0636843
6 0.0510939 0.85999 0.102139 0.264371 0.0631488
6 0.00663135 0.694837 0.0140294 0.135255 0.0620027
7 0.491079 0.657068 0.0566943 0.0518851 0.0619192
10 0.595527 0.3705 0.0388498 0.214802 0.0617027
6 0.0157012 0.734354 0.0319593 0.255896 0.0602201
6 0.814842 0.745871 0.151231 0.503335 0.0602125
10 0.992913 0.713146 0.0138123 0.283979 0.0600362
6 0.0142138 0.883127 0.0298927 0.236668 0.0597521
6 0.0772519 0.902291 0.152898 0.200676 0.0584879
7 0.503915 0.504512 0.0233849 0.0486291 0.0582673
11 0.908633 0.935472 0.17843 0.129003 0.058229
10 0.0184887 0.541527 0.0377724 0.913787 0.0579957
6 0.0526931 0.931349 0.106188 0.137103 0.0575311
7 0.706072 0.593983 0.0270274 0.0495685 0.0568669
7 0.721945 0.578774 0.024122 0.091109 0.0568045
10 0.863907 0.594342 0.0275845 0.0687835 0.0561981
6 0.843681 0.92845 0.220931 0.147026 0.0550771
6 0.0166 0.93975 0.0334967 0.120892 0.0547832
2 0.0593022 0.718932 0.0187377 0.0444602 0.054528
6 0.769825 0.955304 0.0665161 0.0897207 0.0537001
7 0.498082 0.561242 0.0345382 0.0263551 0.0536877
10 0.00685502 0.638872 0.0138529 0.235561 0.0536296
6 0.769646 0.900366 0.0660727 0.199851 0.0531962
10 0.694692 0.38433 0.0232156 0.0597092 0.0529023
10 0.016574 0.504656 0.033412 0.924562 0.0527691
7 0.583766 0.626408 0.0246792 0.0624014 0.0524658
6 0.783679 0.638483 0.0732807 0.2744 0.0521573
7 0.579484 0.586745 0.0345672 0.0589666 0.0519892
10 0.532566 0.342718 0.043074 0.244117 0.0511426
6 0.462816 0.79283 0.125907 0.406446 0.050663
7 0.432126 0.61372 0.0184024 0.04818 0.0505157
10 0.016407 0.429181 0.0328483 0.827606 0.0501055
6 0.0399541 0.779203 0.0827354 0.15346 0.049819
10 0.018444 0.543164 0.0379352 0.912417 0.0497879
10 0.991906 0.487661 0.0158422 0.307949 0.0492396
7 0.583472 0.622265 0.0194089 0.0323722 0.0474369
7 0.549981 0.677671 0.0361384 0.019554 0.0471389
6 0.0425886 0.776785 0.0871711 0.139458 0.0469888
10 0.991968 0.512084 0.0157022 0.256764 0.0467249
7 0.453162 0.654813 0.0422419 0.0334739 0.0453247
10 0.542398 0.339726 0.0337173 0.257883 0.045238
10 0.594291 0.332012 0.0357884 0.143274 0.0448585
6 0.805982 0.95396 0.141837 0.0960059 0.0447212
6 0.986131 0.949646 0.0288095 0.102936 0.0442733
7 0.487791 0.653278 0.053453 0.0592783 0.0441775
7 0.486303 0.637535 0.0589328 0.0928766 0.0440306
6 0.846007 0.743942 0.102825 0.512894 0.0439432
7 0.653838 0.496696 0.0384163 0.0626035 0.0438431
6 0.00714517 0.672596 0.0149985 0.162583 0.0431846
6 0.984722 0.953605 0.0306595 0.0947342 0.042807
6 0.0392726 0.882405 0.0793566 0.209383 0.0426898
6 0.76822 0.712285 0.0538966 0.138454 0.0416505
7 0.67134 0.580816 0.0671807 0.077271 0.0415983
7 0.582802 0.626801 0.0174471 0.0321496 0.0411471
7 0.723059 0.592705 0.0235747 0.0696871 0.0409707
7 0.600464 0.655388 0.0510414 0.0401441 0.0405951
6 0.852255 0.661877 0.0722837 0.216149 0.0402036
7 0.70085 0.593695 0.0180535 0.0421165 0.0398824
7 0.475806 0.634513 0.110768 0.101886 0.0396022
11 0.940848 0.940895 0.109365 0.122056 0.0395103
10 0.434585 0.521686 0.0860079 0.231475 0.0394154
11 0.0385579 0.733125 0.0789597 0.0589567 0.0387245
6 0.0106673 0.901793 0.0218822 0.20617 0.038629
6 0.872191 0.92728 0.18909 0.146247 0.0383677
7 0.584335 0.599536 0.0156289 0.0344643 0.0382756
6 0.494686 0.788686 0.184188 0.421402 0.0382365
7 0.460495 0.655614 0.0265498 0.0228841 0.0379132
6 0.765296 0.768687 0.0491561 0.256098 0.037758
7 0.585226 0.583567 0.0162958 0.0659352 0.0377573
7 0.574831 0.587921 0.0156245 0.0429395 0.037448
7 0.580979 0.61253 0.0150552 0.0394547 0.0374347
10 0.981828 0.765712 0.0318018 0.382058 0.0371799
7 0.573083 0.591852 0.0131539 0.0569347 0.0369812
10 0.863996 0.589861 0.0217508 0.0567129 0.0369661
10 0.857578 0.590853 0.0468973 0.0904168 0.0367077
2 0.60481 0.439548 0.0206558 0.0724062 0.0364295
6 0.80416 0.861211 0.137906 0.289688 0.0363276
10 0.77806 0.636496 0.143767 0.704258 0.0362828
7 0.636204 0.656868 0.0547064 0.0299627 0.0361778
6 0.114069 0.748328 0.228213 0.505561 0.0358628
10 0.540536 0.245579 0.0301206 0.0716987 0.0356694
10 0.588347 0.302675 0.0182647 0.064772 0.0355414
10 0.184792 0.678816 0.0512912 0.353405 0.0354995
2 0.718865 0.578484 0.030694 0.0842971 0.0354688
11 0.571881 0.644243 0.33612 0.113933 0.0352512
10 0.534552 0.251607 0.0449469 0.0871671 0.0349355
10 0.533941 0.255036 0.0457184 0.0959757 0.0348098
7 0.532552 0.637114 0.15066 0.0963757 0.0345432
7 0.718258 0.608304 0.0244522 0.0309572 0.0343491
10 0.652098 0.500487 0.0296748 0.0487618 0.0340934
10 0.00619977 0.158896 0.0127513 0.289106 0.0336593
6 0.441845 0.789353 0.0926375 0.389179 0.0334157
7 0.574533 0.589542 0.0183799 0.0268616 0.0333822
10 0.00583989 0.112621 0.0117301 0.197692 0.0322658
7 0.778995 0.507971 0.0153728 0.0385796 0.0320541
6 0.986547 0.961554 0.0276945 0.0769199 0.0320134
7 0.552405 0.57328 0.0211088 0.0378761 0.0314343
7 0.579052 0.621573 0.0149343 0.0307944 0.0313955
6 0.790391 0.627571 0.0718239 0.307374 0.0313396
7 0.52173 0.657686 0.193532 0.114064 0.0312093
7 0.493476 0.578029 0.0544682 0.0566642 0.0309557
6 0.439883 0.781544 0.0894869 0.380968 0.0308104
2 0.793244 0.545529 0.030115 0.0832051 0.0302678
6 0.828257 0.90694 0.11481 0.191438 0.0301996
10 0.594944 0.374539 0.032228 0.181294 0.0296639
7 0.589455 0.644235 0.0373405 0.0742154 0.0296374
10 0.725938 0.471179 0.0571162 0.319526 0.0294576
6 0.460927 0.725082 0.126535 0.305739 0.0294261
6 0.50547 0.78333 0.215769 0.424746 0.0289173
10 0.787524 0.534647 0.0434251 0.100753 0.0288635
7 0.490805 0.672857 0.0503805 0.0507512 0.0287638
10 0.811307 0.572442 0.0363222 0.193341 0.0286842
10 0.594709 0.316562 0.0161867 0.0790916 0.0286283
10 0.760052 0.442104 0.116201 0.249275 0.0286043
7 0.677887 0.519323 0.0178399 0.0285592 0.0284351
7 0.643526 0.6334 0.13386 0.0691796 0.0283712
10 0.812985 0.566255 0.0876463 0.594993 0.0283365
10 0.763597 0.701416 0.165287 0.601524 0.0282562
6 0.435305 0.797757 0.0897351 0.395699 0.0281991
6 0.432274 0.799659 0.0834747 0.392454 0.0280321
6 0.83955 0.985659 0.151896 0.0449188 0.0280057
10 0.540829 0.237166 0.019658 0.0530935 0.0278967
11 0.661152 0.794135 0.173228 0.397428 0.0278873
7 0.489502 0.645029 0.0927442 0.128246 0.0277876
6 0.769049 0.636103 0.0997175 0.238662 0.0276861
7 0.442879 0.624154 0.0340842 0.0584466 0.0276482
6 0.826348 0.705788 0.0528169 0.210074 0.0275133
6 0.918545 0.990613 0.131714 0.0458481 0.0275036
2 0.720783 0.209933 0.0165374 0.0309914 0.0274579
6 0.574947 0.789744 0.349361 0.406916 0.027384
6 0.77803 0.838006 0.111208 0.274881 0.0273698
7 0.777612 0.746499 0.0262558 0.0329834 0.0270925
10 0.860398 0.575568 0.0494137 0.116627 0.0270742
10 0.850317 0.570646 0.020915 0.0944322 0.0268614
6 0.869139 0.713325 0.0555826 0.283845 0.0267872
10 0.831705 0.640339 0.107475 0.573005 0.0264187
7 0.485155 0.658884 0.0908327 0.0772286 0.0261857
6 0.0406172 0.920724 0.0765321 0.0801813 0.0258695
6 0.42171 0.781216 0.067837 0.360071 0.0257577
6 0.024912 0.901706 0.0458466 0.0668909 0.025447
7 0.0665689 0.982003 0.0797224 0.0359651 0.0254318
10 0.871529 0.585959 0.0282814 0.106417 0.0251872
6 0.802477 0.910631 0.123281 0.15194 0.0251669
6 0.420359 0.880864 0.100667 0.214557 0.0249268
10 0.597152 0.326857 0.0173419 0.0958611 0.0248617
6 0.759328 0.936 0.0505455 0.124859 0.0245233
7 0.721227 0.556031 0.0212542 0.0406712 0.0244931
10 0.727791 0.437209 0.0560238 0.247547 0.0244913
6 0.825598 0.605389 0.0869919 0.40989 0.0244514
11 0.664874 0.706282 0.172243 0.118082 0.0243444
11 0.663704 0.869202 0.16552 0.266769 0.0242677
6 0.808576 0.946844 0.148986 0.143418 0.0240084
6 0.868235 0.609092 0.0191666 0.0370355 0.0237505
7 0.642525 0.60566 0.026379 0.0321249 0.0236952
7 0.44324 0.647651 0.0262599 0.056266 0.0236703
6 0.82605 0.958445 0.0949226 0.0963304 0.0235341
6 0.837327 0.628011 0.0818758 0.439031 0.0234348
7 0.535633 0.588511 0.0196188 0.0190427 0.0233682
6 0.764087 0.953211 0.0587588 0.0916855 0.0232304
7 0.559816 0.718465 0.0187407 0.0325016 0.0231699
7 0.810578 0.916456 0.030205 0.0429531 0.0229911
6 0.438108 0.718445 0.0878209 0.262031 0.0228935
10 0.718135 0.447705 0.0515647 0.198935 0.0224175
6 0.792193 0.983042 0.110188 0.0496515 0.0222121
6 0.0557139 0.983869 0.105636 0.041473 0.0221825
10 0.847825 0.563652 0.0287621 0.0930316 0.0219578
6 0.80372 0.852869 0.0510485 0.13953 0.0219501
7 0.597906 0.710133 0.0313628 0.0437366 0.0218892
6 0.776395 0.90756 0.0744148 0.202886 0.0218877
7 0.570072 0.690057 0.0139328 0.0170044 0.0218815
6 0.428585 0.800387 0.0514103 0.121387 0.0217187
10 0.711514 0.604498 0.0562427 0.128209 0.0216873
7 0.636602 0.658245 0.054156 0.0244981 0.021561
6 0.843114 0.952669 0.0853579 0.0967085 0.0210969
6 0.0329621 0.963821 0.060897 0.0698885 0.0210298
6 0.764302 0.860779 0.0441643 0.0890026 0.0209097
7 0.809535 0.920256 0.0320786 0.0534618 0.0206806
6 0.78433 0.951519 0.112959 0.101626 0.020561
6 0.815236 0.952891 0.121096 0.0885407 0.0205481
7 0.438035 0.637552 0.0779157 0.0911889 0.0203582
6 0.846856 0.654798 0.0512329 0.0711645 0.0199806
7 0.947027 0.95687 0.0479044 0.0498355 0.0197027
7 0.70678 0.44742 0.0170152 0.0590523 0.0196856
10 0.848025 0.572986 0.0333418 0.0936941 0.0196154
6 0.793652 0.939726 0.0417929 0.0695428 0.0195752
10 0.529199 0.720153 0.117716 0.25963 0.0195453
10 0.885763 0.558406 0.029081 0.166164 0.0193038
7 0.642983 0.689504 0.018448 0.0175218 0.0192681
2 0.637077 0.619501 0.117806 0.0428994 0.0192367
6 0.796172 0.972299 0.0414807 0.0707868 0.0191408
6 0.76806 0.9879 0.0706222 0.0328421 0.0191406
7 0.465527 0.695978 0.0384588 0.0261702 0.0189098
7 0.456879 0.685802 0.0307831 0.0216337 0.0188371
6 0.416727 0.844669 0.0278287 0.103411 0.0187892
10 0.714773 0.827075 0.0212485 0.0460088 0.0187816
6 0.767686 0.962922 0.0588682 0.0784029 0.0187011
6 0.484409 0.937091 0.207069 0.128423 0.0186369
7 0.462213 0.704515 0.0268797 0.0330697 0.0186094
10 0.594073 0.88309 0.0223791 0.0447325 0.0185834
11 0.697718 0.984924 0.0451527 0.027268 0.0185776
10 0.658157 0.629977 0.170363 0.137901 0.0185139
10 0.697787 0.989547 0.0675288 0.0193632 0.0184788
6 0.794412 0.60149 0.0338554 0.0810696 0.0184539
7 0.521665 0.775067 0.053911 0.0493362 0.0183603
7 0.541134 0.722495 0.0420179 0.0407437 0.0182029
2 0.736744 0.670412 0.0210494 0.0361478 0.0181031
6 0.493527 0.76645 0.0490275 0.0778134 0.0180134
7 0.622293 0.73763 0.0171316 0.027931 0.0180068
7 0.652958 0.682836 0.0282655 0.0136786 0.0179138
6 0.469826 0.805272 0.0369506 0.0313301 0.0178868
6 0.787287 0.789918 0.0226796 0.0469306 0.0178219
10 0.712355 0.719164 0.0385311 0.042617 0.0178098
6 0.464681 0.863723 0.0467301 0.0433751 0.0176957
10 0.357026 0.984272 0.0562966 0.0405685 0.0176191
11 0.536304 0.879347 0.0495034 0.105111 0.0176057
6 0.50151 0.841662 0.0454673 0.0302534 0.0173551
7 0.435601 0.668312 0.0829057 0.155323 0.0173364
10 0.708944 0.990905 0.0522778 0.0218983 0.017332
6 0.77344 0.989424 0.089418 0.0506944 0.0169925
11 0.563686 0.92647 0.231786 0.0845541 0.0169729
10 0.736075 0.978473 0.0406156 0.0478363 0.0168983
6 0.403002 0.88223 0.0492354 0.096793 0.0166887
6 0.749199 0.955115 0.0374385 0.0505966 0.0164268
10 0.692317 0.854851 0.0373664 0.0285675 0.0163453
10 0.174028 0.885943 0.0644083 0.177705 0.0161395
7 0.39588 0.876477 0.0285347 0.0362944 0.0156753
6 0.419449 0.853075 0.0269785 0.0541971 0.0156241
