11 0.570777 0.797666 0.35243 0.402602 0.908398
10 0.539102 0.341581 0.0495738 0.268745 0.707014
6 0.807361 0.815263 0.133151 0.368853 0.66627
10 0.733518 0.388389 0.158743 0.542532 0.571828
6 0.0547457 0.847847 0.109775 0.301354 0.493032
7 0.491566 0.618571 0.060863 0.131558 0.342238
6 0.0539524 0.75438 0.108349 0.489054 0.258549
6 0.0520283 0.833163 0.104451 0.254964 0.256125
6 0.805439 0.863486 0.126963 0.272246 0.255205
6 0.810082 0.751801 0.138829 0.4991 0.253879
11 0.909219 0.916221 0.180378 0.167335 0.24301
6 0.985685 0.913462 0.0281488 0.172542 0.190146
11 0.918662 0.906674 0.162008 0.186552 0.187543
10 0.737249 0.544128 0.164573 0.848819 0.185104
6 0.871484 0.916352 0.256345 0.167065 0.184153
6 0.86999 0.844375 0.259314 0.311798 0.183397
6 0.0547306 0.781097 0.110943 0.441083 0.182951
6 0.985002 0.807312 0.0290363 0.384284 0.180847
7 0.57783 0.588775 0.0191645 0.0578662 0.179665
6 0.0531319 0.811507 0.107693 0.374939 0.178205
10 0.855489 0.581331 0.0288111 0.0960203 0.17799
6 0.892554 0.854362 0.214013 0.289183 0.162366
7 0.755381 0.694413 0.0416502 0.113439 0.148064
7 0.602323 0.580365 0.025439 0.0674187 0.145912
10 0.981613 0.51378 0.0358961 0.96779 0.141946
7 0.582397 0.633797 0.0243766 0.0566 0.139937
6 0.804393 0.897621 0.129287 0.206423 0.136628
7 0.448846 0.630808 0.0493908 0.0808582 0.135103
6 0.895561 0.816184 0.206674 0.370411 0.132224
6 0.784384 0.86728 0.0848374 0.265876 0.130299
7 0.618332 0.600949 0.021156 0.0319296 0.129531
11 0.921869 0.920839 0.153056 0.1584 0.124094
10 0.763046 0.561224 0.220417 0.87623 0.123656
10 0.985561 0.594465 0.0281416 0.807127 0.123605
6 0.969503 0.843201 0.0612707 0.313886 0.122406
2 0.179406 0.565446 0.031869 0.121871 0.118594
2 0.755651 0.659579 0.0382468 0.176144 0.1167
10 0.985905 0.638628 0.0275808 0.722173 0.115725
6 0.989353 0.809085 0.0208561 0.378998 0.113927
7 0.492192 0.645316 0.0587843 0.0794333 0.113392
7 0.581389 0.635922 0.0217706 0.0526767 0.112787
6 0.053373 0.661383 0.107785 0.677943 0.109769
6 0.0538252 0.8553 0.107153 0.286636 0.109318
6 0.0430819 0.734534 0.0866788 0.244896 0.109283
11 0.956022 0.914367 0.0876001 0.172127 0.10885
6 0.0141308 0.851142 0.0300434 0.295598 0.107286
7 0.544789 0.634263 0.0551294 0.102412 0.105484
6 0.80454 0.954567 0.129628 0.0916313 0.105403
10 0.829163 0.734151 0.112116 0.488916 0.104622
6 0.0581131 0.964359 0.115049 0.0716188 0.101733
10 0.0138171 0.763331 0.0283186 0.468869 0.101247
2 0.755659 0.660632 0.0433591 0.184918 0.0989971
6 0.0140391 0.827614 0.0289901 0.341393 0.0954856
10 0.991903 0.811028 0.0163433 0.37261 0.09495
7 0.565711 0.58548 0.0433017 0.063295 0.0939548
6 0.776607 0.792775 0.0854439 0.339214 0.0929008
7 0.439241 0.594983 0.0374295 0.115706 0.0920372
6 0.0251915 0.679125 0.050576 0.641124 0.0906488
10 0.593076 0.313758 0.0295729 0.0974534 0.0905113
6 0.0118774 0.809056 0.0248796 0.377421 0.0902064
7 0.55669 0.573857 0.0221679 0.0347069 0.0898817
6 0.0464759 0.778585 0.0939821 0.153895 0.0882352
2 0.755923 0.609721 0.0193435 0.0729071 0.0880364
6 0.0463242 0.735277 0.0937957 0.247962 0.0879671
6 0.0083652 0.773302 0.0172825 0.307454 0.0879235
6 0.0298062 0.759548 0.0618261 0.477286 0.0876059
2 0.441858 0.603321 0.0414919 0.131452 0.087197
7 0.60302 0.588605 0.0206674 0.0506647 0.0871178
10 0.596992 0.368187 0.0394292 0.220946 0.0865274
6 0.986763 0.843051 0.0269043 0.314305 0.0846698
6 0.465781 0.758775 0.127392 0.414201 0.0846156
10 0.00608502 0.693771 0.0128671 0.107547 0.0834052
2 0.755553 0.597855 0.0155819 0.0455638 0.0825977
6 0.810966 0.803544 0.143325 0.397347 0.0820259
6 0.0550009 0.930936 0.111152 0.138459 0.0815611
6 0.461326 0.780017 0.122843 0.382492 0.0800584
7 0.824383 0.464738 0.0704216 0.0973201 0.0790283
10 0.0189273 0.540686 0.0386376 0.912009 0.0779104
10 0.0178713 0.536707 0.0366305 0.919482 0.0767619
7 0.617179 0.606088 0.0251578 0.0436591 0.0757762
6 0.86354 0.847518 0.250552 0.313113 0.0742826
6 0.778922 0.729991 0.0941018 0.205175 0.0737949
10 0.991766 0.349747 0.0167841 0.575579 0.0736734
6 0.760065 0.797618 0.0508873 0.346935 0.0733141
6 0.0434564 0.788573 0.0878993 0.169719 0.073281
6 0.840307 0.741031 0.0775146 0.184822 0.0730517
6 0.771275 0.949665 0.0645297 0.100481 0.0728795
10 0.00706797 0.635336 0.0142725 0.251539 0.0715226
6 0.828068 0.723704 0.0955649 0.189199 0.0707207
6 0.984888 0.9365 0.0303009 0.121609 0.0693604
10 0.0163359 0.523859 0.032959 0.923642 0.0686908
7 0.58606 0.610439 0.0253023 0.0423826 0.0675602
2 0.761566 0.701215 0.0241534 0.096406 0.0641638
10 0.541221 0.339285 0.03917 0.260156 0.0640129
2 0.758663 0.714854 0.026221 0.0757978 0.0636994
6 0.982954 0.836542 0.0336096 0.331969 0.0628003
6 0.0190726 0.941441 0.0382488 0.116004 0.06278
7 0.433865 0.612282 0.0222236 0.0457478 0.0626477
6 0.82955 0.635658 0.103044 0.275165 0.0622592
6 0.992289 0.747575 0.0140589 0.285023 0.0620208
6 0.0237466 0.651471 0.0492484 0.693522 0.0593454
10 0.0144875 0.462467 0.0292709 0.879449 0.058437
6 0.462306 0.770235 0.111923 0.385885 0.0583209
10 0.845068 0.582592 0.0631884 0.135672 0.0581507
6 0.987317 0.860674 0.026021 0.280732 0.0575236
10 0.98965 0.181128 0.020676 0.333645 0.0566816
2 0.504143 0.504705 0.0227565 0.0482006 0.0566448
7 0.584787 0.620443 0.0271087 0.0601847 0.0555945
10 0.839409 0.747418 0.0917599 0.503048 0.0554701
6 0.491551 0.78956 0.180822 0.409594 0.0535235
6 0.0118392 0.75618 0.0242473 0.223137 0.0533664
10 0.722151 0.56629 0.0717567 0.172542 0.0527464
11 0.941246 0.938627 0.112272 0.127632 0.0518019
6 0.758737 0.766197 0.0466368 0.28295 0.0517014
2 0.458157 0.503338 0.0215321 0.0614023 0.0512193
6 0.986393 0.95052 0.0276241 0.0996008 0.0509428
6 0.799807 0.836211 0.12444 0.322247 0.0508278
6 0.781008 0.949521 0.0869096 0.104232 0.0506935
10 0.595536 0.365303 0.0376357 0.22333 0.0506797
6 0.908691 0.94073 0.176376 0.120318 0.0503966
6 0.811477 0.971791 0.1548 0.0609306 0.0500438
7 0.602818 0.659692 0.0459275 0.0329564 0.0493676
10 0.724947 0.5542 0.0684036 0.196344 0.0487674
10 0.84935 0.616062 0.0575611 0.212183 0.0485308
6 0.439452 0.780069 0.0846492 0.364109 0.0483294
7 0.498178 0.561586 0.0345177 0.0260886 0.0480666
6 0.492575 0.761259 0.175722 0.408794 0.0480595
7 0.582597 0.618013 0.0233192 0.0318088 0.0478684
6 0.775401 0.984362 0.0743794 0.0317787 0.0478632
6 0.00588441 0.688828 0.0129447 0.112645 0.0476744
7 0.547151 0.677824 0.036902 0.0211119 0.0472238
7 0.43886 0.575741 0.0341625 0.0717537 0.0466184
2 0.435277 0.62641 0.0279199 0.0860095 0.0463868
6 0.00817293 0.801359 0.0174794 0.132956 0.0457806
7 0.492251 0.582339 0.0590562 0.0617134 0.0454692
6 0.0401766 0.795854 0.0850341 0.116905 0.0444997
2 0.652907 0.496569 0.0410501 0.070174 0.0443266
6 0.800948 0.699783 0.0495119 0.147027 0.0440841
10 0.434287 0.529427 0.085521 0.255336 0.0438794
11 0.0395115 0.735906 0.0802794 0.0648062 0.0438009
10 0.856161 0.596741 0.0211596 0.04847 0.0437896
2 0.654649 0.50919 0.0438814 0.0979356 0.0434123
2 0.450855 0.571909 0.0159962 0.0662855 0.0428456
2 0.747918 0.616442 0.0386973 0.0884917 0.0425069
6 0.463794 0.786132 0.126241 0.416979 0.0419989
10 0.588871 0.30268 0.019795 0.0664165 0.0419084
7 0.750697 0.582328 0.0187483 0.0602296 0.0419048
7 0.845252 0.708548 0.0639063 0.111021 0.0418083
6 0.772616 0.940868 0.0726143 0.121807 0.0415149
7 0.577568 0.621987 0.0149029 0.0276652 0.0409371
6 0.783713 0.89574 0.0934184 0.212153 0.0408497
4 0.985845 0.637915 0.0272299 0.036817 0.0399852
11 0.570508 0.64662 0.342262 0.111589 0.0395272
7 0.58688 0.605922 0.0164293 0.0374767 0.0395241
7 0.755645 0.629812 0.0298569 0.0446995 0.0394061
6 0.79642 0.852324 0.18827 0.307411 0.0389493
10 0.539966 0.23697 0.0193313 0.0566527 0.0388591
2 0.761372 0.694752 0.0218346 0.0821795 0.0388483
6 0.804745 0.984483 0.133394 0.0328606 0.0382616
2 0.57993 0.583954 0.0205767 0.0660643 0.0382039
10 0.991634 0.52143 0.0163322 0.252665 0.0381639
7 0.593856 0.642339 0.0177186 0.0407909 0.037453
7 0.63062 0.653836 0.0603341 0.0275591 0.0373581
2 0.736133 0.588433 0.0405861 0.114951 0.0373511
7 0.452111 0.654934 0.0451464 0.0378127 0.0373285
10 0.538526 0.249049 0.0353954 0.0828412 0.0371647
10 0.801991 0.625692 0.0493063 0.242771 0.0370073
6 0.0562841 0.982764 0.111143 0.0351364 0.0368441
6 0.772744 0.786313 0.0623284 0.178149 0.0368192
7 0.754916 0.635634 0.0309614 0.0359597 0.0367943
2 0.45867 0.492665 0.0153929 0.0323675 0.0366392
2 0.85488 0.770798 0.0325209 0.115563 0.0361937
6 0.0265381 0.762023 0.0544157 0.100203 0.0360475
10 0.536852 0.251944 0.0451122 0.0909531 0.0358589
10 0.00615811 0.157505 0.0129907 0.286514 0.0355227
7 0.577176 0.58591 0.0176737 0.0606074 0.0355026
7 0.573214 0.605474 0.0134308 0.042721 0.0349773
7 0.450235 0.65379 0.0428226 0.0376459 0.0349209
10 0.801606 0.594536 0.0468444 0.186259 0.0342814
7 0.515038 0.645952 0.222244 0.104512 0.0341631
7 0.460223 0.656531 0.0280724 0.0271661 0.0339093
4 0.669968 0.581589 0.0664841 0.0774671 0.0337931
7 0.600846 0.612514 0.0521419 0.0426404 0.033542
7 0.510817 0.63764 0.137279 0.108879 0.0333337
6 0.470251 0.76606 0.112967 0.420626 0.03306
11 0.643689 0.632726 0.142194 0.0687189 0.0330122
10 0.84605 0.576169 0.066153 0.134047 0.0330027
10 0.824239 0.578512 0.0232943 0.100686 0.0323311
7 0.572536 0.600787 0.0119451 0.042047 0.0322704
6 0.0501855 0.958321 0.100765 0.0878073 0.0321277
6 0.575578 0.792756 0.34945 0.400846 0.0318999
10 0.824005 0.636616 0.0906858 0.279032 0.0316097
2 0.183737 0.678289 0.0545194 0.357679 0.0315671
2 0.757184 0.731301 0.0222813 0.062232 0.0314793
6 0.916837 0.987374 0.143042 0.0442514 0.031404
10 0.98512 0.0935623 0.0305149 0.177621 0.0313021
6 0.664976 0.808398 0.174384 0.371217 0.0308623
2 0.599535 0.320124 0.0160575 0.0859355 0.0303987
11 0.661541 0.800086 0.175043 0.378974 0.0303438
10 0.536499 0.266245 0.0428051 0.108051 0.0299235
10 0.831542 0.602803 0.0258026 0.0661626 0.0295326
11 0.968593 0.980599 0.061528 0.0400984 0.0293909
6 0.985396 0.976143 0.0285309 0.0479103 0.028878
11 0.480462 0.820044 0.187591 0.339781 0.0288294
2 0.764746 0.69038 0.0159675 0.0413354 0.0287062
6 0.0505717 0.947322 0.0989673 0.10077 0.0285231
10 0.829951 0.582611 0.0260042 0.0902985 0.0284335
6 0.804198 0.975739 0.134902 0.0841358 0.0280244
2 0.178441 0.571487 0.0260414 0.089018 0.0277727
6 0.0395688 0.89224 0.0765517 0.0936266 0.0271166
7 0.75545 0.64456 0.0306946 0.0467355 0.0270147
11 0.577497 0.929345 0.366524 0.141315 0.0268378
6 0.41014 0.795647 0.0443137 0.315667 0.0267619
2 0.985294 0.953613 0.0258835 0.0962953 0.026607
7 0.565304 0.583275 0.013267 0.0315831 0.0265402
10 0.521098 0.31446 0.0216141 0.165989 0.026377
10 0.484988 0.745295 0.0847011 0.378905 0.026253
7 0.577814 0.669206 0.0147463 0.034038 0.0259377
6 0.844503 0.984499 0.138848 0.0399351 0.0258897
10 0.741407 0.601998 0.0313594 0.0868838 0.0254344
6 0.797677 0.977984 0.134765 0.0918469 0.0254157
6 0.805308 0.867111 0.0364851 0.0651179 0.0253695
10 0.836351 0.600915 0.0368824 0.0574231 0.0253429
6 0.765752 0.977065 0.0571147 0.049279 0.0252312
6 0.449543 0.907589 0.0786766 0.176222 0.0248917
10 0.744274 0.613881 0.0308304 0.0837716 0.0248851
7 0.80068 0.90386 0.0271709 0.0392477 0.0248402
10 0.519369 0.345989 0.0177551 0.249972 0.0244505
7 0.631268 0.659057 0.0260187 0.0187177 0.0244126
7 0.57161 0.7542 0.0254461 0.0342874 0.0241725
10 0.746734 0.595912 0.0255109 0.0649977 0.0239507
6 0.0286538 0.917339 0.0490697 0.0782245 0.0238535
11 0.420242 0.772199 0.0496655 0.223089 0.0237975
7 0.644489 0.60608 0.0258196 0.0310145 0.0237935
7 0.471474 0.689842 0.0152979 0.0515015 0.0237752
6 0.761171 0.802328 0.215214 0.35072 0.0236992
6 0.430023 0.860748 0.0615913 0.0940242 0.023631
6 0.759731 0.965235 0.0439759 0.0726137 0.0236038
6 0.48977 0.732664 0.0762434 0.297479 0.0232562
10 0.597299 0.380711 0.0290161 0.136871 0.023204
6 0.722679 0.923258 0.263566 0.281954 0.02294
6 0.43053 0.742241 0.0739497 0.281299 0.0228842
6 0.41891 0.868808 0.0414491 0.122231 0.0226339
6 0.746733 0.995927 0.0639616 0.0142683 0.0224905
6 0.057834 0.990332 0.114545 0.041929 0.021836
6 0.750473 0.994045 0.0507515 0.0190239 0.0217687
2 0.85214 0.515027 0.0164837 0.0421745 0.0216358
7 0.63592 0.623052 0.0762114 0.0322517 0.0216225
10 0.692447 0.659238 0.145768 0.239156 0.0215077
11 0.461563 0.713418 0.135984 0.233227 0.0214354
11 0.687897 0.913967 0.146436 0.0874027 0.0214224
2 0.857502 0.536595 0.0143629 0.0377513 0.0212672
6 0.417487 0.830252 0.0256634 0.0760423 0.0212042
10 0.724427 0.730344 0.0603813 0.085446 0.0211578
10 0.716776 0.564593 0.184526 0.370246 0.0210234
11 0.586629 0.646228 0.337241 0.084919 0.0210117
11 0.744455 0.951518 0.0301184 0.100719 0.0204873
2 0.580149 0.93597 0.101946 0.127331 0.0203953
6 0.421687 0.796025 0.036318 0.0952451 0.020377
6 0.397207 0.957822 0.0685416 0.0856604 0.0203541
11 0.715369 0.981982 0.0253902 0.0390512 0.02025
7 0.45659 0.60771 0.0215115 0.0581751 0.0202496
7 0.449064 0.661773 0.024253 0.0402189 0.0202465
6 0.432222 0.903053 0.0454211 0.0598248 0.0201749
10 0.593476 0.637545 0.0859268 0.168233 0.0200167
11 0.647406 0.619121 0.150561 0.0514509 0.020007
6 0.761627 0.932957 0.0346832 0.0601312 0.0199948
2 0.0690248 0.98157 0.081466 0.0368474 0.0199312
6 0.761001 0.941233 0.062929 0.0627851 0.0199168
6 0.952035 0.942869 0.056365 0.0759756 0.0199125
6 0.762206 0.955557 0.0635174 0.0788645 0.019853
6 0.0364228 0.961587 0.0634973 0.0657492 0.019808
11 0.520623 0.946805 0.261275 0.0939203 0.0197195
2 0.854469 0.498861 0.0133966 0.0378051 0.0197103
11 0.645936 0.635431 0.187268 0.087849 0.0195635
10 0.521721 0.455796 0.0197928 0.103628 0.0191574
10 0.633019 0.650507 0.121676 0.12892 0.0190887
7 0.590077 0.763286 0.018386 0.0321434 0.0190533
6 0.432284 0.907942 0.0409433 0.0682132 0.0189758
6 0.553125 0.958527 0.305776 0.0927933 0.018854
6 0.430537 0.718494 0.024266 0.0534404 0.0184564
11 0.709905 0.985656 0.0299488 0.0447701 0.0184004
6 0.436043 0.829537 0.030869 0.0282385 0.0182642
10 0.720726 0.279134 0.096563 0.123148 0.0180188
6 0.490008 0.854298 0.038402 0.0372091 0.0178834
6 0.0474947 0.950731 0.0622878 0.0768092 0.0178186
6 0.601673 0.796031 0.0151677 0.0242529 0.0177867
6 0.489372 0.853876 0.037914 0.0267477 0.0177634
6 0.500143 0.808159 0.0418728 0.0410093 0.0175096
6 0.803042 0.94563 0.0299167 0.0465624 0.0173115
7 0.621857 0.70997 0.0255752 0.015482 0.0172844
6 0.776517 0.986834 0.0822758 0.0361342 0.0172312
6 0.76451 0.98267 0.0722785 0.0407204 0.0171162
6 0.598151 0.842798 0.0225208 0.033297 0.0170184
10 0.420103 0.896739 0.0275502 0.0427515 0.0170157
10 0.370029 0.956649 0.0435844 0.0835102 0.0168467
10 0.487423 0.82027 0.0287609 0.0521757 0.0165567
11 0.486127 0.83369 0.0393966 0.0366115 0.0164316
6 0.570885 0.874499 0.0280227 0.040144 0.0163142
7 0.677781 0.750447 0.0374197 0.0233971 0.0153041
