11 0.505946 0.674806 0.359648 0.376599 0.871314
6 0.474118 0.875358 0.145524 0.246649 0.853208
8 0.184027 0.447391 0.0857439 0.150571 0.833584
10 0.21642 0.336871 0.0632478 0.28443 0.830371
6 0.618829 0.874531 0.164855 0.251375 0.826336
6 0.354583 0.677566 0.119075 0.300843 0.822081
6 0.678467 0.657765 0.132622 0.310762 0.532298
6 0.644746 0.69453 0.19593 0.38168 0.500906
11 0.923677 0.611668 0.0794817 0.163007 0.480553
6 0.562216 0.474721 0.0932366 0.0895769 0.366168
11 0.461382 0.155032 0.0385521 0.0455033 0.335225
6 0.938851 0.485996 0.119151 0.195839 0.311539
6 0.936435 0.536163 0.121887 0.294708 0.292692
6 0.643501 0.751676 0.198758 0.494888 0.289634
6 0.471549 0.642801 0.136521 0.315992 0.275393
6 0.943737 0.793891 0.112133 0.411556 0.274084
6 0.935909 0.88228 0.127231 0.235801 0.256998
6 0.679671 0.734313 0.132192 0.463716 0.246012
6 0.955973 0.886112 0.0877855 0.2279 0.242987
6 0.471683 0.480205 0.0869759 0.0969997 0.237184
6 0.464682 0.495036 0.07397 0.0754303 0.237029
6 0.473157 0.732793 0.128034 0.121584 0.232004
6 0.239698 0.976782 0.265832 0.0466306 0.231367
6 0.943068 0.50839 0.113942 0.284083 0.227653
6 0.300566 0.16536 0.0306182 0.0545758 0.223333
6 0.473182 0.726969 0.121448 0.110622 0.222282
6 0.927268 0.767504 0.144151 0.465614 0.21646
10 0.98507 0.64283 0.0300434 0.402346 0.199973
6 0.984654 0.71472 0.0306614 0.261147 0.198474
6 0.463199 0.631937 0.141125 0.384359 0.185903
6 0.465556 0.675437 0.161061 0.373571 0.179513
6 0.931565 0.723651 0.136579 0.553495 0.177781
2 0.924723 0.956661 0.0412107 0.0875996 0.174828
6 0.020987 0.60178 0.0418584 0.258565 0.161903
6 0.205273 0.981272 0.19441 0.0375463 0.15941
6 0.46256 0.668534 0.149224 0.31221 0.157763
6 0.986484 0.548228 0.0266716 0.208422 0.156962
6 0.636397 0.688864 0.202605 0.370868 0.155855
6 0.643389 0.766754 0.196589 0.237756 0.14947
6 0.977548 0.611435 0.0443129 0.469931 0.143697
6 0.474999 0.769778 0.145327 0.198102 0.143181
4 0.652 0.182393 0.0227497 0.0373236 0.141943
6 0.277741 0.973837 0.274489 0.0524111 0.141927
6 0.935688 0.557467 0.122912 0.270019 0.141353
6 0.239579 0.978672 0.1955 0.0425409 0.141329
6 0.981851 0.713566 0.0369527 0.565335 0.140742
6 0.952559 0.467397 0.0936369 0.208743 0.140618
6 0.679675 0.612113 0.125332 0.225156 0.139125
6 0.926711 0.56582 0.0938271 0.338091 0.136097
6 0.985776 0.619586 0.0276588 0.386068 0.131564
6 0.621269 0.167218 0.0481253 0.0414701 0.130005
11 0.926345 0.591842 0.0727891 0.12595 0.128475
7 0.491229 0.704163 0.0309797 0.0357403 0.124606
6 0.326451 0.972706 0.44966 0.0535954 0.124505
6 0.983952 0.500138 0.0316382 0.3083 0.118019
4 0.499909 0.153584 0.0240445 0.0363602 0.117988
6 0.940363 0.603064 0.119273 0.449689 0.117855
6 0.972083 0.51926 0.0555092 0.246195 0.117456
11 0.609544 0.167001 0.0701635 0.0433418 0.116222
4 0.331594 0.148035 0.0402018 0.0535727 0.116218
11 0.0456646 0.916049 0.0922027 0.167224 0.115918
6 0.245893 0.911643 0.28364 0.177104 0.114389
6 0.984465 0.721305 0.0300119 0.230174 0.112774
6 0.445481 0.480261 0.140705 0.117433 0.112458
4 0.922265 0.0245097 0.157295 0.0490929 0.111935
6 0.605152 0.677835 0.162593 0.368058 0.111908
6 0.599553 0.673363 0.15705 0.36731 0.111873
6 0.938038 0.497121 0.122446 0.236783 0.11115
6 0.0216166 0.598821 0.0432917 0.384152 0.111018
6 0.906376 0.879145 0.185433 0.246775 0.110983
6 0.967637 0.748002 0.0647788 0.327428 0.11064
6 0.373562 0.680377 0.15122 0.306995 0.108547
6 0.954334 0.71716 0.0901934 0.287166 0.107913
6 0.566114 0.16019 0.0416516 0.047443 0.107187
6 0.681347 0.792176 0.136507 0.367837 0.106828
6 0.471172 0.785208 0.136969 0.176597 0.106502
6 0.217655 0.976688 0.237597 0.04569 0.104504
2 0.915336 0.957409 0.0600131 0.0860367 0.104092
6 0.73549 0.645097 0.248661 0.303493 0.103718
6 0.576523 0.7598 0.0900898 0.194549 0.103689
6 0.975657 0.752742 0.049192 0.486561 0.102489
6 0.674025 0.72934 0.122323 0.168292 0.101524
6 0.476178 0.663138 0.111263 0.220192 0.100798
6 0.465709 0.158621 0.0289494 0.0370552 0.0969705
6 0.696923 0.587717 0.0924203 0.16619 0.0953924
6 0.764235 0.747912 0.466324 0.506288 0.0951796
6 0.422521 0.665572 0.209988 0.341302 0.0939203
11 0.474192 0.768611 0.106548 0.0438206 0.0938983
2 0.927049 0.959498 0.0261698 0.0831121 0.0917367
6 0.303749 0.168861 0.0258205 0.0432742 0.0911037
7 0.305786 0.975483 0.0350741 0.032797 0.089501
6 0.762547 0.743999 0.287019 0.504351 0.0885584
6 0.562344 0.568455 0.104306 0.253381 0.0874688
6 0.0224594 0.642781 0.0449717 0.426981 0.0874198
6 0.468381 0.78645 0.135438 0.107042 0.0874058
11 0.595883 0.164834 0.0980493 0.0464782 0.0865967
6 0.0242101 0.685611 0.0488653 0.508038 0.0859173
6 0.923998 0.48036 0.088094 0.175974 0.0854583
2 0.813674 0.989157 0.0726274 0.0225614 0.0852885
6 0.580009 0.710929 0.0810592 0.0898284 0.0843631
6 0.180276 0.976739 0.165601 0.0467155 0.0829605
11 0.0562541 0.967964 0.113226 0.0646362 0.0821353
6 0.0210697 0.678299 0.0427929 0.43536 0.082133
6 0.941907 0.908001 0.115226 0.182729 0.0817423
6 0.0221572 0.717405 0.0457712 0.567982 0.0817038
6 0.985421 0.754817 0.0296808 0.249572 0.0815066
6 0.749082 0.74633 0.425481 0.505528 0.0802599
6 0.623906 0.8227 0.141258 0.144458 0.0789692
11 0.566269 0.168002 0.040206 0.0322752 0.0779244
6 0.626552 0.795551 0.156694 0.141198 0.0770502
6 0.156991 0.985483 0.10886 0.0293751 0.076186
6 0.609968 0.640655 0.146422 0.277399 0.0760521
6 0.319775 0.982404 0.206466 0.0351846 0.0728037
8 0.183881 0.449239 0.084201 0.149516 0.0717653
2 0.0105593 0.947476 0.0216806 0.10505 0.0716506
6 0.563609 0.485497 0.07791 0.0655806 0.0713633
6 0.162544 0.977379 0.129204 0.0457109 0.0711552
2 0.929659 0.950348 0.078656 0.0994368 0.0710899
6 0.502686 0.719504 0.0559505 0.0890223 0.0702499
11 0.0481345 0.944388 0.0977466 0.113382 0.0700306
4 0.0793105 0.180544 0.0684779 0.0911374 0.069204
6 0.552692 0.165862 0.0130299 0.0248313 0.068856
4 0.580276 0.171156 0.0155388 0.029479 0.0686216
6 0.322236 0.154001 0.0221315 0.0508214 0.0679092
6 0.440054 0.728526 0.0676605 0.0990039 0.0672758
6 0.30367 0.174428 0.0251948 0.0404143 0.0667851
6 0.197715 0.977965 0.174952 0.0435167 0.0659987
11 0.652179 0.189828 0.0191392 0.024453 0.0653989
11 0.61903 0.17495 0.0317787 0.0272526 0.0652524
10 0.977765 0.3358 0.04344 0.655666 0.0649483
6 0.475849 0.762526 0.129902 0.119868 0.0646892
6 0.959153 0.464978 0.081926 0.367517 0.0640544
6 0.0877079 0.911927 0.17571 0.174248 0.0632263
6 0.601862 0.787985 0.11425 0.142146 0.0627123
11 0.526785 0.592434 0.304061 0.213207 0.0624587
6 0.343589 0.608596 0.0816209 0.160891 0.0617587
11 0.474446 0.772326 0.115473 0.0732144 0.0607159
6 0.324026 0.605393 0.0509366 0.160552 0.0606888
6 0.955274 0.898995 0.0876688 0.216028 0.0606627
11 0.0341075 0.846145 0.0684698 0.305687 0.0606582
6 0.197127 0.988001 0.167975 0.0237597 0.0601466
6 0.353927 0.678694 0.119159 0.299321 0.0598825
6 0.461803 0.695212 0.190087 0.339932 0.0596741
6 0.65452 0.651912 0.0843079 0.233057 0.0595471
6 0.687682 0.533913 0.114126 0.0941639 0.0593393
6 0.949271 0.960411 0.0999821 0.0803369 0.0585089
6 0.940161 0.896696 0.114908 0.19926 0.0581424
6 0.450287 0.155027 0.0251654 0.0437366 0.0580202
6 0.472673 0.79811 0.134554 0.151554 0.057198
6 0.453177 0.138559 0.0167138 0.0224367 0.0570822
10 0.213932 0.305684 0.0608623 0.211068 0.0562356
6 0.706505 0.755734 0.254483 0.459755 0.0561548
9 0.500511 0.156593 0.0175699 0.0273905 0.0550957
10 0.970337 0.491088 0.0590359 0.92725 0.0548605
6 0.618344 0.666673 0.149901 0.224832 0.0548233
6 0.479376 0.878399 0.156317 0.238817 0.0545151
10 0.458058 0.719693 0.0356293 0.0437901 0.0542984
6 0.612239 0.872591 0.150765 0.237988 0.0539169
6 0.549056 0.922314 0.303639 0.155337 0.0537391
6 0.467105 0.16654 0.0306484 0.023968 0.0531519
6 0.0349584 0.822731 0.0705887 0.355727 0.0527867
6 0.486813 0.831999 0.120222 0.137374 0.05262
10 0.0201064 0.515766 0.0403129 0.56237 0.0525167
8 0.177528 0.449339 0.0709102 0.13064 0.0522494
6 0.607551 0.804156 0.127903 0.142027 0.0521626
6 0.981084 0.959874 0.0326082 0.203142 0.0520187
6 0.592612 0.706652 0.0583369 0.0824092 0.051963
6 0.971137 0.963592 0.0506235 0.229013 0.0518778
6 0.470384 0.808095 0.138816 0.115734 0.0505605
6 0.607544 0.166234 0.0218901 0.0397405 0.050374
6 0.516734 0.736907 0.375465 0.518897 0.0497034
2 0.920668 0.983247 0.0444386 0.0332932 0.0493738
6 0.58132 0.451505 0.146806 0.130038 0.048737
6 0.543442 0.7614 0.0396588 0.186131 0.0483532
6 0.373454 0.981581 0.102903 0.0359818 0.0483075
6 0.717642 0.58753 0.194754 0.209301 0.0481566
6 0.223892 0.977905 0.134461 0.042341 0.047909
6 0.571903 0.676968 0.2454 0.409623 0.0478817
6 0.513794 0.741711 0.42598 0.491181 0.0475328
2 0.313229 0.979414 0.0723247 0.0398201 0.0474569
6 0.512784 0.659805 0.213924 0.378255 0.0474496
10 0.0198521 0.544881 0.0404606 0.65228 0.0468097
6 0.351123 0.986032 0.155867 0.0284735 0.0466991
11 0.518879 0.665017 0.318187 0.344951 0.0465225
6 0.972621 0.525457 0.0556698 0.751208 0.0464239
10 0.0183551 0.475068 0.0368918 0.455552 0.0460554
6 0.431546 0.730919 0.0520114 0.100073 0.0452254
10 0.214132 0.287042 0.0617277 0.179716 0.0449473
6 0.0126197 0.485835 0.0255636 0.21235 0.0448361
6 0.333514 0.151686 0.0235211 0.0357059 0.0446311
6 0.150716 0.986499 0.105389 0.0278165 0.0443513
5 0.452923 0.503358 0.0409902 0.0504886 0.0443482
6 0.694433 0.603971 0.0991945 0.124961 0.0440513
6 0.676437 0.873951 0.0849855 0.242388 0.0432656
6 0.473326 0.836431 0.137202 0.112817 0.0428853
6 0.536506 0.753305 0.0467037 0.160029 0.0428213
10 0.961919 0.149402 0.0764005 0.293677 0.0427162
6 0.463844 0.802074 0.154752 0.131784 0.0426323
6 0.63968 0.763232 0.709227 0.474766 0.0426262
6 0.914205 0.981609 0.141985 0.0623604 0.0417115
2 0.928689 0.976368 0.0313616 0.0459479 0.0413643
6 0.980554 0.964853 0.0346522 0.11461 0.0413583
6 0.644408 0.737818 0.678382 0.52717 0.0411595
6 0.65253 0.184902 0.0185141 0.0268851 0.0410488
11 0.0396846 0.962924 0.0814078 0.078709 0.0409881
6 0.703611 0.593969 0.0737019 0.146764 0.0406625
6 0.919106 0.338524 0.163058 0.667379 0.0406522
6 0.811948 0.536808 0.353783 0.331467 0.0404817
6 0.679801 0.865525 0.132322 0.254605 0.0403473
6 0.92233 0.663293 0.0860499 0.260551 0.0400417
6 0.573863 0.718894 0.0745677 0.0783638 0.0397587
10 0.915459 0.216091 0.169689 0.425665 0.0395984
6 0.677331 0.854993 0.0846559 0.275784 0.0392936
10 0.21687 0.342346 0.0606194 0.294563 0.0392747
6 0.921323 0.611725 0.0791861 0.143764 0.0391666
6 0.460032 0.603213 0.0869279 0.0617505 0.0390992
6 0.608582 0.176686 0.0177223 0.0240084 0.0382075
6 0.44203 0.742792 0.0720327 0.137574 0.0380939
6 0.289367 0.170628 0.0173129 0.0587026 0.0379469
6 0.481084 0.882351 0.100895 0.140064 0.0378539
6 0.57315 0.943758 0.216191 0.107743 0.0368075
6 0.470154 0.795367 0.135346 0.133909 0.0363704
11 0.630813 0.780055 0.113268 0.0473917 0.0361226
6 0.662396 0.598924 0.0670102 0.146043 0.0356556
10 0.215528 0.260035 0.0647612 0.110593 0.0354572
6 0.517831 0.867648 0.102503 0.252831 0.0353681
6 0.904786 0.61383 0.126943 0.282885 0.0350458
7 0.68879 0.640525 0.0283515 0.0549992 0.0342709
6 0.439303 0.847547 0.076339 0.110319 0.0338272
6 0.705286 0.602902 0.0723845 0.126432 0.0337235
6 0.513702 0.80298 0.0858534 0.149874 0.0337023
6 0.373939 0.586782 0.0306642 0.0403778 0.0330446
6 0.566652 0.810578 0.244447 0.115112 0.0329144
6 0.985121 0.894808 0.0274572 0.116492 0.0328152
11 0.477288 0.153859 0.081212 0.0489326 0.0324786
6 0.569298 0.843496 0.119785 0.298258 0.0322108
6 0.606415 0.947567 0.18919 0.134303 0.0321317
10 0.495256 0.156052 0.0130709 0.0304252 0.0318615
6 0.567627 0.687557 0.0717895 0.0343955 0.0314491
11 0.628325 0.794888 0.125858 0.0652583 0.0312736
6 0.155322 0.997793 0.23997 0.0112343 0.0311384
6 0.3694 0.754422 0.0793512 0.0909634 0.0310696
6 0.588683 0.694022 0.108834 0.154285 0.029812
6 0.422703 0.797614 0.0600607 0.0879016 0.0291624
6 0.953879 0.413542 0.095609 0.119961 0.0286955
10 0.323048 0.152657 0.0185012 0.0373684 0.0284218
6 0.412971 0.968113 0.117982 0.072855 0.0281298
6 0.32112 0.61383 0.0424994 0.1225 0.0278362
6 0.797552 0.954295 0.312994 0.134731 0.0275996
6 0.937201 0.982413 0.124308 0.041458 0.0275514
10 0.294926 0.153287 0.0189553 0.0303382 0.0268645
6 0.425873 0.716042 0.037936 0.0614571 0.0268553
6 0.561233 0.968481 0.136656 0.0730568 0.026561
6 0.519955 0.886357 0.0780352 0.157721 0.0261924
6 0.476528 0.827678 0.0509311 0.0237093 0.0256337
6 0.465311 0.882039 0.0750826 0.0334118 0.025472
6 0.668973 0.837025 0.0398752 0.0867742 0.0253168
6 0.604599 0.959253 0.184138 0.130889 0.02515
6 0.925417 0.624321 0.0649729 0.0827619 0.0248158
6 0.66396 0.827246 0.0789131 0.0565508 0.0246527
6 0.527364 0.966905 0.0855318 0.0700199 0.0242515
6 0.605218 0.959276 0.131703 0.0961025 0.0229145
6 0.619713 0.9808 0.196409 0.0916739 0.0224537
6 0.462125 0.949526 0.118693 0.0926697 0.0224504
6 0.532941 0.891166 0.0601352 0.0812773 0.0222486
8 0.17215 0.492025 0.0506691 0.0787718 0.0221808
6 0.610794 0.841911 0.589745 0.318245 0.0221206
11 0.478348 0.175078 0.103118 0.0902668 0.0219732
6 0.687731 0.9027 0.0753444 0.110445 0.0216976
6 0.606202 0.903171 0.0716846 0.0507101 0.0216584
6 0.653159 0.904613 0.0644375 0.0648392 0.0211448
6 0.622543 0.77066 0.092256 0.0730852 0.0209565
6 0.611875 0.986607 0.221193 0.0980756 0.0204028
6 0.935081 0.820565 0.0480215 0.0322916 0.019716
2 0.942973 0.951886 0.0519367 0.101746 0.0195562
6 0.352271 0.813601 0.0910596 0.113869 0.0194692
6 0.613471 0.891556 0.0538692 0.0383625 0.0194153
6 0.305716 0.937578 0.0943021 0.124886 0.0193811
10 0.949229 0.96999 0.0535524 0.060433 0.0193536
2 0.662907 0.916101 0.0438892 0.0444992 0.0193461
6 0.523221 0.981296 0.195114 0.0477659 0.019328
2 0.982121 0.966584 0.034733 0.062109 0.0190618
6 0.882022 0.951147 0.0700217 0.116503 0.0188279
6 0.382852 0.815299 0.0384805 0.051969 0.0187779
6 0.535089 0.858913 0.0305528 0.0381498 0.0187293
6 0.591554 0.962957 0.106122 0.0844697 0.0186824
6 0.377165 0.972843 0.0611229 0.0536401 0.0185871
2 0.534307 0.881855 0.0314162 0.0556059 0.018576
2 0.4059 0.874708 0.0358892 0.0334119 0.0178984
6 0.481542 0.981088 0.117553 0.0524514 0.0175962
2 0.628077 0.967815 0.0592449 0.0546147 0.0173835
6 0.535853 0.973773 0.0815187 0.0698536 0.0171246
6 0.34266 0.216955 0.0446366 0.0478747 0.0170874
6 0.645253 0.978961 0.0911983 0.0522562 0.0170708
2 0.550823 0.904003 0.0264119 0.0207833 0.0170009
10 0.286164 0.950334 0.0574198 0.0940258 0.0169941
10 0.921229 0.723346 0.0209216 0.0196327 0.0169671
6 0.512272 0.964783 0.0690743 0.0633906 0.0164079
6 0.313974 0.892506 0.0484585 0.110544 0.0153338
11 0.739613 0.925632 0.06049 0.0666234 0.0152119
