1 0.206382 0.192069 0.411012 0.38216 0.834376
1 0.27293 0.195745 0.283518 0.386739 0.508892
1 0.596104 0.266725 0.804825 0.532486 0.502401
1 0.252999 0.498508 0.506805 0.999806 0.323909
1 0.245347 0.610173 0.490534 0.780666 0.243708
1 0.498749 0.279375 0.999988 0.556854 0.228606
1 0.101794 0.155095 0.201575 0.293697 0.221201
1 0.206023 0.400339 0.411148 0.80467 0.201683
1 0.120433 0.15328 0.237213 0.297479 0.196221
1 0.244654 0.695286 0.487545 0.610251 0.176402
1 0.30937 0.499439 0.621013 0.999263 0.163878
1 0.212372 0.439379 0.423048 0.876694 0.163441
1 0.12706 0.140038 0.252071 0.278794 0.163204
1 0.215532 0.596259 0.427925 0.809883 0.155594
1 0.498929 0.49855 0.99999 0.99999 0.139601
1 0.310908 0.579443 0.623386 0.844586 0.128899
4 0.860026 0.175761 0.0476589 0.0683498 0.123192
1 0.578777 0.363514 0.831494 0.722918 0.116143
1 0.275613 0.274405 0.26273 0.223884 0.113947
1 0.265162 0.604189 0.529641 0.793235 0.110872
1 0.383009 0.500953 0.773241 0.99999 0.109323
1 0.303929 0.570557 0.6105 0.869736 0.108921
1 0.676514 0.24311 0.641718 0.473438 0.108185
1 0.276079 0.26162 0.261435 0.250683 0.106476
1 0.211368 0.410993 0.42219 0.801045 0.103912
3 0.90903 0.124143 0.180855 0.246795 0.0998792
1 0.211787 0.485488 0.419466 0.943617 0.0984198
4 0.972016 0.0955543 0.0555038 0.188716 0.0981459
1 0.0165076 0.35412 0.0334893 0.251287 0.0953569
1 0.230125 0.502163 0.456457 0.99998 0.093941
1 0.271692 0.384262 0.298008 0.758036 0.0923526
1 0.0325681 0.398291 0.0649667 0.731478 0.0909998
1 0.241586 0.675561 0.480082 0.650986 0.0909804
1 0.0370159 0.456879 0.0739303 0.487653 0.0896254
1 0.498194 0.183813 0.998829 0.369142 0.0894401
1 0.0241222 0.323324 0.0488437 0.246455 0.0888059
1 0.0282534 0.48078 0.0564807 0.609083 0.0873525
1 0.594263 0.266914 0.8035 0.53014 0.0869724
1 0.0256128 0.465931 0.0509885 0.50033 0.0868761
4 0.981308 0.150108 0.0375879 0.110725 0.0849231
1 0.0815673 0.593472 0.162324 0.812356 0.0838783
1 0.205261 0.122771 0.408343 0.246846 0.0834863
1 0.245056 0.811146 0.486917 0.379065 0.0825002
1 0.0321654 0.608962 0.0645508 0.783538 0.0822987
10 0.824388 0.278557 0.0183693 0.0458726 0.0821289
1 0.0274231 0.376782 0.0550212 0.541653 0.0819177
1 0.389475 0.190155 0.0628221 0.0933811 0.0804927
1 0.49526 0.243439 0.972421 0.495359 0.0799256
1 0.627365 0.11403 0.728835 0.227985 0.0787936
4 0.974678 0.153123 0.0502426 0.302153 0.0785444
3 0.838228 0.106529 0.31952 0.212935 0.0762699
1 0.123884 0.205239 0.243321 0.404349 0.0761896
4 0.943846 0.172471 0.111535 0.339345 0.0747908
1 0.31405 0.138498 0.624636 0.285215 0.0747694
4 0.427293 0.017734 0.0778556 0.0354793 0.0745059
1 0.190006 0.509567 0.375646 0.857727 0.0728018
1 0.103356 0.357095 0.206886 0.693668 0.0720281
1 0.489026 0.20113 0.962229 0.407455 0.0715473
10 0.825494 0.279767 0.0245615 0.0515961 0.0711829
11 0.248958 0.864741 0.494877 0.271758 0.0710274
3 0.900226 0.167281 0.198466 0.332365 0.0706444
1 0.141337 0.0212688 0.186053 0.0436289 0.0697069
10 0.184201 0.033162 0.0996272 0.0670066 0.0694233
1 0.0768289 0.549881 0.153237 0.903721 0.0688256
1 0.475756 0.152956 0.444797 0.305587 0.068796
1 0.138919 0.0310645 0.197992 0.0632784 0.068536
1 0.0220969 0.125596 0.0441253 0.235258 0.068344
1 0.745479 0.256341 0.505096 0.498121 0.0682021
3 0.93503 0.0969311 0.129276 0.191876 0.0679516
1 0.0908946 0.727375 0.181728 0.543535 0.0667076
1 0.402833 0.172391 0.808146 0.34914 0.0651727
1 0.0959533 0.394335 0.19184 0.76547 0.0649566
1 0.202509 0.355522 0.406654 0.697746 0.0646746
11 0.245307 0.863535 0.487045 0.273957 0.0646096
1 0.201848 0.681908 0.396471 0.623081 0.0643018
4 0.805571 0.0965604 0.0481974 0.0507357 0.0633529
1 0.0789974 0.605579 0.157577 0.789642 0.0631844
1 0.444185 0.0987461 0.382698 0.198312 0.0625551
4 0.843424 0.10694 0.0298483 0.0371486 0.0624583
1 0.499096 0.0710681 0.984689 0.145214 0.0620189
1 0.0412771 0.575678 0.0830877 0.854114 0.0613153
1 0.154733 0.0359713 0.244148 0.0722676 0.060284
3 0.830726 0.152325 0.332979 0.303563 0.0597439
1 0.0130399 0.388929 0.0267623 0.313873 0.0593947
1 0.207804 0.18727 0.402912 0.352978 0.0593472
1 0.908581 0.216403 0.181539 0.428807 0.0591718
4 0.762045 0.0844759 0.0714444 0.0767282 0.0585449
4 0.858915 0.162548 0.0397497 0.033827 0.0583478
1 0.0920698 0.838466 0.18428 0.321414 0.0583353
1 0.319084 0.121318 0.247438 0.244662 0.0582389
10 0.185793 0.0195744 0.0899762 0.0397751 0.0573387
1 0.146934 0.0879031 0.293716 0.178512 0.0572914
10 0.473286 0.0245625 0.0269397 0.0439867 0.0572131
10 0.841196 0.0822579 0.0337347 0.0869028 0.0570241
1 0.191304 0.597551 0.377971 0.804308 0.0567056
1 0.377611 0.120517 0.358848 0.238809 0.0565872
10 0.974497 0.0561738 0.0480799 0.110256 0.0565333
1 0.0219704 0.284938 0.043527 0.154562 0.0561974
1 0.316264 0.163347 0.632206 0.334396 0.0560943
1 0.150693 0.142931 0.216907 0.288812 0.0558131
4 0.975227 0.0990949 0.04893 0.185768 0.055409
1 0.251474 0.822685 0.505726 0.396174 0.0549726
1 0.241001 0.0617113 0.478082 0.124814 0.0549193
3 0.775219 0.0631289 0.434722 0.126207 0.0547076
1 0.0215526 0.581735 0.0434453 0.693475 0.0543212
1 0.354032 0.137173 0.45673 0.268612 0.0542188
1 0.140255 0.0566113 0.278024 0.114632 0.0541042
1 0.566775 0.0910959 0.549472 0.184104 0.0539405
1 0.568492 0.285262 0.849583 0.565098 0.0538968
4 0.402783 0.0181518 0.132305 0.036812 0.0535919
1 0.836563 0.261554 0.323378 0.507432 0.0535092
1 0.19593 0.679579 0.384201 0.6412 0.0531506
10 0.214319 0.0197678 0.0448767 0.0400619 0.0531472
1 0.320406 0.122703 0.309855 0.247303 0.0531281
10 0.211116 0.0186385 0.0461887 0.0380288 0.0528675
3 0.910924 0.0626922 0.173208 0.124561 0.052424
1 0.612024 0.0623168 0.69266 0.125122 0.0516803
1 0.0706256 0.102261 0.140712 0.208536 0.0513864
1 0.474881 0.156657 0.491823 0.310786 0.0512847
1 0.468973 0.0896168 0.409295 0.178532 0.0510543
1 0.0819989 0.860609 0.164346 0.279214 0.0509436
10 0.81132 0.282103 0.0211857 0.0319015 0.0503157
4 0.829732 0.103658 0.0607408 0.0563098 0.0500003
4 0.94927 0.119738 0.0991495 0.219744 0.0499505
1 0.327922 0.0662341 0.638713 0.13887 0.049138
1 0.525893 0.0163068 0.103421 0.0327999 0.0490369
1 0.0996493 0.219809 0.159811 0.180078 0.0489558
10 0.234368 0.0388242 0.140006 0.0766346 0.0478998
4 0.879564 0.109143 0.0356075 0.0584254 0.0478063
1 0.00818329 0.321542 0.0172631 0.161889 0.047239
3 0.755314 0.0656869 0.25826 0.131279 0.046805
1 0.575879 0.204003 0.855065 0.390741 0.0467254
1 0.440592 0.0853793 0.353774 0.168451 0.0464422
1 0.0566058 0.504136 0.113907 0.733062 0.046392
1 0.852364 0.32369 0.291448 0.630163 0.0458516
1 0.380524 0.211599 0.0414951 0.0529741 0.0457726
1 0.130843 0.0169737 0.0955027 0.0346255 0.0456049
1 0.036757 0.174652 0.0735594 0.31633 0.045295
10 0.782978 0.259209 0.0193678 0.0505229 0.044959
4 0.815215 0.096982 0.0297197 0.0428562 0.0448346
4 0.964224 0.166891 0.0712664 0.279661 0.0448188
1 0.470123 0.49704 0.934151 0.999962 0.044762
1 0.563035 0.332329 0.855221 0.566335 0.0445889
4 0.990375 0.166811 0.0193295 0.0442795 0.0445781
1 0.291028 0.249972 0.326697 0.354793 0.0444687
1 0.838924 0.282815 0.317329 0.491124 0.0442066
1 0.0733751 0.640401 0.14723 0.821197 0.0438585
1 0.273691 0.317615 0.229849 0.167012 0.0437597
1 0.252539 0.585935 0.319688 0.41973 0.0437054
4 0.773948 0.0935929 0.0402537 0.0472379 0.0427697
1 0.0221754 0.159955 0.0454169 0.274211 0.0427273
1 0.562226 0.362217 0.834517 0.615762 0.0426381
1 0.144466 0.852715 0.290239 0.292626 0.0425181
1 0.112437 0.305336 0.232233 0.559182 0.0423814
10 0.7933 0.0961419 0.0222433 0.0419633 0.0418339
1 0.247712 0.914241 0.494316 0.174575 0.0415512
11 0.280338 0.873353 0.41682 0.254456 0.0411123
1 0.0176398 0.237601 0.0356355 0.173874 0.0410355
1 0.0759664 0.133734 0.153491 0.194361 0.0408809
1 0.568135 0.0392971 0.438835 0.0797337 0.0404711
4 0.988803 0.192368 0.0222338 0.107673 0.0400471
10 0.983601 0.263876 0.0330002 0.313911 0.039502
10 0.243044 0.0624549 0.181558 0.123621 0.0394933
1 0.393703 0.176739 0.0479518 0.0543304 0.0390854
1 0.271402 0.278515 0.243972 0.222559 0.038994
4 0.945628 0.14617 0.0276096 0.0397538 0.0387922
10 0.260738 0.061375 0.14665 0.123872 0.0387465
1 0.0984164 0.0161857 0.113049 0.0332164 0.0387127
1 0.242162 0.929001 0.479611 0.161715 0.0384804
4 0.915404 0.12934 0.093268 0.102981 0.0384507
1 0.311882 0.143967 0.292315 0.227377 0.0376228
1 0.135209 0.11334 0.107154 0.0957022 0.0375036
1 0.0163525 0.367018 0.0333918 0.143702 0.0371902
1 0.749596 0.174793 0.430239 0.306548 0.0370542
1 0.0955773 0.103728 0.190933 0.149382 0.0368463
1 0.486119 0.0359274 0.373647 0.073525 0.0366493
1 0.0201977 0.341289 0.0408157 0.104946 0.0365996
1 0.224066 0.0645539 0.290412 0.129705 0.0364116
10 0.245613 0.0141877 0.0916544 0.0293511 0.035772
4 0.959016 0.292344 0.0819557 0.220834 0.0355005
1 0.308041 0.13278 0.266634 0.214707 0.0354805
1 0.500049 0.239847 0.994999 0.398639 0.035196
1 0.522049 0.162558 0.435495 0.227376 0.0350383
1 0.583193 0.30107 0.798376 0.498793 0.0349022
1 0.0578161 0.115872 0.115677 0.163014 0.0348655
10 0.288872 0.0586789 0.0789685 0.122944 0.0346502
1 0.138293 0.165378 0.0957402 0.184462 0.0339567
10 0.0792592 0.109736 0.02615 0.0454957 0.0338973
1 0.226556 0.842131 0.445572 0.302276 0.0335771
1 0.17326 0.655361 0.333441 0.555407 0.0335571
1 0.286259 0.26556 0.274206 0.181175 0.0329789
1 0.151251 0.675305 0.291641 0.570908 0.0324032
10 0.808652 0.272814 0.0221684 0.0597416 0.0323372
1 0.235332 0.275128 0.317283 0.216922 0.0320253
10 0.81428 0.269681 0.0334489 0.0635249 0.0318652
1 0.132213 0.777786 0.268874 0.449988 0.0317241
10 0.852118 0.0629141 0.0939661 0.124746 0.0312181
4 0.898012 0.130598 0.0351389 0.0466986 0.0311917
1 0.764736 0.306856 0.357621 0.275326 0.0310708
4 0.83453 0.11139 0.0416309 0.0468703 0.0310705
1 0.347592 0.240896 0.152754 0.152888 0.0309758
1 0.0399962 0.924699 0.0809397 0.151895 0.0309181
1 0.136598 0.204692 0.25009 0.213791 0.0307734
4 0.82723 0.065844 0.0998186 0.129589 0.0307032
1 0.502909 0.304727 0.999978 0.306497 0.0306404
6 0.243125 0.962399 0.362314 0.127431 0.0305366
1 0.0123679 0.262861 0.0244868 0.14331 0.0303582
4 0.982746 0.143346 0.0304501 0.0464953 0.0300294
1 0.236665 0.952201 0.418354 0.132096 0.0298997
1 0.256876 0.235961 0.226262 0.248477 0.0294917
1 0.607634 0.243177 0.53149 0.314854 0.0294823
4 0.848275 0.108489 0.0194492 0.0284896 0.029361
1 0.19558 0.857438 0.350045 0.890085 0.0291689
1 0.506505 0.390583 0.993611 0.412542 0.0290486
1 0.202004 0.817959 0.391805 0.494023 0.0290451
1 0.261963 0.622501 0.295626 0.162889 0.0289605
1 0.177423 0.756403 0.341896 0.454403 0.0285755
1 0.560883 0.500497 0.913973 0.657756 0.0285286
1 0.25233 0.316675 0.167982 0.139023 0.0281298
1 0.492325 0.217693 0.292702 0.234608 0.0278561
6 0.209839 0.967395 0.354081 0.0700661 0.027609
1 0.0655034 0.218834 0.0864603 0.163474 0.0272744
1 0.129978 0.505298 0.229322 0.384925 0.0269504
10 0.825621 0.0688969 0.101805 0.119763 0.026654
1 0.228214 0.986631 0.340187 0.0433445 0.0262435
1 0.0158234 0.264969 0.029088 0.100282 0.0259453
1 0.560276 0.468161 0.888617 0.469273 0.0258574
4 0.887247 0.225229 0.128485 0.154882 0.0257475
10 0.285698 0.113028 0.160663 0.196272 0.0257044
1 0.152611 0.76998 0.270682 0.418247 0.025668
1 0.117024 0.620572 0.205703 0.415875 0.0255602
6 0.225466 0.978096 0.246813 0.0612371 0.0255454
10 0.126978 0.170979 0.121927 0.139627 0.025063
4 0.882518 0.198564 0.0317219 0.0565631 0.0250039
1 0.182339 0.781169 0.351484 0.907152 0.0246088
1 0.609274 0.45251 0.784683 0.486743 0.0245339
1 0.270976 0.680166 0.23364 0.105005 0.0241822
1 0.823749 0.462604 0.34843 0.533943 0.0241456
1 0.516061 0.303303 0.994469 0.156192 0.0240292
1 0.594266 0.266498 0.373432 0.20308 0.0240178
1 0.535602 0.565812 0.995999 0.998115 0.023975
1 0.130235 0.787297 0.243955 0.420522 0.0236756
1 0.187503 0.794503 0.356347 0.95773 0.0236472
1 0.128553 0.730965 0.194118 0.428899 0.0235448
1 0.122569 0.846132 0.237117 0.311555 0.0233367
4 0.906934 0.241139 0.179455 0.127096 0.0232932
1 0.343936 0.353854 0.127099 0.0964373 0.0232408
1 0.61022 0.0835305 0.488185 0.112961 0.0228682
1 0.171164 0.927971 0.208323 0.145625 0.0225715
10 0.1763 0.0724254 0.133096 0.141536 0.0225505
1 0.023372 0.859007 0.0470094 0.228563 0.0223854
1 0.198183 0.747808 0.347098 0.251716 0.0220877
6 0.0712197 0.672065 0.127028 0.1188 0.0220646
6 0.206438 0.980287 0.18063 0.0463131 0.0220234
11 0.516776 0.855967 0.998906 0.288061 0.0217051
1 0.267036 0.990208 0.283242 0.0322687 0.0215105
10 0.302554 0.153704 0.0905832 0.0885373 0.0214181
1 0.222711 0.883536 0.398045 0.996438 0.0213349
1 0.419193 0.257172 0.12413 0.120392 0.0211759
1 0.260898 0.779851 0.208546 0.0770632 0.0208978
4 0.876041 0.192206 0.0237564 0.0298717 0.0205225
6 0.246063 0.981036 0.197278 0.0468074 0.020514
1 0.588274 0.492976 0.843422 0.425026 0.0204966
10 0.842419 0.242561 0.0259937 0.0272547 0.0204202
1 0.115969 0.717743 0.214838 0.412522 0.0204106
10 0.784556 0.256837 0.0334957 0.0348742 0.020356
6 0.0647458 0.0924623 0.103067 0.0916729 0.0202261
1 0.143613 0.960494 0.162907 0.0862511 0.0195969
1 0.101187 0.751347 0.174556 0.336135 0.0194845
1 0.182565 0.909708 0.259792 0.174296 0.0194799
6 0.100902 0.560447 0.135566 0.108963 0.0194747
1 0.382563 0.323903 0.0308869 0.0367644 0.0194573
1 0.522275 0.472222 0.999763 0.34011 0.0194434
10 0.738812 0.186939 0.0197384 0.0263715 0.0193519
10 0.875176 0.25529 0.0225538 0.027933 0.0193502
1 0.106875 0.902343 0.118389 0.221944 0.0189005
4 0.705777 0.122079 0.0404381 0.0437231 0.0187485
1 0.29857 0.238876 0.0979834 0.0912077 0.0187416
1 0.279323 0.199848 0.110454 0.123888 0.0187223
6 0.852609 0.318792 0.0247871 0.0358772 0.0187153
10 0.288805 0.167056 0.155892 0.166726 0.0186972
10 0.856839 0.290301 0.0295271 0.0362289 0.018696
1 0.839595 0.570418 0.317519 0.394514 0.0185094
1 0.506225 0.596267 0.999974 0.370955 0.0182733
1 0.285064 0.817828 0.178382 0.0733287 0.0180482
10 0.0229422 0.950601 0.0518376 0.109202 0.0180192
10 0.719013 0.176446 0.0294926 0.0302301 0.0180135
1 0.488657 0.741103 0.990537 0.969449 0.0178216
10 0.785239 0.450053 0.0189642 0.0346041 0.0175281
1 0.389364 0.396991 0.0692893 0.0755149 0.0172876
1 0.50115 0.640612 0.999895 0.271953 0.0171369
10 0.276321 0.419141 0.193084 0.145891 0.0167119
11 0.482931 0.8294 0.999951 0.999511 0.0166968
11 0.467797 0.875204 0.999951 0.999408 0.0165772
11 0.490295 0.771319 0.993591 0.912214 0.0165221
10 0.799412 0.588588 0.0211308 0.0219057 0.0161312
10 0.886659 0.454523 0.0624153 0.0596625 0.0160379
10 0.543698 0.482002 0.393651 0.162792 0.0154337
10 0.559211 0.540915 0.548745 0.263141 0.0151811
10 0.893165 0.466492 0.0464413 0.0569352 0.0151461
