4 0.760101 0.461071 0.0867982 0.125118 0.497178
4 0.698718 0.391544 0.0961967 0.118897 0.32541
0 0.956932 0.843343 0.0871999 0.312713 0.282214
4 0.772208 0.475217 0.0608141 0.0989613 0.218708
0 0.926804 0.845448 0.146092 0.310366 0.199599
0 0.950387 0.743192 0.0999032 0.513243 0.196797
4 0.771524 0.47111 0.0592617 0.105874 0.138845
4 0.724994 0.420144 0.146267 0.179314 0.129201
0 0.956267 0.750098 0.0883795 0.499335 0.121364
0 0.930279 0.741991 0.140151 0.516416 0.117804
10 0.97888 0.916213 0.0428299 0.165285 0.110502
4 0.0290497 0.521138 0.0593435 0.206777 0.109823
0 0.913156 0.746842 0.174927 0.506346 0.109454
10 0.882806 0.49669 0.038981 0.0949026 0.108245
3 0.498489 0.499206 0.999895 0.999875 0.104325
4 0.680198 0.3826 0.0546688 0.0939908 0.103115
4 0.734623 0.423192 0.127828 0.161127 0.095611
0 0.964563 0.738866 0.0717263 0.521342 0.0952947
0 0.964659 0.914032 0.0714508 0.172212 0.0943122
4 0.716856 0.397478 0.0591992 0.0990888 0.0930076
4 0.726235 0.41207 0.158171 0.207538 0.0919452
4 0.0470034 0.95107 0.0949032 0.0988925 0.0912373
4 0.734407 0.399475 0.0968773 0.102244 0.0902806
4 0.756805 0.447365 0.078131 0.102349 0.0861214
4 0.749266 0.422913 0.0897061 0.14151 0.084645
0 0.963221 0.877052 0.0738235 0.245011 0.0842009
4 0.0298468 0.498709 0.0607208 0.246581 0.0822547
0 0.982392 0.859678 0.0361622 0.279366 0.0809799
4 0.0284748 0.420777 0.057665 0.422348 0.0801237
0 0.967176 0.819759 0.0664751 0.22407 0.0788283
10 0.898023 0.487944 0.0626791 0.133964 0.0772087
4 0.047108 0.925354 0.0951704 0.150513 0.0771364
4 0.0276189 0.514067 0.0563508 0.217814 0.0763652
4 0.972279 0.538867 0.0565209 0.128763 0.0761966
4 0.721604 0.374253 0.149552 0.177691 0.0760762
4 0.708809 0.417234 0.0662076 0.0792239 0.0729678
0 0.917764 0.515383 0.165654 0.961699 0.0703437
10 0.889162 0.490896 0.0302179 0.104284 0.0675436
4 0.939152 0.628735 0.123219 0.306425 0.0669994
0 0.983765 0.854036 0.0336538 0.289118 0.0668785
4 0.961221 0.623507 0.0788677 0.282102 0.0666982
4 0.0497856 0.965778 0.0998876 0.0691523 0.0656987
0 0.943604 0.51166 0.114576 0.975861 0.0644769
6 0.960328 0.949955 0.0814392 0.102568 0.0604846
0 0.835755 0.855444 0.328428 0.288904 0.0594439
4 0.757349 0.384676 0.0467949 0.0630235 0.059211
4 0.715538 0.415253 0.0492533 0.0669851 0.058566
0 0.914476 0.890729 0.172614 0.219983 0.0580484
4 0.71214 0.428977 0.0623485 0.0959432 0.0572807
0 0.921874 0.671743 0.156907 0.65584 0.056896
11 0.824743 0.982459 0.346042 0.0371081 0.0565
2 0.983325 0.960474 0.0335529 0.0788705 0.0564604
4 0.703783 0.351511 0.11566 0.214763 0.0564091
11 0.952511 0.98166 0.096278 0.0377766 0.0559778
4 0.0288022 0.463811 0.0582119 0.312944 0.0556788
4 0.757406 0.394636 0.0578677 0.0857536 0.0548085
0 0.95971 0.701134 0.0823737 0.595259 0.054649
4 0.837279 0.440812 0.107044 0.170184 0.0540441
4 0.992518 0.51517 0.0161257 0.102792 0.0536615
0 0.882251 0.833012 0.236508 0.331854 0.051597
6 0.957006 0.960818 0.0877233 0.0796043 0.0514567
4 0.0280428 0.32582 0.0562377 0.590602 0.0512368
10 0.991457 0.466104 0.0181979 0.171109 0.0510869
4 0.824573 0.44152 0.218767 0.186682 0.0504061
0 0.966053 0.895923 0.069776 0.209062 0.04956
4 0.738204 0.455316 0.0428673 0.0924298 0.0483831
10 0.889484 0.472141 0.0688765 0.165228 0.0480575
0 0.971938 0.719841 0.0576349 0.264079 0.0473478
0 0.956122 0.571292 0.0883875 0.843789 0.0472366
4 0.0123421 0.457786 0.0245065 0.324123 0.0471676
4 0.769245 0.485254 0.0524262 0.0796147 0.0470577
4 0.0315714 0.408934 0.0639417 0.408981 0.047042
4 0.0143228 0.402239 0.0288966 0.398032 0.0468686
6 0.941732 0.949164 0.123656 0.101156 0.0462407
4 0.734663 0.397595 0.101563 0.0989171 0.0460846
0 0.969694 0.7964 0.0625247 0.180849 0.0460793
4 0.930084 0.56477 0.140111 0.34949 0.0453057
4 0.0389976 0.484429 0.0776016 0.419732 0.0445866
10 0.889737 0.504492 0.0251888 0.0788236 0.0436295
4 0.625458 0.364877 0.226422 0.174917 0.043
4 0.121415 0.929634 0.242091 0.140236 0.0428181
4 0.941213 0.562059 0.116891 0.16872 0.0426948
0 0.925123 0.773985 0.152673 0.457042 0.0424837
10 0.904314 0.561271 0.0773873 0.278251 0.0423569
4 0.937323 0.474091 0.125207 0.221416 0.0422808
10 0.983165 0.910723 0.0340069 0.16863 0.0422479
2 0.0458118 0.815063 0.0917609 0.36977 0.0419956
0 0.905449 0.837973 0.100619 0.322007 0.0419797
0 0.969395 0.793422 0.0630097 0.178832 0.0419685
4 0.0578398 0.315915 0.115271 0.610242 0.0418866
10 0.0367666 0.51163 0.074078 0.977915 0.0418287
0 0.960016 0.683922 0.080979 0.372285 0.0416146
4 0.935852 0.566903 0.128278 0.233219 0.041487
4 0.990942 0.565203 0.0189909 0.196148 0.0414056
10 0.872382 0.483443 0.0293072 0.106777 0.0413857
10 0.871295 0.482484 0.0282559 0.10675 0.0413415
0 0.851372 0.895349 0.291924 0.211892 0.0412472
10 0.987785 0.747254 0.0257839 0.495818 0.0408978
6 0.984206 0.953539 0.0324362 0.0901548 0.0407088
4 0.115643 0.928048 0.230204 0.14292 0.0405579
4 0.0129685 0.419854 0.0261863 0.400592 0.0405486
4 0.697555 0.344254 0.102804 0.217419 0.040337
10 0.0369606 0.664161 0.0738223 0.67305 0.0401545
4 0.0264619 0.508348 0.0536552 0.112717 0.0397393
10 0.0176388 0.922772 0.0359143 0.156181 0.0395661
0 0.974296 0.797086 0.0549011 0.301775 0.039118
0 0.906672 0.765488 0.0950042 0.468611 0.0386894
11 0.811154 0.969948 0.373722 0.0619857 0.0382536
3 0.502842 0.0354177 0.999856 0.0707166 0.0380526
0 0.935361 0.779366 0.130162 0.406272 0.037258
4 0.0360003 0.363626 0.0713137 0.661397 0.0370268
10 0.0147697 0.954807 0.0299688 0.0913164 0.0368993
0 0.988284 0.7775 0.0249742 0.433878 0.0364904
4 0.644325 0.358053 0.200468 0.196062 0.036428
2 0.0381651 0.714093 0.0758965 0.572016 0.0362392
3 0.65714 0.0267 0.676967 0.0551009 0.0361712
10 0.0320111 0.576389 0.0641384 0.851727 0.0359739
10 0.808805 0.945465 0.0731147 0.101843 0.0359063
4 0.913207 0.502318 0.0351988 0.0984836 0.035703
10 0.0291359 0.399023 0.0588272 0.526965 0.03569
10 0.906593 0.597394 0.0909077 0.349571 0.0354088
10 0.789915 0.473911 0.029621 0.0995827 0.0351614
4 0.0484225 0.983048 0.0961835 0.0341846 0.0350874
11 0.771424 0.976612 0.451142 0.0482725 0.0344691
10 0.886311 0.532645 0.0325859 0.110562 0.0342905
10 0.868473 0.484136 0.0223755 0.108355 0.0337412
10 0.790331 0.480224 0.0283513 0.0877407 0.0336017
0 0.734023 0.912248 0.522171 0.175873 0.0334764
10 0.986675 0.503576 0.0273637 0.190052 0.0334076
4 0.760429 0.366694 0.0554002 0.100847 0.0333025
0 0.967427 0.847116 0.0657683 0.205672 0.0332399
10 0.982507 0.218871 0.0352121 0.261717 0.0332
10 0.86926 0.484641 0.0234482 0.110128 0.0331088
10 0.802504 0.943563 0.0394131 0.0859991 0.0330734
6 0.956892 0.981402 0.082624 0.0494496 0.0330698
10 0.984029 0.879354 0.0328604 0.239949 0.0326809
4 0.0458077 0.342476 0.0922066 0.320458 0.0326578
5 0.202281 0.0413722 0.402838 0.0829656 0.032555
6 0.943439 0.985347 0.0891409 0.0292671 0.0324993
4 0.0818475 0.840926 0.164202 0.315827 0.0321351
4 0.716254 0.412424 0.0479175 0.0673098 0.0318042
4 0.0549559 0.960302 0.109168 0.0802614 0.0313575
1 0.633975 0.974345 0.709966 0.0521359 0.0312635
2 0.906237 0.835099 0.0799346 0.323164 0.0311558
1 0.76453 0.458534 0.107383 0.143941 0.0309222
0 0.952646 0.90119 0.0804911 0.189118 0.0306997
10 0.986472 0.657604 0.0282696 0.361001 0.0305964
4 0.711972 0.450028 0.0867648 0.120199 0.0304484
2 0.952064 0.898627 0.0560934 0.201528 0.0303348
0 0.903446 0.851477 0.106237 0.298539 0.0303253
10 0.909815 0.492342 0.0376728 0.117773 0.0301908
7 0.311298 0.231487 0.0865111 0.199067 0.0300187
10 0.792771 0.479367 0.0287531 0.0873482 0.0295532
10 0.20528 0.0454126 0.204304 0.0888968 0.0295201
10 0.851712 0.481955 0.0468266 0.0965869 0.029419
2 0.0113895 0.984868 0.0224071 0.0287718 0.0289047
10 0.98988 0.477325 0.0215968 0.404632 0.0288859
4 0.756668 0.397575 0.047124 0.0640649 0.0286539
10 0.738374 0.447574 0.0513983 0.112687 0.0282422
0 0.982568 0.786817 0.0363462 0.156102 0.028098
2 0.401553 0.964143 0.0797518 0.0724087 0.02794
4 0.0383942 0.587649 0.0775552 0.176239 0.0278369
6 0.967702 0.914209 0.065588 0.175027 0.0276369
4 0.503069 0.680472 0.999989 0.632901 0.0275288
10 0.973279 0.930329 0.0538448 0.1416 0.0273822
3 0.498205 0.284784 0.999979 0.567503 0.0273464
6 0.971921 0.968687 0.0552146 0.0593338 0.0269043
4 0.717374 0.4498 0.0834305 0.128028 0.0267715
4 0.138403 0.961065 0.277332 0.0779052 0.0266721
6 0.770475 0.486169 0.0594329 0.0898074 0.0266686
11 0.836739 0.984535 0.316132 0.0326213 0.0264071
10 0.0428099 0.322492 0.0863832 0.223185 0.0263857
4 0.694513 0.369384 0.116992 0.168456 0.0263071
6 0.942997 0.978285 0.0655476 0.0437264 0.0261932
4 0.0793818 0.334357 0.157551 0.645425 0.0260358
5 0.259394 0.502626 0.524618 0.996119 0.02595
10 0.136547 0.0174121 0.270005 0.035945 0.025878
0 0.92904 0.912545 0.138659 0.177267 0.0256756
10 0.910614 0.524298 0.0325552 0.0796443 0.0255862
4 0.911773 0.0179718 0.177294 0.0367842 0.025463
10 0.74797 0.439313 0.0677605 0.127775 0.0250503
2 0.953624 0.957763 0.065494 0.0852411 0.0248978
10 0.959411 0.43257 0.0174495 0.0526938 0.0247745
2 0.305243 0.19259 0.0810495 0.254413 0.0245298
10 0.770405 0.455434 0.0219725 0.0299142 0.0244938
10 0.913921 0.78274 0.0640403 0.247739 0.0244731
6 0.931744 0.964388 0.134094 0.0717649 0.024372
4 0.662014 0.354173 0.0966302 0.149232 0.0242523
4 0.717614 0.349219 0.0590921 0.0994498 0.0242474
4 0.281113 0.32767 0.574073 0.654316 0.02413
10 0.907915 0.546788 0.0363426 0.128139 0.0240796
10 0.67624 0.380545 0.0447318 0.0795613 0.0238007
10 0.703015 0.453276 0.0493006 0.10368 0.0237747
10 0.0976693 0.222845 0.200902 0.402536 0.0236888
10 0.87876 0.591971 0.0356941 0.0791407 0.0236334
6 0.978022 0.975356 0.0454977 0.0472584 0.0234296
8 0.1691 0.0736843 0.348251 0.14963 0.0232849
2 0.945988 0.956106 0.0711873 0.0882416 0.0230795
10 0.677867 0.393094 0.0494649 0.0820987 0.0230728
10 0.0783961 0.021058 0.154949 0.0427734 0.0230337
10 0.787306 0.456667 0.0216184 0.0401714 0.0229468
4 0.292172 0.302596 0.601574 0.607227 0.0229403
4 0.222278 0.508448 0.433398 0.326499 0.0228715
5 0.151569 0.239875 0.30782 0.471634 0.0228143
6 0.948396 0.9708 0.0976561 0.0595244 0.0227772
4 0.229066 0.274459 0.467628 0.545186 0.0227094
2 0.970209 0.954871 0.0214411 0.0521156 0.0225278
4 0.763059 0.423343 0.0611811 0.0666201 0.0225275
2 0.985819 0.962664 0.0252536 0.0519514 0.0224612
10 0.103592 0.973739 0.20857 0.0520914 0.0222646
4 0.716293 0.375631 0.0459428 0.061754 0.0221995
10 0.974701 0.917497 0.0517704 0.0906731 0.0221957
10 0.0748552 0.539633 0.151497 0.50377 0.022019
3 0.487078 0.31167 0.954185 0.605342 0.0219422
11 0.870499 0.98005 0.190673 0.0395579 0.0217618
4 0.95988 0.545718 0.02467 0.0726692 0.0214394
10 0.985425 0.839777 0.0285346 0.114531 0.0213436
4 0.347045 0.33847 0.704135 0.639521 0.0213091
6 0.906938 0.97876 0.152746 0.0417641 0.0212688
6 0.819211 0.988066 0.316228 0.0261578 0.0212117
4 0.758494 0.423268 0.0618707 0.0694303 0.0211523
0 0.945646 0.795885 0.0873722 0.111556 0.0210646
10 0.781489 0.441319 0.0334631 0.0810243 0.0208627
6 0.871693 0.995674 0.149753 0.0123068 0.0208065
10 0.927601 0.572776 0.0596844 0.135461 0.0207487
0 0.678926 0.501971 0.632925 0.99851 0.0205756
10 0.871442 0.551841 0.0266651 0.0749488 0.0205646
10 0.653272 0.352087 0.0534576 0.128239 0.0204813
0 0.904141 0.560745 0.0275341 0.0608735 0.0202281
10 0.731518 0.487019 0.0302206 0.0431671 0.0201809
10 0.289044 0.517267 0.594651 0.989176 0.0201205
10 0.700733 0.456806 0.0259208 0.0298836 0.0199803
10 0.111924 0.59761 0.234272 0.319991 0.0197567
0 0.988324 0.792855 0.0253125 0.167862 0.0197221
5 0.362946 0.500971 0.742437 0.999731 0.0196925
10 0.903227 0.6262 0.0334682 0.0838115 0.0196579
2 0.669029 0.984333 0.102372 0.0303023 0.0195941
0 0.924221 0.865259 0.0349754 0.0676937 0.0195583
10 0.984152 0.827968 0.0304048 0.105456 0.0193015
10 0.898221 0.659715 0.0342165 0.0763445 0.01903
0 0.931145 0.834327 0.134108 0.856082 0.019009
0 0.933281 0.585824 0.0510975 0.105556 0.0190074
4 0.6582 0.313833 0.0613182 0.0994379 0.0187896
10 0.0368348 0.362031 0.0744605 0.16357 0.018776
4 0.976841 0.638703 0.0411455 0.0848267 0.0185218
10 0.734077 0.510873 0.0292855 0.0522035 0.0181805
4 0.708248 0.422211 0.0589789 0.0618495 0.0181802
10 0.982888 0.988646 0.0317201 0.0283804 0.0181732
6 0.767928 0.506013 0.0353368 0.0479788 0.0181261
6 0.889921 0.970859 0.110885 0.057886 0.018081
10 0.327619 0.643477 0.647633 0.883422 0.0179672
10 0.0243429 0.695154 0.0439317 0.0605661 0.0178538
10 0.98332 0.99092 0.0303173 0.0275196 0.0177106
10 0.867073 0.572902 0.0223606 0.0521756 0.0176149
10 0.861779 0.600904 0.0206261 0.0601471 0.017442
10 0.750132 0.527944 0.0246134 0.0435803 0.0174174
10 0.143411 0.78291 0.305751 0.45585 0.0169963
10 0.758043 0.522822 0.067246 0.0906066 0.0168473
3 0.547747 0.28556 0.862856 0.502471 0.0168292
10 0.788497 0.579682 0.0303031 0.0396699 0.0167985
10 0.856063 0.616877 0.0436213 0.0713589 0.0167517
10 0.766145 0.600843 0.0440156 0.0554532 0.0166149
5 0.242734 0.606489 0.502963 0.659311 0.0165764
1 0.765296 0.544346 0.0392315 0.0471699 0.0164891
10 0.734763 0.640204 0.0185558 0.035242 0.0162754
0 0.498425 0.776493 0.999978 0.998744 0.0162187
0 0.514518 0.842673 0.999734 0.31325 0.016134
10 0.711149 0.583193 0.0396832 0.0457828 0.0161102
2 0.649051 0.670115 0.0305263 0.0400132 0.0160842
2 0.682706 0.697728 0.0241919 0.032594 0.0159806
0 0.495642 0.790833 0.999981 0.999674 0.0158696
4 0.471614 0.578927 0.855512 0.797074 0.0158202
10 0.632231 0.78349 0.0530481 0.0652358 0.0157778
1 0.773573 0.543338 0.0317226 0.0255503 0.0156722
10 0.720941 0.599322 0.0377116 0.0369584 0.0156268
10 0.671868 0.685053 0.0479359 0.0460576 0.0156171
0 0.502271 0.699627 0.999948 0.999087 0.0155475
8 0.47602 0.0932494 0.738836 0.0515884 0.0154407
10 0.739428 0.764134 0.0306934 0.0383068 0.0154313
0 0.785743 0.615119 0.0255181 0.0303001 0.0153846
1 0.708677 0.572781 0.0374352 0.0345192 0.0153707
10 0.711416 0.617378 0.0350117 0.0307015 0.0152849
10 0.726123 0.676467 0.0229934 0.0355896 0.0152639
10 0.719696 0.639678 0.0363776 0.049148 0.0152341
2 0.689221 0.785268 0.0541133 0.0681412 0.0151749
10 0.737599 0.673505 0.0394034 0.050798 0.0151515
6 0.783147 0.698295 0.0507926 0.0470125 0.0150915
0 0.483778 0.827451 0.560498 0.35722 0.0150584
10 0.7958 0.693413 0.0341933 0.0355468 0.0150048
10 0.701616 0.634715 0.0673485 0.0670856 0.0149969
2 0.708471 0.766682 0.0448853 0.0562049 0.0149528
6 0.790659 0.643644 0.0345179 0.041116 0.0148887
10 0.783542 0.676461 0.0466473 0.0607718 0.0147159
2 0.731798 0.740095 0.0359613 0.0334514 0.014635
2 0.730449 0.741856 0.0321071 0.0366442 0.0144871
10 0.759032 0.671555 0.0373368 0.0389432 0.0143974
10 0.754797 0.684777 0.0563686 0.0681068 0.0142642
10 0.72413 0.81542 0.0528091 0.0544486 0.0141335
10 0.747963 0.693306 0.0404585 0.0427425 0.0140438
10 0.748873 0.687192 0.0443944 0.0447129 0.0140206
