11 0.508826 0.673464 0.349194 0.379847 0.860843
6 0.474369 0.876394 0.14642 0.245674 0.859767
6 0.618941 0.875882 0.163327 0.248955 0.846635
8 0.217859 0.449528 0.110171 0.131804 0.841168
6 0.355716 0.677795 0.117394 0.296403 0.737356
6 0.678455 0.658472 0.133111 0.311446 0.555438
6 0.645244 0.691563 0.196252 0.374646 0.442119
6 0.930716 0.548061 0.11136 0.298413 0.322326
6 0.56239 0.474608 0.0932837 0.0903134 0.29755
6 0.94484 0.794542 0.109737 0.410051 0.273777
11 0.923826 0.613773 0.0808003 0.170484 0.273691
6 0.237829 0.976847 0.273125 0.0466183 0.254857
6 0.643725 0.752337 0.198389 0.492497 0.241159
6 0.462078 0.155274 0.0395316 0.045473 0.222204
6 0.471546 0.480488 0.0876545 0.0975243 0.218948
6 0.0214309 0.601567 0.0429841 0.270098 0.214769
6 0.46487 0.49448 0.075601 0.0763839 0.213757
6 0.928121 0.77653 0.14236 0.446613 0.212894
6 0.474678 0.730994 0.123081 0.116299 0.208903
6 0.475229 0.726805 0.116701 0.107871 0.207307
6 0.937546 0.880843 0.123873 0.238294 0.197101
6 0.98482 0.644267 0.0305031 0.398063 0.197078
6 0.984136 0.717589 0.0317717 0.256197 0.19552
6 0.95516 0.884995 0.0891095 0.229934 0.194955
6 0.937636 0.487843 0.116851 0.1916 0.190139
6 0.68033 0.738706 0.131784 0.471584 0.189914
6 0.464519 0.671627 0.157601 0.338796 0.184534
6 0.363907 0.682383 0.128622 0.296849 0.183098
4 0.300575 0.164826 0.0310897 0.0539424 0.181398
6 0.47461 0.647192 0.12826 0.307307 0.179684
6 0.460479 0.638924 0.148949 0.370331 0.179674
6 0.945716 0.504791 0.108589 0.264997 0.173649
6 0.204863 0.981318 0.202431 0.0375718 0.172093
6 0.679021 0.619687 0.127309 0.234472 0.168718
6 0.932274 0.735539 0.135491 0.52968 0.166223
6 0.0232349 0.665963 0.0465753 0.454727 0.166209
6 0.986534 0.549375 0.0266617 0.204875 0.165973
6 0.641818 0.765072 0.191302 0.233248 0.163987
6 0.984876 0.635141 0.0297924 0.372837 0.158752
6 0.0217514 0.721689 0.044522 0.555249 0.155367
6 0.110969 0.723169 0.219177 0.424841 0.151968
6 0.242241 0.97805 0.192355 0.043728 0.150488
6 0.938835 0.554896 0.120779 0.344418 0.149665
6 0.98361 0.606573 0.0320398 0.317494 0.146083
6 0.277559 0.617969 0.140723 0.185975 0.145938
2 0.924042 0.955462 0.0382323 0.0902521 0.144334
6 0.938138 0.52581 0.121145 0.255825 0.143259
6 0.27348 0.974361 0.261071 0.0513037 0.142687
6 0.977179 0.61982 0.0452568 0.450813 0.142526
6 0.0209171 0.682401 0.04255 0.40674 0.139645
6 0.938589 0.707823 0.122999 0.586278 0.138653
6 0.0231205 0.642819 0.0460718 0.419684 0.138532
6 0.313248 0.973738 0.432103 0.0520555 0.137159
6 0.639975 0.687681 0.211185 0.374005 0.133995
4 0.651871 0.181437 0.0229648 0.0395978 0.130214
6 0.98079 0.710434 0.0388037 0.572278 0.129335
6 0.478192 0.611238 0.105221 0.345097 0.12834
6 0.969557 0.544219 0.0602297 0.240609 0.127639
6 0.976121 0.701725 0.0473301 0.346667 0.124097
11 0.9267 0.590905 0.0732567 0.12622 0.120006
6 0.926556 0.482899 0.09514 0.179772 0.117772
6 0.9252 0.535716 0.0932137 0.266213 0.11701
6 0.274845 0.982158 0.237959 0.0364235 0.116381
4 0.606944 0.166481 0.0672208 0.0443119 0.114934
7 0.491233 0.704363 0.0315431 0.0359239 0.111587
6 0.972443 0.517912 0.0547178 0.213614 0.108457
6 0.245369 0.910361 0.290056 0.179249 0.107667
6 0.478361 0.770841 0.137944 0.202998 0.107507
6 0.109411 0.644334 0.214353 0.26759 0.106502
6 0.47614 0.775001 0.145403 0.205725 0.106148
7 0.305374 0.975765 0.0338401 0.0316528 0.105748
6 0.679841 0.7918 0.135951 0.344765 0.10557
4 0.499658 0.154394 0.0216558 0.033563 0.10541
6 0.620832 0.166341 0.0472424 0.0438 0.104403
6 0.162554 0.972014 0.325476 0.0562624 0.101193
11 0.474836 0.767483 0.107643 0.0487953 0.101077
6 0.674721 0.729145 0.122949 0.170247 0.10073
6 0.445621 0.480425 0.141212 0.119209 0.0991634
11 0.3097 0.205408 0.0397364 0.0452219 0.0990424
6 0.73469 0.644524 0.246379 0.302109 0.0983498
6 0.95033 0.719167 0.0978422 0.272635 0.097446
6 0.602492 0.677848 0.165985 0.368652 0.0941469
6 0.261217 0.619901 0.107673 0.164028 0.0935471
6 0.156451 0.985514 0.113965 0.0293421 0.0933449
6 0.576424 0.759024 0.0887901 0.194093 0.0923156
6 0.12418 0.744648 0.24689 0.505571 0.0920216
6 0.208448 0.977223 0.22333 0.0450491 0.0915865
6 0.447602 0.673007 0.183914 0.373299 0.0915293
6 0.367874 0.972203 0.545359 0.0555059 0.0912945
4 0.331518 0.148903 0.0408573 0.0532649 0.0911929
11 0.0118435 0.965309 0.0236041 0.0702038 0.090042
6 0.476344 0.665206 0.113388 0.229688 0.0885357
6 0.597317 0.659249 0.163315 0.345141 0.088521
6 0.284532 0.614132 0.124723 0.177827 0.0884716
6 0.1096 0.619344 0.215758 0.220878 0.0883179
6 0.695599 0.587923 0.0948254 0.167962 0.087446
6 0.0339396 0.799905 0.0689257 0.401307 0.0874345
6 0.682136 0.784532 0.136104 0.422663 0.0872808
6 0.182555 0.976397 0.180028 0.0473636 0.0870897
11 0.055601 0.968859 0.111715 0.063069 0.0869793
0 0.21543 0.220176 0.0353548 0.0698928 0.0866369
2 0.812483 0.990325 0.0701977 0.0200334 0.0865359
6 0.985113 0.690786 0.0291697 0.282337 0.086296
6 0.918731 0.870589 0.161658 0.266977 0.0860067
6 0.760944 0.743503 0.29214 0.504503 0.0854565
6 0.566196 0.157512 0.0423656 0.0546436 0.0845119
2 0.926566 0.959265 0.0241722 0.084103 0.0837483
6 0.462896 0.688456 0.145221 0.260714 0.0820807
11 0.0368917 0.919943 0.0747385 0.160288 0.0819262
6 0.235197 0.6169 0.0611698 0.15848 0.0806325
6 0.466569 0.659093 0.132974 0.24712 0.0801357
6 0.471405 0.809964 0.140101 0.12428 0.0799249
6 0.961346 0.816653 0.0777899 0.352478 0.0794758
6 0.579837 0.711436 0.0787113 0.0886951 0.0792677
6 0.468026 0.795791 0.138707 0.108464 0.078932
6 0.345639 0.611834 0.078748 0.156912 0.0782185
6 0.50284 0.721748 0.0570944 0.0873728 0.0780538
10 0.270185 0.789322 0.122903 0.151246 0.0776123
4 0.499869 0.153101 0.0271376 0.0378606 0.077175
6 0.195637 0.907788 0.390711 0.184727 0.0752866
2 0.911886 0.956244 0.0638798 0.0883045 0.075246
6 0.324473 0.607835 0.0538067 0.164027 0.0740696
6 0.927967 0.590469 0.0980633 0.315377 0.073536
6 0.627215 0.794844 0.158879 0.140831 0.0734712
4 0.618738 0.174901 0.0311967 0.0269979 0.073318
6 0.762512 0.747246 0.468467 0.504641 0.073289
6 0.606334 0.639989 0.150307 0.286436 0.0732462
6 0.758142 0.746709 0.450742 0.50504 0.0728443
6 0.158483 0.977622 0.127941 0.045199 0.0726696
6 0.0204825 0.564869 0.0414751 0.587107 0.0719019
6 0.943531 0.903323 0.111715 0.189561 0.0717694
6 0.339875 0.610114 0.0797178 0.167856 0.0715519
6 0.942019 0.515938 0.114457 0.439175 0.0715048
6 0.331402 0.675548 0.072132 0.292298 0.0713815
6 0.303583 0.170565 0.0264896 0.0383742 0.0710401
6 0.0210425 0.548575 0.0420644 0.362626 0.070777
11 0.522919 0.591649 0.310113 0.213574 0.0705603
6 0.441224 0.728714 0.0655709 0.0987068 0.0696458
5 0.651994 0.188699 0.0197095 0.0269358 0.069209
6 0.733899 0.741961 0.270928 0.498895 0.0687051
6 0.0199005 0.490295 0.0398158 0.470694 0.0681703
6 0.0199147 0.707736 0.0399911 0.30141 0.0670234
6 0.0240481 0.877123 0.048532 0.243474 0.0667833
6 0.306695 0.180626 0.0460034 0.0869367 0.0659888
6 0.56384 0.572427 0.10783 0.253131 0.0653132
7 0.308868 0.979755 0.0557044 0.0383734 0.0647735
6 0.619084 0.171515 0.0347619 0.0330755 0.0645935
4 0.566331 0.16803 0.0415177 0.0337705 0.0630696
8 0.2176 0.45132 0.108783 0.129251 0.0629006
4 0.580389 0.171106 0.0159181 0.0297305 0.0620955
6 0.0225298 0.762124 0.0457508 0.25726 0.061737
6 0.363699 0.74809 0.0982289 0.152059 0.0614669
7 0.00927701 0.979617 0.0182744 0.0406137 0.0610051
6 0.685982 0.530138 0.109393 0.0878159 0.0596151
4 0.0789346 0.179285 0.070158 0.0929532 0.0595396
6 0.62427 0.822418 0.140417 0.139024 0.0592088
6 0.616389 0.875845 0.15706 0.239995 0.0582391
6 0.352758 0.678639 0.118609 0.297354 0.0581815
6 0.461113 0.711039 0.164272 0.33573 0.0580175
10 0.0164271 0.514 0.0328084 0.182524 0.0573218
6 0.70227 0.587144 0.0773529 0.165287 0.0571872
6 0.10798 0.758474 0.219011 0.468359 0.056823
5 0.318228 0.21385 0.0156989 0.0316232 0.0562289
6 0.678307 0.723654 0.133134 0.232994 0.0561653
10 0.0145192 0.500232 0.0290279 0.217615 0.0558434
6 0.295851 0.638895 0.0520904 0.102678 0.0557304
9 0.215348 0.232859 0.0300217 0.0422167 0.0556921
6 0.531207 0.739765 0.415338 0.516394 0.0555526
6 0.478201 0.876164 0.152354 0.240728 0.0549989
6 0.653209 0.645316 0.0831558 0.235656 0.0545513
6 0.227571 0.978533 0.139523 0.0421955 0.054092
6 0.383828 0.741276 0.152994 0.24322 0.0534906
11 0.520591 0.668115 0.306147 0.372375 0.053217
10 0.458322 0.719832 0.0358812 0.0433055 0.0529976
6 0.986357 0.659092 0.0256332 0.160871 0.0526952
6 0.534587 0.720749 0.275208 0.249625 0.0521034
6 0.0241093 0.913209 0.0493005 0.177776 0.0520913
6 0.622725 0.664002 0.147305 0.226887 0.052008
6 0.371182 0.981602 0.108132 0.0361061 0.0515918
6 0.304886 0.700307 0.0824942 0.219702 0.0506046
6 0.985212 0.48984 0.029332 0.261411 0.050422
6 0.320155 0.672017 0.0723429 0.296532 0.0504099
6 0.635252 0.885641 0.209337 0.24155 0.0489266
6 0.665305 0.583775 0.080209 0.17011 0.0485439
6 0.465029 0.161987 0.0245838 0.0286816 0.0473919
6 0.274287 0.845369 0.191884 0.288886 0.0472179
6 0.159564 0.99535 0.306258 0.0142556 0.0469749
6 0.514169 0.737063 0.369839 0.518595 0.0464804
6 0.322797 0.605524 0.0529733 0.159321 0.0460998
2 0.926635 0.977288 0.0279205 0.0440838 0.045878
6 0.467143 0.165948 0.0303895 0.0241585 0.0457742
6 0.563258 0.497152 0.0746226 0.0531104 0.0457249
10 0.00916327 0.493774 0.0185018 0.132066 0.045526
6 0.936858 0.67899 0.119736 0.292879 0.0450531
6 0.969365 0.965834 0.0538204 0.216874 0.0442096
6 0.96576 0.846338 0.0726984 0.282798 0.0438464
6 0.602505 0.778999 0.133729 0.221137 0.0436359
6 0.202984 0.990504 0.14963 0.0177903 0.0430149
6 0.461824 0.497932 0.0652552 0.0575124 0.0425631
6 0.717709 0.587462 0.194351 0.206981 0.0424745
6 0.480176 0.797694 0.12416 0.137577 0.0424123
6 0.589625 0.782913 0.0972209 0.141451 0.0423665
11 0.630694 0.779982 0.116543 0.0487084 0.0422602
6 0.647649 0.739402 0.694667 0.522658 0.0419859
6 0.605244 0.793768 0.121555 0.146294 0.0417648
6 0.604067 0.16843 0.0661011 0.0399471 0.0412324
6 0.14526 0.988653 0.101121 0.0245864 0.0411989
6 0.684712 0.575667 0.109199 0.1674 0.0411048
11 0.6336 0.784848 0.121733 0.0676705 0.0407835
6 0.429559 0.73065 0.0483583 0.0999078 0.0406772
6 0.4375 0.640653 0.105394 0.271042 0.0405741
6 0.548893 0.758739 0.0619517 0.183842 0.039491
6 0.352156 0.987057 0.151059 0.0268435 0.0390321
6 0.676532 0.876859 0.0830952 0.236786 0.0388749
6 0.34577 0.616902 0.0811584 0.145585 0.0388302
6 0.980556 0.965109 0.0330551 0.16753 0.0382791
6 0.588731 0.707121 0.0584335 0.0829089 0.0368067
6 0.592167 0.815268 0.0956945 0.12745 0.0364057
6 0.452372 0.679802 0.0890947 0.179294 0.0361752
6 0.445681 0.156026 0.0210229 0.0445183 0.0360287
6 0.652038 0.185738 0.0182181 0.0297109 0.0352438
6 0.473092 0.778576 0.127453 0.125439 0.0350221
6 0.605828 0.736972 0.771744 0.51735 0.0345554
6 0.433615 0.853061 0.0558165 0.0537813 0.0340366
6 0.542207 0.755017 0.0526401 0.169623 0.0337775
6 0.459367 0.798691 0.136089 0.131644 0.0336834
6 0.658854 0.598698 0.0697322 0.162593 0.0333538
6 0.911879 0.988842 0.123824 0.0501639 0.0333012
11 0.371574 0.580629 0.0372191 0.0500451 0.0326605
6 0.1731 0.985788 0.102263 0.0242559 0.0322958
6 0.5408 0.897982 0.213114 0.0978581 0.0320911
11 0.5361 0.675634 0.14761 0.360611 0.0314712
10 0.288739 0.164806 0.0145611 0.0504598 0.0310512
6 0.305577 0.179493 0.0238454 0.0388578 0.0310423
6 0.933393 0.980993 0.129725 0.0446146 0.0308862
6 0.451294 0.942802 0.0967533 0.0738443 0.0308658
6 0.579303 0.700068 0.0958928 0.130569 0.0307345
6 0.316411 0.762657 0.0688559 0.127012 0.0307006
6 0.518106 0.871654 0.0881802 0.244808 0.0302555
6 0.556655 0.83967 0.1246 0.297929 0.0302171
6 0.467264 0.807356 0.133134 0.0908678 0.0292288
4 0.313351 0.158612 0.067299 0.0757008 0.0290746
6 0.428793 0.715336 0.0398826 0.0655776 0.0284388
6 0.527063 0.753663 0.0312566 0.0521775 0.0278802
6 0.688485 0.781333 0.0858568 0.100854 0.0278426
8 0.181424 0.427844 0.0433754 0.0556903 0.0276005
10 0.323111 0.158234 0.0198328 0.0400619 0.0272044
6 0.544675 0.959019 0.0898382 0.099185 0.0265747
6 0.98406 0.962099 0.029686 0.0931305 0.0265537
6 0.701921 0.75328 0.0625206 0.103184 0.0263583
6 0.660709 0.869935 0.0692269 0.0753721 0.0244399
6 0.618168 0.978331 0.211313 0.12545 0.0243135
10 0.249995 0.441728 0.0479884 0.118877 0.0241542
6 0.575198 0.973827 0.166734 0.062203 0.0237693
10 0.49253 0.161222 0.0116679 0.0324966 0.0237194
6 0.458308 0.959364 0.14025 0.0951271 0.0233922
6 0.47235 0.931307 0.098097 0.0546855 0.0233195
6 0.304249 0.730421 0.0459667 0.119908 0.0230545
6 0.441298 0.97135 0.150378 0.0697239 0.0228204
6 0.621615 0.966843 0.174779 0.131386 0.0226036
6 0.58555 0.883798 0.0482833 0.0316618 0.0225852
6 0.562439 0.775265 0.0225416 0.0337612 0.022437
6 0.55506 0.978386 0.120885 0.0574472 0.0223628
6 0.476647 0.979963 0.141838 0.0593048 0.0221061
6 0.45888 0.957817 0.0861362 0.0542807 0.0218642
2 0.934926 0.909437 0.0455244 0.125808 0.0214297
6 0.126315 0.960862 0.123936 0.0981291 0.0213933
6 0.522123 0.912301 0.0863947 0.132029 0.0213743
6 0.308439 0.820504 0.0667926 0.116608 0.0213013
6 0.616338 0.983971 0.200395 0.0645813 0.0212114
2 0.946163 0.968611 0.0341991 0.05303 0.0210385
6 0.515761 0.827665 0.0387226 0.0213337 0.0209046
6 0.977757 0.961895 0.0464053 0.0801016 0.0207289
6 0.630646 0.863044 0.607209 0.295543 0.0206257
6 0.979519 0.937764 0.0391684 0.115533 0.0205814
6 0.798257 0.978746 0.233516 0.0746064 0.0205558
6 0.940792 0.8496 0.0420637 0.0272116 0.0204615
11 0.508952 0.986308 0.262356 0.039476 0.0202453
2 0.541505 0.917218 0.0311603 0.0496668 0.0201377
6 0.587931 0.964112 0.100026 0.086184 0.0200688
2 0.653554 0.938898 0.0477949 0.0397138 0.0199765
10 0.535956 0.918367 0.0507303 0.0803649 0.0198559
6 0.502474 0.841395 0.0438781 0.0244654 0.0193926
10 0.236075 0.757828 0.0812692 0.0681358 0.0192089
2 0.639859 0.932361 0.0475826 0.0488857 0.0190093
11 0.845886 0.739406 0.0735203 0.159696 0.0188014
6 0.35629 0.950887 0.146678 0.0969451 0.018739
6 0.632452 0.914079 0.055862 0.0452934 0.0186026
6 0.295485 0.893537 0.077579 0.183898 0.0185421
6 0.60503 0.977987 0.122685 0.0612036 0.0184255
2 0.645661 0.96637 0.0803399 0.0638785 0.0183375
5 0.492758 0.187723 0.183521 0.123803 0.0180056
6 0.652495 0.975738 0.0937025 0.0656277 0.017787
11 0.113021 0.851493 0.094823 0.0954393 0.0176971
10 0.330983 0.970194 0.123958 0.0467947 0.0176884
6 0.624776 0.971585 0.0633221 0.0555555 0.0175199
11 0.128407 0.936197 0.0925496 0.0821847 0.0173357
2 0.929726 0.785575 0.0410998 0.0499835 0.0171365
2 0.74495 0.944382 0.0466645 0.0476405 0.0163689
10 0.918907 0.8112 0.0663012 0.0851234 0.0161719
