10 0.470364 0.829462 0.0649378 0.332759 0.907763
10 0.78586 0.92151 0.0758529 0.130334 0.902654
10 0.388881 0.854508 0.0882128 0.285955 0.895581
10 0.329374 0.860253 0.0614079 0.271711 0.88787
0 0.634624 0.571891 0.0561489 0.129081 0.732195
10 0.896001 0.424461 0.0193033 0.0905042 0.689136
10 0.161177 0.752886 0.04382 0.16637 0.564218
0 0.633798 0.571061 0.0564581 0.130792 0.555582
0 0.733854 0.495476 0.0310569 0.0821583 0.435819
10 0.145742 0.746528 0.0564566 0.226327 0.409833
6 0.192573 0.64865 0.0443124 0.121504 0.407185
