10 0.50375 0.645914 0.0473073 0.230007 0.914792
10 0.902519 0.688777 0.0506668 0.239242 0.899543
10 0.84107 0.536218 0.0274071 0.148849 0.87006
10 0.889468 0.550043 0.0298635 0.163483 0.859627
6 0.196547 0.676888 0.0468761 0.155105 0.822476
0 0.6336 0.568936 0.0610294 0.145779 0.773194
10 0.85969 0.538099 0.029295 0.15711 0.656023
10 0.56276 0.645993 0.049028 0.25457 0.638884
0 0.734447 0.495026 0.0296357 0.0857457 0.46952
10 0.161067 0.755447 0.042698 0.16088 0.45938
0 0.63469 0.572363 0.0585741 0.133623 0.438792
6 0.281643 0.691856 0.0729142 0.202343 0.314675
10 0.866882 0.367629 0.0140512 0.0666569 0.253452
