10 0.568296 0.637357 0.0503383 0.273724 0.905982
10 0.874603 0.611858 0.0388479 0.178256 0.850961
10 0.892122 0.453554 0.0216708 0.106098 0.844549
10 0.907277 0.454325 0.0201498 0.103878 0.795959
10 0.468804 0.615553 0.0431335 0.231051 0.794379
6 0.192232 0.648686 0.0446228 0.122064 0.708629
0 0.634027 0.55578 0.0596253 0.165361 0.638548
0 0.734274 0.493834 0.0305381 0.0864649 0.601784
10 0.955272 0.399573 0.019803 0.074617 0.482977
10 0.152468 0.743529 0.0579933 0.209271 0.468601
10 0.161614 0.752209 0.0438746 0.169508 0.395328
0 0.635368 0.571206 0.0569139 0.129116 0.334703
10 0.14774 0.74601 0.0570281 0.226699 0.323151
10 0.924065 0.459814 0.0195685 0.101675 0.284491
