10 0.472952 0.748531 0.0551453 0.307198 0.902392
10 0.601041 0.722206 0.0500895 0.296919 0.884581
10 0.514389 0.724645 0.0449141 0.277398 0.804986
6 0.192168 0.649679 0.0449042 0.123312 0.743053
10 0.896734 0.411586 0.0186537 0.0943417 0.712145
10 0.151877 0.742989 0.0584898 0.205056 0.476169
0 0.733975 0.493071 0.0309979 0.087222 0.419287
10 0.953911 0.38831 0.0212356 0.0826892 0.400485
4 0.93248 0.39866 0.0422391 0.0710168 0.353718
10 0.911958 0.483944 0.024973 0.118465 0.328072
10 0.866512 0.368358 0.0157367 0.0699935 0.316259
10 0.910196 0.408206 0.0191434 0.0886868 0.264571
