10 0.700288 0.778334 0.061265 0.28923 0.905238
10 0.826619 0.83442 0.0843895 0.284888 0.903329
10 0.521158 0.673917 0.0540442 0.271402 0.893447
10 0.738171 0.803083 0.0831339 0.312765 0.890747
10 0.928727 0.511899 0.0288296 0.134947 0.889952
10 0.481918 0.654149 0.0463188 0.2179 0.841411
6 0.191213 0.649828 0.0426378 0.121127 0.74243
6 0.277446 0.699391 0.0775847 0.188042 0.613258
10 0.157311 0.757558 0.0496068 0.185049 0.519569
10 0.558113 0.608605 0.0369317 0.191697 0.420952
0 0.634242 0.569626 0.0626621 0.132463 0.346698
