10 0.503713 0.644506 0.0477407 0.227838 0.90805
10 0.902264 0.689394 0.0473194 0.233704 0.898713
10 0.840779 0.536114 0.0265146 0.149026 0.881039
10 0.889706 0.548787 0.0286426 0.155671 0.840926
10 0.56301 0.641779 0.0478967 0.258654 0.830866
10 0.859737 0.538022 0.0283262 0.153236 0.812786
6 0.196532 0.676335 0.0441196 0.154687 0.780664
0 0.633501 0.568705 0.0613626 0.138285 0.729699
6 0.278632 0.694535 0.0760823 0.196346 0.580342
0 0.634168 0.572011 0.0604251 0.127425 0.35201
10 0.157352 0.761935 0.0473274 0.178152 0.338358
10 0.865898 0.365432 0.0161325 0.0710327 0.252241
