6 0.594549 0.623582 0.119634 0.349816 0.91658
6 0.707382 0.366444 0.113885 0.291213 0.896058
6 0.513782 0.328785 0.117102 0.251683 0.89023
6 0.129367 0.538724 0.0847143 0.241632 0.858551
11 0.348109 0.446985 0.163045 0.261079 0.804419
2 0.760807 0.235893 0.0220882 0.0864023 0.80418
11 0.705342 0.637318 0.225546 0.349746 0.733285
6 0.430822 0.516071 0.12717 0.270316 0.686456
11 0.773334 0.308308 0.175521 0.336047 0.617034
6 0.284943 0.272758 0.0824477 0.166222 0.573605
11 0.465617 0.235795 0.167064 0.170844 0.53476
10 0.885603 0.250748 0.0812553 0.288302 0.474497
7 0.739002 0.594411 0.0210005 0.0466681 0.472766
11 0.319872 0.143574 0.158012 0.186513 0.463965
10 0.495992 0.0862985 0.0482635 0.167411 0.449697
2 0.73851 0.264266 0.022188 0.0731898 0.327198
6 0.822773 0.728395 0.236743 0.52547 0.302949
