6 0.704914 0.366477 0.108368 0.291859 0.908614
6 0.594647 0.622914 0.118882 0.34932 0.906322
6 0.13137 0.539399 0.0883283 0.241047 0.897934
6 0.516277 0.328585 0.110627 0.252515 0.888506
11 0.348176 0.452304 0.163053 0.270965 0.837747
10 0.158749 0.287058 0.112795 0.357992 0.831021
2 0.760915 0.2371 0.0224574 0.0861002 0.804614
11 0.700598 0.634216 0.217427 0.345041 0.738581
11 0.775301 0.308028 0.17324 0.340248 0.703971
6 0.430333 0.517549 0.126743 0.267943 0.692987
6 0.280221 0.271373 0.0895716 0.16582 0.624751
11 0.466224 0.238798 0.163831 0.177303 0.572268
7 0.739089 0.594462 0.0207947 0.0453601 0.490862
10 0.496605 0.0865282 0.0492481 0.166997 0.405162
6 0.0661038 0.519431 0.10012 0.174556 0.371774
11 0.776749 0.324297 0.173695 0.315611 0.354842
