6 0.708435 0.368079 0.116535 0.294042 0.923643
6 0.594333 0.623588 0.119629 0.350399 0.915724
6 0.516681 0.327501 0.111848 0.253835 0.878976
2 0.760951 0.235147 0.0222378 0.0877027 0.833094
11 0.348223 0.441452 0.163078 0.248234 0.822105
6 0.430093 0.517168 0.128157 0.271904 0.738868
11 0.702065 0.634204 0.218321 0.344875 0.718688
11 0.773758 0.314709 0.174706 0.30781 0.708966
11 0.464563 0.236288 0.160506 0.175543 0.62956
6 0.278906 0.270995 0.0789956 0.162163 0.480555
7 0.738706 0.594843 0.021627 0.046563 0.46979
10 0.496785 0.0857722 0.0499734 0.165546 0.372782
2 0.840243 0.285079 0.02827 0.0963909 0.267065
11 0.774779 0.331727 0.176621 0.283293 0.263734
