6 0.594477 0.622804 0.120047 0.349831 0.917725
6 0.708085 0.367116 0.113866 0.291494 0.911115
6 0.513025 0.328448 0.118575 0.250923 0.889167
6 0.132421 0.535837 0.0930019 0.240505 0.849552
11 0.34836 0.438315 0.163084 0.241617 0.813044
2 0.761073 0.23592 0.0217037 0.0869595 0.800956
11 0.773253 0.312055 0.172858 0.322807 0.757891
11 0.701995 0.634135 0.219371 0.346659 0.751222
6 0.430537 0.517589 0.128091 0.270548 0.647701
6 0.281297 0.269922 0.0778414 0.159685 0.464358
11 0.466133 0.239038 0.166213 0.169387 0.438059
11 0.7744 0.327292 0.175444 0.300318 0.353095
6 0.819152 0.716781 0.231348 0.550252 0.297774
6 0.0692849 0.51667 0.0955133 0.175495 0.278422
10 0.496063 0.08711 0.0481425 0.167711 0.266166
