6 0.594244 0.622886 0.119703 0.349689 0.92682
6 0.508162 0.328411 0.128528 0.253664 0.892098
2 0.761215 0.235856 0.0217939 0.0863834 0.815221
11 0.703088 0.633718 0.21839 0.337649 0.760187
10 0.391797 0.246968 0.127673 0.3023 0.717601
11 0.34805 0.442346 0.166723 0.257961 0.684218
6 0.266119 0.257799 0.142024 0.293442 0.664837
11 0.773799 0.345368 0.17243 0.273327 0.622524
6 0.430764 0.516908 0.126951 0.267455 0.588643
10 0.495704 0.0870602 0.0484365 0.167747 0.575409
6 0.707846 0.368926 0.116633 0.294987 0.465797
6 0.82818 0.671217 0.232834 0.641561 0.411779
6 0.707556 0.368008 0.115374 0.292097 0.359651
7 0.738701 0.593498 0.0217597 0.0468496 0.326487
6 0.130393 0.538091 0.0855099 0.237018 0.294764
