6 0.593741 0.624181 0.120583 0.347179 0.913263
6 0.430476 0.514358 0.127154 0.271632 0.902982
6 0.50975 0.33099 0.119993 0.249848 0.891933
10 0.631196 0.330898 0.0993212 0.444169 0.859886
6 0.130075 0.535488 0.0864853 0.238274 0.85626
6 0.70689 0.349672 0.121504 0.327641 0.853678
2 0.761065 0.236362 0.0219573 0.0867282 0.835515
11 0.348236 0.436072 0.162378 0.236271 0.822262
10 0.877799 0.282781 0.105574 0.312201 0.806933
11 0.704751 0.637783 0.226629 0.335172 0.769749
10 0.495837 0.086971 0.0483624 0.167349 0.689012
6 0.27713 0.273167 0.0693147 0.152129 0.644035
11 0.772832 0.344962 0.17263 0.274552 0.637324
6 0.36869 0.233616 0.12526 0.283811 0.545236
7 0.739225 0.593533 0.0209979 0.0468761 0.410389
6 0.843607 0.619254 0.222485 0.758495 0.346259
6 0.821717 0.73123 0.221409 0.520452 0.329426
10 0.565251 0.0929734 0.0296741 0.106659 0.316126
10 0.36956 0.232687 0.126128 0.278596 0.307807
