3 0.350535 0.0964729 0.284454 0.193456 0.474812
3 0.724297 0.224424 0.550668 0.448223 0.357639
3 0.266445 0.0975634 0.451347 0.195466 0.350046
3 0.912701 0.119491 0.174799 0.238814 0.327521
1 0.23415 0.510521 0.467121 0.979531 0.27915
1 0.257566 0.607509 0.514847 0.787032 0.258557
3 0.908665 0.160176 0.181992 0.318958 0.240096
3 0.265799 0.124748 0.469833 0.247941 0.229669
1 0.285108 0.50065 0.569627 0.999757 0.227156
1 0.230259 0.612536 0.45754 0.777354 0.209723
3 0.387686 0.0832122 0.205413 0.168631 0.201715
1 0.204276 0.538694 0.403791 0.586671 0.191007
3 0.903008 0.218389 0.194364 0.435994 0.179736
10 0.296307 0.108754 0.0908957 0.219711 0.178336
3 0.740556 0.113097 0.508309 0.226216 0.174251
3 0.255617 0.134889 0.506887 0.269964 0.174204
3 0.261916 0.133036 0.48772 0.265081 0.173383
3 0.816613 0.119525 0.363252 0.239084 0.159299
3 0.728549 0.0950015 0.533146 0.189811 0.155041
3 0.72365 0.108457 0.108709 0.115723 0.154699
3 0.700121 0.0808056 0.353162 0.160891 0.152045
1 0.0791543 0.578366 0.157582 0.842464 0.14774
1 0.261438 0.566295 0.520775 0.871517 0.147591
3 0.809166 0.12522 0.376531 0.252088 0.147068
1 0.0806504 0.503316 0.160966 0.995522 0.141751
4 0.973456 0.120111 0.0528042 0.238218 0.139321
3 0.330115 0.0988433 0.323783 0.197709 0.137991
1 0.249891 0.685463 0.497448 0.631492 0.137372
3 0.814817 0.131579 0.367544 0.26398 0.137318
10 0.206627 0.0357443 0.0673016 0.0726868 0.136953
3 0.416157 0.0848219 0.150912 0.172235 0.136717
3 0.464787 0.0862831 0.790845 0.1727 0.133373
3 0.686613 0.0935566 0.374608 0.185872 0.131854
3 0.413683 0.099669 0.623046 0.200256 0.130356
3 0.948464 0.100524 0.103286 0.198074 0.13003
3 0.669725 0.086019 0.405351 0.169622 0.129237
1 0.0734833 0.60343 0.146795 0.79397 0.128025
10 0.180198 0.0362106 0.117237 0.0727289 0.12756
3 0.438074 0.0890345 0.554521 0.177713 0.121698
4 0.167179 0.0508339 0.261386 0.101126 0.121537
1 0.0788369 0.620791 0.157627 0.759181 0.121157
10 0.992359 0.322614 0.0149868 0.129979 0.119329
3 0.504416 0.205565 0.983046 0.404313 0.118244
1 0.236575 0.572691 0.471404 0.855218 0.116655
3 0.486243 0.0982461 0.892615 0.197054 0.115516
3 0.949924 0.136265 0.100254 0.27047 0.115219
10 0.257226 0.12327 0.166768 0.24644 0.115022
1 0.500932 0.500295 0.999922 0.99999 0.111199
4 0.147133 0.0363328 0.187859 0.0723514 0.108581
1 0.02804 0.410371 0.0559075 0.781643 0.108556
10 0.186259 0.0227081 0.0918417 0.0457165 0.108452
1 0.315692 0.657567 0.632847 0.684946 0.107767
1 0.404291 0.500838 0.813276 0.999888 0.107433
3 0.6659 0.0960121 0.403042 0.190956 0.103347
10 0.225483 0.12134 0.115971 0.24379 0.100927
1 0.203509 0.502367 0.403518 0.999563 0.0995694
4 0.811065 0.132657 0.120026 0.119976 0.0989037
3 0.52503 0.11189 0.137653 0.225085 0.0988689
3 0.524165 0.107184 0.326099 0.217045 0.0988437
3 0.580818 0.0815087 0.505983 0.165019 0.0976631
1 0.0628545 0.558938 0.124878 0.878639 0.096917
3 0.564389 0.225095 0.87371 0.446918 0.0964324
1 0.137996 0.0290982 0.182584 0.0589158 0.0953541
10 0.970435 0.0589056 0.0462711 0.112432 0.0922309
1 0.0400893 0.554885 0.0800655 0.887061 0.0921947
4 0.983517 0.155529 0.033139 0.135611 0.0918581
3 0.400871 0.101732 0.705313 0.205954 0.091843
10 0.973022 0.056922 0.0524431 0.113173 0.0913471
3 0.172641 0.120658 0.332339 0.241518 0.0904223
1 0.192932 0.62189 0.380146 0.705017 0.0896368
1 0.250169 0.754536 0.498505 0.491488 0.0884551
3 0.195096 0.12248 0.323479 0.244158 0.0882132
1 0.0299028 0.495239 0.059391 0.906642 0.0877133
3 0.728411 0.114215 0.321922 0.199146 0.0876953
3 0.950247 0.188715 0.0990242 0.372954 0.0851245
6 0.148108 0.0249211 0.175764 0.0495017 0.0851114
4 0.157155 0.0758431 0.258719 0.151401 0.0842318
11 0.25093 0.820239 0.498215 0.360761 0.0841151
3 0.826375 0.213457 0.347794 0.41435 0.083983
10 0.955034 0.0740945 0.0876757 0.141908 0.0835858
10 0.935237 0.0638645 0.0474627 0.106679 0.0829882
6 0.132929 0.0215436 0.0918077 0.0429538 0.0821476
1 0.0283133 0.569931 0.0568637 0.855707 0.0806794
1 0.031194 0.29419 0.0621263 0.557256 0.0802615
1 0.2555 0.501377 0.508489 0.999983 0.0794127
1 0.0352028 0.544113 0.0702852 0.901032 0.0789535
3 0.778279 0.0719546 0.189192 0.143602 0.0778123
1 0.198357 0.642462 0.390947 0.701353 0.0766063
3 0.613368 0.0866718 0.693026 0.176789 0.0763927
4 0.799984 0.102392 0.0459287 0.0556287 0.0759444
3 0.233476 0.122375 0.285933 0.243814 0.0752736
10 0.262235 0.134281 0.192431 0.270161 0.0749501
10 0.947296 0.0634461 0.0816578 0.12305 0.0748683
3 0.257656 0.0428324 0.427187 0.0881109 0.0742433
4 0.989321 0.172217 0.02129 0.0896017 0.0735839
10 0.302057 0.127768 0.0659733 0.202656 0.0728173
1 0.257398 0.760748 0.514303 0.484814 0.0721833
10 0.864063 0.279284 0.0560488 0.0906566 0.0718015
4 0.158556 0.0570495 0.269477 0.113722 0.0716347
1 0.0980394 0.766232 0.195582 0.465127 0.0711181
3 0.955941 0.218804 0.0875612 0.431518 0.0701697
10 0.347856 0.0120544 0.104981 0.0258258 0.0698565
10 0.969639 0.339167 0.0200415 0.0588272 0.0696948
10 0.212637 0.124651 0.117241 0.248813 0.0688111
3 0.570379 0.107971 0.232586 0.214884 0.0677246
11 0.25264 0.832176 0.500999 0.336229 0.0668234
4 0.143572 0.0875111 0.281649 0.175249 0.0651986
3 0.900081 0.270783 0.200249 0.318721 0.0643052
4 0.989545 0.168168 0.0206322 0.0506167 0.0641554
10 0.322899 0.0343339 0.129547 0.0691286 0.0641
1 0.499179 0.542132 0.999988 0.91766 0.063997
4 0.79979 0.134529 0.106596 0.110874 0.0639248
10 0.158557 0.0223346 0.0450123 0.0457599 0.0637259
1 0.0950676 0.837509 0.190727 0.324299 0.0635339
10 0.216519 0.0171316 0.0368119 0.0352314 0.0625799
10 0.96732 0.0551051 0.0329302 0.102059 0.0625415
10 0.0119563 0.362578 0.0246993 0.272125 0.0624284
10 0.974626 0.0674802 0.0455088 0.12706 0.062352
4 0.937398 0.172002 0.125009 0.164446 0.0617026
10 0.427428 0.0190476 0.0755112 0.0379157 0.0614889
1 0.0318326 0.512216 0.0639753 0.961801 0.060756
10 0.247552 0.0810804 0.100896 0.164105 0.060697
1 0.194376 0.625596 0.380871 0.713483 0.0603055
4 0.807865 0.104826 0.066037 0.0742942 0.0596947
3 0.399708 0.0837724 0.331599 0.167579 0.0586928
3 0.826909 0.23508 0.344132 0.392443 0.0585437
1 0.0650087 0.497996 0.129076 0.562211 0.0582696
1 0.0203428 0.482975 0.0408931 0.728308 0.0577727
3 0.569667 0.130196 0.233374 0.257532 0.0576629
4 0.981837 0.268439 0.0363926 0.393603 0.0575516
10 0.989948 0.28388 0.0203579 0.31623 0.0566336
1 0.133946 0.513942 0.270216 0.999571 0.056226
10 0.300876 0.116491 0.0793898 0.23482 0.0561825
3 0.66869 0.0954523 0.212791 0.14602 0.0560785
10 0.987591 0.23013 0.0258936 0.448755 0.0559614
4 0.984541 0.148464 0.0313461 0.0837085 0.0556479
3 0.776723 0.107117 0.207412 0.171551 0.0555589
1 0.124698 0.512332 0.24943 0.982288 0.055526
4 0.803564 0.102857 0.0488429 0.0568295 0.0554871
1 0.148186 0.839912 0.296841 0.319221 0.0538366
1 0.163124 0.0721935 0.314596 0.146967 0.0536501
4 0.856837 0.1787 0.0906055 0.0992635 0.0530919
3 0.500061 0.211514 0.995883 0.418072 0.0530835
1 0.246708 0.610404 0.497106 0.932794 0.0521653
10 0.199004 0.039401 0.0277088 0.062436 0.0516427
3 0.529133 0.071224 0.117022 0.144777 0.0512521
10 0.901035 0.0574726 0.141559 0.114577 0.0509443
1 0.20184 0.645193 0.390543 0.710347 0.050913
10 0.34204 0.0166404 0.212671 0.034812 0.0502533
10 0.332264 0.0289655 0.139083 0.058654 0.0500251
1 0.045248 0.724345 0.0900952 0.549027 0.0497054
4 0.969006 0.159139 0.0627453 0.289627 0.049542
10 0.00857983 0.349614 0.0183094 0.185742 0.0488804
3 0.952961 0.284407 0.094326 0.555402 0.0483119
10 0.257845 0.0574309 0.138141 0.116185 0.0480695
3 0.589687 0.102238 0.263009 0.206979 0.0480085
10 0.327726 0.017511 0.253487 0.0377525 0.0480005
3 0.709665 0.105776 0.32461 0.20309 0.0477396
10 0.2411 0.0142751 0.100903 0.0295443 0.0470975
1 0.0835319 0.0134256 0.0785593 0.0277976 0.0469911
1 0.0675459 0.51994 0.135303 0.640828 0.0469421
1 0.0189236 0.483658 0.0383818 0.722529 0.0466528
10 0.225465 0.0175381 0.0545216 0.0351297 0.0463816
3 0.905048 0.246321 0.190548 0.400494 0.0463749
10 0.843568 0.0608456 0.0337278 0.102998 0.0458758
10 0.299787 0.0370475 0.105169 0.0746678 0.0458495
3 0.631422 0.0775962 0.109616 0.110278 0.0455866
1 0.0152432 0.315199 0.0308765 0.471452 0.0453853
3 0.611731 0.102146 0.315215 0.191783 0.0445213
3 0.7571 0.155811 0.217115 0.223856 0.0444053
6 0.283037 0.857938 0.443428 0.284005 0.043998
4 0.850323 0.17366 0.0756235 0.0839992 0.0432723
10 0.00829746 0.128845 0.016958 0.249083 0.0428862
3 0.890884 0.182717 0.214673 0.355133 0.0426898
10 0.281026 0.109289 0.097669 0.200619 0.0421949
3 0.636555 0.0886194 0.13836 0.138844 0.0416924
10 0.28008 0.136734 0.140162 0.259903 0.0411605
3 0.267794 0.0813332 0.414684 0.163981 0.0410424
1 0.143417 0.725549 0.286945 0.548693 0.0407673
4 0.530695 0.0436229 0.107256 0.0890412 0.0399652
1 0.0927192 0.0143093 0.095793 0.0292798 0.0397444
10 0.213274 0.0148893 0.038238 0.0299995 0.039732
10 0.96878 0.340021 0.0610041 0.230793 0.0395062
1 0.177567 0.870164 0.357994 0.25571 0.0391526
4 0.720916 0.150374 0.134666 0.1997 0.0384654
10 0.0149184 0.479143 0.0297853 0.505035 0.0382533
10 0.00893982 0.25505 0.0182225 0.316006 0.0381911
1 0.125179 0.509831 0.244448 0.555839 0.0376809
10 0.964312 0.337454 0.025494 0.0544418 0.0375173
4 0.802554 0.114751 0.0612918 0.083644 0.0373302
3 0.937777 0.293936 0.0467087 0.0996718 0.0371851
10 0.831612 0.169148 0.0373173 0.0554877 0.0364446
3 0.884351 0.284959 0.229479 0.342865 0.0362662
1 0.120277 0.629358 0.246366 0.684169 0.0362632
10 0.830794 0.16752 0.0332163 0.052699 0.0361401
10 0.816611 0.100506 0.0333044 0.0490325 0.0360905
4 0.662404 0.0907439 0.0628924 0.0923508 0.0352159
1 0.0381813 0.756894 0.0774459 0.516003 0.0348307
6 0.245255 0.943107 0.489734 0.115875 0.0347379
6 0.242226 0.783994 0.44088 0.415646 0.0345808
10 0.0105006 0.398459 0.0201248 0.143486 0.0343795
3 0.564273 0.157946 0.23156 0.315146 0.0340749
10 0.969267 0.338131 0.0163759 0.0450552 0.0337532
10 0.84435 0.11096 0.0279799 0.0407998 0.0337228
4 0.830799 0.109468 0.0573307 0.073688 0.0333947
4 0.957333 0.376772 0.0856354 0.598379 0.0333181
10 0.753165 0.0855744 0.0244085 0.0366449 0.0330497
6 0.247615 0.915043 0.490282 0.169651 0.0329554
1 0.12892 0.727013 0.259375 0.551793 0.0326324
3 0.273618 0.129642 0.477537 0.26005 0.0325603
4 0.42006 0.0268709 0.126946 0.0551359 0.0321957
1 0.282591 0.782296 0.566031 0.999786 0.031937
1 0.179571 0.633908 0.299725 0.551613 0.0318939
4 0.852971 0.134646 0.133501 0.171552 0.031867
1 0.266963 0.636801 0.288533 0.475717 0.0316035
1 0.0208908 0.862803 0.0419071 0.27463 0.0313859
4 0.864214 0.172445 0.045418 0.0611974 0.0306737
1 0.112756 0.591355 0.233551 0.613284 0.0302154
3 0.365687 0.0755285 0.239262 0.151524 0.0301669
10 0.87661 0.0882629 0.0844851 0.0830717 0.030045
10 0.788394 0.100348 0.0218937 0.0434606 0.0296657
10 0.990228 0.193768 0.0187677 0.0515327 0.0296169
3 0.375805 0.112183 0.289848 0.215552 0.0296084
3 0.654049 0.0556906 0.285071 0.109862 0.0294365
6 0.233161 0.917503 0.425471 0.164996 0.0293269
3 0.716831 0.246378 0.520474 0.425995 0.0287445
4 0.755582 0.125325 0.0489946 0.0863426 0.0281524
1 0.180759 0.713224 0.325109 0.535658 0.0281004
10 0.94664 0.31558 0.102487 0.165664 0.0280998
3 0.914903 0.144393 0.163236 0.134204 0.0280093
10 0.832511 0.169514 0.0407455 0.0546958 0.0279973
3 0.732948 0.228263 0.490161 0.403042 0.0276531
4 0.886617 0.199354 0.151196 0.154721 0.0275207
4 0.722011 0.10771 0.0930507 0.0965232 0.0272985
6 0.0727841 0.939342 0.127349 0.214731 0.0272361
4 0.846043 0.127121 0.0580404 0.0702871 0.0270227
10 0.741423 0.0824103 0.0518786 0.0523345 0.0270206
3 0.707224 0.0771688 0.360458 0.136292 0.0267389
6 0.0656983 0.874903 0.141258 0.213817 0.0265995
10 0.425196 0.0400997 0.115413 0.0790158 0.0263952
1 0.109613 0.546156 0.213259 0.590541 0.0263425
6 0.257055 0.983402 0.314629 0.0414074 0.026096
6 0.23216 0.958682 0.35319 0.0919986 0.0258001
4 0.618801 0.147125 0.106252 0.139078 0.0253207
10 0.98874 0.628372 0.0217512 0.125532 0.0251229
6 0.237064 0.973418 0.30645 0.0599344 0.0251182
3 0.861516 0.315772 0.269213 0.252755 0.0250905
10 0.89877 0.144352 0.0506992 0.0848012 0.0250841
10 0.250784 0.143246 0.0723696 0.0722535 0.0249888
1 0.11643 0.719807 0.233492 0.572459 0.0249409
6 0.170211 0.882793 0.303559 0.163641 0.0248033
6 0.162114 0.707303 0.213925 0.385282 0.0241961
10 0.699928 0.101217 0.0399891 0.0387603 0.0241228
4 0.707463 0.123372 0.0556 0.0659616 0.0240834
10 0.786135 0.106252 0.0226058 0.0435191 0.0240135
10 0.291338 0.214284 0.0860564 0.122608 0.0236247
4 0.701272 0.09905 0.0480488 0.0682144 0.023622
10 0.770543 0.149734 0.024038 0.0376208 0.0236178
10 0.872858 0.367023 0.069153 0.0842213 0.0235597
10 0.827695 0.138932 0.0293505 0.0461879 0.0231625
3 0.260905 0.0944941 0.416494 0.182802 0.0230705
10 0.828671 0.181722 0.0350946 0.0567685 0.0230258
1 0.139244 0.706723 0.271666 0.966059 0.02276
6 0.196705 0.939673 0.311646 0.131208 0.0227189
6 0.245751 0.965344 0.303573 0.0542545 0.0222727
6 0.248404 0.989347 0.249487 0.0322867 0.0220454
3 0.209232 0.0856533 0.347191 0.162817 0.0219839
6 0.250514 0.910858 0.297991 0.183082 0.0212002
1 0.121653 0.42734 0.17028 0.341108 0.020721
10 0.517535 0.0645233 0.0931026 0.0639377 0.0204791
3 0.392699 0.117075 0.180766 0.124182 0.020448
10 0.937564 0.300361 0.0380835 0.0812421 0.0203218
6 0.118225 0.887787 0.156428 0.249111 0.0198445
10 0.825101 0.300951 0.0266506 0.0366308 0.0197445
10 0.4443 0.106417 0.0820993 0.085898 0.019564
6 0.194275 0.891888 0.171046 0.172596 0.019399
10 0.792089 0.204293 0.0272084 0.0294019 0.0191741
10 0.419622 0.172251 0.0898541 0.0893862 0.0191681
6 0.308254 0.980807 0.295109 0.042306 0.0185844
6 0.133031 0.953741 0.201101 0.0881742 0.018518
10 0.664942 0.223445 0.0958287 0.0932329 0.0184471
10 0.67638 0.192127 0.0314177 0.0423655 0.0184371
10 0.444014 0.157337 0.0791076 0.0935631 0.0182406
10 0.715165 0.394557 0.0534664 0.0464052 0.0180404
1 0.51654 0.635001 0.993003 0.999613 0.0178794
10 0.685206 0.376928 0.0554614 0.054534 0.0174485
10 0.155611 0.955272 0.17377 0.100508 0.0173652
1 0.487559 0.848019 0.999967 0.999573 0.0173473
10 0.8741 0.21274 0.0326052 0.0351099 0.0172107
10 0.472339 0.267532 0.0931842 0.117748 0.0168238
10 0.453445 0.265407 0.0991753 0.0941422 0.0167413
10 0.71855 0.352935 0.0817379 0.0648722 0.0160731
10 0.725776 0.216847 0.0414886 0.0567396 0.0159681
10 0.520883 0.313212 0.11375 0.108001 0.0159614
11 0.492015 0.728497 0.997001 0.999667 0.015809
11 0.500337 0.745048 0.999956 0.999639 0.0154119
10 0.443232 0.42327 0.104351 0.117926 0.0148306
10 0.630266 0.342918 0.229086 0.147312 0.0146185
10 0.677222 0.284759 0.08345 0.0617378 0.0145592
10 0.82528 0.715268 0.0674564 0.0564896 0.0142184
