1 0.735542 0.20101 0.522124 0.400285 0.349313
1 0.613404 0.28544 0.765133 0.568966 0.241948
1 0.701534 0.293357 0.593188 0.581864 0.240849
1 0.618476 0.20213 0.744161 0.400733 0.239589
1 0.781246 0.207028 0.413728 0.34795 0.214669
1 0.820785 0.197249 0.355398 0.389291 0.202907
1 0.289264 0.0885402 0.563398 0.176156 0.202324
1 0.289954 0.0921951 0.568041 0.183494 0.198699
1 0.825113 0.195132 0.310856 0.351514 0.193288
1 0.293591 0.0802232 0.566811 0.15879 0.190167
1 0.836504 0.198688 0.32536 0.393056 0.167981
1 0.837006 0.0581493 0.32097 0.116425 0.162328
1 0.189619 0.0761104 0.357566 0.151837 0.153811
1 0.189209 0.0588902 0.335687 0.116982 0.149982
4 0.897927 0.246931 0.145607 0.184611 0.149116
1 0.624122 0.282802 0.727001 0.56251 0.146596
1 0.251852 0.125066 0.496786 0.250441 0.145165
10 0.502177 0.232564 0.169729 0.460426 0.145148
1 0.650702 0.221631 0.69213 0.440621 0.142897
10 0.381485 0.0673742 0.166979 0.134372 0.141638
1 0.492392 0.288417 0.976403 0.575544 0.141542
10 0.301921 0.0604881 0.123357 0.120309 0.140528
1 0.490219 0.0664908 0.956931 0.131831 0.139837
10 0.843649 0.039528 0.0412558 0.0798787 0.139699
1 0.637572 0.285272 0.703165 0.566671 0.138242
10 0.252996 0.0490132 0.204102 0.0967407 0.135937
1 0.295144 0.129316 0.583441 0.259567 0.134653
1 0.836931 0.097025 0.323664 0.192775 0.134195
10 0.305555 0.0413213 0.104683 0.082207 0.133035
1 0.299778 0.285563 0.593481 0.568025 0.132438
10 0.254187 0.0416649 0.205248 0.0818938 0.132048
1 0.419506 0.0937643 0.31475 0.186929 0.130209
10 0.855792 0.0280796 0.0653612 0.0556104 0.125141
4 0.546296 0.47671 0.205651 0.212154 0.124312
10 0.936649 0.454701 0.0584623 0.164902 0.124271
1 0.22496 0.0685968 0.303761 0.135901 0.12343
1 0.436039 0.0690172 0.809399 0.13654 0.122113
1 0.835409 0.0433582 0.322024 0.0868882 0.121183
1 0.796221 0.0407777 0.213914 0.0803735 0.118306
1 0.771358 0.0595173 0.453123 0.117712 0.117869
1 0.437931 0.292644 0.384521 0.580366 0.117185
1 0.483172 0.0994024 0.5073 0.196931 0.116939
10 0.28981 0.0449178 0.0815972 0.0894646 0.112558
1 0.568283 0.0697695 0.808008 0.138942 0.111639
1 0.722172 0.0720584 0.551691 0.142478 0.110192
1 0.49971 0.498885 0.999976 0.999987 0.109203
10 0.929121 0.046368 0.141389 0.0921298 0.108678
1 0.540373 0.105604 0.882699 0.207919 0.107653
10 0.382993 0.0446009 0.145337 0.089131 0.107149
10 0.474145 0.225657 0.203757 0.448056 0.106028
4 0.974887 0.0597138 0.0504675 0.119254 0.105873
6 0.751864 0.148746 0.12051 0.21011 0.104675
10 0.465083 0.252011 0.260243 0.499238 0.103427
1 0.676181 0.222266 0.638235 0.440294 0.102839
1 0.449023 0.29248 0.613682 0.579027 0.102156
1 0.223439 0.0735608 0.337265 0.145035 0.10191
1 0.305402 0.13307 0.602468 0.266664 0.101295
10 0.782174 0.124793 0.0502782 0.172489 0.101039
1 0.430122 0.0775285 0.491992 0.152964 0.100349
4 0.963559 0.223923 0.0723913 0.439924 0.0997432
10 0.840511 0.0514242 0.154091 0.101814 0.0973215
1 0.197567 0.204335 0.389636 0.405939 0.0972385
2 0.845559 0.024338 0.032795 0.0484136 0.096894
1 0.820092 0.0638175 0.356816 0.127548 0.0963817
1 0.71365 0.0545745 0.564866 0.108925 0.096012
1 0.362662 0.102421 0.297289 0.204147 0.0954532
1 0.835878 0.0899336 0.3243 0.178471 0.0949518
10 0.425313 0.0447595 0.215115 0.0892849 0.0933873
10 0.292565 0.0325717 0.116909 0.0640347 0.0922372
1 0.19814 0.224614 0.391391 0.445935 0.0920556
1 0.507194 0.119727 0.53946 0.238244 0.0913115
1 0.429669 0.108603 0.303555 0.217301 0.0912767
1 0.407281 0.28076 0.361997 0.561724 0.0907888
10 0.891622 0.034933 0.108078 0.0695207 0.0905777
10 0.98864 0.225154 0.0225765 0.0979029 0.0900194
1 0.715571 0.29163 0.561295 0.575344 0.0897785
1 0.42707 0.135103 0.477179 0.269714 0.0885049
10 0.341395 0.0616245 0.241885 0.122143 0.0884846
10 0.845748 0.027009 0.0330307 0.054621 0.0870788
10 0.439028 0.0762542 0.227615 0.152683 0.086924
1 0.51265 0.0913617 0.566968 0.180544 0.0860892
4 0.955924 0.287516 0.0881945 0.278559 0.0850554
10 0.915394 0.0606552 0.1688 0.120543 0.0838276
10 0.987314 0.24065 0.0251463 0.130286 0.0837892
1 0.314737 0.221053 0.622514 0.441705 0.0834335
1 0.654046 0.290425 0.685167 0.575753 0.082868
10 0.770434 0.159379 0.101258 0.24103 0.0825281
4 0.839259 0.259214 0.270536 0.238777 0.0820948
1 0.481691 0.087156 0.60129 0.17273 0.0818579
10 0.883209 0.0443879 0.0739292 0.0880828 0.0815763
7 0.742114 0.165729 0.0745716 0.151607 0.0814987
1 0.542074 0.208772 0.438437 0.411863 0.0809323
10 0.939362 0.248187 0.0583542 0.144403 0.0799201
4 0.976833 0.130872 0.046365 0.258638 0.0796233
10 0.883045 0.0186527 0.054216 0.0369048 0.0791261
1 0.727534 0.342378 0.524967 0.549097 0.0791244
1 0.285821 0.209598 0.563781 0.415874 0.0782373
1 0.205607 0.88653 0.410711 0.226944 0.0781383
1 0.132129 0.890801 0.263848 0.219013 0.0775619
1 0.215706 0.963168 0.427024 0.0741226 0.0773455
1 0.622698 0.196806 0.317505 0.387047 0.0773317
1 0.142537 0.957697 0.281706 0.0848366 0.0765505
10 0.482933 0.250317 0.191819 0.496329 0.0762196
9 0.621831 0.484537 0.350174 0.242327 0.0758611
10 0.463146 0.0325774 0.0845373 0.0659107 0.0748276
1 0.729142 0.099566 0.5354 0.200502 0.0746736
10 0.984811 0.0186286 0.0308523 0.0355084 0.0746677
1 0.349198 0.0893518 0.500364 0.176182 0.0743657
1 0.315584 0.205711 0.536443 0.408968 0.0742848
10 0.850635 0.173761 0.0272539 0.0477527 0.0741927
1 0.49674 0.132009 0.435571 0.263882 0.0740475
1 0.416871 0.202875 0.320358 0.405945 0.0740206
10 0.502352 0.285061 0.205109 0.565469 0.073881
10 0.881231 0.0170966 0.0433062 0.0341278 0.0738481
9 0.70809 0.453668 0.506829 0.313007 0.0733756
10 0.932213 0.222813 0.0403351 0.0860199 0.0733152
10 0.242276 0.0388508 0.177144 0.0767191 0.0722743
1 0.942011 0.302973 0.114997 0.589847 0.072152
1 0.824534 0.0943556 0.284792 0.190104 0.0719651
4 0.432896 0.466939 0.333964 0.258803 0.0713263
4 0.966021 0.159433 0.0682352 0.310563 0.0710711
1 0.139762 0.981291 0.273806 0.0382687 0.0704973
10 0.743928 0.191413 0.084819 0.193202 0.0696988
10 0.482415 0.0720884 0.154546 0.145476 0.0694904
10 0.336375 0.056556 0.0934251 0.112876 0.0694782
1 0.626323 0.093228 0.308185 0.185019 0.0689244
9 0.547558 0.439882 0.573768 0.337528 0.0683261
10 0.340581 0.0350695 0.0837908 0.0697065 0.0683044
10 0.542598 0.230486 0.290729 0.456006 0.0681918
10 0.457755 0.0744434 0.10205 0.151474 0.0681311
1 0.11304 0.970997 0.221058 0.0586003 0.0674719
4 0.736456 0.343349 0.0744923 0.106045 0.0670972
1 0.337033 0.120962 0.61532 0.240401 0.0669469
10 0.838059 0.218133 0.0719046 0.144794 0.0665886
4 0.979286 0.212555 0.0413281 0.291039 0.0657736
1 0.441646 0.127572 0.341206 0.256876 0.0655789
10 0.490348 0.0352468 0.149684 0.0699009 0.0651575
9 0.717373 0.390864 0.50457 0.410452 0.0651173
9 0.636542 0.456394 0.374727 0.297183 0.0645426
10 0.915632 0.0886045 0.168834 0.175906 0.0642489
1 0.95503 0.352874 0.0892502 0.463664 0.0640671
4 0.984907 0.28886 0.0295195 0.249339 0.0639174
10 0.973113 0.111299 0.0547796 0.223109 0.0636122
9 0.705781 0.444487 0.507283 0.361677 0.0635779
1 0.197722 0.153701 0.386885 0.301139 0.0626547
1 0.948974 0.4404 0.101357 0.854385 0.0620062
4 0.96794 0.262136 0.0636099 0.211868 0.0617803
10 0.334429 0.0237203 0.0677261 0.0466161 0.0617056
10 0.983035 0.0397582 0.0343369 0.0797403 0.0613989
6 0.750882 0.123594 0.110366 0.163593 0.0612927
10 0.839018 0.227943 0.0813538 0.175884 0.0611054
1 0.563291 0.293801 0.836149 0.574529 0.0611045
10 0.289571 0.0629018 0.0874342 0.125798 0.0610762
10 0.814896 0.0216719 0.11538 0.0426655 0.0592231
1 0.583005 0.319899 0.774495 0.542135 0.0591962
1 0.179015 0.981498 0.352258 0.0384361 0.0591226
1 0.163013 0.202417 0.321641 0.394945 0.0582652
10 0.768115 0.153143 0.169338 0.2153 0.0581538
10 0.462574 0.019636 0.0717038 0.0397974 0.0575354
10 0.742766 0.232473 0.116602 0.328348 0.0572601
2 0.739232 0.130441 0.086708 0.157837 0.0565102
10 0.962567 0.126525 0.0746367 0.249532 0.0562507
1 0.934755 0.485705 0.0554508 0.124147 0.0561374
1 0.0858115 0.983739 0.165808 0.0327881 0.0560353
1 0.528492 0.279229 0.547515 0.546385 0.0558689
1 0.780032 0.023954 0.16805 0.0478347 0.0554545
1 0.181862 0.0973004 0.354147 0.193455 0.0552313
1 0.677577 0.0933593 0.37822 0.186155 0.0552226
4 0.976637 0.219047 0.0464346 0.425904 0.0545554
1 0.42024 0.129251 0.318495 0.25941 0.0542717
10 0.430334 0.0246852 0.230218 0.0489874 0.0541232
1 0.951063 0.498516 0.0980059 0.273178 0.0537932
1 0.607367 0.121356 0.27029 0.238991 0.0528699
10 0.855957 0.203279 0.0514324 0.107718 0.0527338
10 0.533197 0.0358406 0.11407 0.0704823 0.0526441
10 0.869495 0.183569 0.0241123 0.0407788 0.0523785
10 0.782419 0.105212 0.166607 0.207753 0.0521359
1 0.246287 0.112752 0.478341 0.226705 0.0520351
1 0.747303 0.120852 0.12496 0.234355 0.0520206
1 0.227045 0.294621 0.448558 0.583504 0.0518923
10 0.194024 0.0254801 0.0946221 0.0508478 0.051658
1 0.64662 0.11313 0.314682 0.221155 0.0516568
1 0.67045 0.0656691 0.400632 0.129764 0.0516031
9 0.448292 0.367042 0.393009 0.452797 0.0512381
10 0.221116 0.0370002 0.148456 0.0740979 0.0504314
1 0.343715 0.260253 0.415961 0.503932 0.0502333
1 0.785574 0.136949 0.201284 0.194413 0.0500386
9 0.524426 0.477611 0.473033 0.256328 0.0493728
1 0.652072 0.391914 0.6879 0.77767 0.0491845
1 0.489859 0.291046 0.349944 0.571109 0.0485127
4 0.839023 0.277584 0.0227142 0.0446426 0.0483274
1 0.38767 0.198843 0.28238 0.396564 0.0473409
1 0.0833342 0.971767 0.163589 0.0568102 0.0469613
1 0.0969629 0.896755 0.194375 0.206996 0.0468709
10 0.491148 0.118227 0.208662 0.23667 0.0467474
1 0.947982 0.498637 0.10446 0.948652 0.0463397
10 0.928425 0.475547 0.0367302 0.0905249 0.0462769
1 0.180983 0.294958 0.359055 0.581082 0.0461532
1 0.262707 0.0517895 0.484702 0.102095 0.045685
10 0.475631 0.143945 0.177304 0.294633 0.0456583
10 0.868259 0.191592 0.0302883 0.0622457 0.045226
10 0.86158 0.183901 0.0548197 0.0769153 0.0451586
1 0.841572 0.501011 0.314017 0.970071 0.0435229
2 0.282493 0.0662503 0.0475809 0.129653 0.043496
10 0.340923 0.0314438 0.0855397 0.0625225 0.043468
10 0.871576 0.0142835 0.0340481 0.0279231 0.0411782
10 0.877128 0.0162261 0.0413038 0.0321045 0.04114
10 0.528933 0.213468 0.131858 0.399475 0.0408663
1 0.0776026 0.960211 0.153382 0.0802353 0.0406998
1 0.352327 0.269527 0.248772 0.52692 0.039989
10 0.942165 0.208503 0.0218222 0.0448131 0.0395804
10 0.517453 0.0372986 0.107953 0.0699922 0.0388427
10 0.788102 0.0770752 0.0380862 0.0767041 0.0386202
1 0.94804 0.561013 0.103451 0.775906 0.038557
1 0.775787 0.481891 0.43384 0.925575 0.0383771
10 0.424158 0.0702714 0.152133 0.139415 0.0382601
10 0.203322 0.026295 0.136567 0.0516214 0.03764
10 0.558696 0.0369001 0.0959174 0.0731124 0.0371154
4 0.737783 0.353296 0.0773951 0.124992 0.0369278
4 0.974452 0.348989 0.0509474 0.309763 0.036828
1 0.444678 0.293522 0.323815 0.567496 0.0362785
10 0.938501 0.435327 0.0393745 0.0940144 0.0359494
10 0.454921 0.0164965 0.0477946 0.0329429 0.0359463
9 0.533018 0.395373 0.894313 0.428025 0.0358941
6 0.74 0.234658 0.0491795 0.0619404 0.0354218
11 0.657787 0.189467 0.108097 0.137181 0.0346716
1 0.531372 0.080563 0.115269 0.155659 0.0346277
10 0.186888 0.0391367 0.134983 0.0698043 0.0341177
1 0.0798462 0.984376 0.126825 0.0312001 0.0325704
9 0.729914 0.453779 0.146738 0.266377 0.03241
1 0.936226 0.508148 0.0519489 0.0976161 0.0322398
4 0.875534 0.27163 0.18012 0.185586 0.0319116
10 0.334985 0.0219467 0.0901737 0.0432848 0.0317716
1 0.854516 0.501472 0.285862 0.992451 0.0316081
1 0.329034 0.0832048 0.486548 0.135417 0.0308123
10 0.479321 0.0173378 0.0540771 0.0338302 0.0303428
4 0.743747 0.328228 0.047906 0.0592 0.0301645
10 0.521462 0.072356 0.102541 0.135368 0.0298064
10 0.849149 0.101481 0.308754 0.199825 0.0295712
6 0.732027 0.0911477 0.0802944 0.0965161 0.0294356
1 0.934793 0.504652 0.0430159 0.0800163 0.0290901
1 0.0732302 0.98416 0.12956 0.0321081 0.0287711
10 0.840589 0.0461221 0.0239206 0.0772137 0.0284068
1 0.669385 0.361574 0.632532 0.411814 0.0283583
10 0.94118 0.423414 0.0428806 0.0850102 0.028286
1 0.903721 0.550607 0.187486 0.382009 0.0282177
10 0.845528 0.0289954 0.0301535 0.0343753 0.0281441
1 0.634428 0.123481 0.287242 0.192751 0.0280997
1 0.745954 0.444238 0.486313 0.494394 0.0276433
1 0.518414 0.451925 0.120556 0.136345 0.0276347
10 0.485341 0.34581 0.0957294 0.219402 0.0275802
10 0.941387 0.26234 0.0376802 0.0850058 0.0267059
1 0.782135 0.0496205 0.196038 0.0776221 0.026324
11 0.852686 0.0812672 0.281405 0.122615 0.0258928
10 0.842412 0.0532069 0.0300198 0.0567631 0.0258646
1 0.242452 0.100335 0.323146 0.101034 0.0254501
1 0.0866446 0.988522 0.112924 0.0222254 0.0249941
1 0.0961335 0.99214 0.128214 0.0158514 0.0248981
1 0.538559 0.497194 0.0467603 0.0791634 0.0248433
10 0.412309 0.0576859 0.129446 0.0530385 0.0247531
10 0.926204 0.242447 0.0149925 0.0176211 0.0246263
1 0.736656 0.233679 0.338897 0.199601 0.023618
1 0.602789 0.406573 0.751988 0.442027 0.0233805
4 0.857763 0.32532 0.192165 0.137954 0.0229697
4 0.896806 0.320264 0.128679 0.136043 0.0220272
10 0.94148 0.28924 0.0447548 0.104504 0.0216653
10 0.727214 0.343747 0.0231383 0.0279276 0.0205861
10 0.934504 0.304403 0.0338316 0.0759876 0.019998
10 0.726061 0.117547 0.0949065 0.0422072 0.0199471
10 0.805876 0.171077 0.0278362 0.0324627 0.0198221
10 0.740591 0.329278 0.0522645 0.0691684 0.0196958
10 0.84974 0.41543 0.172919 0.119961 0.019098
1 0.751695 0.71373 0.395837 0.17271 0.0188278
1 0.629656 0.461765 0.449193 0.293263 0.0188197
10 0.838137 0.289346 0.0173412 0.0319464 0.0188076
10 0.863111 0.384591 0.045624 0.0699501 0.0184696
1 0.603686 0.512219 0.313089 0.250395 0.0182465
10 0.778442 0.519068 0.116907 0.0851746 0.0178834
10 0.835344 0.371979 0.0203236 0.0230983 0.0173822
1 0.552877 0.654373 0.127481 0.105935 0.0173336
11 0.843183 0.745811 0.302987 0.202085 0.0172425
1 0.736334 0.755403 0.378525 0.17765 0.0170002
10 0.830779 0.155387 0.143105 0.050066 0.0167819
1 0.283455 0.498184 0.428587 0.279452 0.0167037
6 0.568753 0.610254 0.0671883 0.0440209 0.0166867
1 0.574061 0.641834 0.650869 0.320182 0.0166011
11 0.814783 0.789451 0.351612 0.238421 0.0165448
2 0.701525 0.850546 0.138233 0.113176 0.0165263
11 0.721327 0.733349 0.29613 0.156779 0.0164772
1 0.601296 0.718915 0.641983 0.27426 0.0159711
11 0.498839 0.835706 0.999955 0.999452 0.0157268
10 0.945198 0.731929 0.052725 0.0921652 0.0156682
1 0.661001 0.888547 0.323638 0.122393 0.0154978
11 0.648096 0.883377 0.363901 0.18735 0.0154424
10 0.91541 0.725144 0.0734808 0.0618197 0.0153813
10 0.468551 0.875112 0.0797988 0.0645216 0.015371
1 0.839883 0.634449 0.155044 0.108658 0.0153119
11 0.692514 0.889036 0.332416 0.100472 0.0152724
11 0.679245 0.921674 0.259761 0.116225 0.0148354
8 0.532004 0.841082 0.104603 0.0819399 0.0140807
