10 0.484515 0.416706 0.0854372 0.267054 0.864682
9 0.70877 0.521963 0.174343 0.25908 0.820005
9 0.597535 0.762257 0.280295 0.29258 0.399648
9 0.603434 0.47873 0.111732 0.171694 0.313943
9 0.673827 0.721574 0.440269 0.379732 0.28784
9 0.624058 0.493873 0.156423 0.214748 0.28017
4 0.660527 0.350185 0.0354603 0.0431381 0.272935
9 0.67686 0.648143 0.449313 0.525859 0.245942
9 0.590597 0.477632 0.0851661 0.160604 0.23511
9 0.579599 0.474057 0.152926 0.1706 0.176962
9 0.617787 0.478692 0.185937 0.181071 0.173711
9 0.58226 0.465094 0.152366 0.18055 0.165219
10 0.973892 0.499666 0.0516546 0.999665 0.162471
9 0.559793 0.458724 0.0943566 0.129942 0.1564
9 0.61346 0.647454 0.330843 0.521822 0.127354
9 0.649011 0.763495 0.385825 0.287827 0.117228
7 0.990751 0.0735439 0.0187531 0.147975 0.109101
10 0.0155311 0.812123 0.0304356 0.228553 0.10705
9 0.59136 0.754336 0.277313 0.312051 0.103917
9 0.663338 0.478677 0.234271 0.185829 0.103786
10 0.467186 0.407234 0.0521323 0.239249 0.101237
9 0.658088 0.484214 0.0983713 0.185866 0.0953276
10 0.463835 0.395642 0.0428281 0.218614 0.0886447
9 0.649916 0.47796 0.141886 0.1733 0.087186
9 0.755217 0.624918 0.289586 0.42358 0.086819
9 0.651632 0.774602 0.164699 0.223682 0.0852947
9 0.591593 0.518215 0.218071 0.270147 0.0844538
9 0.658183 0.518537 0.338817 0.268876 0.08325
9 0.65323 0.486965 0.210141 0.190284 0.0818715
9 0.799699 0.562496 0.0431966 0.0681236 0.0815476
9 0.537445 0.457268 0.150162 0.158839 0.0814925
9 0.829462 0.585467 0.106592 0.129149 0.0804783
9 0.687385 0.553465 0.395793 0.350921 0.0801617
9 0.606928 0.779446 0.304683 0.259165 0.0801047
9 0.699093 0.575456 0.398433 0.398358 0.0794149
9 0.656889 0.638458 0.424264 0.525056 0.0784588
10 0.874678 0.518639 0.0607542 0.236418 0.0778839
6 0.247359 0.829583 0.155286 0.181905 0.0766996
9 0.634913 0.75065 0.15882 0.176767 0.0763474
9 0.614696 0.785927 0.324073 0.248914 0.0763187
9 0.64471 0.512005 0.4266 0.277284 0.0749619
10 0.0188535 0.749996 0.038033 0.352212 0.0743151
7 0.992227 0.0222222 0.0161121 0.0434275 0.0741218
9 0.76496 0.648909 0.272058 0.501984 0.073988
10 0.499145 0.421291 0.0587332 0.258366 0.0736846
9 0.579688 0.450085 0.0577619 0.10684 0.0735809
9 0.555161 0.471164 0.133745 0.158449 0.0735741
9 0.56226 0.741328 0.178143 0.206974 0.0732694
9 0.741068 0.59105 0.217195 0.128053 0.0727658
10 0.0159775 0.665312 0.032215 0.518211 0.0724166
9 0.656224 0.488215 0.118558 0.196621 0.0707421
10 0.978195 0.500406 0.0430823 0.950642 0.0703393
9 0.779412 0.657674 0.244348 0.483361 0.0703007
9 0.666084 0.525357 0.437244 0.294538 0.0701143
10 0.50236 0.420866 0.0504516 0.26095 0.0690444
10 0.463236 0.354842 0.0412785 0.133326 0.0690355
4 0.65051 0.368305 0.0603216 0.0829368 0.0646729
10 0.475108 0.407328 0.0389872 0.210319 0.0645277
9 0.790347 0.549372 0.180171 0.242355 0.0630894
9 0.800847 0.570671 0.051721 0.0861859 0.0630168
9 0.654979 0.740558 0.0865594 0.135338 0.062554
9 0.580039 0.465835 0.0550005 0.130981 0.0619518
10 0.0186302 0.674975 0.0375168 0.500023 0.0613132
9 0.729016 0.589764 0.199345 0.125621 0.0612404
9 0.793057 0.65754 0.195959 0.269147 0.0608296
4 0.664154 0.351138 0.0238015 0.0338565 0.0605832
10 0.983049 0.241739 0.0342711 0.484108 0.0601931
9 0.724032 0.501406 0.541579 0.987981 0.0598066
9 0.802124 0.637478 0.160997 0.222754 0.0594793
10 0.0154654 0.738682 0.0315089 0.373535 0.0593194
10 0.0153383 0.844266 0.0300049 0.164761 0.059189
9 0.766797 0.632861 0.239457 0.220785 0.0589504
10 0.0252219 0.838941 0.0502074 0.177528 0.0589188
9 0.617666 0.527829 0.160445 0.276453 0.0588046
3 0.500229 0.488345 0.995414 0.974402 0.0585327
10 0.984591 0.274684 0.0314249 0.547076 0.0583611
10 0.973043 0.50013 0.0532496 0.999865 0.0567553
10 0.977352 0.487303 0.0453526 0.927542 0.0561689
9 0.681189 0.549481 0.205982 0.138456 0.0555466
10 0.50345 0.464415 0.0473926 0.167993 0.0546976
9 0.718956 0.48273 0.534058 0.947306 0.0522341
9 0.788895 0.666909 0.184755 0.278143 0.0519153
9 0.600264 0.516144 0.107257 0.242508 0.0518756
10 0.980953 0.37442 0.0383037 0.735358 0.0513723
10 0.0207414 0.579927 0.041707 0.688369 0.0513644
10 0.979723 0.286133 0.041116 0.571385 0.0503382
10 0.47365 0.37616 0.0598613 0.165856 0.050141
10 0.026845 0.805614 0.0537851 0.241408 0.0496073
10 0.983701 0.298022 0.0328771 0.587783 0.0494361
9 0.708315 0.470017 0.129696 0.153113 0.0486742
9 0.557885 0.444529 0.240519 0.222628 0.0485774
9 0.815065 0.605525 0.144703 0.169338 0.0480815
9 0.808791 0.59443 0.130314 0.135234 0.0480083
10 0.981421 0.404006 0.0372189 0.787542 0.0478872
10 0.477091 0.385176 0.0377821 0.153372 0.0477739
9 0.563948 0.437716 0.104876 0.153861 0.0474055
7 0.989657 0.19614 0.0214608 0.388823 0.0472747
10 0.018746 0.542047 0.0382275 0.76345 0.0468855
10 0.975043 0.399966 0.0501931 0.782602 0.0467727
9 0.820362 0.629145 0.138864 0.217992 0.0467171
10 0.983791 0.438611 0.0322952 0.845067 0.0466237
10 0.869235 0.833504 0.0611332 0.149429 0.046479
9 0.549823 0.456815 0.0666108 0.117212 0.0462083
10 0.975796 0.446573 0.0486873 0.870673 0.0459253
9 0.733786 0.491436 0.0814021 0.175029 0.0457665
9 0.667689 0.520805 0.117034 0.260831 0.0453524
9 0.822545 0.616669 0.119972 0.191517 0.045346
10 0.9815 0.643199 0.0366901 0.702655 0.0445455
10 0.568962 0.431089 0.112667 0.199608 0.0444375
9 0.584074 0.508249 0.0553459 0.0845512 0.044275
10 0.982564 0.379462 0.0352297 0.735002 0.0440503
10 0.982497 0.649525 0.0345886 0.692074 0.0438171
9 0.647101 0.737712 0.190524 0.194046 0.0427304
4 0.651487 0.380478 0.0674775 0.111031 0.0426215
9 0.627648 0.519267 0.163625 0.183031 0.042533
9 0.675965 0.45202 0.0754472 0.115929 0.0424224
10 0.895337 0.497192 0.207031 0.999985 0.0419201
10 0.0125613 0.815439 0.0243443 0.220529 0.0411252
10 0.579842 0.325739 0.0413751 0.193813 0.0409156
10 0.880061 0.462543 0.0525506 0.140108 0.040642
10 0.481409 0.363084 0.0714915 0.140678 0.0403897
0 0.744589 0.721371 0.129235 0.206085 0.0403054
10 0.982177 0.554081 0.0348602 0.572296 0.0401109
9 0.666208 0.485597 0.0831806 0.189588 0.0398627
10 0.982881 0.55249 0.0336239 0.57238 0.0398516
9 0.798249 0.576586 0.0614722 0.0975137 0.039782
9 0.733451 0.521726 0.102263 0.235649 0.0390682
9 0.830869 0.623586 0.126455 0.216064 0.0387311
9 0.545958 0.45589 0.0858596 0.130095 0.0375114
2 0.47014 0.353726 0.0194525 0.0716026 0.0374864
9 0.808538 0.529475 0.108949 0.199608 0.0373223
10 0.0104888 0.740276 0.0214897 0.36295 0.037234
9 0.736039 0.49634 0.0818004 0.180221 0.0366339
9 0.801594 0.769406 0.198561 0.283191 0.0362037
9 0.700332 0.512441 0.132335 0.226979 0.0359434
9 0.665924 0.601137 0.645327 0.64114 0.0353239
7 0.488079 0.397385 0.0213527 0.0476757 0.0348903
10 0.00731349 0.795934 0.0150532 0.255838 0.0348051
10 0.48071 0.432924 0.04115 0.207413 0.0344075
10 0.98656 0.308511 0.028092 0.543741 0.0341983
10 0.551927 0.420189 0.131197 0.264968 0.0338853
10 0.989291 0.509929 0.0217329 0.429144 0.0329502
4 0.478706 0.458814 0.937919 0.925028 0.0328216
9 0.535502 0.772763 0.140542 0.267074 0.0328041
9 0.578803 0.466662 0.0457731 0.0865356 0.0326518
10 0.976141 0.68619 0.0463148 0.625961 0.0325426
9 0.68466 0.438338 0.0858601 0.0912691 0.0323965
9 0.731303 0.723745 0.0260537 0.0370988 0.0317784
10 0.981829 0.47682 0.0363811 0.378347 0.0317145
9 0.727513 0.519054 0.0721627 0.0759893 0.0302919
9 0.528699 0.770393 0.139729 0.277221 0.0302359
10 0.974968 0.567163 0.0462725 0.973673 0.0299855
10 0.984539 0.785526 0.0314177 0.42661 0.0294516
10 0.539431 0.46023 0.0639286 0.122283 0.0293223
10 0.982647 0.64572 0.0347292 0.619477 0.0290528
6 0.292532 0.804743 0.320375 0.232079 0.029051
9 0.626019 0.818978 0.548939 0.351461 0.0290278
10 0.732334 0.721808 0.0280867 0.0432983 0.0287745
9 0.738852 0.506316 0.0770251 0.127876 0.0286734
10 0.984755 0.480471 0.0317979 0.315436 0.0282128
9 0.670351 0.47755 0.0613426 0.0944871 0.0282015
9 0.754933 0.660619 0.286473 0.204375 0.0281722
9 0.534694 0.558391 0.874703 0.71359 0.0280269
10 0.972621 0.62278 0.0520307 0.999346 0.0279572
10 0.627232 0.415412 0.0659201 0.156907 0.027842
10 0.108475 0.555554 0.218118 0.740982 0.0277738
9 0.563875 0.790963 0.153291 0.129014 0.0277629
10 0.985324 0.778412 0.0294649 0.428165 0.0276202
2 0.469575 0.363777 0.0194739 0.0742012 0.0275731
10 0.991768 0.180531 0.0170477 0.286485 0.0272818
9 0.565327 0.476059 0.0417242 0.148293 0.0270175
9 0.663698 0.581158 0.0837301 0.14854 0.0268611
10 0.985776 0.756639 0.028573 0.458814 0.0263965
10 0.97181 0.719794 0.0525507 0.97652 0.0263448
6 0.237659 0.828034 0.138216 0.17854 0.0262056
10 0.461676 0.325989 0.0203139 0.0555859 0.0261155
6 0.975726 0.735533 0.0488478 0.503214 0.0258977
4 0.606696 0.0905834 0.795342 0.180792 0.0257741
10 0.861846 0.53593 0.0255564 0.0883711 0.0256522
10 0.496858 0.370022 0.05103 0.162943 0.025543
6 0.254045 0.853337 0.126595 0.132066 0.0255372
10 0.501989 0.444896 0.0376308 0.120745 0.0249214
9 0.669411 0.899813 0.348675 0.126054 0.0248793
10 0.644997 0.359446 0.016111 0.0320887 0.0245835
10 0.991992 0.179069 0.0153799 0.237648 0.0245642
10 0.856389 0.91349 0.088854 0.20868 0.0240836
2 0.0116622 0.0349253 0.0259766 0.0582593 0.0237437
6 0.2128 0.823511 0.0950785 0.185549 0.0237422
6 0.233948 0.834073 0.175723 0.180558 0.0236075
9 0.725564 0.499202 0.540565 0.992968 0.0232996
10 0.972727 0.695923 0.0493176 0.55177 0.0232152
10 0.736561 0.731771 0.0512438 0.0485393 0.0229158
6 0.515259 0.819378 0.135716 0.189716 0.0228068
9 0.649899 0.757384 0.111443 0.159486 0.0227976
9 0.723578 0.447939 0.0571057 0.0814794 0.0226695
6 0.513938 0.849773 0.0948646 0.116626 0.022519
10 0.152075 0.035917 0.1766 0.0752056 0.0224595
10 0.753204 0.74418 0.0678341 0.0927543 0.022397
6 0.433956 0.779714 0.127259 0.265544 0.0222932
11 0.536586 0.0386895 0.927381 0.0774264 0.0222662
10 0.663611 0.357709 0.0206886 0.0311682 0.0222146
0 0.777913 0.83258 0.149408 0.148462 0.0221697
9 0.748573 0.608753 0.167836 0.149803 0.0220851
10 0.459985 0.382952 0.0250158 0.071302 0.0218153
10 0.756195 0.733446 0.114936 0.199489 0.0218109
10 0.797767 0.968892 0.0679885 0.0774009 0.0217959
0 0.643594 0.918518 0.38657 0.17698 0.0217435
10 0.558645 0.649905 0.109844 0.160613 0.0216884
4 0.203455 0.57347 0.413358 0.712968 0.0215857
4 0.477341 0.498584 0.91351 0.809886 0.0215175
10 0.495547 0.496005 0.0365957 0.0909565 0.0214462
6 0.854672 0.656521 0.0529785 0.104501 0.0213347
6 0.862659 0.661398 0.0761175 0.276463 0.0213114
10 0.778061 0.557526 0.0346372 0.12953 0.0212813
6 0.857215 0.614322 0.0516413 0.108703 0.0211912
0 0.726804 0.68783 0.0817777 0.112234 0.0211266
10 0.669636 0.797607 0.0542279 0.0502734 0.0210343
10 0.647307 0.396562 0.0206683 0.0314004 0.0208118
2 0.767477 0.467668 0.0156672 0.0346972 0.020613
0 0.781195 0.847098 0.163495 0.120915 0.0205247
0 0.560122 0.928382 0.184815 0.101872 0.0205164
10 0.853187 0.866709 0.0966259 0.163365 0.0205024
10 0.62215 0.810623 0.0667043 0.0682201 0.0202614
10 0.485488 0.612274 0.0337728 0.105666 0.0202053
3 0.509616 0.305767 0.998768 0.59985 0.0201237
0 0.463996 0.768699 0.608172 0.249174 0.0198602
10 0.193375 0.975404 0.232249 0.0550163 0.019847
6 0.798826 0.694368 0.0485526 0.0671507 0.0197398
3 0.491325 0.554457 0.999849 0.999429 0.0196725
3 0.493421 0.561589 0.999945 0.999109 0.0196474
10 0.725346 0.827884 0.0522214 0.0387635 0.0196386
10 0.490677 0.964944 0.065471 0.0666586 0.0196375
9 0.694499 0.630559 0.0823921 0.0717461 0.0195121
10 0.619854 0.815709 0.0731836 0.0612457 0.0194697
0 0.470135 0.677248 0.581509 0.323777 0.0193578
10 0.633607 0.957774 0.0622203 0.0885468 0.0193168
7 0.116403 0.00970146 0.131977 0.0213433 0.0192346
0 0.669198 0.877831 0.494624 0.982187 0.0192163
10 0.795231 0.799185 0.105837 0.0989922 0.0189403
9 0.672379 0.634222 0.0488515 0.0529673 0.0189241
6 0.610809 0.971931 0.351079 0.0796928 0.0189155
10 0.155489 0.0608996 0.317519 0.12773 0.0187982
6 0.549957 0.898036 0.130038 0.076695 0.0187368
10 0.771481 0.505254 0.0306533 0.133773 0.0187366
2 0.782122 0.597277 0.0369535 0.0975867 0.0186467
10 0.548216 0.565055 0.0596384 0.0715003 0.0186073
10 0.639589 0.657607 0.0296886 0.0251034 0.018595
10 0.843337 0.816012 0.242682 0.393286 0.0184813
0 0.503566 0.701045 0.999424 0.436655 0.0184679
10 0.740793 0.800926 0.0277481 0.0368232 0.0183799
10 0.576563 0.965476 0.0804932 0.0469113 0.0183088
10 0.811961 0.614157 0.0420272 0.0713167 0.0182972
10 0.645709 0.643576 0.0378953 0.0504307 0.0182812
10 0.575137 0.947525 0.119753 0.0775583 0.0182412
10 0.818286 0.808227 0.0573476 0.0461603 0.0182047
8 0.676325 0.906001 0.0749564 0.0545883 0.0179684
10 0.677413 0.41413 0.0196003 0.0356384 0.0179353
4 0.256989 0.578308 0.513863 0.706632 0.0179136
10 0.589479 0.979111 0.0709375 0.0260533 0.0178552
10 0.591117 0.563408 0.041624 0.0912252 0.0178367
6 0.488951 0.955612 0.17955 0.0950462 0.017761
4 0.100874 0.0370583 0.209986 0.0809083 0.0176293
0 0.614617 0.943848 0.29246 0.118037 0.0176194
10 0.610275 0.952013 0.0722314 0.062542 0.0175771
0 0.676479 0.918268 0.433589 0.175973 0.0174967
4 0.0405004 0.0105044 0.0334265 0.0326338 0.0174124
0 0.64198 0.983351 0.306925 0.0779516 0.0173822
10 0.47079 0.9645 0.114855 0.0718929 0.0173056
10 0.726881 0.935544 0.166356 0.0908091 0.0172896
0 0.556547 0.915689 0.143268 0.0661679 0.0170185
0 0.602634 0.888839 0.13798 0.0567133 0.0169983
0 0.516153 0.766857 0.996561 0.99213 0.0169855
6 0.653553 0.985176 0.384834 0.0893944 0.0168716
10 0.596922 0.805709 0.028402 0.0436871 0.0168354
10 0.455473 0.731767 0.0251215 0.0501512 0.0168168
4 0.497648 0.650043 0.999792 0.82476 0.0167749
0 0.431038 0.845331 0.48241 0.315949 0.0167736
10 0.202674 0.600059 0.350244 0.655659 0.0167296
10 0.605541 0.852906 0.267112 0.101224 0.0166255
0 0.680004 0.981572 0.183036 0.0425739 0.0166226
10 0.743197 0.865305 0.0491682 0.0544979 0.0165624
10 0.497262 0.94009 0.0781129 0.0878578 0.0164571
8 0.507166 0.985825 0.224083 0.034516 0.0164434
10 0.522089 0.936945 0.0894795 0.0847842 0.0162199
10 0.46918 0.981811 0.181127 0.0387642 0.0160951
0 0.584139 0.936745 0.190157 0.130408 0.0159846
2 0.682104 0.866536 0.0621085 0.0620383 0.0159733
0 0.473048 0.983681 0.317386 0.0465664 0.0159713
4 0.543274 0.755082 0.999283 0.319154 0.0157722
3 0.56022 0.199672 0.950499 0.178928 0.0157154
4 0.51574 0.632444 0.987163 0.178096 0.0155139
10 0.735746 0.879028 0.11858 0.0552233 0.0155021
0 0.523163 0.910733 0.320322 0.0893499 0.0154498
8 0.660347 0.99006 0.312511 0.0749098 0.0154442
10 0.766186 0.859685 0.0329584 0.0319889 0.0153623
8 0.652989 0.912444 0.143131 0.085963 0.0152813
8 0.559097 0.937532 0.0808844 0.0866939 0.0152112
10 0.81344 0.886146 0.0437708 0.0490183 0.0151349
0 0.656924 0.988316 0.390912 0.0898997 0.0150314
11 0.522256 0.1037 0.896643 0.0687425 0.0147426
