4 0.737564 0.496846 0.377405 0.385121 0.913257
4 0.459134 0.236714 0.0473159 0.0492535 0.82104
4 0.417083 0.242748 0.0415114 0.0456291 0.555341
4 0.516478 0.226969 0.0502342 0.0470391 0.276698
11 0.0425164 0.94539 0.0853145 0.104139 0.209001
4 0.277079 0.219369 0.0230755 0.0416714 0.203119
6 0.0811665 0.700856 0.162124 0.434885 0.202911
7 0.44327 0.557542 0.0787373 0.0745063 0.192238
6 0.083901 0.597968 0.168584 0.715355 0.187784
6 0.0792426 0.595467 0.158772 0.658158 0.186904
4 0.335063 0.209328 0.0289935 0.0455708 0.181464
6 0.0895297 0.734056 0.179615 0.515266 0.162913
6 0.0488136 0.744799 0.0966592 0.500248 0.161076
6 0.0954231 0.725513 0.190438 0.48106 0.14941
11 0.0688714 0.938134 0.137378 0.119728 0.146181
4 0.0731711 0.44368 0.145986 0.334948 0.141709
11 0.119122 0.942448 0.239764 0.108701 0.135903
11 0.129561 0.924636 0.259508 0.146086 0.13171
6 0.0454689 0.707358 0.08927 0.574218 0.129402
4 0.508438 0.233966 0.0283879 0.0324182 0.125332
11 0.0495085 0.900041 0.0985926 0.195893 0.124005
6 0.111857 0.582454 0.223433 0.734632 0.119477
11 0.157674 0.9455 0.317646 0.102374 0.108448
11 0.0656312 0.899428 0.131636 0.1934 0.104651
11 0.197984 0.933083 0.397151 0.125973 0.103608
4 0.254826 0.220509 0.0330178 0.0387677 0.103166
6 0.0431608 0.832121 0.0856487 0.328528 0.102285
4 0.0719223 0.47436 0.14285 0.242372 0.100872
6 0.080836 0.81984 0.161373 0.348579 0.0997114
11 0.122212 0.950158 0.246345 0.096278 0.0991496
6 0.108698 0.776317 0.115657 0.256905 0.0982316
4 0.507713 0.239727 0.0250262 0.0226759 0.0922661
4 0.264018 0.221783 0.0500029 0.0454611 0.0919016
6 0.0548268 0.709831 0.106856 0.41557 0.0899248
6 0.0759131 0.718043 0.150638 0.435135 0.0899041
4 0.101514 0.381382 0.200544 0.316644 0.0862884
4 0.317205 0.212208 0.0671879 0.060417 0.0851072
11 0.113473 0.69484 0.10326 0.0924253 0.0836805
4 0.0873024 0.49356 0.173828 0.485969 0.0827269
4 0.581605 0.25673 0.0539364 0.0815514 0.082688
6 0.0643488 0.663231 0.128856 0.332637 0.0825627
6 0.0144421 0.747601 0.0293887 0.500003 0.0825192
6 0.0429334 0.906402 0.0856576 0.180684 0.0821412
10 0.232094 0.262126 0.0296023 0.141493 0.0816383
7 0.441136 0.61487 0.0915142 0.190836 0.0816325
6 0.0582274 0.617271 0.116585 0.748773 0.0780957
11 0.16936 0.95178 0.342114 0.0925108 0.0749045
4 0.914501 0.37046 0.170412 0.359331 0.0742714
4 0.105359 0.449262 0.209996 0.448662 0.0728687
6 0.140901 0.59329 0.282349 0.777333 0.0714721
4 0.263786 0.231678 0.0527764 0.0666498 0.0704066
11 0.484534 0.957476 0.963968 0.07723 0.0700954
4 0.919979 0.311269 0.160461 0.25011 0.0698278
11 0.333418 0.950122 0.66519 0.0925587 0.0667194
10 0.0921881 0.794288 0.0713197 0.195619 0.0664146
4 0.19429 0.256455 0.0244685 0.0650139 0.0654714
6 0.169486 0.740814 0.336932 0.506247 0.0652636
11 0.101774 0.966671 0.204333 0.0650993 0.0628301
4 0.983338 0.314872 0.033748 0.234287 0.0620697
6 0.00845344 0.905796 0.0178681 0.186137 0.0618362
4 0.535568 0.224262 0.028153 0.039741 0.0614112
11 0.475286 0.921988 0.944453 0.14256 0.0606273
4 0.382737 0.223518 0.0382788 0.0671827 0.0603802
4 0.581219 0.250392 0.0456856 0.0669993 0.060152
10 0.212719 0.378965 0.0348112 0.128917 0.0597511
6 0.102378 0.705941 0.142522 0.402385 0.0597262
6 0.00984359 0.846316 0.0206096 0.302449 0.058919
4 0.966183 0.323627 0.0680315 0.282512 0.0581145
11 0.0430175 0.907927 0.0868563 0.178792 0.0575319
10 0.270652 0.217647 0.0112199 0.0364921 0.0574723
6 0.0671725 0.602949 0.134296 0.207574 0.0573354
6 0.0560025 0.820308 0.109627 0.354363 0.0562635
4 0.398779 0.238895 0.0597499 0.0497371 0.0558815
4 0.358985 0.215092 0.0776938 0.0742808 0.0556994
4 0.536071 0.226598 0.0280648 0.0441064 0.0550197
10 0.270676 0.217894 0.0115293 0.0371557 0.0545302
11 0.316692 0.921446 0.633208 0.14632 0.0543465
11 0.172489 0.832925 0.346836 0.322119 0.0538026
11 0.498043 0.749769 0.990443 0.485402 0.0537833
4 0.335923 0.21906 0.023041 0.0292918 0.0530629
4 0.967158 0.411991 0.0660442 0.432963 0.0530451
10 0.17457 0.398218 0.0601333 0.319421 0.0523814
11 0.0115354 0.927306 0.0225935 0.139341 0.051086
4 0.573679 0.237592 0.027512 0.0370895 0.0508195
4 0.0729913 0.555324 0.142754 0.398073 0.0506679
4 0.40611 0.242162 0.0230271 0.0422879 0.0502299
4 0.971906 0.401822 0.0560364 0.44819 0.0501061
4 0.215771 0.262375 0.0644695 0.123674 0.0499011
4 0.286888 0.320007 0.0313555 0.0693555 0.0490362
4 0.458291 0.235597 0.0448645 0.0470302 0.0482098
6 0.00985865 0.700271 0.0197289 0.464542 0.0469264
4 0.316884 0.218584 0.047832 0.0472591 0.0463456
6 0.0362728 0.81497 0.0734908 0.372996 0.0462734
6 0.00753777 0.689578 0.0150908 0.406483 0.0460103
6 0.0287288 0.6389 0.058705 0.624923 0.0456408
6 0.988627 0.343454 0.0231373 0.146625 0.0453604
10 0.27832 0.233679 0.0248191 0.0733204 0.0452832
6 0.0270465 0.601042 0.0545781 0.66601 0.0449954
11 0.0465782 0.9867 0.0925832 0.024737 0.0437524
4 0.468097 0.210683 0.0254495 0.0286847 0.043711
4 0.195735 0.240278 0.0204763 0.0328708 0.0434472
11 0.0369445 0.960887 0.0731966 0.0676183 0.0426448
4 0.338445 0.203835 0.0198882 0.0327953 0.0426426
10 0.219833 0.355098 0.0223722 0.0808136 0.0426296
4 0.083448 0.444021 0.165923 0.366334 0.0425519
4 0.386258 0.202833 0.0212452 0.0224369 0.0424897
10 0.23576 0.224087 0.0150185 0.0663604 0.041667
10 0.0718233 0.739732 0.0687023 0.314532 0.0414331
10 0.236226 0.225897 0.0133967 0.0688247 0.0413832
4 0.431484 0.238107 0.117532 0.0627742 0.0408783
11 0.0508387 0.986532 0.102284 0.0244589 0.0401239
6 0.0126094 0.651567 0.0255428 0.617826 0.0399949
6 0.088254 0.764301 0.163157 0.322581 0.0398836
6 0.160362 0.607037 0.322864 0.763686 0.0394685
10 0.387306 0.217664 0.0212052 0.0506856 0.039257
3 0.498057 0.503915 0.999581 0.975987 0.0392128
10 0.206669 0.395048 0.0201068 0.0849908 0.039207
6 0.110486 0.809784 0.120107 0.242589 0.0386447
6 0.100579 0.760602 0.0994848 0.254156 0.038368
4 0.541121 0.221114 0.0200324 0.044362 0.038319
6 0.970687 0.388152 0.0575241 0.212403 0.0381581
4 0.28007 0.224856 0.0170563 0.0309144 0.0379542
4 0.918832 0.372 0.157274 0.162481 0.0378558
4 0.104466 0.294446 0.209858 0.433019 0.0375461
4 0.198328 0.274285 0.0381285 0.111983 0.0371705
4 0.53329 0.237384 0.0236529 0.0320964 0.0370025
10 0.184816 0.395268 0.0532786 0.314835 0.0366732
4 0.19514 0.266251 0.0182052 0.0421049 0.0361171
4 0.387196 0.223895 0.0272987 0.0654759 0.0359792
6 0.971183 0.464604 0.0581215 0.330157 0.0358807
4 0.436649 0.243196 0.031811 0.0500034 0.0358548
10 0.989436 0.438896 0.0228242 0.452884 0.0357108
10 0.180569 0.416076 0.060564 0.321504 0.0352773
4 0.518011 0.218202 0.0202782 0.0260399 0.0349857
11 0.103303 0.690473 0.0772449 0.0494106 0.0349685
11 0.0132572 0.956833 0.0260052 0.0834315 0.0348242
4 0.66253 0.291233 0.0746054 0.0721173 0.0346991
2 0.148276 0.536262 0.0215185 0.0952415 0.0344308
10 0.163962 0.441647 0.0397902 0.224331 0.0343182
4 0.378785 0.246828 0.0299933 0.0324843 0.0340195
11 0.0371058 0.979762 0.0757552 0.0382391 0.0339511
4 0.473979 0.226902 0.0236012 0.0462596 0.0338796
4 0.959723 0.441422 0.0815197 0.459755 0.0336319
10 0.15964 0.42575 0.0292398 0.204723 0.0334729
11 0.499523 0.648437 0.996959 0.685754 0.0332704
10 0.194172 0.314752 0.0348165 0.176266 0.0329873
2 0.129576 0.679496 0.0270847 0.0426107 0.0327076
6 0.0901366 0.707448 0.181947 0.484546 0.0326742
10 0.491407 0.228809 0.0154771 0.0410792 0.0325289
4 0.307924 0.213397 0.0288604 0.0424815 0.0317381
6 0.147583 0.588627 0.297588 0.761551 0.0316608
11 0.00827476 0.952113 0.0175015 0.092966 0.0315834
10 0.489437 0.226183 0.0198237 0.0463382 0.0315141
4 0.319013 0.222476 0.0460696 0.0414835 0.0315074
4 0.960855 0.268546 0.0799458 0.449846 0.0314568
6 0.085721 0.953538 0.1458 0.0933167 0.0314333
4 0.0384537 0.34273 0.0788952 0.187313 0.0313036
4 0.110977 0.283577 0.139647 0.108216 0.03128
6 0.0656957 0.563545 0.1324 0.126724 0.0311981
4 0.513263 0.209623 0.030407 0.0249281 0.0310082
6 0.0891269 0.73214 0.151403 0.229306 0.0307376
11 0.0580831 0.99134 0.113655 0.0196167 0.0306115
6 0.989989 0.422059 0.0214926 0.300458 0.0304297
2 0.169442 0.53876 0.0286057 0.105216 0.0304184
4 0.435587 0.228966 0.0936993 0.07639 0.0300657
4 0.536741 0.224505 0.0308103 0.0471663 0.0298698
2 0.160867 0.543144 0.0451867 0.119007 0.0297751
4 0.141094 0.386514 0.285935 0.377349 0.029701
2 0.156954 0.531905 0.0357776 0.0979928 0.0295585
4 0.524538 0.231765 0.0181686 0.0348807 0.0294564
10 0.440237 0.239336 0.0172138 0.05284 0.0293764
10 0.279139 0.220199 0.0112318 0.0308299 0.0293476
4 0.457915 0.237991 0.0488549 0.0535048 0.0292187
4 0.362078 0.192571 0.0224105 0.0306947 0.0291277
10 0.490457 0.230374 0.0163555 0.0425495 0.0288137
4 0.4506 0.234524 0.199302 0.0723234 0.0287313
11 0.0319354 0.97755 0.0652231 0.0364375 0.0285533
10 0.270861 0.223313 0.0106629 0.0349573 0.0284741
10 0.156872 0.453935 0.028599 0.174027 0.0278948
10 0.153556 0.599311 0.0625364 0.262261 0.0278657
10 0.202315 0.400208 0.0283678 0.144219 0.027857
11 0.489226 0.814465 0.946031 0.355238 0.0278096
7 0.441773 0.698611 0.107026 0.353643 0.0277195
10 0.229293 0.290608 0.0422861 0.118924 0.0276909
10 0.233381 0.213336 0.0123984 0.0350647 0.0276255
2 0.159328 0.586871 0.0462753 0.18272 0.0276026
6 0.989673 0.352306 0.0197699 0.120183 0.027298
4 0.423685 0.244493 0.026834 0.0440789 0.0270556
10 0.485945 0.228693 0.0207536 0.0454809 0.0270468
10 0.440181 0.245641 0.0179125 0.0419747 0.0269802
6 0.1001 0.804392 0.183609 0.238803 0.0269619
11 0.0614917 0.966744 0.118726 0.0689817 0.0269334
4 0.452497 0.228525 0.187127 0.0752266 0.0269029
4 0.0373827 0.332211 0.0767725 0.166531 0.0266639
10 0.175667 0.28502 0.0255247 0.111355 0.0266257
4 0.897701 0.427924 0.20506 0.473139 0.0266221
6 0.0704997 0.846675 0.0964426 0.123825 0.0263852
1 0.189516 0.661055 0.379667 0.661547 0.026381
10 0.155676 0.458207 0.0251609 0.144416 0.0262594
4 0.472063 0.224436 0.0200048 0.0406041 0.0261651
2 0.163386 0.547841 0.0303976 0.0829719 0.0261587
10 0.166424 0.503076 0.0526916 0.20926 0.0260702
6 0.0241955 0.905738 0.03498 0.0955307 0.0259818
4 0.660548 0.288288 0.0469156 0.0512086 0.0258707
6 0.0631541 0.603835 0.121068 0.173371 0.0258448
2 0.146594 0.526346 0.0149876 0.0719183 0.0258304
4 0.453481 0.225774 0.0175364 0.0242273 0.0257233
2 0.0805752 0.84891 0.0415229 0.112603 0.0256982
11 0.721241 0.741719 0.553576 0.494136 0.0256952
2 0.134328 0.75941 0.0687517 0.209695 0.0255722
4 0.156717 0.247972 0.0214922 0.0306522 0.0255276
4 0.736932 0.494814 0.370631 0.392404 0.0254973
11 0.0323951 0.976335 0.0661529 0.040074 0.0254338
10 0.489581 0.232699 0.016208 0.040488 0.0248737
11 0.315529 0.745537 0.50439 0.491487 0.0241522
10 0.229326 0.357942 0.0240926 0.0915283 0.024106
11 0.770431 0.761109 0.441076 0.457992 0.0238806
2 0.16074 0.53948 0.0436485 0.128177 0.0235707
11 0.501218 0.671786 0.997996 0.644919 0.0235391
10 0.157968 0.456715 0.114265 0.423718 0.0232846
10 0.990894 0.161542 0.0186394 0.247414 0.0232058
10 0.436699 0.246885 0.0217269 0.0448502 0.0230333
4 0.400819 0.245665 0.0246597 0.0499745 0.022881
6 0.0607035 0.720071 0.0289081 0.0823735 0.0228471
10 0.437991 0.69353 0.15373 0.407301 0.0228092
10 0.0763991 0.963336 0.0793657 0.0710325 0.022662
10 0.158163 0.825627 0.116253 0.337764 0.0224902
6 0.0381787 0.818151 0.0530114 0.0936272 0.0224602
11 0.514385 0.722602 0.99706 0.535456 0.0222355
2 0.170424 0.555652 0.0254451 0.0820219 0.0217816
10 0.167217 0.425888 0.0613633 0.0789668 0.02118
4 0.652408 0.394073 0.126343 0.111435 0.0211317
10 0.179235 0.522514 0.0406664 0.123703 0.0209061
2 0.0803461 0.912741 0.0295558 0.0757099 0.0208746
6 0.102111 0.874879 0.0606586 0.0860535 0.02079
2 0.169353 0.629723 0.0227554 0.104573 0.0205444
10 0.438233 0.735956 0.173049 0.46933 0.020525
11 0.420254 0.756411 0.736259 0.476976 0.0205201
10 0.0948724 0.948544 0.0604964 0.0832891 0.0205082
11 0.483801 0.739242 0.499906 0.503804 0.0205009
4 0.736928 0.532795 0.377739 0.404422 0.020234
10 0.189278 0.449543 0.0173834 0.0221679 0.0202029
4 0.461519 0.597492 0.894975 0.778698 0.0201141
11 0.505957 0.756642 0.993886 0.459537 0.0199846
11 0.517511 0.921878 0.999953 0.144465 0.0199811
10 0.338967 0.227031 0.0166742 0.024853 0.019919
2 0.0993616 0.868773 0.050665 0.0267015 0.0199056
6 0.093215 0.802128 0.0406508 0.0278909 0.0197634
6 0.105831 0.910917 0.0413497 0.0549581 0.0196638
11 0.0901909 0.977036 0.0916889 0.0438822 0.0195129
11 0.515678 0.920871 0.999952 0.1529 0.0195087
0 0.617786 0.669883 0.123773 0.19425 0.0193975
2 0.0984439 0.858612 0.0454444 0.0291662 0.0193038
10 0.107206 0.525185 0.0407938 0.0525259 0.0193005
2 0.140926 0.750767 0.0305857 0.0995065 0.0192657
2 0.153325 0.612182 0.0294868 0.0982527 0.0192366
4 0.596515 0.444314 0.0995637 0.204359 0.0187095
2 0.593856 0.661199 0.06833 0.161206 0.0185623
10 0.414392 0.309606 0.0112734 0.0211328 0.0183768
6 0.0873165 0.928212 0.0782407 0.0845476 0.0183545
4 0.515335 0.689931 0.824091 0.592996 0.0183045
10 0.436201 0.935889 0.104249 0.122606 0.0182084
4 0.858712 0.471609 0.143134 0.317618 0.0181138
4 0.404668 0.213973 0.0141436 0.0249836 0.0177383
11 0.925719 0.755342 0.14302 0.1452 0.0176998
4 0.752957 0.366293 0.154412 0.0860055 0.017348
10 0.48354 0.183564 0.0156837 0.0291404 0.0170826
10 0.434307 0.287632 0.0133718 0.0144401 0.0170799
4 0.734575 0.570738 0.119869 0.147093 0.0170124
2 0.178146 0.661965 0.0137762 0.0379369 0.0168722
10 0.561023 0.520292 0.0186428 0.0302437 0.0168372
10 0.125622 0.930499 0.0634229 0.0538132 0.0167942
0 0.39321 0.497924 0.0213556 0.0202638 0.0167675
4 0.315558 0.331041 0.0823728 0.0380167 0.0167409
11 0.454286 0.663987 0.566961 0.472849 0.0166577
2 0.223011 0.804646 0.0185659 0.0494272 0.0166273
2 0.229945 0.801731 0.0214909 0.0569105 0.0166205
11 0.445346 0.783231 0.806885 0.39766 0.0165151
10 0.441953 0.681273 0.0246377 0.0193139 0.0164872
10 0.601953 0.544911 0.0980665 0.20125 0.0163935
11 0.433467 0.720004 0.297052 0.520987 0.016393
10 0.513112 0.25266 0.0362155 0.0354586 0.0163349
10 0.55751 0.349049 0.0201102 0.0331907 0.016183
2 0.216359 0.797257 0.0288729 0.0615409 0.0161083
10 0.356933 0.584205 0.0154375 0.0181139 0.016029
10 0.720451 0.620187 0.0705229 0.0672939 0.0160112
4 0.667808 0.338863 0.0567851 0.0498983 0.0159661
11 0.909544 0.826399 0.0711111 0.0599998 0.0158317
11 0.507914 0.739573 0.998456 0.876134 0.0158057
8 0.510102 0.533391 0.0191547 0.0223563 0.0157652
0 0.26611 0.653034 0.0307912 0.0629504 0.0157309
6 0.50507 0.804409 0.999975 0.992655 0.0157162
11 0.509179 0.765441 0.999919 0.99477 0.0155682
10 0.443557 0.705348 0.0427218 0.0340108 0.015554
8 0.392486 0.910442 0.0963548 0.0678772 0.0154934
8 0.290782 0.396162 0.034633 0.0465413 0.0154243
10 0.441077 0.769071 0.033605 0.0326142 0.015316
4 0.456639 0.777619 0.803749 0.39886 0.0151814
10 0.293067 0.392698 0.0417569 0.0296762 0.0151779
8 0.450239 0.897571 0.0755514 0.0411674 0.015097
