6 0.432753 0.518533 0.129311 0.274249 0.878696
11 0.316208 0.200443 0.170778 0.29887 0.864761
11 0.340706 0.469504 0.178839 0.31791 0.853628
6 0.589032 0.622357 0.120821 0.353558 0.840632
11 0.700981 0.633724 0.221031 0.354866 0.833963
6 0.701919 0.369774 0.108497 0.304433 0.821171
11 0.464114 0.281228 0.166634 0.262537 0.819836
11 0.791652 0.342612 0.214794 0.434855 0.817074
10 0.499191 0.0959462 0.0663838 0.192091 0.81059
2 0.761992 0.231909 0.0191555 0.0852768 0.803348
6 0.307258 0.773855 0.144752 0.249916 0.783499
11 0.190215 0.749264 0.235436 0.442158 0.741941
11 0.0616756 0.535162 0.111364 0.228754 0.738121
6 0.51353 0.334225 0.0978157 0.23804 0.723409
6 0.349887 0.223998 0.0957659 0.218188 0.720474
6 0.418622 0.282288 0.0914373 0.241126 0.639025
6 0.443119 0.914181 0.15287 0.172478 0.582457
6 0.130428 0.53643 0.0942937 0.243093 0.566013
2 0.837385 0.27733 0.0195388 0.0863656 0.408489
7 0.740174 0.263497 0.0221193 0.0830321 0.395366
7 0.237327 0.649097 0.0209353 0.0513255 0.392873
7 0.668792 0.621364 0.0213709 0.0702914 0.386026
6 0.821647 0.861762 0.222088 0.277678 0.364991
7 0.192794 0.660724 0.0254344 0.0450207 0.358051
2 0.741057 0.255927 0.0215895 0.0943389 0.335726
7 0.429754 0.23175 0.0214876 0.0431724 0.334122
6 0.938876 0.941738 0.094289 0.117599 0.331499
6 0.95517 0.814174 0.0884764 0.371325 0.325605
6 0.45041 0.914886 0.197989 0.171553 0.312522
7 0.737788 0.620378 0.0214045 0.0989208 0.298456
6 0.902103 0.81521 0.193217 0.37066 0.287214
6 0.166335 0.623353 0.0972099 0.219437 0.287214
6 0.888493 0.819836 0.216109 0.360983 0.280754
7 0.165028 0.827172 0.0246207 0.0536584 0.280726
6 0.41243 0.273985 0.0955982 0.250324 0.279423
6 0.852871 0.9171 0.133181 0.167571 0.269536
6 0.898171 0.940655 0.191361 0.119316 0.263868
6 0.979608 0.780642 0.040357 0.298631 0.257521
7 0.803899 0.224098 0.0220905 0.0521553 0.254374
6 0.851486 0.959667 0.102536 0.0818407 0.253328
6 0.694379 0.21341 0.0576365 0.170181 0.248034
6 0.862808 0.383677 0.135235 0.390744 0.245211
6 0.120457 0.531272 0.08137 0.232306 0.242342
6 0.964997 0.751157 0.0682428 0.499531 0.241961
6 0.849787 0.591306 0.227815 0.812369 0.240524
6 0.132487 0.500356 0.0800413 0.174334 0.240496
6 0.984361 0.743258 0.0310408 0.224185 0.237536
6 0.88432 0.363732 0.127584 0.356851 0.236031
7 0.121614 0.825123 0.0266372 0.0416985 0.230749
6 0.976705 0.768457 0.046739 0.280001 0.228596
6 0.285974 0.380559 0.0763602 0.144197 0.227312
7 0.265658 0.167421 0.0189707 0.0490316 0.226843
6 0.844385 0.718499 0.239125 0.565768 0.226765
6 0.1636 0.637205 0.105222 0.248873 0.223027
6 0.851646 0.586266 0.225984 0.824963 0.220153
6 0.88762 0.36699 0.141549 0.374969 0.215694
7 0.83139 0.198667 0.0170532 0.0631209 0.214036
6 0.869039 0.564981 0.251936 0.869071 0.21385
6 0.166201 0.600358 0.0946423 0.173719 0.213188
6 0.684385 0.186642 0.038588 0.11525 0.210939
6 0.831001 0.803917 0.243189 0.394802 0.208234
10 0.569816 0.10387 0.0444126 0.15209 0.205523
6 0.870702 0.572047 0.212342 0.853943 0.200563
7 0.772443 0.172757 0.0261433 0.0646949 0.200141
6 0.815933 0.917826 0.204733 0.165611 0.198589
6 0.31074 0.532301 0.0906932 0.177363 0.198303
6 0.986999 0.684792 0.0259897 0.353568 0.197493
6 0.393538 0.256973 0.0705473 0.21358 0.19317
7 0.312795 0.407425 0.0320369 0.0689286 0.192628
11 0.0620835 0.586686 0.113976 0.32854 0.191382
7 0.803725 0.213173 0.0217299 0.0315404 0.191131
7 0.742509 0.215496 0.0202197 0.0422618 0.190367
7 0.235189 0.670903 0.0276423 0.093956 0.189585
6 0.801924 0.886476 0.239318 0.225116 0.18906
6 0.966203 0.663853 0.0661194 0.678095 0.187466
6 0.942924 0.915976 0.110153 0.169445 0.187173
6 0.714871 0.208348 0.0970011 0.174554 0.18597
6 0.712251 0.175933 0.0914619 0.130401 0.185697
7 0.126082 0.795723 0.0366444 0.0959855 0.184607
7 0.308994 0.414812 0.0222048 0.0503531 0.181951
7 0.738186 0.592651 0.0205355 0.0477389 0.181757
6 0.0337966 0.572717 0.0664593 0.202505 0.181248
6 0.877519 0.479917 0.180109 0.64904 0.181234
6 0.143175 0.557086 0.127749 0.280408 0.180734
7 0.313209 0.423014 0.0199344 0.036322 0.180523
6 0.961209 0.565496 0.0762109 0.869178 0.177306
6 0.771224 0.955829 0.278825 0.0883989 0.17388
7 0.669087 0.619742 0.023752 0.0826459 0.173399
7 0.857409 0.23366 0.0132433 0.0321347 0.172291
6 0.920132 0.814226 0.155552 0.378895 0.170773
2 0.856199 0.255438 0.0175507 0.076092 0.170609
6 0.859552 0.395857 0.154988 0.400869 0.170203
6 0.853005 0.569915 0.224101 0.793599 0.170112
7 0.856111 0.282921 0.0160757 0.0466265 0.168036
6 0.820576 0.959891 0.159956 0.0813128 0.1677
6 0.145217 0.590687 0.14069 0.343643 0.167673
7 0.123614 0.826547 0.0231804 0.0377792 0.167496
10 0.521754 0.192156 0.112434 0.389543 0.167162
6 0.707953 0.182667 0.087601 0.133114 0.166193
7 0.306634 0.408529 0.0200163 0.0530999 0.16576
10 0.00594803 0.357486 0.0123122 0.249876 0.164654
6 0.388302 0.257122 0.0979184 0.237546 0.162569
6 0.00508678 0.242319 0.0108745 0.120555 0.162437
2 0.485556 0.224615 0.0217207 0.0641977 0.161873
6 0.955762 0.531242 0.08694 0.940011 0.160166
6 0.384553 0.265696 0.155314 0.266706 0.159581
7 0.739314 0.593802 0.0186588 0.0434344 0.157992
6 0.145164 0.497021 0.0717127 0.166647 0.157505
1 0.607575 0.11278 0.0514673 0.0547609 0.155974
6 0.944005 0.94203 0.08994 0.118101 0.155292
7 0.158949 0.867077 0.0343827 0.0832977 0.155077
6 0.888234 0.841999 0.0905144 0.184347 0.154135
6 0.396361 0.214423 0.0540829 0.125539 0.153898
6 0.0161309 0.728407 0.031796 0.224635 0.151564
7 0.121204 0.818272 0.0261518 0.0545376 0.149553
10 0.877508 0.319351 0.0981699 0.245273 0.148367
6 0.0914949 0.424315 0.0521552 0.0864078 0.148163
7 0.855765 0.28553 0.0180775 0.053149 0.1474
7 0.844788 0.263431 0.0164572 0.0708334 0.146873
7 0.803788 0.214511 0.0217976 0.0347352 0.146765
6 0.261418 0.283122 0.0764152 0.127653 0.142251
6 0.0322073 0.547824 0.0599694 0.135762 0.141738
6 0.0188448 0.490016 0.0377585 0.296616 0.141416
7 0.748761 0.149011 0.0172892 0.0503045 0.141384
7 0.836095 0.289421 0.0184229 0.0636259 0.141295
2 0.558307 0.0496667 0.0165076 0.0364798 0.140905
7 0.83117 0.211355 0.0160637 0.0716363 0.140877
6 0.96378 0.537536 0.0714522 0.897774 0.140721
7 0.0670627 0.526036 0.016511 0.0386335 0.140707
6 0.766242 0.475221 0.0895519 0.158269 0.139763
10 0.643645 0.0133573 0.0104911 0.0265934 0.139678
7 0.0582714 0.531053 0.0179307 0.0368745 0.139656
7 0.0560965 0.550483 0.0275235 0.0473816 0.13937
6 0.0146495 0.557218 0.0297252 0.200979 0.138342
7 0.164922 0.847232 0.0257118 0.0930124 0.138192
10 0.0163767 0.447639 0.0330702 0.473665 0.135539
6 0.101168 0.490138 0.040863 0.120035 0.135354
6 0.0643641 0.60536 0.123381 0.377961 0.132174
6 0.879726 0.340123 0.0984602 0.286994 0.132121
10 0.26671 0.0411253 0.085325 0.0828604 0.130865
7 0.74794 0.164864 0.0218939 0.0817223 0.130805
6 0.00677544 0.520557 0.0155406 0.24376 0.130512
10 0.0131447 0.405883 0.0274448 0.430819 0.130293
11 0.500999 0.965558 0.0639017 0.0712544 0.129684
6 0.272984 0.28404 0.0831422 0.138698 0.128857
7 0.835602 0.288101 0.0170973 0.064718 0.128376
6 0.839945 0.839094 0.229062 0.326785 0.128265
6 0.0218016 0.615498 0.0439368 0.41356 0.12694
7 0.00793611 0.677856 0.0154039 0.109387 0.125037
6 0.944184 0.936989 0.102773 0.134242 0.124415
11 0.136118 0.277922 0.0918021 0.205143 0.123791
7 0.282546 0.193786 0.0159168 0.0347267 0.123508
7 0.801737 0.231565 0.026609 0.0694397 0.12203
10 0.868677 0.33549 0.117833 0.276825 0.121222
7 0.119811 0.804352 0.0228075 0.0645119 0.120246
7 0.67739 0.593123 0.0142886 0.0708982 0.119638
6 0.00658845 0.501999 0.0142317 0.202175 0.118383
10 0.00602998 0.41364 0.0122324 0.161407 0.117651
6 0.467829 0.303653 0.165651 0.278699 0.115465
6 0.109224 0.498856 0.0519644 0.158485 0.115243
7 0.742114 0.225505 0.0198193 0.0678238 0.114821
7 0.756562 0.644291 0.0324057 0.0966418 0.114782
2 0.00593079 0.461948 0.0127718 0.140958 0.11428
7 0.19594 0.634701 0.0371527 0.0967109 0.11377
6 0.581972 0.138189 0.039749 0.0887222 0.113469
2 0.743051 0.215336 0.0263729 0.164397 0.113292
7 0.485925 0.210727 0.0150519 0.0370402 0.112947
6 0.729648 0.384359 0.160268 0.329922 0.112912
6 0.870208 0.655217 0.174342 0.307595 0.11186
6 0.671482 0.775334 0.113199 0.174043 0.111711
6 0.695834 0.367381 0.0904512 0.268165 0.111474
6 0.847563 0.968237 0.12141 0.065189 0.110765
6 0.734383 0.168501 0.0523741 0.0895055 0.110623
11 0.0578921 0.544927 0.0809141 0.182888 0.109906
6 0.464165 0.0999288 0.0337388 0.145303 0.109848
7 0.831593 0.237271 0.0196667 0.0447629 0.109563
7 0.0771542 0.473608 0.0210306 0.0426895 0.108639
10 0.569122 0.189279 0.0656487 0.360612 0.108447
6 0.983156 0.9433 0.0353723 0.114426 0.108269
10 0.00664832 0.460502 0.0145515 0.24732 0.108156
7 0.831213 0.233633 0.0172656 0.0448532 0.108011
7 0.433226 0.216234 0.0341789 0.0766459 0.107763
10 0.552112 0.193544 0.104509 0.384084 0.106896
6 0.881235 0.34428 0.163461 0.467176 0.106082
6 0.0878676 0.474963 0.0537054 0.0994458 0.105755
7 0.0312891 0.524235 0.0331183 0.0796951 0.10493
6 0.810906 0.939199 0.205751 0.124546 0.103863
7 0.267894 0.201593 0.0282626 0.0376823 0.103222
10 0.718621 0.172133 0.106343 0.23719 0.102526
7 0.842634 0.246145 0.0136284 0.0359656 0.101097
7 0.605404 0.191878 0.0203733 0.0685096 0.100812
7 0.0728442 0.47669 0.0264336 0.0453851 0.0972897
6 0.422044 0.319259 0.0828257 0.171147 0.0960813
6 0.0615759 0.507431 0.101988 0.169535 0.0960552
6 0.107655 0.723327 0.0688865 0.110344 0.0953021
6 0.626681 0.668093 0.197718 0.453116 0.0950316
2 0.268576 0.159951 0.0129844 0.0350899 0.0949731
6 0.110825 0.757244 0.0735333 0.174232 0.0938497
7 0.314698 0.399511 0.0368769 0.0809841 0.0907338
6 0.463418 0.333112 0.152295 0.196239 0.0894258
6 0.00499086 0.30108 0.0100918 0.112086 0.0892123
7 0.794471 0.239561 0.0328431 0.0529602 0.0888666
7 0.795217 0.236019 0.021443 0.0358097 0.0882883
7 0.768315 0.192023 0.0233341 0.0419033 0.0882017
11 0.70588 0.615958 0.0483595 0.0992093 0.0862989
7 0.75768 0.159957 0.0174152 0.0255701 0.0852709
6 0.0748341 0.513393 0.0811569 0.175149 0.0846942
7 0.729512 0.586816 0.0137999 0.0436592 0.0835885
7 0.762336 0.173062 0.0182446 0.0528358 0.0828964
6 0.748095 0.201822 0.159167 0.178741 0.0823848
6 0.896276 0.309404 0.0711037 0.232358 0.0818229
7 0.846268 0.25954 0.0141083 0.0646308 0.0815983
7 0.65216 0.574077 0.0466097 0.103942 0.0813864
7 0.426754 0.222299 0.019846 0.0587019 0.0809991
2 0.830857 0.226973 0.012365 0.0330159 0.07977
7 0.746221 0.225697 0.0166955 0.0668462 0.079372
6 0.507936 0.331896 0.0817034 0.228339 0.0790832
6 0.797026 0.949771 0.226957 0.115432 0.0788592
7 0.739162 0.262259 0.0199105 0.0694461 0.0783116
6 0.544586 0.321666 0.0633855 0.235643 0.0782843
6 0.894148 0.281248 0.0652732 0.176575 0.0777482
6 0.119567 0.569843 0.0741739 0.169551 0.0760487
6 0.870952 0.894723 0.24717 0.328605 0.0755738
7 0.159415 0.867938 0.0308266 0.0655159 0.0749913
7 0.0584444 0.536724 0.0252431 0.066201 0.0749766
6 0.322672 0.18452 0.145832 0.249694 0.0749644
7 0.667849 0.617983 0.0167351 0.0557981 0.0740574
6 0.34703 0.2324 0.0904647 0.189643 0.0735531
7 0.770646 0.182422 0.0189331 0.0354417 0.0718125
6 0.826874 0.879007 0.226271 0.298379 0.0718101
6 0.734154 0.202131 0.0615522 0.153204 0.0716346
7 0.164841 0.825183 0.0217216 0.047403 0.0714859
6 0.874358 0.977983 0.123537 0.0484869 0.069528
2 0.760468 0.232949 0.0173802 0.0840715 0.0694673
7 0.0664937 0.526784 0.0138105 0.0349985 0.0680404
7 0.763862 0.182195 0.0459294 0.0912088 0.0666371
2 0.114963 0.22706 0.0446245 0.105789 0.0660098
7 0.192066 0.663804 0.0260825 0.0472426 0.0658102
2 0.842824 0.267788 0.0154106 0.0732781 0.0640615
6 0.925935 0.322059 0.0686678 0.220335 0.0640386
11 0.78184 0.209375 0.189079 0.177869 0.06349
7 0.059271 0.502718 0.0151912 0.0554888 0.0633072
7 0.795953 0.230975 0.0180136 0.0269743 0.062695
6 0.310812 0.0994694 0.186284 0.194466 0.0623874
6 0.81006 0.425339 0.233374 0.305707 0.0619466
11 0.775853 0.20446 0.200868 0.170742 0.0603439
7 0.795376 0.215014 0.011415 0.0304086 0.0600804
6 0.23247 0.657755 0.146594 0.235477 0.0597544
7 0.320431 0.384598 0.025946 0.0593199 0.0594056
7 0.74446 0.242707 0.0165439 0.085499 0.059099
7 0.744602 0.229585 0.0168879 0.0726684 0.0584996
6 0.802241 0.460877 0.249375 0.659848 0.0577866
10 0.520259 0.192681 0.116656 0.402868 0.0560656
7 0.772521 0.179167 0.0261376 0.0608547 0.0559819
7 0.738962 0.282572 0.018519 0.0498631 0.055782
7 0.772726 0.154964 0.0201668 0.0291233 0.0550211
11 0.192589 0.759436 0.242858 0.468492 0.0542695
7 0.514137 0.965009 0.0323112 0.0659467 0.0539811
7 0.0782036 0.46814 0.015289 0.0313735 0.0537204
6 0.408868 0.455702 0.314002 0.395916 0.0507472
6 0.126158 0.533607 0.0492591 0.119981 0.0502212
2 0.848518 0.270909 0.0122297 0.0726007 0.0483337
6 0.12076 0.711977 0.0906943 0.139004 0.0482495
7 0.429947 0.247536 0.0405535 0.131845 0.0477293
11 0.191123 0.811618 0.228975 0.364736 0.0467399
7 0.192213 0.661195 0.0249393 0.0440838 0.0465607
7 0.164492 0.827456 0.0227853 0.04875 0.0465234
6 0.430821 0.959646 0.10903 0.0808159 0.0456376
7 0.313278 0.430991 0.0186109 0.026686 0.0419502
6 0.0960551 0.428688 0.0354918 0.0533752 0.0412556
7 0.769085 0.151317 0.0150686 0.0270841 0.0410188
6 0.514862 0.113327 0.139122 0.196875 0.0405318
7 0.159145 0.83127 0.0140881 0.028958 0.0383162
7 0.731391 0.60289 0.0104124 0.0321144 0.037008
7 0.75915 0.1475 0.040239 0.0484484 0.0365115
7 0.440625 0.255861 0.0122631 0.026043 0.0356252
7 0.235118 0.653413 0.0158876 0.0407909 0.0348523
6 0.436119 0.965067 0.106848 0.0692665 0.0348064
6 0.285184 0.737901 0.0652749 0.100107 0.0341716
6 0.694204 0.731456 0.224096 0.499491 0.0338641
6 0.334904 0.581123 0.0396729 0.0780884 0.0329875
6 0.0741569 0.615009 0.032225 0.0597812 0.0324246
6 0.114127 0.89101 0.124436 0.138839 0.0316109
6 0.301931 0.596521 0.0469758 0.058224 0.0314447
7 0.238653 0.681175 0.0244378 0.0542999 0.0307423
6 0.324967 0.713222 0.0265238 0.0559113 0.0301076
7 0.737639 0.616919 0.0149309 0.0312441 0.0295584
6 0.742188 0.943549 0.100389 0.120067 0.0290742
6 0.147707 0.946512 0.0990556 0.118636 0.0259482
7 0.744668 0.617079 0.012012 0.0265246 0.0255027
2 0.164559 0.859823 0.0216416 0.0389611 0.0252098
6 0.786984 0.61469 0.153698 0.107773 0.0240843
7 0.135539 0.874221 0.0274698 0.0475408 0.0237671
7 0.667877 0.528376 0.0204253 0.0303848 0.02298
7 0.243676 0.711549 0.0135583 0.0325226 0.0216989
6 0.177269 0.91847 0.0940847 0.118227 0.0208655
11 0.742147 0.39116 0.0231747 0.0474524 0.0198367
2 0.664846 0.677676 0.0311632 0.0500669 0.0195001
6 0.745928 0.521329 0.0102422 0.0161857 0.017971
7 0.211037 0.798589 0.0217335 0.0310764 0.0178834
