11 0.505761 0.673498 0.347046 0.374385 0.850445
6 0.619006 0.873026 0.163655 0.254459 0.84263
6 0.47369 0.871437 0.145668 0.255196 0.825639
11 0.923081 0.615471 0.0811785 0.174058 0.799347
6 0.679007 0.662059 0.13734 0.325236 0.717922
6 0.561984 0.473451 0.0952091 0.0897046 0.667999
6 0.353382 0.678257 0.13784 0.294941 0.644834
8 0.362295 0.329293 0.0571401 0.0880848 0.564903
6 0.932103 0.484022 0.123911 0.186366 0.511409
6 0.113388 0.750201 0.227532 0.490079 0.473578
6 0.92388 0.880277 0.151454 0.239812 0.44086
11 0.461782 0.155402 0.0385545 0.0439585 0.403131
6 0.475367 0.730626 0.125361 0.1169 0.401974
6 0.468198 0.49057 0.0860075 0.0825974 0.333411
6 0.952102 0.465174 0.0948235 0.211982 0.316041
6 0.261566 0.729137 0.12139 0.252298 0.289535
4 0.652192 0.182341 0.0215595 0.0341433 0.264178
6 0.0221366 0.607037 0.0445687 0.270487 0.256122
6 0.915026 0.795928 0.169311 0.406982 0.252814
6 0.926132 0.800873 0.148159 0.395546 0.245814
6 0.93654 0.469286 0.126496 0.211296 0.24088
10 0.983226 0.640196 0.0339564 0.393819 0.228403
10 0.980282 0.638238 0.0397017 0.41439 0.225991
6 0.90335 0.74509 0.192639 0.505746 0.224155
6 0.0237117 0.633016 0.0472694 0.39698 0.218709
6 0.476451 0.774151 0.141046 0.204825 0.21607
6 0.868042 0.877083 0.263117 0.247191 0.21433
0 0.21466 0.220792 0.0335685 0.0664824 0.213749
6 0.965414 0.722481 0.0695892 0.548964 0.203748
6 0.563602 0.639179 0.0976991 0.421609 0.200033
6 0.921028 0.550693 0.1022 0.311703 0.198008
6 0.934321 0.546066 0.128311 0.330592 0.194652
6 0.0229811 0.59279 0.0459572 0.358124 0.19408
6 0.0241666 0.715135 0.0496058 0.567548 0.189059
6 0.19518 0.972523 0.389701 0.0562774 0.18868
6 0.240116 0.975383 0.306274 0.0496466 0.186707
6 0.984438 0.552023 0.0312511 0.220012 0.184332
6 0.644647 0.742652 0.204145 0.482473 0.182468
6 0.444877 0.483245 0.143418 0.110502 0.176085
6 0.93068 0.766686 0.139261 0.468132 0.172408
6 0.466925 0.677179 0.160906 0.353033 0.167295
6 0.643023 0.686936 0.207976 0.372711 0.163012
0 0.301377 0.167321 0.0343449 0.0567203 0.162701
11 0.0339781 0.89039 0.0683483 0.217303 0.162004
6 0.952921 0.434177 0.0931898 0.151933 0.160529
6 0.977153 0.714089 0.0465271 0.563922 0.155279
6 0.0334151 0.735936 0.0678704 0.523672 0.154876
6 0.0248755 0.674813 0.0501069 0.5077 0.15115
6 0.471258 0.479795 0.0881927 0.0974022 0.149694
6 0.0211402 0.666215 0.0429239 0.400923 0.148503
6 0.263657 0.695461 0.111306 0.183781 0.144467
6 0.0338187 0.813345 0.068332 0.371951 0.138352
11 0.0326105 0.841658 0.0656219 0.113334 0.137502
6 0.975281 0.617246 0.0492775 0.477272 0.135421
6 0.982912 0.718623 0.0344479 0.253804 0.135205
6 0.953018 0.439563 0.0924103 0.162518 0.133867
6 0.364033 0.762429 0.154965 0.466427 0.133696
6 0.562416 0.560721 0.100821 0.257187 0.132091
6 0.123899 0.970661 0.249131 0.0596264 0.130077
6 0.314163 0.974249 0.533715 0.0518235 0.127218
6 0.574434 0.760598 0.0886116 0.192611 0.125758
6 0.817391 0.875134 0.362567 0.24893 0.125675
4 0.622353 0.175747 0.0228947 0.0222815 0.125201
6 0.269591 0.792532 0.308433 0.412474 0.124932
6 0.19321 0.976142 0.385009 0.0487787 0.124589
6 0.987145 0.500679 0.0268392 0.31427 0.124045
6 0.640636 0.763227 0.194012 0.220218 0.121037
6 0.638698 0.81931 0.191212 0.359158 0.120397
6 0.968306 0.593798 0.0627581 0.326169 0.12035
0 0.500044 0.155339 0.0212015 0.0327522 0.12002
6 0.679275 0.743547 0.139246 0.483449 0.119965
6 0.453192 0.667352 0.182926 0.350653 0.119492
6 0.312531 0.607115 0.0758728 0.163243 0.118421
10 0.0198191 0.565214 0.039205 0.248514 0.118134
6 0.678256 0.791469 0.13193 0.32589 0.117915
6 0.110924 0.646794 0.220204 0.282164 0.116721
6 0.25932 0.979947 0.234831 0.0405879 0.116691
6 0.218536 0.982691 0.265048 0.035994 0.116055
6 0.439033 0.5158 0.160885 0.167409 0.116023
6 0.62087 0.166022 0.0480183 0.0416189 0.114927
6 0.40438 0.162035 0.0386727 0.0389683 0.114848
6 0.329477 0.646623 0.106512 0.238229 0.114655
6 0.744759 0.714589 0.25985 0.454379 0.113907
6 0.268011 0.969117 0.289887 0.0617163 0.113657
6 0.238687 0.977483 0.218941 0.0446758 0.113009
6 0.464458 0.643543 0.134933 0.260312 0.112927
6 0.107012 0.976789 0.214503 0.0476817 0.112919
6 0.96743 0.606186 0.0648556 0.476455 0.111048
6 0.313202 0.654299 0.0830541 0.252168 0.11035
6 0.732632 0.633092 0.217835 0.290971 0.11003
6 0.267362 0.776159 0.151505 0.353305 0.109228
6 0.664367 0.747493 0.164356 0.497168 0.108943
6 0.0332491 0.793521 0.0663835 0.245738 0.10833
6 0.0204133 0.699269 0.041841 0.381108 0.107235
6 0.937041 0.658013 0.124644 0.342519 0.10705
6 0.199484 0.926143 0.400969 0.146786 0.106517
6 0.203727 0.922164 0.407267 0.155823 0.106378
6 0.272181 0.599364 0.151278 0.146478 0.104156
4 0.651944 0.188351 0.0196659 0.0240389 0.103135
0 0.214758 0.232093 0.0286691 0.0423085 0.103
6 0.100564 0.965102 0.202831 0.0701477 0.101186
6 0.6125 0.765091 0.147591 0.201522 0.0999182
6 0.283773 0.665111 0.206179 0.284053 0.0990012
6 0.634656 0.77242 0.183788 0.209998 0.09799
6 0.961704 0.88427 0.0768935 0.231143 0.0970379
6 0.759877 0.742473 0.315016 0.508231 0.0965781
6 0.242292 0.75135 0.490988 0.500469 0.0947353
6 0.113675 0.985072 0.228331 0.032645 0.0945093
6 0.598195 0.675471 0.164901 0.372779 0.0943398
6 0.673734 0.731331 0.121471 0.168875 0.0942506
6 0.193565 0.985677 0.198778 0.0303788 0.0922674
6 0.211678 0.719548 0.22905 0.257999 0.0918801
6 0.770091 0.743756 0.457369 0.511805 0.0916688
6 0.639646 0.688211 0.209886 0.392081 0.0901495
6 0.466112 0.157714 0.0305385 0.0386789 0.0884969
6 0.624298 0.794278 0.159314 0.155174 0.0878009
6 0.311755 0.767117 0.234062 0.460554 0.0874801
6 0.479548 0.721577 0.108097 0.0931515 0.0873922
6 0.365134 0.748056 0.105514 0.155875 0.0873318
6 0.698068 0.587484 0.0902163 0.166509 0.0868675
6 0.343938 0.714231 0.169509 0.368471 0.0858425
6 0.755205 0.742493 0.438071 0.509421 0.0829289
6 0.157783 0.924011 0.320317 0.152348 0.0828106
6 0.685147 0.599987 0.114308 0.200183 0.0827832
6 0.919312 0.888729 0.160974 0.224468 0.0824664
6 0.271457 0.839454 0.546004 0.319187 0.0820114
10 0.989521 0.536348 0.0211788 0.182237 0.0816374
6 0.473499 0.644007 0.117495 0.263066 0.0804639
6 0.642504 0.802967 0.214271 0.392854 0.0802452
6 0.0211789 0.560494 0.0427802 0.400005 0.0788016
6 0.370088 0.807794 0.116663 0.280005 0.0782988
6 0.0994461 0.752698 0.197565 0.468762 0.077959
11 0.521788 0.593948 0.308388 0.215142 0.0775075
6 0.0210126 0.569894 0.0421267 0.635044 0.0772676
6 0.657011 0.74805 0.167925 0.485069 0.076987
6 0.314728 0.615168 0.0728605 0.18503 0.0761639
6 0.474606 0.71124 0.135908 0.269818 0.0758468
11 0.476872 0.768994 0.11023 0.0453158 0.0748971
6 0.716482 0.580143 0.17002 0.191593 0.0747805
6 0.474152 0.795498 0.1348 0.127422 0.0746999
10 0.0169853 0.535694 0.0341766 0.250395 0.0737277
6 0.0965861 0.822076 0.194784 0.35264 0.0736688
6 0.111663 0.724365 0.22275 0.436399 0.0731336
6 0.760854 0.74409 0.470569 0.511974 0.0728783
11 0.56661 0.169436 0.040297 0.0297328 0.0706474
6 0.332225 0.607644 0.0983192 0.163132 0.0700887
6 0.379963 0.828115 0.148603 0.326216 0.0699438
6 0.780173 0.739389 0.435434 0.516514 0.0693081
6 0.495859 0.737535 0.975169 0.521309 0.0675233
6 0.382578 0.789429 0.59945 0.420478 0.0667347
6 0.424647 0.730324 0.256251 0.478655 0.0663649
6 0.703323 0.587738 0.0766042 0.162762 0.0662999
6 0.0799576 0.869797 0.1606 0.259923 0.0659223
6 0.262382 0.752229 0.523521 0.498645 0.0655911
10 0.989524 0.488534 0.0229337 0.305632 0.0653289
8 0.361078 0.330246 0.0566246 0.0874525 0.064443
6 0.566451 0.168401 0.0416868 0.032984 0.0638245
4 0.58058 0.170991 0.0152464 0.0284596 0.0627854
6 0.615123 0.872511 0.155775 0.246992 0.0622588
6 0.365489 0.776334 0.100435 0.168997 0.0609225
6 0.445502 0.731742 0.0772662 0.103594 0.0596111
6 0.344806 0.611416 0.0815639 0.150977 0.0594969
6 0.598762 0.757089 0.142369 0.200291 0.0586308
6 0.139672 0.975439 0.292394 0.0511701 0.0582146
6 0.306618 0.165508 0.0268771 0.0420965 0.0580348
6 0.985273 0.702588 0.0294078 0.253687 0.0573894
6 0.563503 0.477079 0.0907606 0.0786368 0.0566125
6 0.614312 0.675089 0.157243 0.289324 0.0561626
6 0.856993 0.953927 0.281077 0.0942837 0.0560989
6 0.578405 0.71252 0.0786747 0.0868618 0.055345
6 0.231374 0.607094 0.0760738 0.10872 0.0551272
6 0.251917 0.609173 0.109467 0.116611 0.0550923
6 0.986039 0.799126 0.0281156 0.185364 0.0548412
6 0.420976 0.767847 0.166901 0.277351 0.0536525
10 0.991857 0.457176 0.0184828 0.244806 0.052957
4 0.618464 0.170004 0.0849014 0.0546628 0.0527943
6 0.0963615 0.895989 0.194879 0.20569 0.0527388
6 0.507672 0.735115 0.343742 0.520727 0.0519537
6 0.447452 0.155511 0.0246948 0.0441268 0.0515779
6 0.81586 0.952711 0.357772 0.0968536 0.0510451
6 0.649074 0.760396 0.178566 0.23675 0.0508168
10 0.990881 0.510947 0.0180884 0.13128 0.0506451
6 0.652763 0.639814 0.084186 0.264351 0.0497384
4 0.652755 0.182426 0.0181517 0.0266887 0.0495452
6 0.141822 0.979625 0.153688 0.0420065 0.049024
6 0.611767 0.168159 0.0246855 0.032753 0.0482387
7 0.0174701 0.826768 0.0352309 0.0757588 0.0479685
6 0.907719 0.952504 0.182289 0.0987128 0.0476032
6 0.261479 0.694094 0.108762 0.17377 0.0475622
6 0.354885 0.687209 0.123758 0.265734 0.0473531
6 0.473628 0.816646 0.140421 0.191951 0.0471623
6 0.935049 0.793716 0.127716 0.232674 0.0469073
6 0.484008 0.731161 0.399955 0.530276 0.0464145
6 0.505594 0.720821 0.0558089 0.0930404 0.0459187
6 0.623691 0.822351 0.136411 0.139876 0.0458823
6 0.544896 0.76175 0.0365587 0.181493 0.0447103
6 0.354332 0.668149 0.0936973 0.110528 0.044625
6 0.516754 0.669364 0.309792 0.37838 0.0445233
6 0.424877 0.761037 0.0524761 0.16357 0.0444878
5 0.395411 0.329558 0.0190909 0.0633371 0.0438812
5 0.2859 0.579732 0.0292963 0.0493972 0.0433723
6 0.367904 0.77947 0.161628 0.231958 0.0433506
6 0.686455 0.573104 0.110221 0.167237 0.0422058
6 0.120839 0.907804 0.243942 0.1903 0.0418126
11 0.926355 0.579727 0.071288 0.107609 0.0402403
6 0.924385 0.612109 0.0749622 0.167091 0.0399253
7 0.490597 0.706036 0.0302519 0.0376542 0.0391852
6 0.452355 0.139106 0.0154253 0.0221151 0.0385068
6 0.926231 0.928352 0.145661 0.150353 0.0384765
6 0.966994 0.961493 0.0570358 0.135893 0.038284
6 0.388128 0.894925 0.147579 0.231999 0.0379914
6 0.504363 0.480505 0.0212785 0.0727657 0.0378057
6 0.343432 0.767392 0.0724472 0.120481 0.0364359
6 0.671805 0.586306 0.0760706 0.1724 0.0359537
6 0.982493 0.915372 0.0312496 0.181654 0.035568
6 0.431371 0.734046 0.0585608 0.0985578 0.0354678
6 0.515811 0.934302 0.230743 0.13738 0.0353397
2 0.227054 0.636431 0.0221965 0.05688 0.0352247
11 0.631443 0.780291 0.118926 0.0498405 0.0351439
6 0.120649 0.578613 0.160255 0.142986 0.0351027
6 0.102423 0.974467 0.204309 0.0642105 0.0344293
6 0.566057 0.82328 0.0953712 0.308455 0.0343817
6 0.787337 0.992224 0.288955 0.0610779 0.0341466
7 0.238474 0.587491 0.0474305 0.0575891 0.0333821
6 0.616666 0.767461 0.142264 0.0896834 0.0329394
6 0.983643 0.90726 0.0299908 0.125936 0.0327805
6 0.0336758 0.986853 0.0720558 0.053621 0.0324131
6 0.12406 0.690506 0.169881 0.177546 0.0320969
6 0.343609 0.731315 0.821364 0.526122 0.0319921
6 0.920406 0.507258 0.0817184 0.117146 0.0318458
6 0.0421312 0.970731 0.089632 0.0667567 0.0318254
6 0.217254 0.976806 0.130255 0.0413825 0.0316245
6 0.469473 0.70974 0.0716527 0.0495621 0.0315155
6 0.376645 0.930535 0.110974 0.153604 0.0312242
6 0.915771 0.683551 0.165273 0.325036 0.0311139
6 0.456777 0.827494 0.0881865 0.0395224 0.0308845
6 0.0985123 0.996872 0.182456 0.0124866 0.0306065
6 0.449574 0.542338 0.137991 0.0967519 0.0301127
0 0.524431 0.153842 0.0671041 0.0427442 0.0299432
6 0.574517 0.740825 0.0973142 0.276527 0.0296941
6 0.457846 0.711136 0.042676 0.0551404 0.0292398
6 0.928533 0.818126 0.136138 0.130117 0.0289155
6 0.476303 0.885192 0.110917 0.0763712 0.0282756
11 0.926697 0.579792 0.0698875 0.103471 0.0276213
6 0.71949 0.753688 0.0629572 0.133119 0.0274144
6 0.547942 0.844464 0.0882734 0.152614 0.026896
4 0.491174 0.166064 0.341191 0.0910439 0.0268179
6 0.474701 0.930562 0.175406 0.160076 0.0267748
6 0.580176 0.861959 0.0605998 0.0492534 0.0262039
6 0.244299 0.888678 0.164307 0.202863 0.0254193
11 0.0378629 0.987795 0.0766349 0.0530529 0.0254188
6 0.688721 0.881723 0.0828496 0.22412 0.0251847
6 0.534745 0.803976 0.0384698 0.109958 0.0251795
6 0.0922821 0.965983 0.188931 0.074471 0.0250664
6 0.22506 0.990103 0.1107 0.0170391 0.0250174
6 0.451691 0.528682 0.064718 0.039729 0.0249317
6 0.905308 0.776871 0.0968613 0.203513 0.0248616
6 0.251462 0.979579 0.24103 0.0670067 0.024236
6 0.360038 0.833519 0.0710636 0.0351639 0.0234056
6 0.457048 0.96329 0.133197 0.0878073 0.0233488
6 0.478643 0.773664 0.118554 0.0410063 0.023312
6 0.689637 0.954841 0.460978 0.138374 0.0228119
6 0.47188 0.937128 0.101027 0.117621 0.0226228
6 0.970324 0.966573 0.0629871 0.0785553 0.0224696
6 0.232296 0.98756 0.100602 0.0495003 0.0222793
6 0.525374 0.944974 0.0875593 0.149626 0.0221915
6 0.728049 0.842099 0.109482 0.119683 0.0221538
6 0.622711 0.783975 0.112433 0.0863602 0.0219516
6 0.443453 0.967894 0.121069 0.0783542 0.0218264
11 0.594318 0.693794 0.112195 0.134061 0.0217432
6 0.521564 0.959464 0.0857223 0.0977798 0.0215252
6 0.968881 0.898986 0.0578051 0.0948549 0.0212998
6 0.464464 0.973543 0.139059 0.0744919 0.021082
6 0.664817 0.806635 0.0553663 0.034559 0.0206686
6 0.908802 0.936099 0.0971385 0.132966 0.0206501
6 0.932678 0.869902 0.0330975 0.0646496 0.0204271
6 0.592754 0.950546 0.10377 0.0623938 0.0204199
6 0.4593 0.969851 0.128077 0.0823829 0.0196608
10 0.921994 0.915367 0.0773952 0.0970514 0.01939
6 0.608438 0.910055 0.0781584 0.0540598 0.019307
6 0.534368 0.887993 0.061154 0.0739712 0.0192922
6 0.477335 0.978712 0.118479 0.0510101 0.018764
2 0.0743937 0.831739 0.0681937 0.0902576 0.0187021
2 0.529194 0.824591 0.0333873 0.0326925 0.0181023
6 0.570784 0.977172 0.143341 0.0615085 0.0180966
6 0.418155 0.971436 0.297478 0.0819129 0.0178402
6 0.258081 0.979524 0.172831 0.0624801 0.0176418
10 0.720484 0.959606 0.0561433 0.0635679 0.0175959
11 0.103768 0.925082 0.0702519 0.082212 0.0175488
10 0.949265 0.77054 0.0510321 0.0682326 0.0174419
10 0.474775 0.955636 0.0736977 0.0432722 0.017424
2 0.540534 0.89935 0.0284166 0.0337145 0.0170054
11 0.661774 0.213547 0.0205513 0.0124502 0.0168897
10 0.516679 0.869804 0.0389672 0.0211673 0.01671
6 0.927886 0.652475 0.0232548 0.0209418 0.0166089
6 0.444919 0.927272 0.0478568 0.0301809 0.0162877
6 0.29612 0.94336 0.0586132 0.0978009 0.0162379
6 0.515773 0.976006 0.0687974 0.0664155 0.0159618
6 0.289644 0.964749 0.0933059 0.0631216 0.015822
10 0.21981 0.381727 0.0247014 0.0354596 0.0151618
