11 0.286066 0.500351 0.127864 0.140644 0.552253
4 0.754957 0.458112 0.0840732 0.0972836 0.363686
6 0.0367396 0.533677 0.0743958 0.158908 0.293713
4 0.343858 0.515633 0.172797 0.165135 0.236859
6 0.0331426 0.497868 0.0669648 0.222186 0.226388
6 0.038615 0.503114 0.0779763 0.226052 0.211809
10 0.961529 0.897425 0.0782801 0.204907 0.205585
4 0.485205 0.383851 0.137 0.116028 0.204586
10 0.287889 0.394418 0.124875 0.123587 0.181441
10 0.0504295 0.350712 0.0714418 0.0928424 0.17732
4 0.560373 0.360364 0.121572 0.139918 0.173339
1 0.913014 0.806094 0.174779 0.388445 0.157523
6 0.0151381 0.533671 0.0301134 0.156201 0.157275
1 0.773516 0.741172 0.4474 0.516485 0.151191
4 0.441722 0.379606 0.217211 0.144657 0.147942
1 0.927657 0.739581 0.144661 0.522711 0.146579
10 0.0573657 0.32827 0.11355 0.13567 0.14636
4 0.347555 0.53647 0.160185 0.131957 0.141116
6 0.0285661 0.475122 0.0579234 0.157926 0.140002
10 0.970962 0.890581 0.0599823 0.166451 0.137805
11 0.325229 0.506514 0.212929 0.161162 0.137559
6 0.0267356 0.503247 0.0539548 0.0974036 0.135951
1 0.645609 0.777662 0.701272 0.443804 0.135531
10 0.959202 0.843214 0.0830331 0.314608 0.133892
1 0.747784 0.887134 0.500551 0.225104 0.127763
6 0.238106 0.514195 0.0483219 0.104385 0.126598
11 0.125505 0.46542 0.250267 0.21044 0.123307
1 0.497562 0.501059 0.999988 0.999979 0.122465
10 0.259258 0.402924 0.0690497 0.107706 0.121188
4 0.32553 0.461755 0.207179 0.246225 0.119523
1 0.904526 0.74361 0.191169 0.513231 0.119176
10 0.980847 0.898954 0.0390635 0.186667 0.116527
10 0.970861 0.834182 0.0594685 0.331008 0.113462
4 0.43458 0.379672 0.225971 0.144895 0.112815
11 0.175354 0.471321 0.137314 0.175791 0.112617
10 0.381177 0.383253 0.0884887 0.117387 0.112306
6 0.0128169 0.52094 0.0257965 0.127007 0.11202
1 0.774745 0.853689 0.446336 0.292807 0.111829
4 0.323057 0.489537 0.216417 0.206992 0.110063
4 0.766682 0.465217 0.0616145 0.0996457 0.107908
1 0.636157 0.890599 0.720309 0.218162 0.107813
1 0.913114 0.854041 0.17458 0.29238 0.105775
4 0.752918 0.452527 0.0779068 0.0818073 0.104891
1 0.632489 0.855651 0.724927 0.287107 0.104795
4 0.464003 0.381131 0.10123 0.107767 0.104407
6 0.0114271 0.470891 0.0227485 0.185396 0.103775
6 0.0382525 0.545332 0.0767101 0.292861 0.10308
1 0.499275 0.738971 0.999938 0.527709 0.102423
11 0.0662854 0.460307 0.133349 0.160697 0.101238
11 0.0378911 0.567217 0.0760743 0.108913 0.100428
10 0.213234 0.410599 0.0860962 0.0987339 0.09835
4 0.518584 0.371321 0.206058 0.15089 0.0958657
4 0.334508 0.298822 0.0511434 0.0768805 0.0946825
1 0.732483 0.958644 0.53029 0.0840561 0.0923722
10 0.387356 0.405633 0.108782 0.174228 0.0916278
1 0.958336 0.505896 0.0837737 0.988212 0.0909268
6 0.213389 0.502691 0.0935154 0.132152 0.0897688
1 0.499195 0.735057 0.99999 0.536747 0.089469
1 0.495923 0.702835 0.99999 0.604022 0.0891286
10 0.980553 0.91228 0.0392414 0.173904 0.0887183
11 0.0721024 0.403153 0.145179 0.090254 0.0883283
6 0.0119383 0.485018 0.0241824 0.172815 0.0875847
4 0.462153 0.36753 0.0839401 0.0792546 0.0852887
10 0.257946 0.406984 0.238191 0.122557 0.0843182
4 0.319048 0.481452 0.227978 0.21056 0.08431
6 0.239339 0.519261 0.0362573 0.0933372 0.0835479
1 0.959152 0.655298 0.0817757 0.687885 0.0835207
10 0.982762 0.875883 0.0345905 0.233978 0.0820068
6 0.29338 0.524287 0.0794595 0.143935 0.0805663
1 0.661734 0.740247 0.668533 0.5188 0.0794194
4 0.772637 0.464555 0.125667 0.122806 0.0793694
1 0.942742 0.71563 0.11463 0.568829 0.0787869
4 0.732815 0.454283 0.0367067 0.0741879 0.0785507
6 0.0321221 0.500825 0.0461359 0.0841079 0.0776354
10 0.215721 0.464937 0.0929168 0.201345 0.0770572
10 0.952485 0.91708 0.0954476 0.167859 0.0769107
4 0.255729 0.45589 0.224163 0.20819 0.0761437
1 0.715553 0.740805 0.559346 0.517347 0.0755473
1 0.768744 0.641428 0.454042 0.720468 0.0748623
10 0.95944 0.947733 0.0825053 0.105786 0.0746454
11 0.112166 0.468137 0.224608 0.153084 0.0745813
11 0.276799 0.513636 0.111929 0.156404 0.0738477
11 0.0725523 0.485284 0.145462 0.25462 0.0735917
11 0.285955 0.453746 0.129899 0.0535688 0.073386
1 0.636912 0.804176 0.70657 0.385316 0.072253
4 0.829599 0.433665 0.12585 0.174017 0.0717963
1 0.903465 0.752793 0.195282 0.490112 0.0715072
11 0.164747 0.430299 0.108409 0.104709 0.0714211
6 0.765424 0.475498 0.0512646 0.0830678 0.0710849
4 0.27615 0.302788 0.162604 0.109311 0.0707085
1 0.917853 0.883279 0.164512 0.233242 0.0701213
4 0.228583 0.455574 0.458409 0.240463 0.0692931
10 0.953857 0.864437 0.0941622 0.273216 0.0691689
6 0.0359575 0.444864 0.0726195 0.339993 0.0686936
1 0.853282 0.764455 0.289001 0.463658 0.0676818
10 0.00772039 0.338184 0.0151255 0.12971 0.0673859
1 0.919683 0.525683 0.162396 0.944461 0.0667501
1 0.643323 0.958131 0.704392 0.085145 0.0665101
4 0.183766 0.413765 0.134118 0.110182 0.0662166
10 0.947903 0.891142 0.10588 0.218435 0.0656802
10 0.0895998 0.327691 0.0554111 0.121161 0.0653257
4 0.393779 0.455264 0.0877984 0.103955 0.0652687
10 0.951377 0.852415 0.0643498 0.26925 0.0649038
1 0.702531 0.97134 0.585916 0.0594049 0.0644969
11 0.155727 0.292256 0.128156 0.13123 0.0643945
4 0.392171 0.453695 0.0937138 0.108153 0.0643054
6 0.00812789 0.460291 0.0166037 0.158853 0.0630637
4 0.164672 0.20443 0.111649 0.0905456 0.0626887
11 0.137341 0.378564 0.118533 0.0850376 0.0621406
11 0.119283 0.477362 0.236781 0.161995 0.0614873
10 0.00843849 0.44428 0.0174837 0.303805 0.061176
6 0.188806 0.203298 0.0590899 0.0864449 0.0609072
4 0.447997 0.381598 0.0507622 0.0507807 0.0608658
11 0.299173 0.514665 0.159307 0.164679 0.0608372
10 0.00864793 0.403947 0.0176816 0.278709 0.0594314
4 0.533423 0.388885 0.121487 0.109036 0.0591532
6 0.0305361 0.4105 0.0614354 0.381503 0.0590635
10 0.0137006 0.275499 0.0271561 0.249224 0.0588401
4 0.824751 0.406242 0.0989881 0.113743 0.0587108
6 0.215651 0.489198 0.0868409 0.1572 0.0580482
11 0.0869976 0.418654 0.177145 0.15297 0.0574714
6 0.226949 0.484597 0.0700028 0.163536 0.0573394
10 0.876558 0.493007 0.0372694 0.0877905 0.0572387
11 0.112416 0.383532 0.177362 0.0947923 0.056753
4 0.303584 0.458102 0.223216 0.225002 0.0565792
3 0.197048 0.245186 0.216878 0.189898 0.056534
10 0.0175472 0.336593 0.0354963 0.135351 0.0563925
4 0.278823 0.314856 0.168665 0.122716 0.0559192
1 0.961201 0.645058 0.0778839 0.710885 0.0549989
10 0.880075 0.466248 0.0601925 0.146033 0.0548531
4 0.65751 0.448713 0.154946 0.102212 0.0545415
11 0.0965381 0.418564 0.17291 0.0857079 0.0543843
1 0.495245 0.662921 0.997976 0.681057 0.053893
11 0.0991387 0.414546 0.203068 0.102509 0.0534907
4 0.766477 0.458907 0.0525644 0.0845779 0.0534903
10 0.00663204 0.313259 0.0137502 0.155677 0.0531605
10 0.0254251 0.325822 0.050615 0.134974 0.0530806
11 0.0627014 0.452251 0.126007 0.146369 0.0529618
4 0.381224 0.359292 0.0860938 0.0909471 0.0528755
6 0.258852 0.511634 0.0299245 0.106108 0.0528637
1 0.906871 0.893629 0.18661 0.213285 0.0527708
10 0.022051 0.400477 0.0448318 0.309367 0.0527508
10 0.237408 0.455899 0.162277 0.218597 0.0525493
4 0.251862 0.284358 0.11318 0.0905221 0.0523777
10 0.0969715 0.314382 0.0603304 0.133938 0.0520324
11 0.0927834 0.406222 0.0638643 0.0500885 0.0519373
10 0.0159942 0.368718 0.0317394 0.0759575 0.0519061
10 0.361484 0.387639 0.0610695 0.112632 0.0517075
10 0.0272891 0.368746 0.0549489 0.456555 0.0513931
1 0.21592 0.265628 0.26287 0.190936 0.0511357
4 0.395291 0.49021 0.0848223 0.1628 0.0504632
10 0.0699563 0.425124 0.139129 0.29381 0.0504153
3 0.183309 0.362132 0.365668 0.386501 0.0493695
10 0.383094 0.4415 0.0379739 0.0719331 0.0490913
10 0.0223888 0.341452 0.0422879 0.115044 0.0490041
1 0.487042 0.887846 0.999978 0.232662 0.0488163
6 0.253117 0.51266 0.032275 0.105028 0.048404
4 0.45834 0.378164 0.282195 0.153417 0.0481378
10 0.98415 0.622111 0.0323659 0.36949 0.0478625
10 0.359423 0.388239 0.0528449 0.118256 0.0472501
11 0.0591648 0.464014 0.119695 0.174951 0.0471034
1 0.765348 0.956201 0.462853 0.0893601 0.0470784
10 0.982527 0.948982 0.0361765 0.103263 0.0469095
10 0.968427 0.931352 0.0612335 0.109444 0.0467489
3 0.167122 0.19527 0.335735 0.367213 0.0465192
4 0.517759 0.392451 0.0804318 0.0924622 0.0464806
4 0.448063 0.365269 0.0523069 0.0737808 0.0464287
11 0.101586 0.388711 0.200486 0.186185 0.0463534
6 0.245982 0.534614 0.0496336 0.0968271 0.0460884
10 0.956894 0.935589 0.0582625 0.111773 0.0459939
1 0.621414 0.918455 0.719417 0.152851 0.0459431
4 0.388729 0.34326 0.106217 0.0803033 0.0458936
10 0.986197 0.902181 0.0276771 0.152728 0.0449598
11 0.109259 0.327786 0.217151 0.189741 0.0448327
1 0.923304 0.850347 0.155755 0.304265 0.0444973
4 0.196546 0.206648 0.18018 0.109361 0.044359
10 0.408275 0.381427 0.0536738 0.104687 0.044322
4 0.563922 0.325822 0.0922953 0.089295 0.0442062
10 0.875751 0.488824 0.0501805 0.110271 0.0436784
4 0.244021 0.210086 0.093133 0.105823 0.0434484
10 0.256849 0.419044 0.0549641 0.083119 0.0431803
4 0.33337 0.302304 0.0433067 0.0472198 0.043072
6 0.340548 0.520847 0.147116 0.126865 0.0430557
11 0.233759 0.460618 0.234405 0.20165 0.0428121
4 0.822684 0.434524 0.214719 0.195283 0.0427098
6 0.948702 0.943658 0.106014 0.115335 0.0425478
10 0.0215488 0.37033 0.0420014 0.0661044 0.0423305
1 0.916777 0.820959 0.168127 0.354107 0.0418258
1 0.488146 0.908442 0.999979 0.193524 0.0409919
1 0.61299 0.98951 0.178851 0.0225748 0.0405534
10 0.403989 0.360298 0.0370641 0.0514507 0.0405273
10 0.944407 0.850749 0.0594921 0.253141 0.0403196
4 0.395776 0.430191 0.726142 0.294171 0.0402547
10 0.984445 0.869429 0.0323366 0.112879 0.039946
3 0.224554 0.38251 0.457129 0.400685 0.0398169
10 0.044373 0.352947 0.0696141 0.102179 0.0396143
4 0.351973 0.351893 0.125485 0.0983271 0.0392177
10 0.0132884 0.365801 0.0257355 0.0897599 0.0388158
6 0.181291 0.494988 0.12581 0.159444 0.0385248
6 0.240226 0.537904 0.0320259 0.0731325 0.0384763
4 0.25858 0.302674 0.208294 0.151678 0.0380302
10 0.212842 0.419686 0.162525 0.142858 0.0379247
4 0.396567 0.343141 0.118727 0.0819382 0.0375055
6 0.75335 0.451674 0.0791341 0.0801417 0.0373019
10 0.0581533 0.359434 0.0462322 0.0719945 0.0371391
1 0.619258 0.973477 0.74354 0.0540974 0.0370987
11 0.177076 0.427863 0.124995 0.130342 0.0370555
1 0.220671 0.298973 0.35022 0.285064 0.0370444
10 0.951587 0.94742 0.0572197 0.105396 0.0366406
11 0.131367 0.405091 0.0495392 0.0589322 0.0364347
1 0.627557 0.970172 0.726483 0.0622198 0.0364108
6 0.956083 0.963518 0.0851571 0.0743608 0.0358005
10 0.158379 0.404919 0.0437699 0.062233 0.0356971
11 0.0664107 0.501621 0.0943324 0.113159 0.0356189
4 0.10078 0.381818 0.203431 0.18829 0.0353833
10 0.78391 0.467499 0.0427427 0.0975027 0.0353714
10 0.953813 0.933163 0.056378 0.104189 0.0348441
3 0.185288 0.394296 0.370516 0.307385 0.0344874
6 0.241431 0.540116 0.0426446 0.0559994 0.034203
10 0.242849 0.417871 0.0348222 0.0797431 0.0339419
11 0.113748 0.261195 0.0625662 0.0750245 0.0336559
3 0.67478 0.0309676 0.648988 0.061848 0.0334802
10 0.115861 0.317468 0.0412983 0.100451 0.0328694
10 0.362609 0.452915 0.0897845 0.118491 0.032819
10 0.872395 0.490173 0.0361593 0.0865835 0.0328105
4 0.750261 0.909963 0.0419979 0.0450145 0.0327437
4 0.36676 0.327044 0.140675 0.109721 0.0326761
6 0.247912 0.49242 0.0584859 0.141143 0.0326758
10 0.987481 0.479401 0.0255967 0.257413 0.0325613
10 0.0478514 0.315792 0.0329176 0.0718761 0.0324092
4 0.49683 0.438233 0.948443 0.275656 0.0321749
6 0.226253 0.53661 0.026642 0.0750292 0.0321617
6 0.753848 0.466747 0.0897473 0.107655 0.0315059
10 0.0739426 0.364123 0.131919 0.10732 0.0313855
10 0.296604 0.346639 0.0901081 0.0847877 0.0311647
10 0.00833612 0.400028 0.0162126 0.0971917 0.0308786
4 0.564012 0.422813 0.0522623 0.0724352 0.0303862
11 0.173518 0.29025 0.350226 0.181243 0.030359
10 0.988644 0.946501 0.0234586 0.096829 0.0301542
10 0.873837 0.504917 0.0346399 0.090393 0.0300904
4 0.421398 0.361603 0.0869918 0.0902945 0.0300784
4 0.353132 0.505902 0.185412 0.10568 0.0298309
4 0.367864 0.343506 0.064817 0.0701329 0.0296281
11 0.155538 0.518414 0.241243 0.0930342 0.0294737
4 0.559875 0.298668 0.0978038 0.0849134 0.0288985
6 0.0189674 0.398651 0.0372786 0.0655878 0.0286315
1 0.489283 0.923659 0.999921 0.159111 0.0285655
4 0.110481 0.305709 0.219947 0.161469 0.0285413
1 0.958684 0.561611 0.0537271 0.0608003 0.0284753
6 0.0128502 0.45224 0.0248383 0.0710454 0.0281147
11 0.111326 0.321147 0.225741 0.217278 0.0272445
10 0.985549 0.956056 0.0295687 0.0887289 0.0268286
10 0.123045 0.315676 0.091199 0.133599 0.0264547
10 0.387853 0.469097 0.0482854 0.0702966 0.0262302
6 0.300327 0.533276 0.0634508 0.0452848 0.0261555
1 0.52257 0.993517 0.540897 0.0151526 0.0259937
6 0.242698 0.432399 0.0367184 0.0613546 0.0254375
11 0.0378002 0.585265 0.0746755 0.0545914 0.0253674
6 0.77078 0.48999 0.0356699 0.0484594 0.0241817
10 0.364929 0.355778 0.0599797 0.0658916 0.0241677
1 0.41717 0.981285 0.431263 0.0352615 0.0239998
11 0.251339 0.349446 0.102515 0.0898165 0.0237041
6 0.277842 0.580076 0.0365498 0.0383623 0.0236857
10 0.183277 0.341237 0.0919678 0.0802527 0.0236242
1 0.956869 0.712422 0.0842224 0.811447 0.0226788
10 0.156057 0.355002 0.102157 0.0532201 0.0224743
3 0.630506 0.0339306 0.718905 0.0681829 0.0216287
10 0.98763 0.975177 0.0248795 0.0527843 0.0216234
6 0.324015 0.437722 0.0758684 0.0850394 0.021547
1 0.343271 0.797152 0.66678 0.419962 0.0212847
6 0.199366 0.705923 0.116529 0.0748315 0.0212385
6 0.0109691 0.900271 0.0226548 0.0569051 0.021072
10 0.0592287 0.38859 0.0364499 0.0449503 0.0209398
10 0.111562 0.387969 0.0667405 0.0805774 0.0206189
6 0.192144 0.738523 0.0943276 0.0691304 0.0201957
10 0.224954 0.676879 0.0559988 0.0879032 0.0199352
6 0.0500694 0.562497 0.0380986 0.0333476 0.0196222
6 0.305418 0.52417 0.0307311 0.0217314 0.019587
1 0.246744 0.910327 0.0401122 0.0163996 0.0188635
6 0.891111 0.614559 0.025873 0.0543667 0.0184024
1 0.504187 0.617246 0.999947 0.921702 0.0182728
10 0.197418 0.164182 0.0412512 0.0398407 0.018256
10 0.0350824 0.61099 0.0209525 0.0172744 0.0178149
10 0.844309 0.695421 0.0266203 0.0533202 0.0171995
6 0.163563 0.715138 0.0412861 0.0370718 0.0166745
6 0.316843 0.82699 0.12248 0.0816315 0.0165245
10 0.529678 0.4594 0.032065 0.0312993 0.0163082
11 0.0972153 0.826451 0.0459476 0.031658 0.0162233
11 0.275784 0.824348 0.0958677 0.0484059 0.016187
10 0.262361 0.656192 0.0892324 0.0559925 0.0161711
10 0.158521 0.614503 0.0630688 0.0299646 0.0161131
10 0.238208 0.751622 0.032224 0.0334661 0.015809
2 0.355702 0.698842 0.055624 0.0452716 0.0154269
6 0.10102 0.725247 0.0404646 0.0356291 0.0154199
11 0.239867 0.765274 0.336021 0.10167 0.0153623
1 0.453331 0.60765 0.0377674 0.0228939 0.0151773
10 0.374264 0.702204 0.036241 0.0239796 0.0151386
11 0.304368 0.847249 0.0974047 0.0423122 0.0150187
10 0.423283 0.777313 0.039629 0.0359566 0.0144438
10 0.34095 0.775941 0.0655785 0.0595961 0.0138652
