6 0.765824 0.468488 0.054804 0.0964748 0.310206
4 0.257774 0.425644 0.284389 0.189974 0.201127
10 0.962293 0.900005 0.076557 0.19996 0.175729
4 0.307384 0.426583 0.185691 0.167076 0.16445
1 0.775703 0.734628 0.446128 0.528692 0.15295
1 0.877413 0.741936 0.244516 0.515317 0.134143
4 0.204514 0.442378 0.405968 0.248666 0.132199
1 0.673577 0.856306 0.648593 0.28604 0.1305
4 0.597364 0.413478 0.112101 0.103907 0.128936
1 0.678619 0.746684 0.639526 0.504428 0.126569
1 0.498195 0.756091 0.99999 0.490121 0.125757
1 0.773823 0.723159 0.450672 0.55289 0.124063
1 0.186625 0.347831 0.373923 0.40212 0.122807
1 0.210789 0.251297 0.264923 0.216342 0.118274
10 0.875134 0.484576 0.0466099 0.0941557 0.11712
10 0.96021 0.837309 0.0809594 0.326815 0.111344
1 0.756626 0.968201 0.482336 0.0643908 0.109058
6 0.732391 0.452622 0.03671 0.0773467 0.108995
10 0.87629 0.484671 0.034121 0.0893872 0.101792
10 0.979696 0.896375 0.0416335 0.198424 0.101779
10 0.978222 0.835472 0.0441218 0.327785 0.100248
4 0.0588576 0.337583 0.118649 0.157225 0.100046
1 0.741768 0.855331 0.511547 0.287321 0.0994497
1 0.498598 0.722365 0.99999 0.560183 0.0994393
4 0.575204 0.372094 0.156415 0.178893 0.0985118
1 0.497681 0.501926 0.997941 0.997533 0.0939912
1 0.777673 0.899343 0.442444 0.201962 0.0916484
1 0.180975 0.270663 0.358591 0.246308 0.090509
4 0.210348 0.415844 0.0976484 0.116522 0.0891249
6 0.034182 0.470424 0.0700741 0.203432 0.0878974
4 0.119094 0.443947 0.237619 0.220412 0.0870684
1 0.242477 0.346483 0.48733 0.408477 0.0869937
1 0.906863 0.504612 0.185941 0.990192 0.0866922
1 0.887596 0.858523 0.224986 0.282913 0.0863217
4 0.594145 0.384138 0.118801 0.159388 0.0862787
10 0.960889 0.939213 0.0786894 0.122778 0.0861134
4 0.410171 0.38431 0.166916 0.159232 0.0850879
4 0.239897 0.430831 0.286255 0.19156 0.0846753
1 0.194327 0.78501 0.390364 0.43551 0.084355
1 0.638304 0.920169 0.714965 0.160137 0.0843404
1 0.268016 0.781215 0.540423 0.441398 0.081653
1 0.950336 0.732778 0.100529 0.532886 0.0797796
4 0.452843 0.385122 0.23354 0.167476 0.0797563
1 0.49629 0.889424 0.99999 0.219921 0.0796589
1 0.690389 0.971813 0.613161 0.0577532 0.078812
6 0.807033 0.981674 0.0753132 0.0373693 0.0780392
1 0.243459 0.363337 0.489159 0.436256 0.0770201
6 0.762404 0.4896 0.0461844 0.0550563 0.07566
10 0.956571 0.713713 0.0868263 0.572816 0.0756174
10 0.981411 0.949984 0.0384101 0.101097 0.0752975
10 0.981887 0.869367 0.0367115 0.257318 0.0745928
6 0.747349 0.451494 0.0696038 0.0888825 0.0745609
1 0.651768 0.968871 0.689813 0.0635724 0.0745345
1 0.205253 0.331476 0.390002 0.368087 0.0744499
4 0.384161 0.399655 0.367339 0.203989 0.0743612
1 0.256334 0.286999 0.365338 0.287883 0.0742607
6 0.809869 0.982844 0.0924488 0.0348082 0.0710545
1 0.28006 0.77781 0.563982 0.447773 0.0666309
8 0.0312394 0.507714 0.0641835 0.148101 0.0664576
1 0.751644 0.971822 0.49207 0.0574808 0.0663786
8 0.0279322 0.498613 0.0571379 0.0962873 0.0661926
4 0.0538046 0.353786 0.106633 0.11106 0.0653474
4 0.555994 0.342426 0.112494 0.123359 0.0651134
1 0.735637 0.601338 0.521547 0.799401 0.0640082
10 0.986351 0.743493 0.0282371 0.508016 0.0633723
4 0.162731 0.458037 0.171044 0.17764 0.0632399
10 0.982962 0.917362 0.035277 0.164935 0.0631113
1 0.317755 0.351077 0.640235 0.397577 0.0629182
10 0.871358 0.488449 0.0353924 0.0826822 0.0614363
1 0.615906 0.968809 0.755377 0.0641352 0.0612905
10 0.957898 0.672942 0.0846667 0.657227 0.0612864
4 0.226777 0.424136 0.450931 0.268016 0.0609258
4 0.0605339 0.399542 0.121431 0.311531 0.0607641
10 0.881258 0.487146 0.0275284 0.0849559 0.0604361
4 0.181888 0.432241 0.158723 0.158786 0.0603409
1 0.621868 0.815438 0.755677 0.369976 0.060269
4 0.462023 0.368837 0.181061 0.138834 0.0602591
3 0.754024 0.0419173 0.491681 0.0832511 0.0601576
1 0.771563 0.982719 0.402409 0.0352585 0.0594323
1 0.599562 0.909484 0.786569 0.17827 0.0592255
4 0.455075 0.371601 0.21906 0.148813 0.0590407
10 0.97065 0.862634 0.0596727 0.273757 0.0584414
4 0.620157 0.418132 0.0644051 0.0807798 0.0581515
1 0.965963 0.509905 0.0682255 0.975449 0.057398
6 0.772558 0.490491 0.036234 0.0503008 0.057389
4 0.342849 0.404948 0.56735 0.241794 0.0570711
4 0.110077 0.463647 0.220026 0.180503 0.0568285
1 0.279557 0.296282 0.174557 0.123904 0.0564863
10 0.951645 0.844874 0.0706995 0.263541 0.0559791
1 0.960997 0.5239 0.0781303 0.94724 0.0557125
10 0.986463 0.944104 0.028061 0.110347 0.0556861
10 0.988848 0.826716 0.0233067 0.340101 0.0550523
10 0.957693 0.933795 0.0594799 0.132045 0.0550041
1 0.70297 0.964314 0.584813 0.0725597 0.0541471
10 0.955225 0.935629 0.0662636 0.129576 0.053794
1 0.17614 0.205957 0.350156 0.385523 0.0535473
10 0.956725 0.926642 0.0873642 0.145196 0.0532584
6 0.759666 0.486652 0.0400919 0.0601262 0.053045
4 0.0518466 0.348309 0.0692502 0.0901236 0.0521508
4 0.250668 0.436131 0.272426 0.173357 0.0516805
6 0.952887 0.941687 0.0977003 0.118012 0.0515478
4 0.191297 0.442721 0.231365 0.197924 0.0513631
10 0.868493 0.483754 0.0290878 0.090159 0.0512639
1 0.168389 0.888525 0.339765 0.228373 0.0510631
4 0.152626 0.412204 0.0902152 0.0964322 0.0510416
1 0.25913 0.287316 0.130402 0.100583 0.0504207
6 0.959337 0.95865 0.0829855 0.0849127 0.0500158
4 0.266424 0.439953 0.365514 0.205738 0.0497036
1 0.73251 0.778207 0.523125 0.44591 0.0494945
4 0.510808 0.395069 0.0984161 0.107175 0.0487922
4 0.0559123 0.322883 0.111924 0.153743 0.0486944
4 0.504677 0.366056 0.124858 0.146369 0.0482011
10 0.948711 0.849826 0.0702318 0.27283 0.0478142
6 0.760209 0.476646 0.0408036 0.0715445 0.0477627
10 0.957789 0.945512 0.0831292 0.105286 0.047052
6 0.78854 0.476404 0.101398 0.0889896 0.046396
4 0.213826 0.444815 0.123027 0.172586 0.0462491
4 0.103982 0.396554 0.206948 0.308384 0.046236
4 0.155908 0.29154 0.128717 0.137894 0.045811
4 0.417551 0.394292 0.466985 0.218555 0.0456505
1 0.498163 0.748437 0.999986 0.517322 0.0452286
4 0.682339 0.443433 0.105431 0.104618 0.0448845
1 0.191689 0.864105 0.390626 0.278842 0.0447973
1 0.190475 0.213924 0.191161 0.132714 0.0442373
4 0.180654 0.409067 0.145516 0.130604 0.0442272
4 0.121142 0.472907 0.247957 0.200706 0.0437338
1 0.219003 0.899376 0.447488 0.206999 0.0434276
4 0.435089 0.357213 0.102054 0.0987817 0.0434254
10 0.98817 0.777871 0.0244053 0.438839 0.0429374
10 0.992131 0.578895 0.0162979 0.3517 0.0429171
1 0.724953 0.982358 0.312611 0.0353512 0.042559
10 0.98602 0.901714 0.0290595 0.151486 0.0421638
6 0.868384 0.982548 0.259712 0.0352398 0.0420192
10 0.783354 0.467625 0.0302949 0.0954382 0.0419279
1 0.36073 0.291953 0.724296 0.554624 0.0416811
1 0.509262 0.53933 0.937274 0.919549 0.0415107
10 0.942182 0.88395 0.0706632 0.213816 0.0414843
4 0.0629412 0.461132 0.127053 0.189072 0.0413575
10 0.881022 0.496917 0.0249035 0.0658316 0.0411186
10 0.955692 0.930128 0.0567678 0.127732 0.0410856
1 0.105606 0.325322 0.211112 0.194455 0.0409687
10 0.944201 0.914183 0.073765 0.169553 0.0406025
1 0.908829 0.64438 0.183722 0.72421 0.0405043
3 0.633514 0.0359027 0.731712 0.0731046 0.040481
10 0.964795 0.894891 0.0627931 0.143364 0.0404421
1 0.860752 0.812071 0.272879 0.372703 0.0404209
4 0.0377004 0.46415 0.0762875 0.341908 0.040286
6 0.760104 0.475001 0.0402634 0.0786007 0.0400938
1 0.495935 0.750936 0.999989 0.514492 0.040084
10 0.991872 0.607239 0.0166933 0.392975 0.0397372
1 0.356344 0.793434 0.721871 0.417211 0.0395649
1 0.309615 0.791385 0.626315 0.423112 0.0394132
1 0.609836 0.940541 0.575309 0.120502 0.0393156
1 0.496575 0.939419 0.999977 0.12426 0.0392461
10 0.900809 0.510798 0.0573591 0.209484 0.039165
1 0.497567 0.818777 0.999985 0.363586 0.0389715
4 0.354206 0.407282 0.69973 0.276594 0.0388798
1 0.200804 0.45266 0.400831 0.303699 0.0385919
4 0.409531 0.350896 0.149494 0.106035 0.0384244
4 0.937086 0.476784 0.126229 0.22432 0.038376
1 0.287772 0.335011 0.19854 0.165063 0.0383018
10 0.988454 0.931944 0.0237693 0.107578 0.0381206
10 0.993482 0.574344 0.0140525 0.329097 0.0380672
1 0.497961 0.860991 0.999809 0.279081 0.0375729
10 0.993924 0.472118 0.0129268 0.115326 0.0375728
1 0.114482 0.288185 0.226934 0.224927 0.0375601
4 0.825593 0.40203 0.10345 0.114122 0.0374974
4 0.23076 0.405333 0.275888 0.182736 0.0371217
6 0.765377 0.453267 0.0466464 0.0561547 0.0371107
1 0.220033 0.371865 0.297741 0.196076 0.0366932
10 0.968332 0.786308 0.0642455 0.249572 0.0365994
1 0.195794 0.204966 0.189601 0.115789 0.0364201
4 0.0923377 0.43474 0.184447 0.238817 0.0355906
4 0.385249 0.341552 0.105752 0.0895005 0.0355481
10 0.9478 0.928632 0.065753 0.115807 0.0351848
6 0.926818 0.870319 0.146796 0.265474 0.034603
1 0.551067 0.985945 0.216732 0.0291138 0.0345766
4 0.143612 0.374323 0.120178 0.0978999 0.0342176
10 0.987388 0.940083 0.0255303 0.0781634 0.0341921
10 0.984736 0.867904 0.0324043 0.102706 0.0340245
6 0.159241 0.203208 0.112861 0.092035 0.0340132
10 0.94075 0.935379 0.0721315 0.125422 0.0338676
10 0.937491 0.876813 0.124411 0.254495 0.0338632
1 0.274695 0.278816 0.169052 0.182143 0.0337033
10 0.859997 0.489712 0.0231772 0.0942217 0.0336441
1 0.846335 0.884544 0.300013 0.231344 0.0335787
1 0.93743 0.66184 0.123511 0.383592 0.0335457
6 0.754009 0.474799 0.0311528 0.0721717 0.0333652
10 0.260218 0.404971 0.0707744 0.134306 0.0332757
4 0.623162 0.292454 0.0518348 0.0796138 0.0332211
10 0.992815 0.525943 0.0148186 0.376889 0.0331322
4 0.448201 0.380431 0.0560017 0.0540497 0.0331082
4 0.239151 0.40511 0.174051 0.128738 0.0323453
1 0.237564 0.415419 0.488642 0.507412 0.0322209
1 0.13523 0.275945 0.27068 0.214007 0.0322206
1 0.591491 0.989719 0.12646 0.0219194 0.032214
10 0.956204 0.914585 0.0472723 0.137217 0.0317523
1 0.154839 0.255485 0.13822 0.191726 0.0315687
1 0.516466 0.973628 0.91464 0.0539674 0.0315011
6 0.870269 0.936885 0.256065 0.127215 0.031418
1 0.498466 0.926186 0.999965 0.151256 0.0314179
6 0.982221 0.97507 0.036975 0.0493451 0.0313729
10 0.974909 0.915982 0.0509991 0.120333 0.0313443
1 0.370734 0.38578 0.739363 0.318729 0.0313335
10 0.981243 0.95315 0.0361958 0.0965522 0.0309294
4 0.526915 0.348863 0.0548451 0.0936125 0.0308348
1 0.482334 0.967387 0.671421 0.0665775 0.0305029
4 0.559016 0.32673 0.0940064 0.0931833 0.0299444
1 0.445531 0.974399 0.540815 0.0519657 0.0295088
6 0.752641 0.45067 0.0731437 0.0891684 0.0292538
1 0.561887 0.988105 0.173306 0.0247225 0.0292455
10 0.943312 0.939085 0.05995 0.10113 0.0290343
4 0.212457 0.450625 0.0630092 0.0853271 0.0286581
6 0.0293968 0.550908 0.0593083 0.11525 0.0282556
3 0.498073 0.396712 0.999571 0.711108 0.0280985
4 0.827689 0.428855 0.199712 0.198486 0.0280907
10 0.0143721 0.375479 0.029245 0.11612 0.028043
1 0.246596 0.416744 0.499903 0.411444 0.0279004
4 0.167994 0.399424 0.0638199 0.0652085 0.0278619
4 0.274523 0.487552 0.193311 0.136563 0.0278392
4 0.0906755 0.409665 0.0746007 0.0604572 0.027814
4 0.553921 0.398653 0.093663 0.0843155 0.027767
1 0.188258 0.265139 0.196702 0.155045 0.0276889
10 0.0834991 0.165292 0.103918 0.260548 0.0275554
4 0.162519 0.397172 0.052417 0.0559231 0.027474
10 0.0169534 0.37352 0.0329811 0.0769058 0.027173
10 0.986197 0.952867 0.0261133 0.0596833 0.0270653
1 0.490591 0.656246 0.998966 0.657013 0.0270187
6 0.871162 0.965962 0.255351 0.0646557 0.0268478
4 0.836551 0.435191 0.141582 0.180271 0.0264139
10 0.989545 0.956224 0.0202083 0.0739366 0.0262455
6 0.8456 0.991654 0.165516 0.0170946 0.0262123
6 0.780845 0.989889 0.431144 0.0193937 0.025799
4 0.380189 0.369788 0.0814972 0.0780386 0.0252321
4 0.585038 0.307462 0.0489182 0.0706811 0.0251739
10 0.978816 0.946867 0.0324449 0.0600466 0.0251621
4 0.0260154 0.310928 0.0522906 0.139559 0.0250305
4 0.617133 0.280347 0.0304556 0.0500553 0.0248195
10 0.0979606 0.128342 0.19695 0.239339 0.0241786
4 0.356403 0.431959 0.0746231 0.0831709 0.0240246
1 0.507656 0.947964 0.998064 0.10721 0.0237439
1 0.231274 0.277885 0.10752 0.0750829 0.0236615
4 0.823236 0.43867 0.111873 0.166973 0.0235956
4 0.183508 0.406641 0.0376405 0.0574212 0.0230858
10 0.900373 0.660935 0.0502592 0.170234 0.0230241
4 0.405926 0.362374 0.0467976 0.0641778 0.0228892
4 0.45082 0.386928 0.0498887 0.0512758 0.0228802
10 0.865592 0.650558 0.0405748 0.0662348 0.0225509
1 0.39226 0.826916 0.788943 0.360246 0.0223627
4 0.579568 0.44572 0.086145 0.0752944 0.0221964
4 0.591678 0.454452 0.120126 0.107868 0.0219889
1 0.805345 0.928428 0.409454 0.124529 0.0218028
10 0.963317 0.632971 0.0725977 0.935681 0.0216123
4 0.217488 0.456925 0.0672757 0.0955255 0.0214447
4 0.15471 0.454555 0.0953711 0.101294 0.0213219
10 0.0201626 0.383283 0.0388535 0.0741123 0.0213106
10 0.0413727 0.380559 0.0425427 0.0611893 0.0210436
10 0.26478 0.414304 0.0761782 0.0539134 0.0209713
1 0.517266 0.794969 0.999931 0.353976 0.0209046
1 0.337445 0.311128 0.0825991 0.0988588 0.0208351
6 0.901148 0.926632 0.148454 0.162108 0.0206597
4 0.130548 0.4062 0.0454582 0.0578933 0.0201693
10 0.955068 0.826122 0.0849975 0.40327 0.0197765
1 0.184278 0.591076 0.382947 0.167958 0.0187907
1 0.766729 0.0255787 0.457298 0.0514329 0.0184023
4 0.14291 0.365029 0.0836446 0.0594982 0.0180178
1 0.0388249 0.406168 0.0777883 0.0896019 0.0178432
10 0.308308 0.475329 0.081269 0.0699717 0.0176559
4 0.160997 0.418662 0.0730807 0.0568733 0.0176347
10 0.193638 0.488261 0.0351895 0.0454096 0.0174523
10 0.455103 0.421297 0.0436684 0.053497 0.0171172
1 0.180053 0.3667 0.0454556 0.0316162 0.0169805
4 0.136126 0.433356 0.0567023 0.0737647 0.0169702
4 0.525489 0.42697 0.0627393 0.0459973 0.0169228
4 0.207592 0.459603 0.0533716 0.0513566 0.016914
10 0.0354318 0.691709 0.0579121 0.0440719 0.0168533
10 0.06843 0.399607 0.0382441 0.057175 0.0167046
6 0.767153 0.553708 0.0378145 0.0320761 0.016453
1 0.224498 0.87153 0.376391 0.108588 0.0162017
10 0.183735 0.628957 0.0452808 0.0309257 0.0161952
10 0.478354 0.627122 0.06721 0.0482684 0.0161621
10 0.069293 0.574759 0.13861 0.100485 0.0161264
4 0.132137 0.547648 0.187979 0.089698 0.0159946
10 0.208191 0.528395 0.0524689 0.0474144 0.015909
10 0.223424 0.844076 0.047193 0.0509096 0.0158301
6 0.728518 0.870635 0.0410879 0.0423887 0.0156282
10 0.53484 0.506617 0.0580902 0.0779973 0.0154923
1 0.168174 0.574468 0.0398345 0.0286185 0.0152123
4 0.258098 0.556904 0.156253 0.0761918 0.0151995
1 0.448903 0.578599 0.0437425 0.0300013 0.0148586
6 0.220996 0.784039 0.0449568 0.0542433 0.0148371
10 0.210625 0.7306 0.066376 0.0602118 0.0148152
10 0.779684 0.655643 0.0562206 0.0499961 0.014663
4 0.209526 0.70222 0.300043 0.0918289 0.0145847
10 0.225756 0.726964 0.0513172 0.0391483 0.0145124
10 0.58888 0.800679 0.0992126 0.0480082 0.0143797
2 0.366384 0.703704 0.100528 0.0697414 0.0142375
10 0.607365 0.78459 0.111854 0.0743758 0.014055
6 0.319757 0.750842 0.09197 0.0473311 0.0134037
10 0.438157 0.801971 0.0637522 0.0450669 0.0133862
