6 0.391157 0.616615 0.216058 0.624056 0.851911
5 0.478057 0.167118 0.0940807 0.126981 0.780708
5 0.39859 0.232998 0.114749 0.176981 0.765999
11 0.334083 0.709601 0.235692 0.576459 0.508886
6 0.254048 0.167403 0.195881 0.332937 0.30925
11 0.793556 0.646467 0.236635 0.670845 0.294457
11 0.314121 0.624968 0.189763 0.405602 0.226742
6 0.258915 0.254557 0.210523 0.50729 0.220946
6 0.87513 0.927873 0.0532951 0.144681 0.197866
5 0.49174 0.176669 0.0657146 0.0981946 0.196759
6 0.369984 0.544937 0.174842 0.46805 0.189447
5 0.496471 0.164636 0.0588312 0.116039 0.184048
6 0.265487 0.413934 0.237846 0.822586 0.176339
5 0.507904 0.175237 0.034492 0.0882873 0.171099
6 0.343814 0.556318 0.243573 0.511257 0.157264
11 0.362912 0.684776 0.297327 0.617202 0.154147
11 0.305739 0.591388 0.168624 0.343212 0.14911
10 0.707398 0.0189185 0.0662175 0.0379277 0.140862
5 0.462203 0.180716 0.058084 0.0848691 0.140847
2 0.610275 0.162989 0.0219606 0.0827114 0.133334
11 0.336529 0.713317 0.235402 0.568969 0.130008
6 0.900328 0.927799 0.0929716 0.144555 0.127014
6 0.895552 0.920368 0.113311 0.161156 0.119241
11 0.799815 0.646297 0.227207 0.679756 0.118343
10 0.712319 0.0225343 0.0800302 0.0453395 0.108184
7 0.714512 0.461194 0.0341166 0.0730507 0.106277
6 0.381094 0.549225 0.166119 0.487391 0.0977405
6 0.302169 0.541637 0.175736 0.550088 0.0953379
5 0.465059 0.195758 0.0294955 0.0487186 0.0932257
6 0.889953 0.862465 0.0910934 0.276279 0.0917135
6 0.297629 0.292768 0.295302 0.579983 0.0916362
6 0.328354 0.575322 0.231255 0.590073 0.089035
6 0.287262 0.377772 0.151785 0.263917 0.0871284
6 0.320952 0.450202 0.310428 0.678163 0.0856757
6 0.400073 0.444932 0.107784 0.274876 0.0786559
6 0.389385 0.540089 0.149706 0.455607 0.0778226
2 0.614352 0.163778 0.0135681 0.0786308 0.0777031
6 0.379137 0.54195 0.164686 0.450788 0.0749427
5 0.49395 0.144918 0.0414716 0.0811661 0.0729774
10 0.719008 0.0144066 0.0343165 0.0287942 0.0726714
6 0.266619 0.495556 0.234051 0.817581 0.0726557
11 0.709325 0.647138 0.404191 0.683278 0.0714946
10 0.707035 0.015978 0.0642353 0.0323588 0.0694355
2 0.607622 0.156168 0.0167572 0.0630781 0.0692286
6 0.330218 0.490745 0.370694 0.961622 0.0657349
6 0.258947 0.336378 0.227246 0.659648 0.065397
6 0.339401 0.416335 0.22711 0.275053 0.0653144
6 0.435712 0.61228 0.132346 0.578196 0.06457
5 0.389672 0.316011 0.0626477 0.0903048 0.064232
11 0.593623 0.643201 0.623884 0.692357 0.063467
4 0.432264 0.056114 0.0377716 0.110901 0.0632318
6 0.251821 0.137715 0.177151 0.272571 0.0631427
6 0.364401 0.552919 0.163842 0.475202 0.0597482
5 0.482755 0.182725 0.0828465 0.0989449 0.0594662
10 0.747755 0.141581 0.0196911 0.047497 0.0590838
11 0.562551 0.643042 0.672334 0.695952 0.0590395
6 0.319763 0.621469 0.222778 0.727287 0.0556131
5 0.278879 0.399629 0.107006 0.16267 0.055377
6 0.362422 0.645251 0.287117 0.705316 0.055287
2 0.85091 0.827622 0.0123016 0.0916925 0.0547893
6 0.402719 0.617129 0.187741 0.57176 0.0544872
11 0.297319 0.54912 0.146426 0.253755 0.053589
11 0.800244 0.600346 0.211828 0.567517 0.0530946
2 0.427425 0.0453949 0.0184887 0.0530974 0.0523594
6 0.355104 0.962755 0.160576 0.0751442 0.0519431
6 0.375644 0.527885 0.165984 0.426469 0.0511561
2 0.582197 0.0965858 0.0158991 0.0375395 0.0508794
6 0.38706 0.715023 0.214532 0.573493 0.0501315
6 0.250268 0.118242 0.172478 0.239896 0.049931
5 0.426518 0.213747 0.19734 0.240865 0.0497954
4 0.434506 0.0858771 0.0281394 0.0516967 0.0497028
2 0.603004 0.153193 0.0173349 0.058573 0.0495204
2 0.931752 0.0389575 0.0307507 0.0808053 0.0493387
6 0.320946 0.323198 0.344902 0.63505 0.0480867
5 0.469235 0.197313 0.022921 0.0432372 0.0476511
11 0.76872 0.617273 0.289273 0.709596 0.0471813
6 0.37354 0.601696 0.17374 0.456182 0.0469054
6 0.353556 0.616832 0.170034 0.392354 0.0466708
6 0.440678 0.706646 0.123051 0.395019 0.0466145
5 0.479085 0.165558 0.0885314 0.122795 0.0465174
5 0.39088 0.279118 0.0748935 0.156907 0.0464256
6 0.439187 0.62089 0.131385 0.574372 0.0454901
6 0.421122 0.555721 0.114292 0.455058 0.0453289
11 0.800814 0.537194 0.209949 0.458374 0.0453169
6 0.884097 0.931949 0.0522104 0.141104 0.0450514
11 0.512547 0.0529572 0.195813 0.10534 0.0443034
6 0.00342016 0.681903 0.00700478 0.61673 0.0441213
5 0.505141 0.158736 0.0243284 0.0497996 0.0431557
2 0.685317 0.0166107 0.0236339 0.0340604 0.0421414
2 0.611619 0.160173 0.0128543 0.0739925 0.0417683
6 0.388588 0.739769 0.222821 0.513029 0.0416712
5 0.431184 0.234485 0.163597 0.271665 0.0414006
6 0.421663 0.535349 0.0970804 0.423433 0.0413214
6 0.343946 0.667054 0.130034 0.277367 0.041283
2 0.60953 0.143854 0.016463 0.0444404 0.0407904
11 0.328775 0.677274 0.215919 0.3937 0.0407134
6 0.267983 0.610406 0.245114 0.674548 0.0404763
5 0.597571 0.254313 0.0564704 0.144944 0.040351
6 0.421366 0.562074 0.0948353 0.418799 0.0397819
2 0.9326 0.0750118 0.0325363 0.149889 0.0397119
6 0.367137 0.809252 0.163337 0.380716 0.0395263
11 0.361276 0.731021 0.280108 0.540596 0.0394441
5 0.462402 0.191329 0.0527605 0.0982589 0.039339
6 0.429135 0.638084 0.169185 0.67885 0.0390186
6 0.343434 0.802166 0.212745 0.359772 0.0387647
2 0.582117 0.114845 0.0206509 0.0757174 0.0379177
6 0.345635 0.702217 0.150287 0.24959 0.0373653
6 0.363859 0.782727 0.293441 0.456354 0.0372513
6 0.362877 0.832886 0.16349 0.332635 0.0371001
11 0.326469 0.721023 0.226469 0.547218 0.0370359
11 0.797575 0.782134 0.205089 0.425315 0.0369859
5 0.459368 0.204344 0.0354929 0.0525817 0.0369355
5 0.440309 0.221253 0.0418622 0.152679 0.0367959
5 0.491908 0.133809 0.0341372 0.0591515 0.0366916
5 0.508056 0.191591 0.028272 0.0566543 0.036373
2 0.426685 0.0364398 0.0232903 0.0666513 0.0363033
6 0.420778 0.532898 0.0825633 0.411542 0.0360202
6 0.388991 0.748213 0.217268 0.343966 0.0359047
5 0.440644 0.20839 0.0354876 0.123118 0.0357718
8 0.402936 0.248035 0.0898507 0.128608 0.0353035
6 0.436651 0.677225 0.141403 0.558735 0.0351889
2 0.614095 0.179562 0.0135839 0.0469394 0.0351176
2 0.413237 0.978188 0.0490328 0.0439542 0.0351024
11 0.294177 0.465853 0.141499 0.114105 0.0339983
5 0.381729 0.270709 0.0434428 0.114914 0.0337941
2 0.847388 0.814797 0.0139395 0.0604624 0.0337803
6 0.390282 0.501108 0.10088 0.379397 0.0336708
6 0.25876 0.274584 0.168858 0.279241 0.0335847
5 0.441738 0.208789 0.0320851 0.113986 0.0334764
2 0.337896 0.371235 0.0529871 0.151571 0.0333786
11 0.520549 0.639682 0.779747 0.693769 0.0333354
2 0.755176 0.336963 0.0170178 0.0936042 0.0330456
2 0.843525 0.52896 0.0197453 0.0356243 0.0330297
5 0.481232 0.133595 0.0704479 0.0786593 0.0329639
6 0.344624 0.848883 0.198861 0.303448 0.0328373
2 0.256878 0.405834 0.0567963 0.129922 0.0328134
6 0.386741 0.502764 0.172452 0.199064 0.0325957
5 0.46203 0.185591 0.045295 0.0758452 0.03245
5 0.287059 0.396638 0.0531258 0.130368 0.0323034
8 0.415181 0.266854 0.137255 0.157579 0.0321174
2 0.613661 0.183666 0.0149004 0.0420839 0.031731
11 0.708611 0.583828 0.0960567 0.344982 0.0316801
11 0.70567 0.580268 0.121905 0.358455 0.0316654
11 0.526373 0.708165 0.764669 0.567482 0.0316489
7 0.388581 0.378965 0.0252659 0.0586326 0.0307016
2 0.336929 0.760801 0.0495937 0.0739789 0.0304933
6 0.345425 0.733301 0.132391 0.265928 0.0304081
8 0.376565 0.256849 0.0345918 0.0862457 0.030117
6 0.336058 0.790979 0.153424 0.307555 0.0299079
6 0.335663 0.623459 0.365445 0.607971 0.0298345
10 0.936322 0.223663 0.0403961 0.468248 0.0298027
2 0.531034 0.0543098 0.0114 0.021081 0.0297611
8 0.398462 0.266322 0.0745621 0.0920032 0.0297597
11 0.280336 0.548301 0.115619 0.232886 0.029667
11 0.635948 0.768929 0.495277 0.467746 0.0296364
6 0.392064 0.380854 0.105197 0.232013 0.0294531
2 0.853765 0.845156 0.013554 0.133647 0.029446
11 0.973863 0.502612 0.0468708 0.999581 0.0293348
6 0.304841 0.904611 0.281583 0.298355 0.0291473
2 0.248108 0.402245 0.0374532 0.118645 0.0286403
11 0.620903 0.725359 0.450542 0.502515 0.0283565
6 0.333418 0.745468 0.0905453 0.117698 0.0282912
6 0.337245 0.752451 0.0914679 0.120761 0.0280365
6 0.245309 0.0698996 0.142409 0.145178 0.0280011
6 0.766901 0.466295 0.137357 0.115787 0.0278393
11 0.683276 0.769619 0.341868 0.436588 0.027263
8 0.373015 0.252696 0.0322485 0.0697201 0.0271328
5 0.435431 0.236387 0.038659 0.129831 0.0266371
8 0.393007 0.266436 0.066739 0.0884595 0.0265902
2 0.329159 0.376956 0.071175 0.158756 0.0265708
6 0.267139 0.502446 0.505497 0.988599 0.0264805
6 0.412204 0.814379 0.084873 0.24892 0.0262418
6 0.389858 0.463221 0.0700751 0.200164 0.026212
5 0.435788 0.218584 0.0500033 0.168176 0.026175
5 0.463698 0.155572 0.0546218 0.0680982 0.0261096
6 0.315386 0.91429 0.181409 0.165352 0.0259678
11 0.796566 0.668585 0.1937 0.268492 0.0259298
6 0.45396 0.760704 0.0675017 0.193176 0.0258796
6 0.40671 0.867834 0.0866651 0.260346 0.0257879
6 0.335694 0.733851 0.100435 0.142114 0.0256077
5 0.414418 0.263562 0.0484288 0.0770871 0.0256051
5 0.472794 0.163497 0.0581422 0.117459 0.0255054
2 0.258472 0.273225 0.0292174 0.0447874 0.0252726
6 0.383343 0.626459 0.0873174 0.231125 0.0252465
11 0.282878 0.678697 0.119941 0.174179 0.0250451
6 0.341525 0.863932 0.164583 0.268467 0.0249851
5 0.439899 0.159567 0.0220336 0.0327238 0.0249602
6 0.377271 0.857426 0.136009 0.28782 0.0248376
6 0.367031 0.774426 0.125743 0.268884 0.0247891
6 0.336484 0.818003 0.1545 0.284016 0.0242615
8 0.373503 0.249087 0.0370488 0.0821471 0.0242286
11 0.800422 0.420469 0.202409 0.229162 0.0241593
6 0.245229 0.587631 0.161345 0.25117 0.0241486
2 0.383235 0.32411 0.0447663 0.0675231 0.023968
11 0.519852 0.484693 0.778876 0.999255 0.0238509
2 0.38483 0.356523 0.0454832 0.0929242 0.0237163
5 0.459076 0.171871 0.0413174 0.0422779 0.0236508
5 0.509603 0.196559 0.0223971 0.0499469 0.0236295
8 0.457607 0.209799 0.0318629 0.0874301 0.0232913
5 0.393134 0.242287 0.0946732 0.184078 0.0232718
6 0.458722 0.8185 0.102469 0.180537 0.0232343
5 0.508135 0.166363 0.0205772 0.0395855 0.0232101
6 0.469624 0.596649 0.094684 0.103888 0.0231469
5 0.466467 0.179694 0.0397655 0.0385186 0.0231129
2 0.376584 0.320111 0.0317428 0.0737811 0.0230186
5 0.270803 0.296275 0.111988 0.122233 0.0229829
7 0.709933 0.464133 0.0256721 0.0566645 0.0229652
11 0.568191 0.766014 0.395962 0.427878 0.0227039
5 0.283969 0.385266 0.0659671 0.102955 0.0225193
6 0.259752 0.119334 0.0443483 0.0757382 0.0223943
6 0.321276 0.943463 0.202024 0.18169 0.0221104
2 0.296965 0.770055 0.0697135 0.0905228 0.0220871
6 0.432528 0.723914 0.0981901 0.0931031 0.0219839
8 0.516504 0.204415 0.0232758 0.0396872 0.0218605
6 0.253922 0.794872 0.196653 0.341093 0.0217829
10 0.614244 0.192484 0.0141791 0.0384615 0.0216557
2 0.384857 0.329843 0.0434637 0.110584 0.021261
6 0.31781 0.942827 0.256414 0.199776 0.0212401
7 0.711099 0.458092 0.025696 0.0537009 0.0211387
6 0.383447 0.928054 0.0890577 0.183626 0.0211107
6 0.397848 0.375127 0.0559942 0.0462352 0.0210625
6 0.34378 0.747004 0.0427413 0.0849913 0.0208806
6 0.341718 0.775146 0.0778378 0.103163 0.020809
11 0.521466 0.492004 0.780036 0.99581 0.0207893
6 0.411235 0.64568 0.0475214 0.0820661 0.0207644
6 0.360123 0.690914 0.0557006 0.0978818 0.0205834
6 0.414681 0.883396 0.0664977 0.121007 0.0205693
2 0.85569 0.882086 0.0135759 0.0613781 0.0202453
2 0.878577 0.938746 0.0246435 0.0760506 0.0202055
6 0.367756 0.896506 0.140976 0.219797 0.0201511
2 0.616438 0.19301 0.0138806 0.0459353 0.0201074
2 0.333674 0.838442 0.052583 0.0796454 0.020104
6 0.782552 0.929562 0.2291 0.14499 0.0200578
10 0.845695 0.961236 0.0241224 0.081268 0.0200232
6 0.303979 0.964687 0.178512 0.15023 0.0198618
6 0.433886 0.431725 0.0439557 0.0505346 0.0197945
6 0.388436 0.402207 0.0376314 0.123277 0.0197609
10 0.439236 0.436792 0.0446204 0.0607569 0.0196694
6 0.329575 0.968202 0.283764 0.156152 0.019664
2 0.793404 0.496627 0.0295633 0.092981 0.0194707
8 0.429349 0.281736 0.031159 0.0363575 0.0194
6 0.342007 0.845374 0.118745 0.181543 0.0193005
6 0.412236 0.457968 0.0405868 0.057608 0.0192678
6 0.442924 0.900625 0.0988472 0.208847 0.0191612
11 0.800843 0.423285 0.205171 0.225476 0.0190413
6 0.39656 0.362157 0.0690296 0.10081 0.0187627
6 0.351786 0.954953 0.143008 0.106939 0.0186859
6 0.851515 0.89411 0.115441 0.208299 0.0186491
6 0.875772 0.649677 0.0925791 0.721867 0.0185917
11 0.304758 0.868094 0.12448 0.136198 0.0185019
8 0.443168 0.317465 0.0434021 0.0586673 0.0184889
10 0.549496 0.275329 0.0331632 0.0871609 0.0184466
6 0.870379 0.892172 0.0445972 0.0626999 0.0183075
11 0.771016 0.919051 0.208912 0.162827 0.0182345
6 0.768804 0.959008 0.24138 0.139368 0.0181781
6 0.697193 0.955417 0.364263 0.16471 0.0180029
10 0.331236 0.0856485 0.0878204 0.177988 0.017905
10 0.312746 0.0622558 0.0485385 0.111801 0.0178971
11 0.516223 0.882729 0.699881 0.287835 0.0178219
6 0.456182 0.891611 0.0905645 0.20333 0.0178137
6 0.0252144 0.502372 0.0522592 0.998501 0.0177629
11 0.259956 0.913886 0.127755 0.165464 0.0177375
6 0.333198 0.970104 0.137071 0.0780498 0.0177037
6 0.337288 0.973128 0.125917 0.0602823 0.01761
6 0.305089 0.956363 0.14472 0.0877804 0.0173481
10 0.442136 0.358337 0.031171 0.0786772 0.0172959
6 0.417218 0.569542 0.0628472 0.0623125 0.0172867
11 0.233174 0.960288 0.137566 0.0833853 0.0172586
10 0.79346 0.973851 0.0624257 0.0393244 0.016955
8 0.720579 0.893556 0.0271269 0.0405302 0.0168634
6 0.350597 0.953436 0.133599 0.10759 0.0168081
11 0.233449 0.945733 0.127319 0.0968382 0.0167762
6 0.275653 0.815317 0.0814751 0.0669423 0.0167296
2 0.263045 0.840504 0.0559897 0.0782675 0.0167018
6 0.332854 0.960527 0.117764 0.104375 0.0166225
6 0.805066 0.472857 0.089507 0.0675305 0.0165048
10 0.372037 0.140186 0.0921669 0.191687 0.0164227
2 0.391289 0.938242 0.0776605 0.097821 0.016408
8 0.33718 0.941878 0.100247 0.0874901 0.0163751
11 0.227977 0.975062 0.153747 0.0824843 0.0162411
11 0.230114 0.955085 0.143989 0.097018 0.016204
8 0.358965 0.941979 0.093805 0.100558 0.0160453
8 0.547753 0.475862 0.0197203 0.0377477 0.0159959
2 0.311664 0.920617 0.0841794 0.0878054 0.0159819
11 0.786788 0.91532 0.17064 0.159193 0.0159483
2 0.265402 0.878163 0.0742391 0.0901361 0.0158872
6 0.439055 0.963283 0.105354 0.0879713 0.0158868
2 0.11139 0.0565939 0.217766 0.129666 0.0157263
6 0.532852 0.928762 0.621639 0.293592 0.0156413
0 0.466732 0.338746 0.0359756 0.0376849 0.0156384
11 0.774796 0.962173 0.144661 0.0583618 0.0155982
6 0.798115 0.981644 0.23836 0.0716464 0.0155224
11 0.280791 0.896991 0.107384 0.135583 0.0154478
10 0.759421 0.928475 0.0862543 0.153142 0.0153772
6 0.328967 0.966188 0.104076 0.0791443 0.0150809
10 0.523597 0.423844 0.0359402 0.0378922 0.0149892
10 0.467602 0.364893 0.0410604 0.0444045 0.014957
10 0.470645 0.432287 0.0349759 0.0385725 0.0149311
11 0.684324 0.950033 0.329787 0.159791 0.0148783
2 0.288926 0.961851 0.0622546 0.0687653 0.0148041
