3 0.721774 0.500665 0.558112 0.999006 0.524448
2 0.787822 0.807399 0.217079 0.386373 0.368741
3 0.722891 0.425135 0.552687 0.846392 0.357595
3 0.501102 0.499769 0.99999 0.99999 0.301101
2 0.862582 0.0765892 0.0812653 0.155195 0.248792
7 0.225316 0.2379 0.119829 0.275534 0.219536
3 0.902686 0.177357 0.194991 0.354292 0.193768
2 0.815759 0.804358 0.36042 0.391555 0.183801
6 0.209341 0.110067 0.415391 0.219861 0.177421
2 0.271416 0.201112 0.0620304 0.199457 0.173856
6 0.29162 0.0612429 0.16495 0.12313 0.172974
3 0.739375 0.178434 0.520329 0.358892 0.16422
11 0.256098 0.30356 0.508974 0.516095 0.160686
11 0.259392 0.300106 0.498149 0.468362 0.159464
2 0.789997 0.908397 0.190926 0.182776 0.159286
6 0.157813 0.107569 0.311406 0.214284 0.153944
6 0.11322 0.111344 0.226609 0.223321 0.1488
11 0.273877 0.267816 0.5453 0.533702 0.148261
11 0.272183 0.31235 0.542359 0.61906 0.147417
3 0.500664 0.365975 0.997496 0.735267 0.145655
2 0.468867 0.584652 0.0772686 0.170468 0.145224
6 0.289111 0.0475823 0.155766 0.0954059 0.144362
6 0.266365 0.107916 0.52844 0.216181 0.143878
3 0.905582 0.116347 0.188948 0.233073 0.142063
11 0.249097 0.299499 0.493445 0.418006 0.141256
3 0.883152 0.32599 0.234124 0.646795 0.14087
3 0.889507 0.25873 0.220805 0.513804 0.139794
3 0.723909 0.388694 0.548767 0.773293 0.13869
7 0.217142 0.248135 0.0813001 0.226832 0.137488
6 0.268551 0.0877883 0.471632 0.175472 0.137292
6 0.231745 0.0593075 0.359092 0.117109 0.13465
6 0.194179 0.130409 0.385597 0.259057 0.132467
6 0.442315 0.0692171 0.195855 0.138866 0.132118
3 0.855558 0.499108 0.288557 0.999916 0.129756
3 0.76014 0.187401 0.476287 0.372915 0.128191
11 0.266795 0.189956 0.530392 0.380517 0.127972
3 0.893016 0.400372 0.213787 0.796769 0.123903
11 0.274394 0.178572 0.545954 0.359562 0.12114
6 0.231276 0.0623644 0.307942 0.12409 0.12099
6 0.196047 0.0515602 0.361662 0.103133 0.119728
7 0.219299 0.257263 0.0875494 0.225855 0.118246
3 0.911233 0.0870211 0.177118 0.174308 0.117829
2 0.828088 0.900847 0.342273 0.197212 0.116222
3 0.501995 0.25241 0.999989 0.504683 0.115855
6 0.246077 0.168511 0.485473 0.337186 0.114791
10 0.452285 0.0489191 0.21039 0.0979167 0.114718
6 0.137815 0.24311 0.274388 0.482809 0.114205
3 0.727961 0.296362 0.542927 0.599415 0.112694
11 0.881321 0.498636 0.237045 0.557004 0.111829
7 0.229593 0.188789 0.120383 0.194187 0.111427
6 0.63826 0.0447192 0.15934 0.089914 0.110882
6 0.0807296 0.102982 0.162504 0.205142 0.107579
6 0.631659 0.0339183 0.161567 0.0683627 0.107104
2 0.269896 0.23145 0.0752935 0.256703 0.106936
3 0.829183 0.22873 0.340691 0.455332 0.105803
6 0.0725161 0.221599 0.146151 0.44046 0.105465
3 0.876508 0.431729 0.246184 0.84618 0.105035
6 0.0840434 0.173447 0.168703 0.346995 0.10457
3 0.733461 0.182664 0.530461 0.367818 0.103983
10 0.719821 0.0781767 0.144964 0.156481 0.103659
11 0.500175 0.158394 0.992369 0.317882 0.103654
11 0.888099 0.407989 0.224305 0.338544 0.102718
11 0.266731 0.500132 0.532918 0.999979 0.0999236
10 0.647678 0.0896577 0.201315 0.17866 0.0999044
3 0.724142 0.499655 0.550847 0.699316 0.0988765
6 0.133198 0.291994 0.265278 0.577836 0.0979072
6 0.459023 0.0525044 0.499519 0.105444 0.0977632
6 0.621522 0.0818722 0.232924 0.163198 0.0977242
11 0.887397 0.433653 0.226292 0.411981 0.0971278
10 0.491778 0.0488653 0.100341 0.0984499 0.0956995
11 0.430323 0.500049 0.857172 0.99999 0.0948387
6 0.34988 0.164707 0.369367 0.330178 0.0940573
2 0.375472 0.0636169 0.0830825 0.128762 0.0936823
10 0.691216 0.0763385 0.0913266 0.154047 0.0918445
11 0.257385 0.396705 0.510347 0.759792 0.091334
3 0.878064 0.610928 0.244646 0.774283 0.0904106
11 0.249747 0.400276 0.494581 0.56868 0.0898997
11 0.434071 0.210512 0.858461 0.420399 0.0898301
2 0.458026 0.676117 0.113074 0.354363 0.0894885
6 0.442244 0.149317 0.565467 0.29839 0.0889796
10 0.750084 0.113959 0.20424 0.226054 0.0889166
10 0.488693 0.0261428 0.0774906 0.0518188 0.0881907
2 0.45555 0.681154 0.127167 0.370807 0.088101
3 0.894424 0.498616 0.211519 0.999988 0.0873998
3 0.754688 0.0830536 0.482702 0.168425 0.0868553
6 0.585404 0.0855265 0.302201 0.169706 0.0863419
6 0.209642 0.183913 0.419982 0.370947 0.0859404
2 0.699874 0.79735 0.600097 0.404115 0.0856845
2 0.364552 0.0664907 0.0884918 0.133168 0.0842054
3 0.560286 0.498085 0.889758 0.999224 0.083395
2 0.840226 0.0610918 0.0663998 0.124482 0.0828524
6 0.234436 0.0493165 0.245421 0.0989499 0.0825103
6 0.241313 0.0936496 0.313824 0.186795 0.0823291
3 0.724741 0.524561 0.542856 0.909858 0.082065
11 0.249025 0.246753 0.492105 0.482861 0.0817329
10 0.454541 0.0304012 0.212412 0.0609541 0.0813959
10 0.735235 0.108157 0.237115 0.214712 0.0805987
6 0.665428 0.151832 0.379482 0.303347 0.0803832
10 0.789464 0.0743601 0.232026 0.146595 0.0782287
2 0.877586 0.834451 0.245355 0.328062 0.0772678
6 0.236359 0.271677 0.160596 0.370772 0.0769483
2 0.941947 0.794674 0.11635 0.409267 0.0769094
6 0.538133 0.0588946 0.255685 0.118972 0.0758736
10 0.760263 0.0743771 0.207859 0.148071 0.0758292
11 0.385637 0.354288 0.770646 0.709002 0.0746911
6 0.277004 0.181109 0.206253 0.363865 0.0746547
2 0.850291 0.90301 0.299098 0.192909 0.0746032
2 0.790859 0.758967 0.150345 0.275841 0.0744041
2 0.26663 0.202017 0.0868769 0.201752 0.073599
2 0.484794 0.0712184 0.102234 0.143216 0.0731998
2 0.929915 0.834047 0.14056 0.329793 0.071284
11 0.362798 0.166543 0.304984 0.338942 0.0710719
2 0.905975 0.848831 0.188238 0.300015 0.0708988
6 0.600884 0.0519978 0.241176 0.104971 0.0706524
6 0.110845 0.0839849 0.221705 0.165022 0.0704164
6 0.619853 0.192134 0.308504 0.385828 0.0702607
9 0.781869 0.873441 0.435984 0.250414 0.070202
2 0.813961 0.805081 0.367343 0.389646 0.0701237
10 0.594215 0.0288465 0.0732155 0.0575318 0.0696778
6 0.247808 0.108837 0.248644 0.217061 0.0695237
10 0.597452 0.326347 0.0786448 0.118867 0.0695036
11 0.432511 0.280315 0.85392 0.57247 0.0680605
10 0.709067 0.119478 0.208821 0.238606 0.0675519
11 0.356311 0.500304 0.71093 0.999797 0.0665382
3 0.745115 0.0675971 0.496556 0.136107 0.0663615
6 0.691308 0.0739599 0.434951 0.1475 0.0660596
2 0.0980222 0.756487 0.197141 0.486671 0.0658261
6 0.508511 0.063933 0.68969 0.127179 0.0658129
6 0.0398157 0.449642 0.0786561 0.869506 0.0649625
2 0.188301 0.765374 0.376984 0.469009 0.0640702
11 0.168034 0.28349 0.333221 0.403426 0.0636577
2 0.467064 0.481827 0.0940895 0.421534 0.062842
4 0.814566 0.622682 0.371457 0.754709 0.0615245
10 0.95178 0.714637 0.0962366 0.563584 0.0613965
10 0.610665 0.0320356 0.151783 0.0648039 0.0605874
2 0.681335 0.792581 0.635554 0.413538 0.0602995
6 0.274229 0.243613 0.246632 0.322793 0.0602668
2 0.817058 0.762712 0.364905 0.473469 0.0601484
6 0.0202822 0.316188 0.0403043 0.62167 0.0597388
6 0.129472 0.207266 0.257061 0.310241 0.0596389
3 0.504688 0.203555 0.557968 0.408976 0.0591383
6 0.665613 0.155276 0.238282 0.311446 0.0589093
11 0.50223 0.566263 0.999786 0.865313 0.0587813
3 0.93265 0.152276 0.133611 0.30781 0.0587591
11 0.500979 0.35041 0.980525 0.70664 0.0587583
10 0.309507 0.0328161 0.131543 0.0641184 0.058735
2 0.615881 0.777823 0.770692 0.443155 0.0586001
2 0.278735 0.155634 0.0413918 0.102721 0.0577882
6 0.0247433 0.133937 0.0500599 0.270155 0.0577496
10 0.957888 0.643663 0.0842941 0.70352 0.0571413
2 0.842687 0.0513513 0.0699419 0.104385 0.0566232
2 0.689481 0.0438477 0.0842966 0.087822 0.0566152
10 0.715981 0.0504934 0.145322 0.0991109 0.056055
3 0.921167 0.240702 0.156885 0.464899 0.0557588
3 0.50014 0.446007 0.98974 0.903309 0.0556751
6 0.0179071 0.207871 0.0360639 0.409308 0.0553295
11 0.479287 0.501665 0.94689 0.99505 0.0552519
11 0.8756 0.621697 0.250699 0.744491 0.0549434
6 0.319391 0.0795634 0.165152 0.160141 0.0547956
11 0.32355 0.397186 0.380309 0.603219 0.054338
10 0.951042 0.576807 0.098583 0.838901 0.0543045
11 0.273253 0.263706 0.231148 0.344676 0.0540227
2 0.380524 0.0445309 0.050541 0.0915813 0.0539946
9 0.661057 0.908074 0.676066 0.182533 0.0536202
10 0.366213 0.0483598 0.107063 0.0963314 0.0534515
6 0.198164 0.0371574 0.149252 0.0749223 0.0531384
3 0.65638 0.400125 0.393372 0.529417 0.0525675
2 0.761508 0.821442 0.349201 0.355555 0.0522284
11 0.254084 0.472865 0.506752 0.628268 0.0518586
2 0.694237 0.8321 0.440582 0.335308 0.0518357
7 0.214628 0.244023 0.0760234 0.229822 0.0518313
3 0.4996 0.513408 0.995366 0.846166 0.0513053
6 0.646676 0.0523548 0.170316 0.104725 0.0509947
10 0.252246 0.0390017 0.0957992 0.0779383 0.0507996
10 0.762976 0.134149 0.0727656 0.168302 0.0507179
6 0.618927 0.0428084 0.147465 0.0863265 0.0507056
6 0.66125 0.0239573 0.139397 0.0488085 0.0502655
6 0.875148 0.148466 0.182222 0.291329 0.0497178
10 0.743565 0.0427762 0.165391 0.0849573 0.0494652
6 0.636114 0.120999 0.345823 0.241841 0.0486784
10 0.725319 0.0822462 0.301734 0.163417 0.0485628
3 0.721411 0.624499 0.549125 0.841223 0.0483513
10 0.939953 0.102252 0.119344 0.205911 0.0478776
10 0.689801 0.13828 0.21017 0.278482 0.0472625
4 0.502561 0.800882 0.998546 0.392534 0.0470803
2 0.103197 0.83233 0.207658 0.333986 0.046978
6 0.164892 0.0974654 0.19672 0.186633 0.046597
2 0.223643 0.782773 0.447954 0.434362 0.0464888
3 0.718167 0.489556 0.530001 0.66314 0.0459873
11 0.204012 0.503124 0.40726 0.998752 0.0458862
6 0.419707 0.182654 0.233261 0.363611 0.0455246
3 0.645241 0.0901552 0.69479 0.182528 0.04544
6 0.216458 0.0415837 0.160807 0.0828479 0.0448664
6 0.116954 0.0857354 0.173351 0.175851 0.0446544
9 0.598713 0.872398 0.796162 0.250647 0.0445205
10 0.363413 0.0921451 0.125557 0.184055 0.0444304
11 0.500989 0.709102 0.999008 0.574099 0.0438342
6 0.308108 0.780783 0.618382 0.436373 0.0437977
6 0.162744 0.0436935 0.245412 0.0875303 0.0431488
6 0.858626 0.717497 0.279624 0.607786 0.0426318
11 0.257239 0.566301 0.513145 0.973935 0.0416498
6 0.285011 0.0345526 0.139961 0.0666174 0.0416355
3 0.754893 0.283485 0.480419 0.470332 0.0412508
6 0.225029 0.095194 0.400324 0.147368 0.041126
2 0.810751 0.895064 0.135983 0.210399 0.0405055
3 0.588018 0.625268 0.82956 0.742066 0.0400012
2 0.78959 0.720492 0.147649 0.193714 0.0396858
6 0.767363 0.967529 0.440372 0.0679943 0.039653
11 0.902449 0.324623 0.198823 0.264678 0.0394778
11 0.262956 0.566272 0.524502 0.999053 0.0382978
2 0.852596 0.0388255 0.0656933 0.0791218 0.038271
7 0.205626 0.164728 0.0838028 0.141983 0.0381624
3 0.742304 0.589959 0.511382 0.783159 0.0381187
3 0.630411 0.409363 0.343712 0.495093 0.0378249
7 0.867601 0.10254 0.0649752 0.119701 0.0372496
6 0.498049 0.496959 0.998755 0.999972 0.0372063
6 0.303451 0.0472362 0.129459 0.085521 0.0371041
10 0.599602 0.345852 0.0738726 0.105915 0.0370757
6 0.595019 0.158622 0.277373 0.295481 0.0368018
11 0.754444 0.271601 0.481945 0.346484 0.0366439
2 0.815161 0.794208 0.103904 0.235494 0.0362107
7 0.204891 0.205424 0.0635916 0.178463 0.0360653
6 0.872541 0.730006 0.251538 0.536393 0.0355763
2 0.58508 0.759123 0.801188 0.476677 0.035005
6 0.121361 0.14146 0.16514 0.137995 0.0336816
7 0.792399 0.811373 0.224637 0.374462 0.0332881
7 0.861582 0.105089 0.0694126 0.129568 0.0332293
6 0.238282 0.173311 0.297063 0.152331 0.0331317
6 0.26637 0.402587 0.508086 0.394357 0.0330983
7 0.792896 0.814091 0.161354 0.353289 0.0329975
6 0.81154 0.979094 0.338763 0.054789 0.0329168
6 0.498835 0.506103 0.999864 0.999978 0.0325463
10 0.930703 0.591045 0.138611 0.61863 0.0320946
3 0.629416 0.318724 0.348698 0.624875 0.0320798
11 0.914791 0.266672 0.150786 0.182477 0.0318276
3 0.702456 0.566222 0.587792 0.9999 0.031697
6 0.63168 0.261924 0.33451 0.50801 0.0314892
2 0.778577 0.930233 0.179083 0.141635 0.0307288
6 0.498047 0.511789 0.998085 0.999972 0.030652
7 0.215216 0.334244 0.0778553 0.0998872 0.0297876
6 0.855434 0.738198 0.288679 0.979273 0.029732
2 0.279853 0.163339 0.0408104 0.0937747 0.0294911
10 0.594833 0.0213252 0.0404214 0.0414334 0.0294821
6 0.718875 0.631821 0.551498 0.999874 0.0294806
11 0.89106 0.326649 0.212519 0.18633 0.0291922
7 0.218131 0.354185 0.0994651 0.190806 0.0285602
6 0.744368 0.844582 0.498498 0.325655 0.0278893
7 0.279087 0.234976 0.0366252 0.0731443 0.0275451
3 0.624854 0.358132 0.31994 0.455789 0.0274617
6 0.105499 0.375697 0.210561 0.219442 0.0273092
10 0.879853 0.82151 0.191179 0.3558 0.0261232
6 0.718595 0.682093 0.543635 0.999901 0.0252274
6 0.728368 0.671302 0.527035 0.998789 0.0251185
10 0.587102 0.422647 0.261527 0.28448 0.0237824
3 0.595517 0.419079 0.318907 0.571257 0.0236997
6 0.895064 0.941342 0.18318 0.151412 0.0236083
11 0.291945 0.761042 0.53311 0.929247 0.0233998
6 0.172359 0.978265 0.163929 0.0570097 0.0228042
11 0.265523 0.41962 0.205792 0.159434 0.0226209
7 0.808207 0.80011 0.0920496 0.124198 0.0223644
6 0.765101 0.167388 0.049665 0.119191 0.0222734
11 0.30339 0.550164 0.569402 0.429163 0.0222627
7 0.209953 0.325677 0.0602495 0.0860181 0.0220279
11 0.486059 0.811063 0.999934 0.999776 0.0218592
10 0.913807 0.417522 0.0794653 0.0772635 0.0217573
6 0.8997 0.782103 0.195387 0.292483 0.0216482
11 0.501201 0.621222 0.996601 0.779602 0.0214618
10 0.897928 0.129103 0.186581 0.127365 0.0213692
10 0.749165 0.940495 0.265648 0.118217 0.0209396
10 0.777567 0.800861 0.465036 0.365327 0.0209392
7 0.740545 0.873564 0.0736465 0.108911 0.0208156
10 0.486906 0.459381 0.158675 0.488775 0.0208053
10 0.767622 0.757513 0.105604 0.167193 0.020654
10 0.50193 0.593113 0.0639047 0.102545 0.0205458
10 0.783431 0.952364 0.129529 0.0979962 0.0204768
6 0.764323 0.582743 0.467919 0.40988 0.0203112
6 0.755566 0.711811 0.475354 0.479985 0.0201593
10 0.292983 0.508027 0.0913365 0.154171 0.0198383
4 0.321674 0.465613 0.386689 0.199349 0.0197584
6 0.330536 0.620861 0.271108 0.192048 0.0197281
6 0.749425 0.883315 0.265004 0.272678 0.0194788
6 0.278937 0.861775 0.291731 0.283601 0.0194758
10 0.739353 0.943387 0.0989595 0.11921 0.019093
10 0.718316 0.740379 0.349371 0.999128 0.0188915
7 0.245641 0.732384 0.0933212 0.104515 0.0188363
11 0.524551 0.630166 0.897952 0.426625 0.0186884
10 0.673593 0.744846 0.526948 0.998578 0.018574
2 0.510033 0.356772 0.169277 0.502457 0.0185594
6 0.593587 0.895755 0.221256 0.188772 0.0185335
10 0.90378 0.922904 0.175433 0.173528 0.0183615
11 0.874445 0.654039 0.120389 0.156616 0.0183547
10 0.521725 0.650415 0.187733 0.265703 0.0182802
10 0.559726 0.766987 0.292852 0.352242 0.0182188
11 0.50932 0.669923 0.976705 0.457948 0.0179582
6 0.609345 0.920097 0.273467 0.183044 0.0179111
10 0.475385 0.882926 0.999836 0.999238 0.0178461
10 0.630633 0.849664 0.484948 0.985776 0.0177331
10 0.477854 0.883343 0.99992 0.986026 0.0177061
10 0.900161 0.161554 0.0529701 0.0814905 0.0176703
10 0.62267 0.804711 0.0692205 0.0548462 0.0167699
