9 0.578871 0.487239 0.178583 0.357864 0.791384
9 0.467489 0.390834 0.0799244 0.167158 0.685045
4 0.548805 0.269949 0.0324507 0.0368143 0.541274
9 0.934624 0.800906 0.130657 0.399055 0.256318
9 0.523736 0.569535 0.517344 0.532481 0.220664
9 0.549801 0.56912 0.475692 0.533494 0.218443
9 0.547807 0.631717 0.460474 0.411629 0.214636
9 0.529145 0.678403 0.395408 0.311215 0.178664
9 0.469977 0.685225 0.27114 0.290403 0.153635
7 0.968786 0.0426508 0.0623039 0.0852981 0.150121
7 0.982908 0.0428483 0.0344933 0.0845829 0.131081
9 0.509297 0.394013 0.164223 0.175986 0.13091
9 0.627888 0.498419 0.739659 0.97938 0.128236
9 0.880817 0.799157 0.236906 0.401602 0.126125
9 0.929971 0.709504 0.139181 0.580296 0.121663
9 0.517012 0.666103 0.50201 0.33938 0.109154
9 0.506849 0.39937 0.161861 0.195718 0.105091
9 0.575072 0.563879 0.410291 0.514532 0.103883
7 0.94651 0.841823 0.107856 0.309608 0.0992931
9 0.937643 0.744262 0.124257 0.511094 0.0917873
4 0.096853 0.572571 0.193598 0.566279 0.0913205
4 0.100987 0.662429 0.202293 0.379349 0.0913063
9 0.435388 0.675139 0.339667 0.312637 0.0907035
2 0.938194 0.743294 0.0591983 0.115899 0.0897278
9 0.923008 0.602689 0.152588 0.791206 0.0894153
10 0.486345 0.226356 0.0460348 0.177202 0.0851227
7 0.957344 0.0328006 0.0343567 0.0672513 0.0847459
9 0.533468 0.655229 0.500032 0.438899 0.083676
7 0.944789 0.854339 0.111154 0.289692 0.083433
9 0.510261 0.627691 0.394631 0.409229 0.0831393
9 0.542224 0.394275 0.0919805 0.168125 0.0811189
4 0.500327 0.499845 0.999886 0.999984 0.0786821
3 0.241849 0.427287 0.483635 0.844443 0.0774015
9 0.574581 0.408829 0.167806 0.19928 0.0773354
7 0.943185 0.768515 0.116446 0.311035 0.0770578
9 0.653785 0.785488 0.687659 0.429498 0.0762045
4 0.0957734 0.508371 0.190926 0.712377 0.0749866
9 0.903557 0.499502 0.19264 0.997478 0.0741954
9 0.942478 0.62437 0.114587 0.748581 0.0740318
7 0.942911 0.766027 0.115099 0.313507 0.0739256
9 0.561311 0.535607 0.437508 0.479914 0.0736129
9 0.430623 0.646898 0.346485 0.367938 0.0730058
9 0.524445 0.598661 0.542709 0.651567 0.0728707
9 0.523683 0.500055 0.517388 0.658467 0.0722161
9 0.954705 0.529732 0.0901203 0.931705 0.0680483
9 0.332376 0.572005 0.661338 0.551066 0.0677029
9 0.514681 0.468354 0.177645 0.338437 0.0676008
2 0.904095 0.053734 0.078384 0.108252 0.0673932
9 0.633883 0.526617 0.292223 0.348747 0.0670313
9 0.523292 0.475704 0.201779 0.346594 0.0659356
9 0.534079 0.524438 0.544229 0.779928 0.0643976
9 0.607727 0.644685 0.78129 0.705834 0.0642155
9 0.849054 0.800103 0.302161 0.39897 0.064151
9 0.527891 0.33951 0.0457515 0.0644376 0.0641354
9 0.461317 0.36253 0.0549723 0.103835 0.0636132
9 0.637335 0.559369 0.231594 0.226379 0.0629066
6 0.112222 0.744367 0.166512 0.204194 0.0628378
9 0.944283 0.713136 0.112205 0.209155 0.0614843
10 0.76126 0.398006 0.0550639 0.141877 0.0614075
9 0.623233 0.599192 0.309267 0.459524 0.0606394
11 0.924673 0.848196 0.152246 0.302408 0.059724
4 0.0526907 0.509821 0.105225 0.712637 0.0594519
9 0.489053 0.634278 0.489196 0.400176 0.0589358
9 0.619684 0.495854 0.274362 0.375721 0.0588576
9 0.618214 0.559968 0.227354 0.227064 0.0587975
9 0.679078 0.516483 0.196074 0.313132 0.0574782
7 0.984438 0.0534299 0.0320365 0.104411 0.0574547
2 0.944174 0.745844 0.114005 0.264733 0.0573235
9 0.548126 0.479337 0.108798 0.341667 0.0566513
9 0.639149 0.500133 0.715658 0.999796 0.056117
7 0.956823 0.0287249 0.040168 0.0583269 0.0560735
9 0.493226 0.670635 0.999988 0.66033 0.0528508
4 0.489482 0.297819 0.0233127 0.0296836 0.0525076
9 0.54228 0.384231 0.0817611 0.147072 0.052353
10 0.759511 0.447361 0.0596457 0.247256 0.0516429
10 0.935443 0.0486128 0.130374 0.0980668 0.0515767
9 0.612307 0.414473 0.0861004 0.178138 0.0510539
11 0.940165 0.905551 0.120415 0.189819 0.0508123
4 0.050473 0.499209 0.100355 0.756292 0.0506388
4 0.130594 0.549208 0.260313 0.608615 0.0506074
4 0.554183 0.271752 0.0190466 0.0307066 0.0504488
9 0.67886 0.553247 0.198355 0.269407 0.0499569
2 0.925602 0.796606 0.0931954 0.36875 0.0498401
9 0.6724 0.554798 0.184016 0.22874 0.0494691
10 0.476573 0.190091 0.0175309 0.0678378 0.0493331
11 0.907557 0.883698 0.185218 0.232946 0.0488611
7 0.956686 0.0721138 0.0859827 0.142657 0.0488014
10 0.949968 0.817659 0.100272 0.362728 0.0487156
7 0.981636 0.777014 0.0368467 0.167038 0.0484872
9 0.387403 0.631384 0.77563 0.43396 0.0481308
4 0.0934414 0.680875 0.186158 0.347829 0.0479075
9 0.497835 0.57619 0.998763 0.593085 0.0478731
9 0.559065 0.378982 0.06448 0.128779 0.047491
9 0.397846 0.425278 0.793684 0.849551 0.0459614
7 0.981811 0.743901 0.0372183 0.0795653 0.0459278
9 0.553185 0.391922 0.250819 0.203506 0.0459066
9 0.493839 0.443929 0.142802 0.286822 0.0454922
10 0.984836 0.839016 0.0306621 0.316542 0.0454779
9 0.546663 0.468847 0.240816 0.178189 0.0450555
9 0.522686 0.56985 0.501155 0.513732 0.0448455
9 0.92054 0.538707 0.161168 0.922797 0.0448197
4 0.365215 0.449427 0.733254 0.892238 0.0447168
9 0.451754 0.68467 0.218059 0.28252 0.0447152
4 0.190205 0.555493 0.380925 0.599742 0.0441356
4 0.0932478 0.500049 0.186713 0.831704 0.0430446
7 0.985598 0.0310207 0.0288822 0.0625251 0.042975
4 0.0552298 0.667415 0.110212 0.380503 0.0425929
9 0.53726 0.60617 0.539847 0.704575 0.0424754
9 0.537762 0.46572 0.128374 0.230231 0.0424476
9 0.662066 0.634395 0.208782 0.372964 0.0420655
4 0.0457488 0.611258 0.0910055 0.492096 0.0419993
9 0.67947 0.494954 0.0443543 0.0774498 0.0407334
10 0.899845 0.185237 0.0948532 0.375453 0.0402525
7 0.960406 0.0429775 0.0452801 0.0850126 0.0402407
9 0.576883 0.386892 0.156412 0.210027 0.0398876
9 0.613883 0.490816 0.110898 0.323154 0.0398717
9 0.536617 0.636031 0.565898 0.645743 0.0396801
4 0.0896966 0.512696 0.178759 0.937614 0.0383077
4 0.116872 0.546469 0.234197 0.619363 0.0377383
3 0.240201 0.252729 0.484177 0.504415 0.0375314
4 0.0998245 0.721767 0.200925 0.258592 0.0364835
9 0.590831 0.501462 0.155437 0.312691 0.036004
10 0.984305 0.710026 0.0309337 0.410063 0.0359784
9 0.466902 0.508529 0.612825 0.478149 0.0354016
4 0.548562 0.27095 0.0302278 0.0356889 0.0352474
9 0.628602 0.543659 0.734222 0.975608 0.0352074
6 0.934287 0.870652 0.131541 0.272764 0.0350387
9 0.660045 0.833616 0.668934 0.341004 0.0347434
9 0.434773 0.705797 0.178708 0.235493 0.0347075
10 0.989025 0.0588796 0.0203098 0.0595168 0.03461
10 0.475798 0.211927 0.0280229 0.198965 0.0342841
11 0.49701 0.823856 0.999464 0.339117 0.0340566
10 0.912516 0.02882 0.10309 0.0576015 0.0339311
11 0.417106 0.908288 0.829222 0.185344 0.0336503
9 0.586626 0.398884 0.130711 0.171414 0.0335307
10 0.544478 0.542582 0.056475 0.189753 0.0330596
9 0.51513 0.494981 0.211035 0.312324 0.03287
10 0.921341 0.804046 0.0849274 0.378746 0.0324761
4 0.188486 0.615971 0.376966 0.477232 0.0322514
10 0.562138 0.548467 0.103459 0.246647 0.0320053
9 0.40787 0.442235 0.813845 0.798984 0.0318193
10 0.561199 0.545525 0.101163 0.253168 0.0317345
10 0.989153 0.0175592 0.0218392 0.0339899 0.0315155
10 0.883843 0.053621 0.234034 0.106744 0.0306139
9 0.531244 0.729655 0.563318 0.539191 0.0303739
10 0.751633 0.496969 0.073926 0.332452 0.0303325
9 0.712134 0.50698 0.111885 0.141971 0.0303088
10 0.988629 0.904825 0.0233493 0.186801 0.0302532
2 0.926731 0.755139 0.0400463 0.0779407 0.0299781
10 0.945575 0.814897 0.10745 0.262485 0.029477
10 0.940395 0.0453304 0.0808531 0.0897221 0.0294454
10 0.985411 0.915916 0.0298001 0.169013 0.0293394
9 0.468801 0.434779 0.0589566 0.0777841 0.0291634
3 0.394613 0.442072 0.793405 0.873716 0.0289683
9 0.808559 0.847092 0.371336 0.300903 0.0288939
4 0.263368 0.482422 0.532441 0.954203 0.0287802
11 0.944912 0.92183 0.111216 0.157792 0.0286494
4 0.129703 0.597481 0.26948 0.501427 0.0284127
10 0.559461 0.546413 0.106074 0.285357 0.028343
9 0.539333 0.743491 0.540642 0.431222 0.0283019
10 0.598148 0.352457 0.0225756 0.0448134 0.0281594
10 0.985412 0.936291 0.0289772 0.124206 0.0281138
9 0.538668 0.36743 0.025497 0.0276471 0.0280502
10 0.586718 0.605471 0.134494 0.19874 0.0276995
10 0.550741 0.588601 0.0415016 0.0595128 0.0276978
4 0.107128 0.710761 0.214295 0.58465 0.0276735
7 0.984462 0.801987 0.0311806 0.18598 0.0276247
4 0.173946 0.646156 0.347525 0.480612 0.0275195
9 0.767876 0.920373 0.459948 0.161957 0.027186
10 0.5515 0.611646 0.0639124 0.158557 0.0269098
10 0.626141 0.54003 0.094368 0.184666 0.0264447
10 0.954945 0.933271 0.0825932 0.127969 0.0264348
2 0.900963 0.902198 0.0588756 0.188952 0.0262183
10 0.988795 0.885443 0.020707 0.0525781 0.0261858
9 0.545482 0.404175 0.0539658 0.133604 0.0261678
2 0.903311 0.931559 0.0506409 0.135685 0.0259575
2 0.944297 0.0215109 0.0220112 0.0417169 0.0257902
10 0.955094 0.94399 0.0705117 0.103399 0.0256873
7 0.950569 0.86973 0.0980767 0.123064 0.0255445
2 0.929747 0.729298 0.022464 0.0321231 0.0251126
9 0.473877 0.456243 0.0819728 0.116761 0.0249025
9 0.537346 0.389862 0.0671584 0.115427 0.0248203
9 0.55191 0.828865 0.532919 0.340551 0.0243941
7 0.934615 0.832258 0.0305035 0.0498638 0.0243463
10 0.95849 0.970834 0.0788652 0.0647371 0.0241045
3 0.22562 0.138301 0.443825 0.27044 0.0235023
4 0.500969 0.512068 0.975316 0.82117 0.0234879
9 0.672567 0.517939 0.0678438 0.124179 0.0234495
9 0.521033 0.804141 0.529886 0.388991 0.0233488
4 0.594248 0.326923 0.160614 0.153105 0.023276
10 0.51717 0.684288 0.0754314 0.150021 0.0232246
10 0.575125 0.606959 0.0982642 0.0740633 0.0232145
10 0.988655 0.14298 0.0216557 0.0466459 0.0228641
10 0.956447 0.969197 0.0778847 0.0719791 0.0225753
4 0.546828 0.271708 0.0289288 0.034136 0.0225526
3 0.2336 0.117374 0.465704 0.23194 0.0224496
10 0.459539 0.463528 0.0624331 0.105778 0.0223917
9 0.487073 0.711834 0.291694 0.220773 0.0223285
9 0.862795 0.625631 0.270564 0.999536 0.0221651
10 0.573111 0.361712 0.0349869 0.0662917 0.0221478
4 0.114284 0.783134 0.216619 0.436429 0.0216891
10 0.581842 0.671922 0.122445 0.167236 0.021684
10 0.922424 0.663767 0.0600163 0.109913 0.0215532
6 0.700037 0.552856 0.092907 0.201347 0.0215095
10 0.451425 0.559898 0.0224759 0.0415002 0.0214378
9 0.511211 0.731374 0.999983 0.55511 0.0211494
4 0.048321 0.640649 0.0973134 0.710622 0.021082
10 0.541183 0.466904 0.0459037 0.0882469 0.0210194
4 0.520979 0.66198 0.999899 0.572176 0.0209472
10 0.942938 0.912694 0.0474501 0.0818535 0.0208632
4 0.0860905 0.736511 0.181403 0.444436 0.020665
10 0.654158 0.906654 0.0489676 0.112306 0.0206384
10 0.663299 0.929722 0.0393153 0.0835705 0.0204836
4 0.0986543 0.669211 0.186651 0.362445 0.0204337
10 0.950257 0.920494 0.060003 0.0837368 0.0203462
10 0.467847 0.89465 0.0489665 0.0590417 0.0202425
4 0.503913 0.668571 0.999392 0.998636 0.0201551
10 0.677049 0.516794 0.0502535 0.101303 0.0201236
10 0.93064 0.615971 0.039732 0.0730667 0.0199967
10 0.211247 0.0826686 0.162844 0.101111 0.0199893
10 0.97264 0.121939 0.0489061 0.0504373 0.0199458
10 0.510184 0.745505 0.0385144 0.0472166 0.0199289
10 0.554044 0.756931 0.080478 0.127756 0.0198846
10 0.562547 0.964413 0.162732 0.0790096 0.0198169
10 0.647216 0.906542 0.0403576 0.06005 0.0198109
0 0.419179 0.883453 0.188425 0.10851 0.0197933
10 0.643448 0.864904 0.0583218 0.0976562 0.0197201
10 0.64991 0.736844 0.0459679 0.063382 0.0196087
6 0.908275 0.984365 0.174516 0.0834133 0.0195126
10 0.94105 0.986293 0.0911125 0.051977 0.0195063
10 0.56963 0.731342 0.0402401 0.0530554 0.0194861
4 0.496145 0.679983 0.999979 0.975881 0.0193794
4 0.0572709 0.708602 0.11857 0.45247 0.0192955
10 0.515532 0.933446 0.0410289 0.0536081 0.0192906
10 0.648842 0.943463 0.160023 0.10741 0.0191771
10 0.813589 0.982273 0.236761 0.0900461 0.0190923
10 0.541717 0.863563 0.0446053 0.0787907 0.0189837
10 0.51253 0.74394 0.0364444 0.0361416 0.018801
4 0.4032 0.725873 0.759707 0.518119 0.0187107
0 0.652528 0.390076 0.0175002 0.0378736 0.0186862
10 0.471977 0.878555 0.11777 0.0703455 0.0186141
10 0.49576 0.958199 0.078056 0.0922655 0.0186097
10 0.0941224 0.753236 0.0641412 0.0779958 0.0186086
0 0.409306 0.906137 0.219078 0.112212 0.0185918
8 0.14905 0.976203 0.188811 0.0474487 0.0185451
10 0.600186 0.779001 0.0869979 0.100969 0.018409
10 0.570737 0.954572 0.138433 0.0936091 0.018401
10 0.429478 0.965611 0.127461 0.0815361 0.018395
6 0.508958 0.954541 0.451179 0.151587 0.0183369
10 0.595025 0.896664 0.107969 0.0876732 0.0183152
10 0.472129 0.880085 0.0638536 0.0483773 0.0182618
2 0.496987 0.727428 0.0185401 0.0372841 0.0180656
10 0.432761 0.804465 0.0812318 0.0556199 0.0180141
10 0.674212 0.842698 0.060033 0.0515013 0.0179986
10 0.466919 0.912939 0.136819 0.113142 0.0179656
10 0.538576 0.867161 0.0518326 0.0340691 0.017931
10 0.536609 0.954704 0.154465 0.0921587 0.0177532
8 0.549959 0.666197 0.0407201 0.0432878 0.0176921
10 0.527091 0.961237 0.21119 0.0894864 0.0176635
10 0.370039 0.969261 0.163758 0.0747244 0.0174802
10 0.602365 0.859708 0.289859 0.165642 0.017413
10 0.295563 0.364957 0.266544 0.176398 0.0173441
10 0.390358 0.858446 0.103838 0.0553223 0.0173342
4 0.535734 0.734781 0.998083 0.235204 0.0173159
10 0.562595 0.889082 0.119138 0.0842087 0.0173078
4 0.517415 0.740975 0.999915 0.998515 0.0172612
10 0.0991064 0.770282 0.0654496 0.0835772 0.017252
10 0.614327 0.347101 0.0453459 0.0538988 0.0172172
10 0.468106 0.833084 0.0763236 0.047274 0.017041
8 0.459542 0.826832 0.0441394 0.0342501 0.0169812
10 0.604286 0.86733 0.514065 0.454679 0.0169489
4 0.521504 0.759564 0.999916 0.938563 0.0169263
10 0.434609 0.956371 0.2092 0.0936373 0.0168071
10 0.481151 0.894606 0.194137 0.153488 0.0167832
10 0.494964 0.946347 0.365334 0.131246 0.0167441
11 0.154622 0.762627 0.309087 0.385525 0.0166622
10 0.474671 0.822345 0.0491957 0.0352507 0.0165781
4 0.215537 0.318172 0.359747 0.208522 0.0164975
10 0.502017 0.959733 0.267832 0.0896114 0.0164797
10 0.416876 0.847632 0.11344 0.0536509 0.0164774
0 0.481256 0.789601 0.0637392 0.0786515 0.0163482
10 0.46369 0.90386 0.442801 0.158892 0.0162575
10 0.548389 0.820738 0.109652 0.0926918 0.0162095
8 0.546393 0.841746 0.0541085 0.0471211 0.0161272
11 0.538245 0.939623 0.969731 0.119959 0.0160325
0 0.532849 0.966743 0.401512 0.154108 0.015988
0 0.47917 0.962087 0.370784 0.0702464 0.0159454
10 0.509261 0.842473 0.135852 0.0907762 0.0159348
10 0.51949 0.982646 0.319331 0.0793947 0.0158949
6 0.495056 0.963878 0.330432 0.0713369 0.0158277
10 0.472939 0.963961 0.251592 0.0664824 0.0158215
10 0.148914 0.556549 0.153338 0.243513 0.0157667
10 0.467889 0.981659 0.241685 0.0766607 0.0156463
6 0.503094 0.979094 0.232365 0.0667504 0.0153847
10 0.255573 0.580175 0.310494 0.216648 0.0153789
0 0.444862 0.969537 0.344166 0.0782026 0.0153466
10 0.539382 0.985894 0.384573 0.0818398 0.0152907
6 0.177693 0.751574 0.245733 0.179906 0.015266
10 0.205099 0.567224 0.103437 0.162988 0.0151612
10 0.369093 0.962756 0.498008 0.0654808 0.0144232
