3 0.122604 0.486722 0.24549 0.305228 0.655252
4 0.345247 0.413306 0.237211 0.193413 0.279702
4 0.357594 0.411448 0.166602 0.170526 0.230346
4 0.794663 0.434562 0.091052 0.105077 0.187939
3 0.500147 0.500084 0.999989 0.999373 0.18285
1 0.49956 0.76872 0.99999 0.457514 0.152559
3 0.625138 0.914311 0.75316 0.17044 0.150985
10 0.912884 0.463267 0.0392338 0.0899929 0.140899
10 0.979213 0.823097 0.0422184 0.354072 0.137965
4 0.603426 0.334353 0.138112 0.147469 0.136063
10 0.981756 0.893732 0.0370126 0.212497 0.135668
4 0.486029 0.362866 0.220832 0.163728 0.133654
4 0.805041 0.440576 0.109294 0.115025 0.128934
4 0.329828 0.420311 0.199199 0.170876 0.122984
4 0.46101 0.379383 0.27229 0.205959 0.118463
4 0.834247 0.406838 0.168366 0.170686 0.115921
3 0.570621 0.933904 0.86622 0.130888 0.115766
1 0.674643 0.740992 0.645844 0.515143 0.114
7 0.241354 0.190123 0.0495886 0.0883564 0.113128
1 0.499359 0.661928 0.99999 0.676347 0.11159
10 0.916616 0.437722 0.0549517 0.149388 0.108591
4 0.551891 0.345749 0.0963503 0.141949 0.108041
4 0.432673 0.385608 0.14991 0.185364 0.100938
4 0.300946 0.39661 0.251238 0.215481 0.0976794
4 0.349234 0.392084 0.29532 0.225182 0.0966496
10 0.981859 0.750949 0.0370273 0.496138 0.0962218
4 0.383749 0.3796 0.4083 0.268972 0.0940705
3 0.650019 0.81544 0.699822 0.365506 0.0938821
3 0.667958 0.952788 0.66127 0.0948305 0.0911406
4 0.808341 0.442825 0.0736625 0.103113 0.088881
3 0.49986 0.909378 0.999989 0.181228 0.0884874
4 0.510649 0.35934 0.181393 0.169976 0.0875394
4 0.251 0.436048 0.172723 0.191438 0.0855934
4 0.770524 0.429273 0.0434251 0.0815008 0.084008
4 0.247467 0.43836 0.14818 0.193478 0.0810985
10 0.974834 0.917394 0.0509669 0.16739 0.0798285
4 0.421448 0.377749 0.385453 0.251034 0.0797487
4 0.106162 0.307684 0.126384 0.145022 0.0777025
4 0.481508 0.34559 0.112206 0.112643 0.0755677
4 0.471032 0.365625 0.166684 0.151908 0.0753838
4 0.970263 0.609546 0.0605957 0.260012 0.0753001
4 0.25666 0.409807 0.40027 0.214181 0.07514
4 0.576548 0.333961 0.212453 0.169255 0.0751225
4 0.272344 0.43106 0.14725 0.183945 0.0750926
3 0.498737 0.557847 0.999961 0.883851 0.0745305
4 0.268071 0.277942 0.257778 0.210861 0.0744149
3 0.670735 0.921539 0.656826 0.15789 0.0744134
10 0.983388 0.781515 0.0340379 0.247492 0.0736947
4 0.404719 0.398028 0.485975 0.263931 0.0732656
4 0.30362 0.344063 0.364296 0.346323 0.0726148
1 0.817299 0.751362 0.36489 0.492299 0.0718861
10 0.0597488 0.25876 0.119667 0.250774 0.0718608
4 0.852762 0.414998 0.213832 0.180627 0.0708978
10 0.963342 0.806356 0.0739699 0.387385 0.069321
4 0.214552 0.280544 0.121216 0.147822 0.0683972
4 0.819498 0.445921 0.146297 0.14357 0.0682904
4 0.532085 0.347352 0.128047 0.146777 0.0678031
4 0.249729 0.332819 0.380326 0.335948 0.0677049
4 0.866856 0.41477 0.232321 0.188366 0.06769
3 0.548481 0.932217 0.900055 0.134798 0.0669946
4 0.862654 0.402372 0.103664 0.158771 0.0669605
0 0.947258 0.727394 0.10508 0.544009 0.0667493
10 0.98496 0.772097 0.0308846 0.219026 0.0666909
1 0.499163 0.73658 0.999989 0.526041 0.0659337
1 0.217514 0.278723 0.358157 0.224844 0.0647405
1 0.82974 0.733101 0.337137 0.53094 0.0644014
4 0.862576 0.378866 0.091312 0.109317 0.0629613
3 0.244059 0.454024 0.490233 0.376699 0.0609834
1 0.827514 0.829594 0.343421 0.338409 0.0606548
10 0.958385 0.828949 0.0837855 0.342059 0.060501
10 0.983963 0.898953 0.0314991 0.200635 0.0602528
10 0.961512 0.663414 0.0771592 0.675327 0.0602028
3 0.250988 0.382314 0.504594 0.558522 0.0599063
10 0.927202 0.463461 0.0758265 0.11777 0.0588417
10 0.971275 0.835314 0.0584673 0.330371 0.0577557
4 0.292917 0.331351 0.262407 0.297757 0.0577379
3 0.123547 0.486626 0.247108 0.294818 0.0570051
4 0.972859 0.571234 0.0560004 0.195387 0.0568421
10 0.928945 0.479552 0.0787138 0.19635 0.0566109
10 0.985582 0.866986 0.0292879 0.176009 0.0564636
3 0.251779 0.44511 0.504343 0.386953 0.0548806
10 0.980999 0.826634 0.0378597 0.316083 0.054466
1 0.941954 0.499374 0.115404 0.999664 0.0540175
3 0.216837 0.263144 0.433976 0.51586 0.053977
10 0.977571 0.675686 0.0456257 0.401592 0.0538471
4 0.559534 0.319656 0.0631261 0.0902982 0.0535949
4 0.455716 0.338942 0.17911 0.116064 0.0521615
10 0.985241 0.760822 0.0300341 0.478277 0.0518414
4 0.549671 0.319135 0.0815581 0.092021 0.0517579
4 0.22643 0.322401 0.377767 0.309056 0.0507678
10 0.984495 0.431432 0.0303507 0.227604 0.0507541
4 0.969466 0.673779 0.0622251 0.411372 0.0504772
10 0.0988606 0.216807 0.196339 0.415383 0.0500103
10 0.978475 0.901922 0.0432681 0.197347 0.0498391
4 0.880611 0.416204 0.150599 0.176896 0.0497062
4 0.441805 0.397288 0.311268 0.186787 0.0494032
4 0.237135 0.415087 0.197228 0.211477 0.0487114
4 0.428614 0.416756 0.110922 0.143168 0.0486838
10 0.917834 0.47198 0.0256964 0.0692694 0.048057
4 0.321799 0.284098 0.166726 0.145972 0.0476423
3 0.494716 0.877247 0.999983 0.247776 0.0472487
4 0.297369 0.335673 0.190818 0.128175 0.0464685
3 0.212013 0.21225 0.426695 0.414923 0.0459902
4 0.118967 0.549539 0.239505 0.177132 0.0453825
10 0.915144 0.469665 0.0265297 0.072909 0.0452874
0 0.928074 0.735359 0.142275 0.530565 0.0449479
4 0.122194 0.326848 0.0672511 0.0800987 0.0445848
4 0.98003 0.551354 0.0413682 0.154876 0.0441619
4 0.276822 0.418965 0.1058 0.166829 0.0440241
10 0.30848 0.40916 0.0726017 0.16134 0.0436703
10 0.966654 0.709872 0.0674245 0.580478 0.0434745
3 0.486728 0.311246 0.973436 0.617791 0.0431734
1 0.947756 0.500046 0.104291 0.994653 0.0429628
4 0.684204 0.420515 0.198861 0.123738 0.0428471
3 0.492832 0.795687 0.999988 0.413425 0.0428301
10 0.941367 0.466524 0.0461981 0.115699 0.0427884
4 0.565331 0.324838 0.0502992 0.0934972 0.04256
3 0.131232 0.374955 0.261084 0.580997 0.0425325
6 0.80195 0.457928 0.0483805 0.0768606 0.0422812
4 0.215462 0.19156 0.111782 0.0984701 0.0422694
4 0.12202 0.335766 0.0800057 0.102457 0.0420994
4 0.263252 0.397936 0.0825958 0.11334 0.0416009
0 0.919623 0.724219 0.15912 0.554872 0.0415742
4 0.629 0.363143 0.0545377 0.0797246 0.0415526
4 0.15112 0.486373 0.179372 0.142023 0.0412717
3 0.500665 0.909902 0.999977 0.177773 0.0405999
1 0.713742 0.754677 0.56156 0.493032 0.0403221
10 0.964845 0.590626 0.0700607 0.811185 0.0402295
10 0.987074 0.778951 0.0256018 0.207539 0.0402149
3 0.506202 0.949098 0.999981 0.104004 0.0400854
10 0.983554 0.537273 0.0334003 0.392296 0.0400831
4 0.381004 0.275883 0.0481974 0.0780576 0.0398891
10 0.060891 0.190659 0.122161 0.347715 0.0396358
3 0.64825 0.951199 0.669212 0.0958948 0.0395681
10 0.984343 0.894239 0.0319836 0.119597 0.039476
10 0.963836 0.929219 0.0726339 0.141345 0.0390247
4 0.311417 0.26595 0.136957 0.108957 0.0390007
4 0.15873 0.290882 0.232713 0.158862 0.0389096
4 0.0790767 0.330849 0.157994 0.642404 0.0385186
4 0.0346328 0.331104 0.0692636 0.638197 0.0385026
4 0.0791407 0.33948 0.159529 0.39139 0.0383325
4 0.497637 0.481585 0.986663 0.349326 0.0381994
10 0.985694 0.841972 0.0284206 0.122689 0.0381334
10 0.985467 0.818077 0.0289338 0.132341 0.0378453
1 0.860218 0.638733 0.278174 0.717918 0.03756
4 0.959015 0.444182 0.0825941 0.262931 0.0374502
3 0.263557 0.467924 0.527104 0.385616 0.0372169
4 0.302212 0.434133 0.316735 0.202628 0.0370768
4 0.169503 0.193711 0.338587 0.367527 0.0369176
10 0.968254 0.735993 0.065644 0.33405 0.0367395
10 0.967745 0.878542 0.0617195 0.250114 0.0362421
4 0.493708 0.359402 0.0535059 0.0672285 0.0361468
4 0.249165 0.368648 0.500937 0.337396 0.0359024
4 0.135932 0.245473 0.273059 0.448848 0.0357109
10 0.429688 0.988086 0.158854 0.0241721 0.0355174
10 0.966415 0.927245 0.0671584 0.147545 0.0353043
10 0.938412 0.895342 0.123363 0.21015 0.0352613
10 0.0754411 0.228736 0.100788 0.167278 0.035156
4 0.0815956 0.41512 0.167318 0.289955 0.0344631
10 0.0304878 0.249422 0.0612271 0.397285 0.0341243
10 0.963852 0.897907 0.0673869 0.212098 0.034036
3 0.556399 0.970726 0.373744 0.0590865 0.0337834
10 0.897775 0.453162 0.0246313 0.109635 0.0337237
10 0.975431 0.916796 0.0487936 0.159176 0.0335417
10 0.45017 0.354041 0.0465979 0.0936209 0.0329051
3 0.518729 0.962731 0.959926 0.0728062 0.0328951
10 0.272208 0.423343 0.0849602 0.126464 0.0326474
10 0.308917 0.385818 0.0669571 0.162456 0.0325676
3 0.503595 0.959954 0.989794 0.0829645 0.0323806
4 0.208108 0.360953 0.145497 0.108632 0.0322984
10 0.116186 0.319603 0.0360022 0.0644935 0.0322675
4 0.21468 0.203725 0.118085 0.118438 0.0318912
7 0.238899 0.178207 0.0360512 0.0306738 0.031847
6 0.976013 0.937566 0.0479147 0.125253 0.0315587
1 0.849349 0.831733 0.29513 0.330107 0.0315403
1 0.818901 0.906717 0.359224 0.18816 0.0315177
4 0.238767 0.365991 0.188003 0.13233 0.0311708
4 0.786885 0.316641 0.030802 0.0525836 0.0309985
3 0.505723 0.962553 0.999974 0.0726814 0.0305278
10 0.986891 0.82062 0.0255178 0.114841 0.0301741
10 0.987083 0.828021 0.0252525 0.116817 0.0299288
4 0.287087 0.479867 0.573784 0.467764 0.0298324
4 0.160449 0.28319 0.225855 0.155686 0.0296752
10 0.0970771 0.109753 0.193819 0.217278 0.0294889
4 0.27045 0.436713 0.383953 0.199407 0.0294446
4 0.220794 0.257201 0.0971756 0.103106 0.0294073
4 0.437125 0.326024 0.120006 0.0943524 0.0292106
4 0.153213 0.398864 0.303223 0.472761 0.0291736
4 0.773579 0.428418 0.0504854 0.0814472 0.0290596
10 0.448034 0.340441 0.0372143 0.062825 0.0289446
4 0.409751 0.330239 0.0609309 0.077585 0.028799
4 0.275663 0.193851 0.137356 0.124902 0.0287214
4 0.797441 0.316701 0.0701463 0.116319 0.0284397
10 0.436965 0.986995 0.191869 0.0261413 0.0284257
4 0.770813 0.317223 0.124687 0.14483 0.0277635
4 0.265483 0.326346 0.19742 0.107199 0.0276208
4 0.620967 0.382806 0.0869029 0.115654 0.0275144
4 0.369876 0.478042 0.228496 0.148794 0.0274395
3 0.105844 0.463666 0.226502 0.341497 0.0274109
4 0.35769 0.537888 0.287504 0.140606 0.0272423
10 0.231065 0.232584 0.0915802 0.176077 0.02704
4 0.0730061 0.472118 0.146576 0.140102 0.0269184
1 0.857701 0.532911 0.281015 0.934452 0.0269141
10 0.987566 0.915269 0.0222273 0.0619289 0.0265544
4 0.500161 0.82981 0.99998 0.343463 0.0263206
10 0.988366 0.963068 0.0234053 0.0741637 0.0262406
10 0.422974 0.984852 0.236673 0.030654 0.0261549
4 0.209876 0.484359 0.0593629 0.122116 0.025923
10 0.376538 0.987231 0.17073 0.0244091 0.0257576
10 0.0554936 0.173048 0.0813606 0.12395 0.0257019
4 0.409927 0.326621 0.0718381 0.0838569 0.0256247
10 0.0380892 0.379928 0.0763019 0.687612 0.0255328
4 0.615998 0.0390239 0.749084 0.0774078 0.0252507
4 0.491834 0.985518 0.251203 0.0286957 0.0252257
0 0.883176 0.808544 0.234237 0.369551 0.0249327
10 0.983185 0.637147 0.0351857 0.174843 0.0248289
4 0.0579799 0.406152 0.117913 0.229426 0.0245589
3 0.493886 0.517683 0.999976 0.999938 0.0241935
4 0.0892971 0.359256 0.181752 0.139092 0.02401
4 0.474935 0.441229 0.178857 0.0948832 0.0238512
4 0.408468 0.440946 0.0641242 0.0984281 0.0237341
4 0.658194 0.857661 0.63115 0.294179 0.0236135
4 0.371362 0.342633 0.0794247 0.119471 0.0234092
10 0.950473 0.654141 0.0393992 0.0937348 0.0233093
10 0.0544213 0.406176 0.11476 0.358282 0.0233063
3 0.833238 0.943172 0.335894 0.114994 0.0231951
4 0.584391 0.866437 0.841131 0.274609 0.0231642
4 0.612354 0.357964 0.0755496 0.0732904 0.0231116
10 0.0294073 0.498122 0.0586075 0.263547 0.0230295
10 0.517031 0.984763 0.219166 0.0293779 0.0225806
10 0.500142 0.977756 0.231044 0.0432545 0.0224123
4 0.278771 0.540597 0.156041 0.131899 0.0223976
4 0.101604 0.31002 0.0890137 0.0967784 0.0222884
4 0.871295 0.556772 0.189798 0.106846 0.0221827
10 0.0707386 0.434721 0.0905853 0.111642 0.0218717
10 0.0916426 0.53002 0.119943 0.12304 0.0215092
4 0.0602138 0.543574 0.121249 0.166015 0.0212491
10 0.88941 0.501057 0.0202311 0.0597095 0.0208252
10 0.0952749 0.535112 0.114686 0.114461 0.0207938
4 0.219126 0.717986 0.446337 0.580862 0.0204734
10 0.405469 0.421664 0.0447509 0.0632503 0.020453
3 0.63498 0.979699 0.705035 0.0397593 0.020407
7 0.243955 0.204564 0.0329479 0.0570171 0.0203435
1 0.806564 0.873921 0.386578 0.260684 0.0199915
4 0.506504 0.609137 0.999936 0.879661 0.0197887
10 0.914442 0.6376 0.0234684 0.0559591 0.019753
10 0.936717 0.814504 0.0687191 0.0747231 0.0196728
4 0.811695 0.29881 0.0586404 0.156303 0.0195688
4 0.341315 0.676334 0.648497 0.290487 0.0194541
4 0.643371 0.50845 0.243431 0.154392 0.0194122
10 0.106348 0.576333 0.086242 0.0735598 0.0193769
4 0.314305 0.738839 0.629452 0.535931 0.0193583
4 0.415614 0.50588 0.125885 0.0952879 0.0191544
3 0.500135 0.976685 0.999571 0.0468588 0.0191336
3 0.5025 0.979745 0.99994 0.0394663 0.0191262
6 0.131471 0.605648 0.254596 0.301621 0.019115
6 0.91331 0.778467 0.0402663 0.0452613 0.0189446
1 0.499632 0.988813 0.999581 0.0242687 0.0188235
4 0.547578 0.937415 0.99951 0.136307 0.0187151
10 0.0662292 0.568554 0.0946719 0.125987 0.0185423
6 0.809201 0.472024 0.0682889 0.0861954 0.0185077
6 0.116401 0.505976 0.229556 0.321823 0.0183558
4 0.497863 0.727164 0.999963 0.458313 0.0180048
4 0.626897 0.489554 0.0420109 0.0495386 0.0178164
10 0.124394 0.408755 0.0677292 0.0517809 0.0177987
6 0.123743 0.739868 0.239064 0.188617 0.0177646
6 0.12739 0.639379 0.0802608 0.0561006 0.0177243
4 0.504233 0.808045 0.999942 0.310778 0.0174995
10 0.380085 0.498121 0.0614576 0.0674715 0.0174252
4 0.627634 0.49879 0.051181 0.0525895 0.0174241
1 0.51264 0.986357 0.999902 0.0298713 0.0172723
10 0.751983 0.669416 0.0264958 0.0384582 0.017141
10 0.278829 0.580158 0.04553 0.0765732 0.0171346
10 0.248596 0.534176 0.0528704 0.0511879 0.0171276
6 0.122707 0.697275 0.175076 0.104435 0.017114
10 0.115995 0.60833 0.159729 0.107592 0.0170056
4 0.497776 0.40859 0.0566307 0.0714837 0.0169984
10 0.144116 0.912653 0.287701 0.173155 0.0163691
10 0.749298 0.586148 0.0238312 0.0408876 0.0163289
10 0.408871 0.735294 0.0685365 0.0601607 0.0162084
6 0.106728 0.767685 0.197271 0.135213 0.0161818
10 0.383383 0.671134 0.066102 0.0535959 0.0159431
6 0.127814 0.724947 0.0630043 0.0510567 0.0157971
10 0.524323 0.500443 0.0468312 0.0427559 0.0157591
10 0.390803 0.579776 0.076998 0.0738497 0.0156836
10 0.572351 0.645499 0.050005 0.0480012 0.015618
10 0.288107 0.570881 0.0780956 0.0754629 0.0154917
11 0.297529 0.592475 0.0759297 0.0424211 0.015401
10 0.786448 0.711169 0.0620229 0.0411415 0.0151971
11 0.243362 0.578397 0.120972 0.0766964 0.0151137
2 0.238852 0.754256 0.0746888 0.0706809 0.015031
4 0.615067 0.506127 0.064947 0.048794 0.0148414
10 0.777177 0.712559 0.0583653 0.0437185 0.0146162
10 0.56365 0.592212 0.0972048 0.071144 0.0144844
6 0.433994 0.604084 0.0940198 0.0695791 0.0144016
10 0.414773 0.571944 0.0502032 0.0523602 0.0143099
10 0.428255 0.682651 0.0954938 0.0591748 0.0143093
6 0.112064 0.884116 0.179639 0.0950997 0.0142255
6 0.209826 0.827536 0.210314 0.090703 0.0141773
10 0.667517 0.622926 0.065688 0.0448543 0.0138264
