4 0.375205 0.268866 0.0795087 0.0929407 0.873446
4 0.458787 0.236659 0.048025 0.0499287 0.836043
4 0.51737 0.226624 0.0496912 0.0465925 0.344227
4 0.33503 0.207482 0.0300542 0.0434009 0.275472
11 0.0416831 0.946633 0.0831939 0.101503 0.26166
10 0.0931618 0.789981 0.0664275 0.180719 0.234293
4 0.418771 0.241179 0.0388217 0.0468735 0.19026
4 0.277673 0.218805 0.0223801 0.0412719 0.162432
10 0.0889768 0.773256 0.0537054 0.147656 0.1528
11 0.114655 0.944411 0.230169 0.104489 0.152015
11 0.043552 0.904667 0.0867795 0.18706 0.149666
11 0.0943256 0.949653 0.187519 0.096881 0.147507
11 0.0626671 0.89928 0.125373 0.192708 0.14715
11 0.115162 0.922343 0.230491 0.150829 0.13618
4 0.0719593 0.446001 0.142739 0.332463 0.13542
3 0.106468 0.563196 0.212743 0.709514 0.128711
4 0.0781544 0.58635 0.155835 0.660576 0.127404
11 0.113432 0.688359 0.0987409 0.0868419 0.124171
11 0.153655 0.947135 0.309738 0.0995973 0.116832
4 0.315302 0.210733 0.0709924 0.0564383 0.115417
11 0.105028 0.752316 0.118861 0.285115 0.11444
4 0.105292 0.394834 0.207831 0.340007 0.113577
11 0.0667491 0.922758 0.134154 0.145717 0.109812
11 0.0630222 0.934791 0.125199 0.125172 0.109149
11 0.113219 0.72282 0.101524 0.135129 0.109131
10 0.231424 0.269526 0.0304791 0.152987 0.105805
11 0.0700859 0.857676 0.139555 0.273303 0.101896
6 0.0415306 0.831847 0.0821075 0.329444 0.100805
3 0.0829944 0.590172 0.166355 0.714994 0.0971229
10 0.761203 0.781097 0.0406452 0.102989 0.092603
4 0.102187 0.459079 0.20276 0.462541 0.0911096
10 0.109351 0.758276 0.0319661 0.102375 0.0893579
11 0.0807747 0.782617 0.1586 0.271339 0.0887786
10 0.110542 0.786973 0.091942 0.20444 0.0879714
11 0.227672 0.933491 0.455626 0.123275 0.0867414
11 0.496436 0.958287 0.990899 0.0746605 0.0864769
10 0.0832536 0.737196 0.0779527 0.313009 0.0855569
3 0.135355 0.593239 0.2716 0.784503 0.0847636
6 0.00818786 0.901516 0.0177267 0.19578 0.0845189
11 0.0770705 0.8183 0.152722 0.303527 0.0836344
4 0.0658851 0.455331 0.128183 0.206928 0.0835285
7 0.442885 0.554686 0.0772123 0.0662892 0.0834068
6 0.0340526 0.759397 0.0662042 0.473815 0.0829058
4 0.50838 0.231765 0.0282247 0.0359946 0.0819717
10 0.108909 0.760459 0.036757 0.111692 0.0814195
10 0.107915 0.750548 0.025697 0.0832593 0.081264
10 0.173708 0.398966 0.0579851 0.315618 0.081009
11 0.0637075 0.921729 0.128156 0.145458 0.0803128
6 0.0422224 0.688573 0.082109 0.608155 0.0802626
11 0.11382 0.720239 0.0995608 0.142999 0.0791657
11 0.038563 0.934778 0.0771211 0.115687 0.0788968
6 0.080053 0.718321 0.15646 0.391331 0.0767253
11 0.163036 0.95059 0.32894 0.0935268 0.0755059
4 0.254333 0.22139 0.0363496 0.0385793 0.0754076
4 0.260428 0.222593 0.0498678 0.0457048 0.0750884
11 0.0902386 0.773875 0.179044 0.434018 0.0750593
4 0.38613 0.204652 0.0216407 0.0235189 0.0740606
10 0.186788 0.3593 0.0440739 0.241127 0.072999
10 0.229163 0.294675 0.0319887 0.118316 0.0723418
6 0.00716525 0.869578 0.0158773 0.258157 0.0719315
11 0.123403 0.949859 0.248019 0.0959083 0.071703
4 0.0669344 0.548862 0.129233 0.463594 0.0709506
7 0.974616 0.367099 0.0273046 0.102146 0.0707512
4 0.381129 0.213063 0.040257 0.0420819 0.0703296
11 0.0861075 0.792944 0.171518 0.279307 0.0688243
4 0.457791 0.236494 0.0484286 0.0530146 0.0684791
10 0.0824195 0.777674 0.0398127 0.139375 0.0678088
4 0.260866 0.232698 0.0546063 0.0722596 0.0670003
4 0.28681 0.287362 0.0381639 0.126665 0.063995
7 0.812729 0.35689 0.0265237 0.0496608 0.0638062
10 0.803418 0.369987 0.049039 0.0837907 0.063055
3 0.498092 0.500077 0.999988 0.999887 0.0628232
6 0.0646579 0.853684 0.1291 0.15562 0.062691
6 0.962368 0.407766 0.0733601 0.193085 0.0620537
4 0.584499 0.256106 0.0525448 0.0778962 0.061961
6 0.0751343 0.706918 0.14525 0.452621 0.0619458
10 0.193831 0.327489 0.0344083 0.17739 0.060895
4 0.507724 0.239723 0.0244596 0.0214647 0.0605425
10 0.173684 0.371775 0.0462293 0.258804 0.0603471
10 0.802635 0.385697 0.0533234 0.116504 0.0602059
10 0.104071 0.767648 0.028949 0.118485 0.0582928
10 0.226541 0.302701 0.0383059 0.172967 0.0577566
6 0.0837071 0.734937 0.162145 0.407842 0.0575497
10 0.199021 0.369516 0.0258043 0.145541 0.057011
6 0.0454164 0.812617 0.0907145 0.230221 0.0562046
10 0.119347 0.780966 0.0834597 0.208955 0.0560154
6 0.0662422 0.834979 0.133602 0.164034 0.0558875
6 0.039356 0.696169 0.0779893 0.461717 0.05571
11 0.913022 0.417307 0.173081 0.254821 0.0547169
6 0.981903 0.307363 0.0366889 0.23986 0.0546014
4 0.339033 0.198351 0.0211076 0.0292595 0.0542761
10 0.0626148 0.718693 0.0458576 0.270171 0.0542443
6 0.00899359 0.92893 0.0180431 0.137462 0.0541023
10 0.211567 0.380641 0.0346933 0.129262 0.054003
10 0.0718394 0.745464 0.0646619 0.288835 0.053882
11 0.898555 0.476693 0.204153 0.176795 0.0537005
4 0.263526 0.257634 0.0618352 0.117515 0.0533907
4 0.194034 0.256999 0.0262194 0.0679444 0.0529757
11 0.911885 0.367627 0.159932 0.151129 0.0528206
6 0.973383 0.385134 0.0468985 0.147855 0.0527991
11 0.387805 0.954567 0.776659 0.0832598 0.052334
10 0.0911052 0.736837 0.0699014 0.246153 0.0521736
4 0.536557 0.226264 0.0267771 0.0404178 0.052139
10 0.191702 0.312778 0.0352979 0.155881 0.0517094
4 0.334705 0.219398 0.0233842 0.0276733 0.0500039
11 0.0945642 0.976505 0.188821 0.0451588 0.04977
10 0.105176 0.781598 0.0339641 0.145776 0.0497621
11 0.952775 0.433053 0.0947035 0.234549 0.0497513
10 0.204761 0.393579 0.0195701 0.0764322 0.0494865
11 0.10381 0.730422 0.132213 0.339342 0.0494047
11 0.95394 0.471933 0.0922434 0.307914 0.0487255
11 0.900025 0.494553 0.201046 0.290124 0.0483148
11 0.497909 0.726256 0.999937 0.532747 0.0482894
6 0.0477516 0.841044 0.0973205 0.155987 0.047732
7 0.120492 0.678203 0.0310684 0.0437197 0.0476965
4 0.468708 0.211568 0.0246833 0.0289235 0.0476039
2 0.0769965 0.642171 0.0469827 0.128703 0.0471503
10 0.748685 0.831805 0.0661711 0.212362 0.047044
6 0.984941 0.322662 0.0301716 0.247182 0.0469522
2 0.147472 0.531313 0.0189898 0.0770109 0.0464514
11 0.0100864 0.949542 0.0190242 0.0965455 0.0464475
10 0.204731 0.401427 0.0247817 0.0943919 0.0464375
11 0.322259 0.921684 0.643902 0.145975 0.0459191
4 0.309352 0.212358 0.0273286 0.0371162 0.0458564
10 0.0841057 0.799799 0.0405645 0.177028 0.0458223
10 0.23836 0.272421 0.0181197 0.110484 0.04556
4 0.0415173 0.363557 0.0843697 0.203871 0.045216
6 0.129755 0.744822 0.0594264 0.132328 0.0443102
6 0.10565 0.704814 0.114783 0.382066 0.0440765
10 0.792724 0.373104 0.0278124 0.0834814 0.043729
10 0.234628 0.230699 0.0164227 0.0796365 0.043511
6 0.037065 0.665541 0.0740687 0.53193 0.0434913
10 0.101192 0.755004 0.0245608 0.0961689 0.0429924
6 0.980508 0.368253 0.0361921 0.136222 0.0423852
11 0.500051 0.664828 0.98735 0.653813 0.0423803
4 0.123493 0.395412 0.223166 0.307992 0.0422999
10 0.106239 0.729912 0.0150398 0.038994 0.0421825
10 0.157065 0.587541 0.0530533 0.195456 0.042155
2 0.159957 0.535492 0.0433262 0.0932585 0.0417605
10 0.214008 0.325561 0.0524329 0.226428 0.0416537
4 0.0997337 0.470445 0.20488 0.292457 0.0416181
2 0.147047 0.524608 0.0151938 0.0599156 0.0415777
4 0.375308 0.268566 0.0804657 0.0972429 0.0413356
2 0.169401 0.537266 0.0237845 0.0844591 0.0413083
10 0.218191 0.291814 0.0211821 0.113715 0.0412337
4 0.195134 0.267324 0.0176928 0.0379919 0.0406457
11 0.496493 0.68358 0.999987 0.628255 0.0405957
11 0.0504158 0.981268 0.100642 0.034915 0.0405866
4 0.215596 0.269971 0.0609268 0.130979 0.0405376
10 0.198455 0.348134 0.021162 0.0899793 0.040443
10 0.21648 0.280821 0.0353023 0.153202 0.0403785
4 0.13817 0.284428 0.207735 0.141372 0.0402704
10 0.240508 0.269314 0.018138 0.106436 0.0401658
11 0.0440374 0.926571 0.092259 0.109856 0.0401579
11 0.23931 0.821463 0.476201 0.344608 0.0401061
11 0.952266 0.476138 0.0958579 0.122426 0.0400291
6 0.0536506 0.636501 0.106109 0.704084 0.0400283
10 0.232961 0.22404 0.0159704 0.0640231 0.0396717
10 0.109368 0.794438 0.0454382 0.176274 0.0394588
10 0.214941 0.353839 0.035803 0.177766 0.0392829
10 0.112541 0.789363 0.0370633 0.150477 0.0390052
10 0.190397 0.431759 0.0430642 0.239197 0.0389039
4 0.540321 0.2202 0.022137 0.0453602 0.0386926
2 0.119604 0.668726 0.0286729 0.0555251 0.0386633
10 0.150654 0.554219 0.0386771 0.130389 0.0386393
10 0.0700613 0.661754 0.0473023 0.16115 0.0385846
10 0.744023 0.855032 0.0842461 0.259264 0.0382571
7 0.0949757 0.671469 0.0299215 0.0518528 0.0381451
4 0.135078 0.295864 0.202435 0.140764 0.0379871
10 0.19097 0.437421 0.03722 0.21449 0.03791
6 0.0311981 0.762132 0.062009 0.317021 0.0378784
10 0.169846 0.427858 0.0788929 0.380357 0.0378627
10 0.160715 0.464974 0.0344525 0.168182 0.0374687
11 0.796536 0.422172 0.134742 0.0648432 0.0373105
10 0.198345 0.343997 0.0226262 0.109746 0.0370501
10 0.220596 0.352329 0.0239028 0.0884948 0.0370189
6 0.102594 0.849199 0.0634379 0.118493 0.036599
10 0.0492061 0.726194 0.0432943 0.23377 0.0363948
10 0.0742221 0.786933 0.0367288 0.172881 0.0363503
10 0.0293665 0.61445 0.0590041 0.622088 0.0362896
6 0.0248341 0.953133 0.0485785 0.0895176 0.0355441
10 0.790806 0.355801 0.0207216 0.041029 0.0352988
11 0.104991 0.688717 0.0750005 0.0456021 0.0351406
4 0.278137 0.226504 0.0196614 0.0316969 0.0348907
10 0.158496 0.586687 0.0525519 0.178202 0.0348225
4 0.473971 0.225402 0.0244317 0.0517144 0.0347221
4 0.529946 0.229723 0.0233431 0.0364045 0.0346671
4 0.130065 0.30478 0.218999 0.192665 0.0346553
2 0.130993 0.675726 0.0173701 0.0382915 0.0338914
4 0.519149 0.216454 0.0202696 0.0234803 0.0336146
10 0.488505 0.224119 0.0206007 0.0523233 0.0334529
2 0.134651 0.659478 0.0271555 0.0625463 0.03342
4 0.507821 0.208749 0.0296313 0.0282748 0.0333818
6 0.984904 0.438457 0.032023 0.238829 0.0333758
10 0.27233 0.215864 0.00967429 0.0318406 0.0332786
10 0.219235 0.218507 0.0237163 0.0410634 0.0329568
11 0.92748 0.523577 0.145829 0.216527 0.032798
11 0.134852 0.707548 0.0567421 0.0889578 0.03251
4 0.908536 0.386859 0.183803 0.527664 0.0324142
10 0.157643 0.453044 0.0265168 0.139017 0.0321148
4 0.454445 0.234059 0.0389545 0.0443976 0.0320823
11 0.0280536 0.952812 0.056551 0.0827175 0.0320097
11 0.0339848 0.979513 0.0701821 0.0384511 0.0319007
4 0.539159 0.226278 0.0224982 0.0455194 0.0318412
10 0.493968 0.225098 0.0183246 0.0483733 0.0315315
1 0.25243 0.589599 0.512977 0.797377 0.0314197
2 0.172024 0.541032 0.017785 0.0557939 0.0313622
11 0.00771792 0.960169 0.0157968 0.0793764 0.0312488
4 0.569025 0.239166 0.022258 0.0379695 0.0311543
2 0.132483 0.669181 0.0229014 0.0536268 0.0309896
10 0.239875 0.290032 0.0153873 0.0665196 0.0307002
4 0.558385 0.258254 0.5732 0.147574 0.030693
4 0.341087 0.204434 0.0154367 0.0312646 0.0305713
4 0.214471 0.274582 0.0708931 0.119785 0.0305046
10 0.0767895 0.748994 0.0293788 0.1076 0.0305022
2 0.141314 0.565277 0.020693 0.0710781 0.0303031
4 0.515053 0.208994 0.033425 0.0273641 0.0302532
6 0.120766 0.771632 0.0406022 0.0734867 0.0297755
4 0.0996747 0.287059 0.111164 0.092248 0.0297469
10 0.489871 0.230046 0.0164729 0.0450492 0.0295002
1 0.500242 0.650925 0.997246 0.684932 0.0293773
4 0.532745 0.236094 0.0220201 0.0333548 0.0293029
7 0.0845473 0.672083 0.0247743 0.0567313 0.0291967
4 0.567655 0.23789 0.0199715 0.0360094 0.0291146
4 0.586346 0.267348 0.521772 0.111741 0.0290547
4 0.125193 0.283613 0.150936 0.105401 0.0288162
2 0.0918067 0.662156 0.0307301 0.0701659 0.0281141
10 0.116487 0.274347 0.0245525 0.0480307 0.0278872
4 0.488761 0.230957 0.0174076 0.042599 0.0274561
11 0.485113 0.877378 0.999146 0.206337 0.0274362
4 0.421119 0.232906 0.0203909 0.0258466 0.0272039
11 0.509808 0.606049 0.994015 0.334379 0.0271187
4 0.394432 0.237874 0.0288191 0.0400975 0.0271092
2 0.115322 0.659784 0.0295067 0.0524367 0.0270399
4 0.349984 0.247555 0.0253108 0.0328361 0.0267706
2 0.10443 0.654726 0.0281744 0.0680368 0.0267207
2 0.118559 0.761037 0.0171684 0.0386709 0.0266972
2 0.079073 0.867416 0.0193065 0.04055 0.0265625
2 0.166148 0.542256 0.0282323 0.0807072 0.0265592
10 0.220356 0.270433 0.0150384 0.0562105 0.0264135
7 0.0845678 0.677055 0.0216966 0.0453627 0.0262986
6 0.125726 0.778586 0.0549621 0.100543 0.0262603
3 0.49573 0.576547 0.999987 0.929658 0.0259044
10 0.270118 0.220394 0.0100239 0.0372112 0.0257296
10 0.15629 0.448458 0.018039 0.0846819 0.0255417
2 0.158895 0.531944 0.0341494 0.0764438 0.0253088
6 0.079958 0.803671 0.0608958 0.129423 0.0250283
2 0.0971704 0.840421 0.0415586 0.0932138 0.0248995
11 0.961266 0.58674 0.078857 0.521994 0.0243999
2 0.176408 0.556145 0.0271406 0.0822567 0.0243568
6 0.989175 0.499844 0.0229418 0.173974 0.0243387
7 0.105961 0.67966 0.0170831 0.0352939 0.0241865
4 0.478184 0.23678 0.0190642 0.0497582 0.0239199
11 0.619694 0.466426 0.794406 0.222719 0.0238915
1 0.317904 0.758234 0.505164 0.471291 0.0238797
4 0.431025 0.244611 0.0201659 0.0498835 0.0237247
10 0.764511 0.786939 0.0288118 0.0447254 0.02343
10 0.0995185 0.703081 0.0471746 0.106693 0.0233304
6 0.104838 0.885036 0.0611935 0.0353516 0.0225899
10 0.966243 0.539241 0.0672867 0.872209 0.0224254
1 0.396057 0.772933 0.643991 0.441887 0.0218411
6 0.080226 0.674885 0.113975 0.183914 0.0217422
10 0.201213 0.403 0.0171951 0.0242867 0.0215739
6 0.0684114 0.882951 0.120492 0.0813511 0.0213034
2 0.121805 0.878003 0.0263232 0.03946 0.0212366
10 0.27814 0.228108 0.0112638 0.0266581 0.0209899
4 0.0477208 0.482878 0.0434932 0.085414 0.0205726
6 0.0776417 0.898955 0.0273885 0.0577602 0.0203496
6 0.0808688 0.713764 0.0248884 0.050404 0.0200962
4 0.0352345 0.36309 0.0476581 0.0913337 0.0197616
11 0.519654 0.837454 0.970898 0.31074 0.0196436
10 0.146504 0.913448 0.0520686 0.0889826 0.0191012
1 0.589335 0.6454 0.813777 0.40755 0.0188615
0 0.779763 0.472066 0.0188508 0.028417 0.0187509
4 0.333003 0.224555 0.0182809 0.0268983 0.0185539
10 0.170207 0.554825 0.0273163 0.0670386 0.018419
4 0.28369 0.283956 0.0348866 0.033285 0.0183566
10 0.196472 0.717754 0.0220275 0.062883 0.01819
10 0.166542 0.934486 0.0323556 0.0603886 0.0175937
10 0.457969 0.683776 0.0223663 0.0202073 0.0174842
10 0.161526 0.878674 0.0452928 0.0426931 0.0173801
10 0.167653 0.678321 0.0150358 0.0336463 0.0172875
7 0.141248 0.867045 0.0255613 0.0244908 0.0171429
10 0.193393 0.569327 0.0187664 0.0535945 0.0170957
2 0.2242 0.593612 0.0140966 0.0400655 0.0170092
1 0.530503 0.792097 0.810929 0.374323 0.0168984
0 0.255514 0.45147 0.0151088 0.0296825 0.0166809
6 0.374132 0.554849 0.0294736 0.0280119 0.0165544
10 0.399762 0.48712 0.042761 0.0524948 0.0161889
10 0.414818 0.307647 0.0262047 0.0286836 0.016161
10 0.377118 0.344421 0.0551474 0.0528767 0.0160869
10 0.406091 0.321954 0.0375433 0.0426843 0.0160837
10 0.166008 0.756646 0.0250275 0.0570022 0.0159842
6 0.546451 0.290401 0.0441765 0.040832 0.0157321
10 0.399211 0.390758 0.0247519 0.0301666 0.0151314
10 0.489348 0.332075 0.0277188 0.0211189 0.0151082
1 0.485325 0.908055 0.739572 0.167064 0.0150446
10 0.373152 0.39115 0.0535735 0.0512526 0.014976
0 0.408334 0.432836 0.0197558 0.0194686 0.0146283
10 0.894716 0.516777 0.0469799 0.0584082 0.0140525
