6 0.433313 0.519856 0.129007 0.275314 0.884206
11 0.315137 0.201359 0.170219 0.299988 0.876448
6 0.697829 0.36843 0.0986379 0.302138 0.854609
11 0.345014 0.46125 0.172361 0.296298 0.847135
6 0.307882 0.772211 0.146891 0.250171 0.842653
11 0.779425 0.349326 0.194679 0.446662 0.841208
6 0.588554 0.618242 0.118171 0.344008 0.840201
11 0.701505 0.63655 0.219517 0.360207 0.836822
11 0.464238 0.281872 0.168678 0.263303 0.826484
10 0.49891 0.0947881 0.0641228 0.189802 0.819862
2 0.762063 0.231249 0.0190056 0.0873643 0.817388
6 0.350409 0.221943 0.0907466 0.211957 0.787892
11 0.0630192 0.538172 0.110897 0.235372 0.768209
11 0.186692 0.748494 0.240728 0.445015 0.738988
6 0.418837 0.282054 0.0905709 0.241982 0.714426
6 0.516876 0.33767 0.103331 0.232974 0.691722
6 0.439847 0.914143 0.14507 0.172876 0.635032
10 0.156344 0.287665 0.117895 0.36971 0.559798
7 0.740597 0.262354 0.0218342 0.0867618 0.544364
10 0.716474 0.145407 0.0966935 0.193008 0.506376
2 0.837403 0.278259 0.0196302 0.087157 0.459953
6 0.132632 0.542405 0.106531 0.251893 0.446906
6 0.815067 0.861318 0.228069 0.27868 0.443285
6 0.939628 0.941733 0.0933317 0.117582 0.346893
6 0.869881 0.876197 0.125005 0.248099 0.323066
10 0.151635 0.205568 0.101099 0.216253 0.32083
6 0.124722 0.544481 0.101394 0.257482 0.31716
6 0.857596 0.91629 0.119992 0.168854 0.311089
7 0.669857 0.616023 0.0216342 0.0664584 0.306622
7 0.42978 0.231754 0.0216047 0.0440874 0.30278
6 0.957009 0.816064 0.0844929 0.36747 0.291475
7 0.193048 0.660972 0.0243566 0.0436821 0.288278
10 0.157305 0.320388 0.113758 0.306286 0.286181
7 0.237314 0.648941 0.0213319 0.0519454 0.284854
7 0.165418 0.826159 0.024848 0.0513447 0.269544
7 0.738167 0.620863 0.0211739 0.101848 0.252458
6 0.408824 0.268055 0.0858048 0.23538 0.251498
6 0.899407 0.940145 0.187936 0.120449 0.247818
7 0.739156 0.59277 0.01965 0.0455403 0.247122
6 0.90189 0.819905 0.188218 0.362363 0.243943
6 0.896244 0.841253 0.203309 0.317986 0.241764
6 0.890863 0.363373 0.125318 0.350031 0.240112
6 0.429373 0.915313 0.220314 0.170547 0.239479
6 0.9834 0.749937 0.0328081 0.237711 0.234367
6 0.825117 0.806754 0.249984 0.389293 0.230066
6 0.839639 0.723613 0.2421 0.555866 0.226394
6 0.832873 0.917953 0.171892 0.164901 0.225629
6 0.847228 0.595801 0.233186 0.803336 0.224459
6 0.287705 0.382868 0.0804488 0.144945 0.223869
7 0.164815 0.840998 0.0261574 0.0807686 0.2235
7 0.312454 0.422561 0.0220513 0.0387611 0.219659
2 0.558195 0.0542738 0.0159579 0.0400227 0.218507
6 0.967121 0.751457 0.0640135 0.498118 0.218048
6 0.98401 0.816322 0.0322197 0.361727 0.217551
2 0.485558 0.224608 0.0197485 0.0633042 0.213363
6 0.391109 0.238704 0.0643697 0.174284 0.211912
7 0.313854 0.40578 0.0339614 0.0731815 0.209585
6 0.117593 0.533854 0.0762097 0.238492 0.20919
7 0.772333 0.172876 0.0262304 0.0654595 0.207425
6 0.875208 0.372834 0.127757 0.344637 0.205842
6 0.868209 0.592178 0.247215 0.815517 0.203729
2 0.463738 0.145088 0.0137022 0.0525538 0.202399
7 0.121825 0.825775 0.0268642 0.0411583 0.201269
7 0.309663 0.415857 0.0240291 0.051133 0.20114
6 0.844333 0.635309 0.240152 0.728182 0.200352
2 0.74154 0.24962 0.0199512 0.100503 0.194803
6 0.964113 0.595851 0.0699196 0.807038 0.194594
6 0.870346 0.589715 0.248226 0.822042 0.193953
7 0.803835 0.222786 0.0230275 0.0506582 0.191968
6 0.121967 0.263672 0.0665975 0.218568 0.191221
6 0.943145 0.91933 0.109477 0.162619 0.191183
6 0.144276 0.586903 0.153574 0.326618 0.189317
6 0.854311 0.959673 0.0950679 0.0818973 0.189237
6 0.135791 0.573642 0.149422 0.303809 0.188106
6 0.986918 0.677054 0.0260666 0.334321 0.186444
6 0.113088 0.523352 0.0647232 0.21502 0.184652
6 0.310475 0.526087 0.0907252 0.168674 0.1828
7 0.26528 0.166499 0.0192202 0.0461556 0.181508
6 0.978644 0.783037 0.0425562 0.308029 0.180751
6 0.987944 0.717011 0.0238287 0.166559 0.180558
2 0.856388 0.252875 0.0169876 0.0705247 0.176847
6 0.127132 0.546008 0.129182 0.256537 0.174998
7 0.669544 0.61619 0.024762 0.09722 0.174429
6 0.0651077 0.586258 0.113628 0.324897 0.174232
7 0.803791 0.215298 0.0223712 0.0365202 0.173348
6 0.934856 0.278299 0.0461752 0.194211 0.172919
6 0.680498 0.183096 0.030843 0.114102 0.171684
6 0.958157 0.5781 0.0820339 0.840101 0.170768
6 0.0052557 0.242368 0.0110738 0.12133 0.169904
6 0.966397 0.685935 0.0660456 0.636771 0.168181
2 0.856539 0.234439 0.0125357 0.0323467 0.167914
7 0.125987 0.79593 0.0365591 0.0969385 0.167863
10 0.0170389 0.429359 0.0334772 0.451135 0.167403
7 0.201789 0.324193 0.0198177 0.055234 0.165925
7 0.282449 0.194893 0.0166511 0.0358095 0.165841
6 0.165576 0.600052 0.0960353 0.173557 0.162774
7 0.234694 0.673088 0.0302004 0.10004 0.161582
6 0.7131 0.173676 0.0951991 0.129552 0.160049
6 0.40942 0.271895 0.0904441 0.242048 0.156189
7 0.856309 0.288474 0.0207855 0.0397489 0.15536
6 0.70183 0.316721 0.0831253 0.39219 0.153339
6 0.693503 0.212511 0.0591289 0.177978 0.149905
7 0.158851 0.866165 0.0345518 0.084901 0.14851
2 0.742524 0.208832 0.0252141 0.149945 0.146396
6 0.96247 0.571411 0.0747391 0.85503 0.146132
7 0.803766 0.213492 0.0222061 0.0319744 0.143709
7 0.00753616 0.678606 0.0143906 0.106525 0.143707
6 0.896157 0.796576 0.154369 0.41538 0.143565
6 0.828479 0.830317 0.244751 0.34051 0.143317
7 0.748066 0.148662 0.0162002 0.0481393 0.142585
6 0.928486 0.539625 0.0670513 0.209143 0.141805
6 0.906271 0.334213 0.104586 0.293714 0.141147
10 0.0158235 0.485335 0.0319002 0.488288 0.141025
6 0.0164825 0.726261 0.0325268 0.216064 0.140325
11 0.501923 0.965571 0.0667824 0.0709835 0.140002
6 0.766103 0.47532 0.0921934 0.16169 0.139305
10 0.522714 0.190453 0.111398 0.385114 0.139196
6 0.396841 0.2126 0.0511144 0.118942 0.137371
7 0.30652 0.408862 0.0201409 0.0553654 0.13614
10 0.598573 0.0112482 0.00684662 0.018592 0.136041
6 0.933907 0.240112 0.0428121 0.116797 0.135502
6 0.888895 0.609655 0.186214 0.785023 0.134305
6 0.13671 0.498372 0.0664541 0.168395 0.134079
7 0.835937 0.290827 0.0182676 0.0588355 0.1328
6 0.94357 0.931867 0.105956 0.145763 0.132449
7 0.485934 0.212183 0.0143316 0.0392586 0.131215
6 0.905735 0.772243 0.101105 0.228803 0.130649
6 0.422905 0.323179 0.079665 0.161436 0.128196
7 0.121545 0.818792 0.0268081 0.0549223 0.127654
7 0.124387 0.827004 0.0222342 0.0370251 0.127425
6 0.430724 0.963805 0.317413 0.0738125 0.12643
7 0.845532 0.259661 0.015465 0.0641158 0.123972
6 0.468904 0.307286 0.168463 0.286698 0.121504
7 0.739518 0.26673 0.0204582 0.0762365 0.119741
10 0.122441 0.178288 0.0447106 0.146448 0.119549
2 0.187676 0.312517 0.0489026 0.10142 0.119513
7 0.726463 0.167523 0.0401707 0.0743498 0.119395
6 0.780053 0.948256 0.24265 0.103358 0.119332
10 0.147588 0.16591 0.0885152 0.130974 0.118151
10 0.643273 0.0134231 0.0108397 0.0265682 0.118036
6 0.90944 0.64934 0.126049 0.669826 0.117845
7 0.0684079 0.522804 0.0154831 0.0356817 0.116177
7 0.11932 0.806722 0.0213491 0.0601042 0.115878
7 0.835158 0.289036 0.0169506 0.0639209 0.115826
2 0.49239 0.22899 0.0312558 0.0595283 0.11523
7 0.842435 0.247485 0.0139912 0.036462 0.115206
7 0.871256 0.320468 0.0244364 0.0498437 0.114973
10 0.317382 0.0874442 0.179099 0.170155 0.114877
4 0.0632202 0.0804463 0.0289109 0.0417579 0.114489
6 0.902035 0.736662 0.0755589 0.11858 0.114049
6 0.00663252 0.513085 0.0145454 0.236955 0.113543
7 0.67785 0.582192 0.0124992 0.049348 0.113184
6 0.417298 0.94059 0.257494 0.119873 0.113071
2 0.268684 0.1605 0.0125552 0.0353065 0.112972
2 0.00584485 0.452109 0.0122809 0.129076 0.112956
7 0.832066 0.203327 0.0181337 0.0673449 0.112734
6 0.00531042 0.145697 0.011634 0.16403 0.112421
7 0.0669978 0.527643 0.0175078 0.0435068 0.111949
6 0.0674053 0.612655 0.127662 0.39126 0.11091
6 0.0192048 0.617779 0.0384054 0.457444 0.109895
2 0.255259 0.19047 0.0225362 0.0594916 0.109127
6 0.929261 0.273705 0.0624695 0.194335 0.109026
7 0.0667997 0.50154 0.0182206 0.0561386 0.10763
6 0.945072 0.943633 0.0879421 0.115087 0.107421
6 0.00913495 0.560789 0.0189333 0.348444 0.107168
6 0.00591474 0.63158 0.0130056 0.208163 0.107157
7 0.1963 0.634857 0.0360224 0.0949528 0.106541
2 0.830307 0.2333 0.0161605 0.0439113 0.106403
7 0.75637 0.643746 0.0332717 0.0987499 0.105878
2 0.571021 0.106345 0.0455296 0.150492 0.105674
2 0.844723 0.262207 0.0154596 0.0685237 0.104554
6 0.105591 0.495762 0.0453957 0.144998 0.104434
7 0.0562883 0.55072 0.0285237 0.0480129 0.10443
7 0.757575 0.159254 0.0188575 0.0290535 0.104391
6 0.800871 0.935299 0.233263 0.135154 0.104206
6 0.67156 0.772012 0.110706 0.161833 0.10367
7 0.0771079 0.473919 0.0214181 0.0433621 0.103568
6 0.931965 0.483914 0.0554649 0.0950906 0.103192
7 0.832417 0.238614 0.023093 0.0488085 0.10233
7 0.0558586 0.516223 0.0189505 0.0633285 0.102143
7 0.165527 0.847627 0.0257409 0.0954502 0.100765
6 0.347891 0.223027 0.0867079 0.203241 0.100384
7 0.433234 0.216582 0.0342703 0.0769256 0.0999748
6 0.464606 0.099889 0.0316438 0.1473 0.0998956
6 0.126649 0.335278 0.0964359 0.211333 0.0997415
2 0.581842 0.139869 0.0379493 0.0875547 0.0991128
10 0.11657 0.11966 0.0198621 0.0372318 0.0988324
6 0.431034 0.918362 0.147945 0.165731 0.0986551
6 0.0319142 0.553227 0.059703 0.148701 0.0979038
6 0.259233 0.281105 0.0680924 0.132569 0.0975175
6 0.636966 0.700312 0.188065 0.357563 0.0974059
6 0.807862 0.923808 0.240194 0.160287 0.0957852
6 0.00491922 0.302139 0.010086 0.137133 0.0945657
6 0.120678 0.201564 0.032788 0.0919668 0.0941247
6 0.459886 0.271808 0.216671 0.265197 0.0924272
7 0.261081 0.169626 0.0221953 0.0300542 0.0922035
7 0.165318 0.855998 0.0243272 0.0725657 0.0921628
10 0.00753759 0.452132 0.0155382 0.269129 0.0911226
7 0.42724 0.222895 0.0207514 0.0585594 0.0906929
10 0.328124 0.120632 0.20854 0.236625 0.0898276
3 0.794397 0.239944 0.0328116 0.0534277 0.0898099
7 0.73999 0.27994 0.0195435 0.0543428 0.0881631
6 0.719122 0.197496 0.111509 0.168478 0.0869524
7 0.031419 0.524363 0.0328551 0.0791441 0.0865542
10 0.00689153 0.458641 0.0145168 0.249537 0.0861982
6 0.799468 0.814676 0.129752 0.167158 0.0861583
11 0.652491 0.575096 0.0480917 0.105664 0.0844337
7 0.0731368 0.479266 0.0275251 0.0497929 0.083792
2 0.0182535 0.454844 0.0340481 0.10305 0.0836884
10 0.105248 0.0785363 0.0143746 0.0302012 0.0824616
7 0.0576493 0.531709 0.0153446 0.0332334 0.0819228
6 0.46022 0.310512 0.151376 0.214285 0.0799629
4 0.115381 0.0812682 0.0740692 0.106213 0.0794992
11 0.705698 0.619526 0.0485544 0.10609 0.0789723
6 0.835515 0.799429 0.233884 0.373694 0.0782955
7 0.158963 0.867611 0.0311172 0.0670105 0.0776745
7 0.715114 0.163523 0.0142524 0.0538891 0.077013
6 0.314319 0.186201 0.145274 0.251595 0.0757932
7 0.76094 0.171204 0.0213264 0.0548595 0.0756214
6 0.085207 0.476561 0.0568282 0.0988026 0.0753946
6 0.823189 0.883037 0.232697 0.298593 0.071809
7 0.769472 0.191481 0.0253593 0.0434299 0.0710029
10 0.119287 0.0699591 0.020051 0.037709 0.0700359
6 0.72253 0.353281 0.140019 0.162287 0.0693995
6 0.831166 0.352681 0.212601 0.405763 0.0692007
7 0.741697 0.219866 0.0166791 0.0640872 0.0680314
6 0.542755 0.324932 0.0662426 0.225515 0.0674531
6 0.433016 0.924168 0.15995 0.154439 0.0664911
6 0.35084 0.495011 0.172482 0.265513 0.0652473
7 0.270683 0.199088 0.029369 0.0387122 0.0642405
7 0.058126 0.535874 0.0275734 0.0716049 0.0628797
7 0.77041 0.153893 0.0190394 0.0313827 0.0627884
7 0.192481 0.665074 0.0243731 0.04232 0.0627375
7 0.836703 0.272722 0.0216595 0.089233 0.0622718
7 0.319511 0.387214 0.027676 0.0621529 0.0615825
6 0.23209 0.687266 0.155492 0.30423 0.0615242
2 0.843612 0.272945 0.0145222 0.0841385 0.0599599
7 0.514365 0.966278 0.0356182 0.0693218 0.0593674
7 0.772015 0.181725 0.0208879 0.0376257 0.0589951
2 0.264052 0.184192 0.0390989 0.0790033 0.0579648
7 0.765538 0.206357 0.0375622 0.131185 0.0570619
7 0.793661 0.235214 0.0198074 0.0357817 0.0568921
7 0.0782715 0.47006 0.01607 0.0341863 0.0544347
6 0.335097 0.280334 0.0593452 0.0959318 0.0544084
7 0.310902 0.424036 0.0214508 0.0357431 0.0538014
7 0.0661687 0.530123 0.0137137 0.0338571 0.0537019
6 0.41144 0.458083 0.312112 0.385763 0.0531228
6 0.751685 0.454722 0.139305 0.184892 0.0529177
2 0.742181 0.232276 0.013826 0.0557543 0.0517047
7 0.740069 0.258388 0.0186503 0.0678564 0.0505456
7 0.772895 0.183097 0.0254342 0.0523775 0.0494698
7 0.770216 0.15464 0.0170616 0.0319762 0.0486614
7 0.730644 0.588886 0.0137203 0.0452624 0.0481154
6 0.428292 0.249551 0.0480076 0.149427 0.0474953
11 0.769087 0.195371 0.20263 0.161296 0.0471791
6 0.128128 0.455309 0.0353927 0.099059 0.0461531
6 0.14762 0.425543 0.116234 0.229531 0.0452086
11 0.797025 0.221764 0.145712 0.157796 0.0451865
7 0.735714 0.597091 0.0188843 0.0378858 0.044838
11 0.775994 0.468084 0.194808 0.649886 0.0441478
6 0.783904 0.402953 0.182139 0.340078 0.0437892
7 0.192341 0.661302 0.0235006 0.0426117 0.0432432
7 0.201724 0.325197 0.0194753 0.0533811 0.043174
7 0.740227 0.599554 0.0137643 0.0330427 0.0431484
7 0.32078 0.431679 0.0282218 0.0450808 0.0412448
7 0.657418 0.564579 0.030007 0.081862 0.0411694
7 0.485507 0.234961 0.0191998 0.0441399 0.0409549
10 0.142629 0.170897 0.0733097 0.109694 0.0407529
7 0.159284 0.832068 0.015196 0.029248 0.0403172
6 0.501297 0.130946 0.104416 0.248919 0.0402243
6 0.156274 0.443593 0.108869 0.247347 0.0395076
6 0.11335 0.738863 0.0772158 0.153313 0.0391881
7 0.437684 0.248701 0.012651 0.0267114 0.0387288
7 0.311688 0.461733 0.0343259 0.140946 0.0381513
7 0.729631 0.591079 0.0123749 0.044033 0.0369543
7 0.234419 0.654049 0.0184606 0.0416759 0.0363011
6 0.275272 0.499794 0.0522802 0.0943197 0.0345105
6 0.689263 0.754214 0.216929 0.471704 0.0340496
10 0.730414 0.131525 0.0591515 0.119578 0.0325873
6 0.201423 0.864558 0.218306 0.270446 0.0318304
7 0.164367 0.865102 0.022604 0.0429842 0.0316839
6 0.0863033 0.639315 0.0454998 0.080425 0.030574
6 0.351788 0.465568 0.111176 0.155048 0.0295789
6 0.174858 0.968444 0.262044 0.0811905 0.0292823
7 0.670652 0.647405 0.019545 0.0495278 0.0289832
7 0.75661 0.144363 0.0266548 0.0448298 0.0284823
6 0.271496 0.795451 0.0484708 0.0732675 0.0275195
2 0.859348 0.371301 0.0161825 0.0282722 0.027052
6 0.461405 0.487601 0.0440506 0.0385225 0.0270068
6 0.340291 0.590365 0.0342132 0.0711339 0.0267401
6 0.782381 0.273444 0.170984 0.107413 0.0264187
7 0.738532 0.639205 0.0154834 0.0383477 0.0232413
7 0.480235 0.296644 0.0170498 0.0403724 0.0231711
7 0.138445 0.888798 0.0256954 0.0383419 0.0228852
2 0.834348 0.36673 0.0130496 0.0399167 0.0218862
7 0.201753 0.780775 0.0248586 0.0396529 0.0217355
7 0.162512 0.89826 0.0260897 0.0391646 0.0206271
7 0.25312 0.725657 0.0141291 0.0303382 0.0187218
6 0.245918 0.786343 0.0221639 0.0563558 0.0167299
10 0.739168 0.544366 0.00996977 0.014264 0.0152037
