3 0.499516 0.498513 0.998744 0.99999 0.500946
3 0.906118 0.186082 0.189916 0.371569 0.200151
4 0.185743 0.504503 0.101885 0.232259 0.167513
3 0.899613 0.247077 0.201607 0.490685 0.161209
3 0.909204 0.129057 0.183529 0.259282 0.15852
9 0.0246876 0.47036 0.0496782 0.335232 0.154073
4 0.130389 0.3974 0.25959 0.781762 0.137513
6 0.910391 0.0881027 0.178913 0.176559 0.131609
3 0.895716 0.381535 0.209408 0.754372 0.126582
4 0.129194 0.259409 0.256804 0.482518 0.125041
10 0.681386 0.0345933 0.0951058 0.0697318 0.124085
4 0.127576 0.207643 0.253526 0.349043 0.121935
10 0.0169701 0.426719 0.0346062 0.21079 0.121711
4 0.129331 0.314036 0.256262 0.605025 0.120888
3 0.500823 0.341577 0.998395 0.684746 0.119486
2 0.884736 0.0790406 0.129948 0.158585 0.118983
9 0.0182811 0.461868 0.0371025 0.29747 0.118097
3 0.501108 0.390568 0.99999 0.791568 0.116845
9 0.0274671 0.355534 0.0547303 0.598162 0.113258
1 0.502158 0.50027 0.999923 0.999989 0.109597
4 0.142877 0.228251 0.204175 0.275891 0.109509
9 0.186812 0.545228 0.163182 0.364932 0.107988
4 0.131221 0.186895 0.260683 0.357525 0.107742
4 0.189204 0.368237 0.376098 0.723785 0.104563
3 0.747712 0.220692 0.504047 0.441082 0.103837
4 0.158503 0.250785 0.162296 0.217623 0.101987
6 0.295606 0.0688014 0.167346 0.13831 0.0983109
10 0.439831 0.0642556 0.190621 0.128632 0.097406
9 0.188547 0.553621 0.12622 0.339665 0.0959641
9 0.0236829 0.577722 0.047571 0.553268 0.0958257
3 0.883678 0.499564 0.231004 0.999988 0.0954785
3 0.894471 0.321315 0.212054 0.633372 0.0936055
4 0.0601166 0.288119 0.121241 0.470046 0.0934261
11 0.214745 0.0938778 0.341436 0.186872 0.0925696
3 0.835172 0.199408 0.329468 0.393772 0.0922176
10 0.449962 0.0489025 0.216702 0.0971449 0.0920825
10 0.487215 0.0219394 0.0715721 0.0437248 0.089305
1 0.738219 0.50147 0.523526 0.998264 0.0886643
4 0.190051 0.471315 0.0843602 0.156055 0.0877447
6 0.911971 0.0963354 0.175603 0.192391 0.0877246
4 0.0239937 0.296221 0.0483945 0.492179 0.0872556
3 0.909713 0.320425 0.180858 0.636607 0.087234
4 0.263534 0.358365 0.526271 0.706753 0.086107
4 0.134365 0.501998 0.269652 0.999189 0.0858416
6 0.553315 0.0673072 0.145661 0.136443 0.0839609
2 0.864237 0.0710998 0.0945097 0.142246 0.0817656
1 0.603821 0.501009 0.793806 0.999988 0.0815537
10 0.459721 0.0756001 0.281601 0.149844 0.0815303
9 0.0253306 0.418885 0.0503954 0.657791 0.0812467
10 0.656138 0.0442826 0.20133 0.0879988 0.0810976
3 0.821574 0.256127 0.355838 0.509284 0.0806974
10 0.711301 0.0495703 0.203485 0.0983693 0.0806627
4 0.0136243 0.388236 0.0278441 0.130502 0.0804029
4 0.230613 0.422047 0.458602 0.836304 0.0802092
6 0.291734 0.0461458 0.150229 0.0923199 0.0797952
3 0.608149 0.235004 0.780231 0.466074 0.0796281
6 0.919425 0.137262 0.160238 0.275645 0.0794681
4 0.0765221 0.414354 0.152911 0.735043 0.0789454
3 0.641655 0.227802 0.713987 0.449085 0.0788413
10 0.934754 0.499009 0.130092 0.993133 0.0782183
3 0.717115 0.403081 0.563268 0.810716 0.0770407
3 0.730824 0.170979 0.533697 0.339157 0.0767011
10 0.741351 0.0634175 0.245402 0.126164 0.0755148
11 0.119227 0.107928 0.237537 0.218538 0.0754793
4 0.0146851 0.360602 0.0295084 0.36153 0.0746308
10 0.93033 0.497269 0.138546 0.999798 0.0743612
3 0.644224 0.405621 0.705207 0.806322 0.0741364
11 0.223905 0.0913451 0.293916 0.181716 0.0738749
11 0.198 0.0594853 0.389842 0.118475 0.0732969
4 0.217678 0.286055 0.435452 0.564673 0.073158
3 0.735512 0.071107 0.521801 0.145069 0.0730332
9 0.0251818 0.611125 0.0509375 0.774863 0.0721021
4 0.0592343 0.212477 0.120367 0.322278 0.0719361
11 0.240309 0.071012 0.283393 0.140916 0.0699836
10 0.942928 0.502583 0.114669 0.987061 0.0698154
10 0.488861 0.0427887 0.0991884 0.0855628 0.0690055
4 0.0295964 0.201471 0.0588365 0.381473 0.0680563
4 0.0141164 0.3548 0.0284615 0.299176 0.0679045
4 0.301688 0.174491 0.168147 0.263887 0.0673573
10 0.359914 0.0653135 0.0933073 0.130896 0.0672607
10 0.730918 0.0425028 0.0984991 0.0847496 0.067074
6 0.913978 0.101271 0.171647 0.201702 0.06695
3 0.72711 0.311467 0.542943 0.613961 0.0667793
9 0.0333166 0.511301 0.0676302 0.976819 0.0667173
4 0.19694 0.146813 0.388625 0.29197 0.0666058
4 0.158821 0.275804 0.31314 0.49369 0.0654978
4 0.3059 0.237215 0.115976 0.150375 0.0648104
1 0.259557 0.501958 0.520524 0.99973 0.0646059
10 0.723662 0.0631188 0.270621 0.126414 0.0645776
10 0.944255 0.703583 0.111597 0.587523 0.0634032
4 0.135508 0.158781 0.266794 0.314986 0.0628468
6 0.224861 0.12473 0.360434 0.246501 0.0621059
10 0.61372 0.0276145 0.196372 0.0560191 0.0620429
6 0.470326 0.0837703 0.318353 0.165719 0.0618004
4 0.251303 0.298471 0.50365 0.591876 0.0617644
9 0.176053 0.57179 0.151057 0.392157 0.0617177
4 0.293824 0.148675 0.284858 0.294481 0.0615239
6 0.293923 0.146377 0.206913 0.29093 0.0612433
4 0.224944 0.253124 0.451008 0.502342 0.0611743
9 0.154064 0.563959 0.200861 0.418653 0.0611004
3 0.875427 0.118805 0.249336 0.238214 0.0610321
10 0.542923 0.0245571 0.231438 0.0498377 0.0607494
4 0.312288 0.339274 0.368035 0.645207 0.0603098
9 0.0194107 0.587957 0.03921 0.728866 0.059932
4 0.0330703 0.112786 0.0680603 0.203911 0.0599013
4 0.24399 0.470634 0.487032 0.886786 0.0590374
6 0.300469 0.151956 0.189109 0.305084 0.0590337
10 0.926074 0.0590121 0.147463 0.119816 0.0588098
1 0.492116 0.500608 0.974619 0.99996 0.0587477
4 0.260589 0.227324 0.522353 0.453576 0.0585015
6 0.251935 0.0715357 0.397276 0.140273 0.0578142
4 0.236858 0.150368 0.318351 0.298515 0.0575523
11 0.184317 0.0367677 0.136878 0.0739412 0.0574094
10 0.960014 0.0643962 0.0814596 0.127983 0.0572979
4 0.18067 0.405638 0.140105 0.462031 0.0572558
10 0.0099922 0.541818 0.020474 0.423042 0.0569593
3 0.869249 0.499415 0.259576 0.99998 0.0566814
10 0.473504 0.0672053 0.123987 0.134532 0.0566219
11 0.190396 0.0612737 0.327757 0.122214 0.056491
9 0.0242953 0.566004 0.0483322 0.363441 0.0564347
11 0.65746 0.0876611 0.674075 0.175564 0.0561831
3 0.788648 0.155885 0.419152 0.310295 0.0561304
11 0.134935 0.086396 0.264904 0.172614 0.0555772
10 0.93522 0.757736 0.130217 0.477576 0.055549
4 0.173698 0.45733 0.239924 0.684053 0.0553211
11 0.127531 0.0669409 0.251668 0.13436 0.0550334
4 0.548246 0.0861288 0.417836 0.171168 0.0548308
10 0.603661 0.0610084 0.604958 0.121372 0.054735
1 0.736761 0.501098 0.524517 0.999965 0.0547042
10 0.0141141 0.457053 0.0283657 0.25137 0.0545596
10 0.358152 0.0437528 0.087738 0.0860075 0.0544176
6 0.697407 0.0756445 0.388711 0.149067 0.0542513
4 0.0352473 0.124325 0.0709749 0.238266 0.0539521
9 0.258728 0.554345 0.289321 0.397977 0.0537058
10 0.524555 0.0435872 0.190681 0.0881896 0.0536365
1 0.293676 0.502818 0.587182 0.998934 0.0534658
4 0.383489 0.357133 0.76669 0.706932 0.0533052
10 0.311783 0.0279021 0.138124 0.0551475 0.0529608
1 0.73269 0.589754 0.535747 0.821437 0.0526556
3 0.878277 0.141314 0.24719 0.280749 0.052311
4 0.0639205 0.0981234 0.128475 0.196629 0.0517802
9 0.115457 0.629633 0.230968 0.740703 0.0514547
6 0.561202 0.0173736 0.110455 0.035263 0.0513145
6 0.504108 0.496789 0.999628 0.999821 0.0510792
2 0.978129 0.841376 0.0433937 0.312408 0.051054
10 0.373424 0.0615811 0.117612 0.122346 0.050438
4 0.306017 0.226299 0.116299 0.180018 0.0503138
4 0.0168317 0.490245 0.0334899 0.159071 0.0500448
10 0.934848 0.68278 0.130817 0.631159 0.0498769
10 0.322478 0.0902925 0.188321 0.179323 0.049622
4 0.057093 0.203352 0.116805 0.246219 0.0492582
10 0.0111077 0.387692 0.0228444 0.124584 0.048712
1 0.747726 0.731026 0.505546 0.535829 0.048689
1 0.665914 0.74042 0.671342 0.514141 0.0485974
1 0.254789 0.509815 0.509566 0.987099 0.0481055
4 0.0611664 0.163261 0.122295 0.309614 0.0479553
2 0.974679 0.772134 0.0500227 0.448966 0.0476019
1 0.331818 0.502074 0.662314 0.998774 0.0474215
2 0.828642 0.543671 0.0961184 0.155929 0.0473829
10 0.496615 0.0232436 0.224523 0.0464182 0.0472602
9 0.104375 0.597157 0.209415 0.805572 0.0472285
6 0.849489 0.830914 0.302342 0.335271 0.0472107
10 0.919168 0.0460323 0.162093 0.0919598 0.0468493
11 0.503764 0.851104 0.999913 0.294789 0.0467257
6 0.564413 0.026623 0.128756 0.054192 0.0466955
6 0.822089 0.871292 0.357619 0.255724 0.0465535
6 0.867447 0.636222 0.264342 0.721857 0.0460601
10 0.195651 0.480536 0.0709242 0.161477 0.0459723
4 0.286692 0.21983 0.264194 0.334167 0.0458721
11 0.332474 0.15369 0.554763 0.305144 0.0453421
4 0.384305 0.349178 0.474523 0.638515 0.0452898
10 0.637903 0.0197563 0.104029 0.0395315 0.0447696
9 0.227666 0.637613 0.454896 0.724887 0.0444234
10 0.446732 0.0261562 0.1952 0.0511507 0.0441598
9 0.259019 0.57517 0.51826 0.847656 0.0441055
6 0.844373 0.730843 0.311002 0.534696 0.0437659
4 0.142799 0.502599 0.278138 0.462431 0.043675
4 0.326985 0.398463 0.659351 0.784893 0.0429223
6 0.568725 0.103115 0.231885 0.207213 0.0428902
1 0.229229 0.787355 0.459163 0.423464 0.0428197
4 0.663726 0.138955 0.40541 0.279004 0.0427245
4 0.0226816 0.180686 0.0461889 0.245157 0.0426613
10 0.661546 0.0200873 0.0626397 0.0400004 0.0423049
6 0.900657 0.136606 0.212889 0.261353 0.0419418
4 0.0250453 0.179047 0.0512063 0.257491 0.0418404
4 0.633599 0.125623 0.343255 0.252211 0.0417167
9 0.216049 0.684395 0.432685 0.62857 0.0413658
10 0.0187696 0.459569 0.0368267 0.208416 0.041289
11 0.506725 0.124867 0.587413 0.24818 0.0412532
6 0.307032 0.0482545 0.140256 0.0950066 0.041118
10 0.980857 0.477098 0.0382229 0.407145 0.0404246
6 0.325737 0.149742 0.207313 0.294107 0.040059
11 0.502958 0.850298 0.99999 0.301813 0.0400421
10 0.355372 0.0415659 0.0925887 0.0847168 0.0395884
6 0.149821 0.0450973 0.213836 0.0900017 0.0394823
6 0.5299 0.0647667 0.152341 0.127664 0.0392118
1 0.221265 0.800328 0.444267 0.397536 0.0390934
10 0.865649 0.498533 0.268735 0.999339 0.0388403
1 0.398806 0.428101 0.795378 0.854288 0.0387514
10 0.55777 0.11239 0.390725 0.2244 0.0386787
4 0.0161536 0.483497 0.0315334 0.129028 0.0380971
11 0.755609 0.845748 0.490856 0.304265 0.0377778
6 0.187377 0.0562027 0.152631 0.11264 0.0377639
4 0.103814 0.112908 0.208885 0.225041 0.0375046
4 0.306249 0.33461 0.326322 0.465652 0.0370203
10 0.0429633 0.105866 0.0560225 0.149838 0.0368273
1 0.640588 0.869432 0.721052 0.258227 0.0367511
9 0.0966904 0.611749 0.195187 0.80935 0.0364412
9 0.21893 0.683123 0.437555 0.635994 0.0363936
6 0.912341 0.312162 0.174459 0.460102 0.0363666
10 0.202556 0.0899999 0.164617 0.180766 0.0363081
1 0.544357 0.597127 0.928141 0.803885 0.0361232
11 0.128422 0.155137 0.1842 0.176699 0.0356415
6 0.871154 0.885614 0.257691 0.230661 0.0344599
10 0.70895 0.0184468 0.0806134 0.0366757 0.0341235
10 0.0168043 0.132041 0.0335346 0.177749 0.0340429
1 0.218356 0.74697 0.437593 0.502772 0.0339406
2 0.853112 0.0494917 0.0737141 0.0984046 0.0336236
10 0.598576 0.0190744 0.0691224 0.0379371 0.0334863
6 0.866638 0.544634 0.264572 0.999965 0.0332803
9 0.0624934 0.531669 0.127368 0.956834 0.0332738
6 0.839415 0.850879 0.317357 0.304077 0.0329631
1 0.223359 0.889172 0.447511 0.220086 0.0329278
6 0.313865 0.0869762 0.132396 0.159689 0.0325967
4 0.66142 0.147661 0.132633 0.166432 0.032355
10 0.0451645 0.114125 0.0528456 0.147421 0.0317489
10 0.263589 0.223862 0.0454705 0.117066 0.0315809
11 0.727694 0.37861 0.522222 0.418138 0.0315634
9 0.015763 0.528004 0.0305929 0.13158 0.0310439
10 0.265501 0.233188 0.0576641 0.135053 0.0308464
4 0.0614671 0.644817 0.121013 0.368238 0.0307566
1 0.227631 0.851083 0.457413 0.295541 0.0304575
6 0.645536 0.910227 0.704293 0.177946 0.0303453
10 0.937728 0.0985785 0.124994 0.174865 0.0303436
10 0.0128391 0.409402 0.0254474 0.10557 0.0303407
10 0.647978 0.0670927 0.589313 0.133968 0.0300792
9 0.181799 0.588188 0.109986 0.301922 0.0298275
10 0.687195 0.0167043 0.0472429 0.033204 0.0297941
6 0.0237573 0.556912 0.0463652 0.171891 0.0297627
10 0.0138855 0.399877 0.0281748 0.118404 0.0295351
10 0.945479 0.631595 0.110401 0.998445 0.0294983
9 0.222112 0.716759 0.444454 0.562321 0.0292505
10 0.262582 0.222834 0.039203 0.107914 0.0288647
10 0.263988 0.232167 0.0575137 0.133251 0.0286756
10 0.882793 0.0921551 0.113435 0.128751 0.0283444
10 0.240633 0.03919 0.0619051 0.079162 0.0282688
10 0.865945 0.814551 0.261309 0.999673 0.028137
10 0.195069 0.0572628 0.157421 0.108974 0.0281349
1 0.735475 0.616638 0.523697 0.999255 0.0277544
11 0.501281 0.921374 0.999985 0.151904 0.0274295
4 0.474323 0.363919 0.993773 0.65214 0.027163
1 0.742605 0.63461 0.533166 0.945392 0.0269968
10 0.246081 0.199755 0.0809219 0.168446 0.0268053
9 0.188128 0.610621 0.111185 0.187938 0.0266555
10 0.941322 0.617796 0.117627 0.999816 0.025928
6 0.783976 0.942731 0.428025 0.115603 0.0258643
4 0.304505 0.297797 0.169821 0.263996 0.0256154
10 0.0502014 0.421277 0.105541 0.193712 0.0251978
4 0.384868 0.401845 0.69648 0.511392 0.0251741
10 0.234743 0.195059 0.0960672 0.161719 0.0251403
10 0.876849 0.644044 0.260341 0.761657 0.0250413
4 0.023614 0.280239 0.0462551 0.160503 0.0250406
4 0.138094 0.664606 0.282411 0.99944 0.0242845
6 0.658987 0.939695 0.653862 0.121451 0.0242165
9 0.118244 0.69982 0.243161 0.997271 0.0240784
6 0.521485 0.967081 0.97631 0.0674534 0.0238811
10 0.191429 0.650046 0.110495 0.220995 0.0231857
1 0.136802 0.796031 0.274888 0.409572 0.022956
6 0.743924 0.890812 0.518475 0.217357 0.022854
10 0.886249 0.176204 0.120865 0.230416 0.0214974
6 0.205335 0.920517 0.41495 0.160854 0.0214497
3 0.405278 0.498189 0.839676 0.861737 0.0213547
6 0.748083 0.873195 0.469341 0.999521 0.0212054
6 0.182265 0.024886 0.072433 0.0324312 0.0211408
6 0.492598 0.802604 0.999922 0.571816 0.0202055
10 0.138487 0.423389 0.0876262 0.119989 0.0197226
6 0.718319 0.951011 0.474906 0.096169 0.0196281
1 0.623863 0.910345 0.622782 0.184295 0.0194491
10 0.059703 0.355793 0.0882132 0.131453 0.0192502
11 0.519813 0.886869 0.999359 0.360769 0.01878
6 0.488053 0.873569 0.99997 0.996566 0.0184958
10 0.122447 0.427816 0.0900381 0.117682 0.0181623
11 0.147333 0.309857 0.0933968 0.0780169 0.0180745
11 0.538391 0.799438 0.486894 0.611183 0.0180391
11 0.467832 0.821172 0.999973 0.999137 0.0179556
11 0.474573 0.744286 0.999809 0.999172 0.0177478
10 0.162208 0.335365 0.0685789 0.099347 0.0176898
10 0.188198 0.591326 0.0738639 0.0838917 0.0176386
6 0.137626 0.780793 0.205916 0.194367 0.0173089
6 0.178364 0.691741 0.100547 0.111274 0.0172165
10 0.503143 0.900535 0.999925 0.980622 0.0171947
11 0.467377 0.804813 0.999792 0.907847 0.0171343
6 0.54912 0.885368 0.714327 0.949198 0.0171339
10 0.287711 0.586452 0.0780289 0.0925877 0.017073
10 0.480216 0.813256 0.954499 0.996834 0.0170675
1 0.27546 0.789671 0.358735 0.358078 0.0170262
10 0.69645 0.929131 0.429765 0.998214 0.0167969
10 0.53032 0.748374 0.673966 0.999574 0.0166469
6 0.531331 0.772555 0.72094 0.393944 0.0165649
10 0.376905 0.594355 0.708242 0.937188 0.0151715
