6 0.392995 0.610868 0.210987 0.598322 0.881365
5 0.40605 0.248284 0.0661192 0.176027 0.825994
5 0.47951 0.173696 0.0918227 0.137705 0.62288
11 0.325947 0.708079 0.211968 0.573721 0.46639
11 0.795568 0.63896 0.229007 0.659176 0.357928
6 0.258804 0.190536 0.203276 0.378945 0.315219
11 0.309997 0.618162 0.17972 0.394397 0.304898
6 0.373668 0.544789 0.171974 0.469663 0.235776
6 0.261068 0.252714 0.211784 0.503308 0.229249
6 0.267036 0.398906 0.232293 0.78649 0.184941
6 0.374846 0.590389 0.172314 0.560328 0.181573
11 0.79235 0.65112 0.240277 0.682508 0.160756
11 0.79721 0.644106 0.226528 0.670952 0.151722
10 0.707043 0.0180966 0.062948 0.0358796 0.145391
2 0.610807 0.162067 0.020457 0.0807612 0.134609
6 0.400609 0.445803 0.105955 0.274298 0.13303
11 0.800359 0.650981 0.230774 0.684255 0.132442
6 0.404939 0.528304 0.132525 0.442268 0.122173
6 0.252142 0.124771 0.178379 0.249587 0.11889
6 0.873295 0.927657 0.04711 0.144899 0.112801
11 0.796173 0.650779 0.229306 0.67638 0.109741
11 0.339311 0.702369 0.239392 0.570481 0.108891
6 0.393376 0.536647 0.141971 0.450004 0.10759
2 0.615048 0.163121 0.0121021 0.0769464 0.10575
5 0.505376 0.163954 0.0418859 0.11568 0.104426
6 0.356396 0.564555 0.207526 0.51953 0.104392
6 0.28748 0.375448 0.146521 0.251405 0.102925
11 0.361386 0.646344 0.282519 0.501766 0.0936328
6 0.89825 0.925533 0.0803513 0.148462 0.0927658
6 0.300296 0.530253 0.17208 0.535119 0.0922217
7 0.713476 0.460021 0.032056 0.0723612 0.0909103
6 0.418546 0.540041 0.109513 0.453417 0.0846241
6 0.431117 0.0555026 0.0366192 0.110723 0.084071
11 0.798306 0.539937 0.208987 0.454377 0.0823334
6 0.339655 0.475724 0.250229 0.454871 0.0788652
2 0.428602 0.0440023 0.019069 0.0559235 0.076523
10 0.71324 0.0231449 0.0830931 0.0465838 0.0759559
6 0.441178 0.622986 0.124391 0.564869 0.0751182
11 0.804897 0.652777 0.221079 0.683718 0.0725814
5 0.446623 0.227169 0.153285 0.262894 0.0714042
10 0.720129 0.0146401 0.0305331 0.02937 0.0708531
6 0.44095 0.614062 0.124341 0.575575 0.0695935
6 0.382159 0.533275 0.148703 0.410121 0.0688943
6 0.877436 0.928497 0.0479807 0.14467 0.0664166
10 0.708008 0.0141489 0.0552255 0.0280162 0.0657348
2 0.582098 0.0985501 0.0185438 0.0398705 0.0647871
6 0.385668 0.623412 0.20392 0.627507 0.0644182
5 0.465861 0.2416 0.12587 0.298017 0.0621288
2 0.601414 0.155277 0.0153675 0.0532836 0.0609859
6 0.309432 0.642652 0.178085 0.441111 0.0608576
6 0.898096 0.890686 0.0680145 0.218935 0.0601601
6 0.290853 0.487172 0.295749 0.805503 0.0597065
6 0.355647 0.963262 0.159198 0.0740109 0.0590905
2 0.600921 0.15759 0.0140004 0.0517708 0.0585259
6 0.373102 0.630552 0.176859 0.525311 0.0578858
11 0.293669 0.465171 0.139865 0.111842 0.0575818
11 0.512325 0.053183 0.187368 0.104946 0.0574572
6 0.324522 0.627748 0.216577 0.737579 0.0563336
11 0.358846 0.692797 0.278327 0.566947 0.0560665
2 0.426169 0.0369028 0.021157 0.0749734 0.0536225
11 0.333586 0.714383 0.231355 0.571317 0.0535363
11 0.596792 0.639261 0.599667 0.690454 0.053403
11 0.415875 0.68541 0.400432 0.632079 0.0530456
6 0.412198 0.663839 0.17772 0.504617 0.0528174
6 0.355339 0.527855 0.141715 0.439348 0.0519298
5 0.446721 0.188215 0.029828 0.0916312 0.0516586
6 0.339346 0.453969 0.235235 0.316984 0.051051
7 0.882192 0.92859 0.0267311 0.14387 0.0508042
6 0.440388 0.722391 0.118486 0.355308 0.0502791
6 0.400927 0.52237 0.113483 0.414048 0.0501805
6 0.34708 0.843375 0.195 0.313033 0.050032
2 0.6067 0.151731 0.0279742 0.0615887 0.0499462
2 0.428586 0.0341797 0.0298045 0.071648 0.0498529
11 0.841408 0.568615 0.110011 0.192682 0.0492385
5 0.445484 0.179413 0.0253243 0.0748547 0.0490507
6 0.437348 0.596314 0.108985 0.537584 0.0490147
6 0.414878 0.566871 0.109062 0.504529 0.0488121
10 0.652086 0.179122 0.0877969 0.356886 0.048708
5 0.747472 0.141252 0.0200573 0.0483234 0.0482158
4 0.434294 0.0847468 0.0285539 0.0526934 0.0478221
6 0.366781 0.806761 0.162094 0.385226 0.0469491
2 0.427146 0.0373763 0.0221851 0.0643772 0.0466446
11 0.800843 0.75597 0.201083 0.477139 0.0458966
2 0.933023 0.0452925 0.032782 0.0901177 0.0450757
6 0.43121 0.692931 0.0992649 0.267126 0.0448932
6 0.367147 0.566696 0.130799 0.444077 0.0445792
11 0.770015 0.584838 0.161901 0.411153 0.0441717
6 0.34256 0.634489 0.123117 0.332536 0.0439174
6 0.429313 0.679324 0.092312 0.232364 0.0438426
10 0.682568 0.183122 0.152072 0.36421 0.0437782
11 0.780157 0.733892 0.163747 0.432606 0.0432772
2 0.41161 0.980531 0.0454058 0.0392656 0.0423778
11 0.8017 0.543222 0.229863 0.875432 0.0420964
2 0.849728 0.8234 0.0144823 0.0926663 0.0413014
5 0.413972 0.196748 0.0220611 0.0584041 0.041183
5 0.478198 0.190167 0.094498 0.149828 0.0399047
2 0.614812 0.176613 0.0119698 0.050116 0.0398039
6 0.248275 0.0990977 0.169665 0.201132 0.0397619
6 0.262049 0.472496 0.222988 0.568596 0.0397398
6 0.357035 0.734945 0.177247 0.521577 0.0396248
6 0.344953 0.58743 0.125986 0.376727 0.0393843
5 0.450382 0.187175 0.0464535 0.0973184 0.0392269
5 0.502408 0.134193 0.0337133 0.0638337 0.0390483
6 0.366093 0.840817 0.152101 0.318382 0.0387583
5 0.47138 0.236252 0.104555 0.202162 0.0384738
11 0.809585 0.76944 0.237691 0.5026 0.0384286
5 0.444073 0.194948 0.0292278 0.113808 0.038349
11 0.842484 0.6559 0.117439 0.379784 0.0380597
11 0.801226 0.67498 0.206982 0.438696 0.0379786
11 0.709021 0.615606 0.106195 0.339801 0.0378906
6 0.436358 0.618066 0.144202 0.564547 0.0378814
5 0.436821 0.23641 0.0318125 0.11147 0.0378651
5 0.59703 0.253248 0.0565831 0.152067 0.0378359
2 0.430982 0.0458685 0.0116635 0.047621 0.0374814
6 0.415617 0.546432 0.0981841 0.416392 0.0371628
6 0.391028 0.756091 0.212792 0.299627 0.0371
6 0.329599 0.726586 0.239237 0.445242 0.0365795
2 0.613959 0.180248 0.0136307 0.0454364 0.0363761
11 0.295157 0.649176 0.155782 0.266074 0.0361223
11 0.717694 0.590626 0.0761826 0.350133 0.0360606
6 0.416532 0.55819 0.0992829 0.384454 0.0356082
11 0.299876 0.649036 0.149615 0.0998924 0.0355957
4 0.531089 0.0540314 0.0108377 0.0203918 0.0355206
11 0.79828 0.454293 0.201532 0.29272 0.0353721
11 0.534636 0.638772 0.765899 0.700116 0.0351669
11 0.582222 0.638295 0.627926 0.70398 0.0350673
7 0.844771 0.529105 0.0203743 0.0361666 0.0348189
2 0.611608 0.162352 0.0109592 0.0760078 0.0347534
5 0.446663 0.185579 0.0377388 0.0976008 0.0339859
7 0.714251 0.517724 0.0622574 0.195906 0.0339484
6 0.440607 0.66995 0.0697554 0.21805 0.0338199
6 0.401846 0.860725 0.0953189 0.279206 0.0335772
6 0.346214 0.418243 0.087748 0.245072 0.033528
6 0.343091 0.657661 0.122265 0.289579 0.0334786
6 0.317143 0.392294 0.0972345 0.197292 0.0332125
5 0.450316 0.222825 0.171775 0.275471 0.0331891
2 0.60083 0.161753 0.0136247 0.0418047 0.0330465
6 0.254573 0.326099 0.17076 0.328268 0.0330037
11 0.552094 0.697555 0.700606 0.627921 0.0327503
6 0.44165 0.583097 0.115145 0.197072 0.0326905
5 0.425707 0.22739 0.0326865 0.130879 0.0325746
6 0.33278 0.55219 0.145276 0.326325 0.0324343
2 0.755939 0.340668 0.0169945 0.0834645 0.0322795
6 0.351106 0.761647 0.130224 0.245913 0.0320118
6 0.33836 0.372148 0.0553058 0.155757 0.0319662
6 0.331029 0.591944 0.354312 0.747732 0.0315945
6 0.336754 0.735265 0.101764 0.125215 0.0309435
2 0.423609 0.0520124 0.0101563 0.0377125 0.0303021
10 0.589625 0.0932916 0.0627318 0.184104 0.0302955
11 0.553382 0.726602 0.726322 0.563829 0.0299906
5 0.419758 0.219398 0.0289133 0.084678 0.0296859
6 0.413444 0.753577 0.0759277 0.222928 0.0295685
6 0.339292 0.685586 0.119937 0.201575 0.0294691
5 0.41425 0.191439 0.0251366 0.0569339 0.0294569
10 0.581674 0.0469327 0.333012 0.0974556 0.0291382
11 0.722917 0.524386 0.086778 0.227003 0.0290141
11 0.60352 0.640737 0.392299 0.679942 0.0289338
4 0.0031197 0.487654 0.00639054 0.938482 0.0289072
6 0.342025 0.767014 0.0782046 0.100969 0.0288688
11 0.784188 0.568721 0.185473 0.41169 0.0288086
6 0.355039 0.417406 0.0685871 0.226081 0.0287396
2 0.578184 0.103116 0.0134772 0.0300551 0.0285167
6 0.28135 0.731191 0.185923 0.225133 0.0284383
11 0.951833 0.505333 0.0867308 0.99314 0.0283937
6 0.334663 0.76374 0.123533 0.197072 0.0281158
7 0.882091 0.923058 0.0221197 0.135895 0.0280832
4 0.00317821 0.493194 0.00610099 0.935098 0.0277605
6 0.33179 0.378759 0.0705211 0.162743 0.0277009
4 0.00282316 0.388633 0.00550833 0.752 0.0276849
6 0.374896 0.477241 0.0491264 0.19191 0.0275922
6 0.341434 0.869211 0.179799 0.251179 0.0275803
11 0.796025 0.41519 0.196471 0.215768 0.0275423
5 0.427844 0.229707 0.0273911 0.149198 0.0274929
6 0.33632 0.501283 0.436056 0.967065 0.0274155
6 0.362306 0.646152 0.0969548 0.200851 0.0271307
6 0.414794 0.614144 0.0741377 0.103534 0.02709
6 0.369676 0.813583 0.271293 0.404711 0.0269087
5 0.285483 0.414251 0.0990786 0.152784 0.0268742
4 0.00310731 0.48411 0.00627963 0.931227 0.0265477
6 0.729546 0.419502 0.0714668 0.193404 0.0263232
6 0.248251 0.744406 0.210852 0.500365 0.0261333
6 0.315992 0.866203 0.2074 0.292292 0.0260368
6 0.78566 0.445348 0.167698 0.166602 0.0256415
6 0.252812 0.71244 0.058181 0.0865522 0.0255196
8 0.400414 0.271896 0.0605685 0.140944 0.0253564
5 0.524504 0.160201 0.0289185 0.0862955 0.0252421
2 0.613562 0.18638 0.0132989 0.0428761 0.0250678
2 0.383627 0.55599 0.0307998 0.0827038 0.024894
5 0.521601 0.1942 0.0270585 0.0456537 0.0247891
6 0.340526 0.887251 0.173279 0.223009 0.0247528
6 0.373501 0.821652 0.137854 0.341316 0.0246891
6 0.340018 0.764784 0.0703785 0.0940155 0.0246147
11 0.794534 0.769889 0.181507 0.274444 0.0246007
6 0.747567 0.458874 0.116837 0.291887 0.0244431
6 0.726796 0.434333 0.0712016 0.212888 0.0242242
6 0.395566 0.871191 0.12469 0.290464 0.023741
6 0.358986 0.640467 0.0841 0.147692 0.0232079
6 0.265406 0.502864 0.511776 0.999795 0.0230022
7 0.710676 0.472045 0.0220759 0.034192 0.0228602
6 0.290716 0.947465 0.199717 0.209689 0.0228529
6 0.459719 0.824212 0.101925 0.194774 0.0228526
6 0.377959 0.948419 0.133799 0.125022 0.0228403
6 0.355767 0.801876 0.0832096 0.125001 0.0226929
11 0.723435 0.461993 0.088849 0.255844 0.0225457
6 0.320135 0.816461 0.159393 0.181997 0.0224447
6 0.371013 0.87104 0.140864 0.222745 0.0223583
11 0.894043 0.501114 0.199777 0.999875 0.0222071
11 0.787754 0.883687 0.243459 0.250303 0.0222033
6 0.00333349 0.516809 0.00621903 0.886276 0.0219774
6 0.405357 0.916332 0.0731311 0.203759 0.0217613
5 0.510059 0.161903 0.125645 0.0836761 0.0214235
11 0.463993 0.82369 0.447897 0.349973 0.0214161
5 0.248161 0.380668 0.0613462 0.191175 0.0213015
11 0.947749 0.536166 0.0951382 0.999439 0.0211763
6 0.359602 0.859676 0.129698 0.255669 0.0209687
6 0.355787 0.907961 0.151607 0.17586 0.0209519
6 0.355895 0.626219 0.0806329 0.113047 0.0206928
6 0.333324 0.956074 0.296362 0.224772 0.0205943
10 0.842948 0.970906 0.0246178 0.0582933 0.0205428
6 0.418467 0.939663 0.086248 0.144603 0.0205393
5 0.452811 0.186296 0.0351565 0.071147 0.0204057
6 0.276336 0.874312 0.253793 0.228112 0.0203454
6 0.369836 0.954526 0.140322 0.126686 0.0203203
11 0.35618 0.916099 0.26619 0.221732 0.0202727
6 0.24434 0.932404 0.147643 0.17519 0.0202627
11 0.504753 0.493747 0.80213 0.999255 0.0202431
11 0.533074 0.691081 0.742696 0.813509 0.0201499
2 0.388376 0.896569 0.0642332 0.119495 0.0201458
2 0.620304 0.233297 0.012111 0.0400468 0.0201031
6 0.783946 0.917198 0.242347 0.183098 0.0198013
6 0.341278 0.337536 0.0452025 0.0887362 0.0197608
11 0.805944 0.788331 0.219404 0.44477 0.0196621
6 0.398606 0.423766 0.0329967 0.0576458 0.0194901
6 0.261422 0.362203 0.125706 0.142165 0.019479
6 0.427309 0.905869 0.0815833 0.189714 0.0194304
7 0.723303 0.433996 0.0215365 0.0306458 0.0194072
2 0.410219 0.678854 0.050463 0.0498388 0.0192017
11 0.258992 0.53886 0.15534 0.199004 0.0191557
6 0.349809 0.93867 0.156265 0.141458 0.0191531
6 0.341155 0.852537 0.09525 0.179801 0.0191513
5 0.256615 0.362467 0.0717601 0.0775656 0.0191462
11 0.572337 0.860973 0.644449 0.336113 0.0190984
6 0.363659 0.694798 0.0598442 0.0735862 0.0190612
5 0.445209 0.207252 0.026713 0.05386 0.0190245
6 0.43062 0.895334 0.0715101 0.181328 0.0190235
11 0.316986 0.856066 0.150403 0.163424 0.0187704
10 0.334364 0.118909 0.0972296 0.233814 0.0187572
6 0.445993 0.419922 0.0389744 0.0423952 0.0187418
6 0.25714 0.678354 0.0855616 0.0656386 0.0187208
6 0.273065 0.961602 0.180245 0.103274 0.0187191
6 0.315728 0.96014 0.163548 0.0904743 0.0186569
6 0.468309 0.725618 0.0639658 0.0721258 0.0186317
6 0.446908 0.522763 0.0399776 0.0648814 0.0185355
2 0.445141 0.376444 0.0308876 0.0513655 0.0185091
8 0.366629 0.303917 0.0386508 0.0960659 0.0184064
2 0.258639 0.411026 0.0623639 0.115331 0.0183733
6 0.21677 0.135277 0.0587867 0.0899724 0.018333
4 0.0280953 0.511795 0.0485432 0.998794 0.0183156
6 0.240387 0.964775 0.193549 0.0875944 0.0182446
10 0.325272 0.0871309 0.0827289 0.177743 0.0182441
2 0.849209 0.764643 0.0232103 0.0331837 0.0181952
6 0.276458 0.814417 0.0565094 0.0680418 0.0179147
6 0.342316 0.285518 0.0317295 0.108373 0.0177163
10 0.304164 0.0798694 0.0363122 0.0677795 0.0176912
10 0.724645 0.900137 0.0224438 0.0340239 0.0175964
8 0.341332 0.868524 0.096254 0.112064 0.0175561
10 0.443724 0.105869 0.0160986 0.0229316 0.017552
11 0.49543 0.774935 0.81465 0.414094 0.0175085
6 0.369828 0.97026 0.178365 0.0749042 0.0174665
11 0.476742 0.825541 0.742847 0.339424 0.0174095
6 0.262342 0.844639 0.090709 0.144683 0.0171499
11 0.259882 0.984538 0.177895 0.0548267 0.0171411
6 0.325539 0.880783 0.121805 0.227085 0.0170078
6 0.43535 0.925927 0.0722434 0.145309 0.0169048
11 0.695778 0.945105 0.114795 0.0911213 0.0168767
11 0.51232 0.559027 0.767393 0.996506 0.0168189
11 0.316449 0.932546 0.13582 0.156687 0.016495
5 0.270222 0.425577 0.0821848 0.111397 0.0164887
8 0.313551 0.886593 0.106721 0.110357 0.0164776
6 0.266899 0.951157 0.133446 0.101191 0.0163398
8 0.404721 0.35087 0.0369638 0.0701189 0.0163229
6 0.284841 0.963519 0.122374 0.0811325 0.0162622
10 0.703635 0.91206 0.11358 0.119907 0.0162505
6 0.322839 0.869889 0.123122 0.177852 0.0161838
11 0.77197 0.938674 0.175065 0.109508 0.0158562
2 0.314074 0.904012 0.114529 0.154787 0.0157138
6 0.272822 0.942813 0.130875 0.127757 0.0155445
10 0.331589 0.979146 0.078446 0.0456841 0.0154631
2 0.407832 0.346993 0.0346882 0.0630656 0.0154581
6 0.286323 0.966188 0.11009 0.0789238 0.0153572
10 0.83856 0.917156 0.0968464 0.139975 0.0153365
6 0.296294 0.970264 0.0797165 0.0767284 0.015069
6 0.315299 0.948559 0.0949248 0.0976663 0.0150386
10 0.759989 0.948243 0.116615 0.0939028 0.0150214
2 0.315914 0.92298 0.0757399 0.0631844 0.0150043
6 0.479807 0.497001 0.0451459 0.0505335 0.0149171
10 0.818844 0.948318 0.113056 0.100268 0.014915
10 0.333406 0.984022 0.0777511 0.0478845 0.0148008
8 0.353376 0.989531 0.0960299 0.0394469 0.0147057
2 0.104946 0.076839 0.170344 0.163574 0.0145936
