3 0.500088 0.498886 0.99999 0.999989 0.599919
2 0.859169 0.0704112 0.0756336 0.142464 0.273799
10 0.251037 0.562223 0.172264 0.294585 0.206093
6 0.286607 0.0473529 0.158641 0.0947851 0.168235
4 0.874344 0.197951 0.25187 0.392231 0.161581
4 0.907336 0.0972826 0.128704 0.140016 0.146289
3 0.499972 0.391684 0.99999 0.796991 0.141992
3 0.871346 0.376018 0.257727 0.743974 0.134696
10 0.430899 0.07069 0.187644 0.14237 0.133671
3 0.870691 0.499507 0.259027 0.999873 0.130112
2 0.894668 0.0827766 0.158535 0.16722 0.128074
3 0.900798 0.105219 0.197905 0.211447 0.127329
4 0.908064 0.0983844 0.124574 0.142174 0.126502
10 0.781687 0.0702823 0.241609 0.139882 0.12408
10 0.253904 0.52979 0.132632 0.197684 0.123992
11 0.869926 0.330686 0.259496 0.652446 0.121263
10 0.257075 0.630837 0.232906 0.44532 0.120208
10 0.24291 0.0525708 0.287233 0.104438 0.117073
3 0.869421 0.481261 0.261302 0.944443 0.113415
2 0.848361 0.0686625 0.0470245 0.141727 0.112104
3 0.728633 0.222864 0.541698 0.442209 0.110317
10 0.635122 0.0433007 0.161313 0.0861881 0.109358
3 0.884465 0.160141 0.231347 0.320075 0.107253
10 0.767665 0.121506 0.307994 0.241526 0.106646
10 0.957209 0.528206 0.0857594 0.312831 0.103686
4 0.0318614 0.34305 0.063104 0.674038 0.102878
2 0.842883 0.0655861 0.0484173 0.136085 0.102638
11 0.229536 0.0706451 0.316027 0.139377 0.101633
10 0.604247 0.0390404 0.220004 0.0784097 0.0994821
10 0.821514 0.0820558 0.351285 0.163759 0.0994084
11 0.189533 0.0531201 0.370644 0.106483 0.0968831
4 0.0282758 0.320534 0.0566905 0.629871 0.0958379
10 0.74892 0.113981 0.188708 0.227839 0.0955498
3 0.871012 0.28532 0.2577 0.564195 0.0950202
10 0.757172 0.0639051 0.186708 0.127991 0.0946847
11 0.873045 0.306743 0.254416 0.604522 0.0939569
10 0.252122 0.530728 0.130352 0.199384 0.0917213
6 0.625759 0.124481 0.364091 0.247359 0.0909506
10 0.243174 0.0372431 0.23097 0.0743537 0.0905639
10 0.947768 0.555322 0.105456 0.360038 0.0904851
3 0.743617 0.166217 0.506421 0.330753 0.0896619
3 0.573293 0.500494 0.859384 0.999322 0.0876849
11 0.871579 0.272532 0.255824 0.529204 0.0875996
11 0.865207 0.09095 0.267637 0.184024 0.0863366
1 0.0357146 0.502161 0.0715474 0.993705 0.0851887
10 0.581282 0.0364245 0.257173 0.0735603 0.0845324
6 0.591805 0.0972819 0.270004 0.197276 0.0823958
10 0.983322 0.538745 0.0331684 0.358212 0.0817117
6 0.594845 0.0956064 0.271798 0.192849 0.0813012
10 0.942266 0.497564 0.116342 0.469492 0.0806092
3 0.768797 0.107119 0.457849 0.214183 0.0795973
10 0.947006 0.510537 0.106566 0.969931 0.0789148
10 0.0252368 0.505197 0.0507454 0.983912 0.0787605
11 0.190024 0.0347799 0.144145 0.0702379 0.0787424
3 0.594413 0.266185 0.80979 0.523567 0.0784594
10 0.952648 0.45181 0.0951714 0.527003 0.0783228
10 0.239848 0.0353849 0.0828185 0.0708845 0.0781753
11 0.256806 0.0909046 0.446049 0.181085 0.077582
10 0.95178 0.588679 0.0960846 0.807714 0.0775315
10 0.23882 0.655431 0.236029 0.504631 0.0769039
1 0.0342607 0.586079 0.0688059 0.825451 0.0765099
4 0.935197 0.155564 0.12835 0.309293 0.0764572
10 0.550188 0.0931683 0.423159 0.185783 0.0761615
10 0.946967 0.660035 0.10669 0.674208 0.0761005
10 0.953547 0.0853692 0.0932665 0.171254 0.075921
11 0.288973 0.0584045 0.456302 0.115821 0.0758423
0 0.0358056 0.728099 0.0715362 0.540512 0.0755978
6 0.532267 0.0951877 0.415022 0.190059 0.0752797
11 0.887415 0.0862245 0.220102 0.175202 0.0747074
10 0.5551 0.435238 0.112265 0.174578 0.0732928
11 0.565458 0.13501 0.471606 0.268112 0.0732498
10 0.706193 0.061583 0.503529 0.123252 0.0727371
10 0.597078 0.0658629 0.283202 0.131035 0.0724658
6 0.309652 0.0451681 0.124211 0.0903536 0.0721605
6 0.663905 0.128204 0.426135 0.255809 0.0719591
10 0.945498 0.584734 0.0986166 0.17043 0.0712853
10 0.615109 0.05609 0.580873 0.112829 0.0708752
10 0.502403 0.0989877 0.359421 0.198905 0.070844
10 0.428566 0.039977 0.165304 0.0800631 0.0704973
3 0.821197 0.49985 0.356243 0.999945 0.0701988
4 0.146352 0.50125 0.291289 0.999902 0.0695775
11 0.5516 0.0602065 0.684101 0.120537 0.0689419
10 0.315097 0.699336 0.388681 0.592359 0.0687163
3 0.717108 0.325364 0.565462 0.650666 0.0683288
4 0.511237 0.115722 0.362641 0.230153 0.0683086
10 0.267779 0.693053 0.268832 0.571845 0.0681069
4 0.0331239 0.140497 0.0672366 0.278245 0.0680163
1 0.272964 0.798314 0.547499 0.404148 0.0678483
6 0.749542 0.145307 0.243214 0.287399 0.0670363
3 0.795769 0.5005 0.406857 0.999373 0.0651023
11 0.655594 0.151658 0.437867 0.301524 0.0647157
11 0.299741 0.107136 0.53435 0.212845 0.0646997
10 0.734515 0.0577261 0.114966 0.116944 0.0646268
10 0.499599 0.0715019 0.22181 0.141898 0.0646199
3 0.664973 0.273545 0.667403 0.549398 0.0645178
1 0.296361 0.849508 0.59345 0.300064 0.0645084
11 0.551498 0.146205 0.489299 0.291076 0.0643173
10 0.0218661 0.699055 0.0436167 0.585099 0.0637742
10 0.947773 0.509826 0.105212 0.975687 0.0631416
10 0.0117178 0.457171 0.0232091 0.353563 0.0624471
1 0.274254 0.501458 0.548934 0.99999 0.0622978
10 0.758392 0.0461867 0.186501 0.0909752 0.0620187
10 0.488681 0.0773986 0.24675 0.155479 0.0619063
6 0.703748 0.133876 0.316812 0.265755 0.0613411
6 0.723483 0.115983 0.16417 0.230356 0.0612005
11 0.450512 0.0586514 0.818825 0.116248 0.0610633
3 0.50106 0.501254 0.99999 0.99999 0.0609671
10 0.541435 0.0391459 0.199864 0.0788433 0.060498
1 0.196952 0.771822 0.395245 0.456935 0.0604396
3 0.681982 0.0827491 0.623527 0.166224 0.0602662
4 0.012727 0.136094 0.0256652 0.255541 0.0600884
1 0.205008 0.844301 0.41128 0.310183 0.0600438
4 0.0696469 0.167509 0.140972 0.328922 0.060015
10 0.194849 0.0323708 0.15152 0.0646292 0.0598192
6 0.350302 0.0909587 0.313147 0.180024 0.0596422
4 0.115225 0.197114 0.231065 0.389415 0.0592587
10 0.58312 0.0298153 0.103347 0.0593022 0.0585502
10 0.390768 0.0654827 0.195675 0.130672 0.0584649
10 0.490539 0.0516435 0.0938315 0.102085 0.0583905
1 0.132384 0.743556 0.265895 0.511922 0.0580891
10 0.0161668 0.264961 0.0318329 0.509822 0.0579755
11 0.826943 0.085764 0.339111 0.172063 0.0577399
1 0.260837 0.699674 0.523783 0.600482 0.0576533
9 0.0221717 0.654861 0.0439226 0.683993 0.0576146
1 0.232374 0.501279 0.464369 0.999963 0.0575639
10 0.538882 0.070028 0.188762 0.140722 0.0575238
1 0.25682 0.700374 0.515023 0.599186 0.0571171
4 0.0622852 0.234794 0.124727 0.460513 0.0570496
10 0.255947 0.61417 0.284015 0.439711 0.0561394
10 0.513543 0.0423951 0.151727 0.0842289 0.0558732
4 0.96191 0.186776 0.0773418 0.370716 0.0556717
10 0.537137 0.0256831 0.175772 0.0520128 0.0554961
9 0.0577158 0.719224 0.115453 0.559066 0.0552941
10 0.944993 0.762184 0.11074 0.472078 0.0550599
11 0.26617 0.129317 0.482128 0.256462 0.0550413
10 0.612521 0.0969323 0.296231 0.189306 0.0543458
10 0.27411 0.563024 0.109957 0.239558 0.0537629
10 0.0768024 0.124848 0.155108 0.248936 0.0537068
1 0.148718 0.846148 0.298605 0.307029 0.0535832
11 0.60327 0.2556 0.61099 0.509631 0.0533382
10 0.539945 0.0959726 0.19377 0.193819 0.0527363
10 0.384568 0.0475405 0.180188 0.0950905 0.052683
2 0.0168337 0.641353 0.0332972 0.367183 0.0525994
1 0.50219 0.796998 0.993555 0.399924 0.0525412
1 0.266518 0.705318 0.534301 0.588053 0.0524384
1 0.369193 0.794852 0.739946 0.406659 0.052094
10 0.949342 0.461529 0.1015 0.722454 0.0518188
10 0.792093 0.0901066 0.257035 0.177414 0.0517019
1 0.200784 0.627232 0.40174 0.745591 0.0516698
10 0.630147 0.453265 0.0898809 0.151207 0.0516353
10 0.985174 0.100708 0.0298147 0.195074 0.0516017
4 0.0339723 0.126966 0.0682272 0.248436 0.0515166
1 0.147628 0.772868 0.295785 0.453564 0.0514798
10 0.4565 0.0209314 0.202392 0.0423675 0.0511306
10 0.0891131 0.500126 0.17878 0.999977 0.0500587
10 0.273126 0.526041 0.094702 0.167869 0.0496664
4 0.0144316 0.204577 0.0285945 0.391052 0.0495166
10 0.00825232 0.108282 0.0175719 0.202351 0.0495087
10 0.939889 0.854546 0.120688 0.288669 0.0488759
1 0.10276 0.745 0.206442 0.508816 0.0484385
10 0.983044 0.831718 0.0333797 0.330236 0.048014
10 0.944447 0.63174 0.111721 0.337753 0.0479746
6 0.196614 0.0459841 0.36789 0.090865 0.0477191
6 0.560133 0.265482 0.470664 0.527841 0.0475348
10 0.600927 0.0329167 0.0675887 0.0663079 0.0473563
10 0.948742 0.657339 0.102873 0.328369 0.0471581
10 0.941174 0.551229 0.103814 0.240193 0.0470891
2 0.870308 0.0899655 0.0512787 0.113516 0.0467302
10 0.672026 0.126923 0.43564 0.254581 0.0466394
6 0.921819 0.0953263 0.093791 0.123198 0.0464863
1 0.50184 0.646572 0.999922 0.702084 0.0462536
10 0.645572 0.105614 0.321408 0.204838 0.0458832
10 0.946873 0.442779 0.107022 0.645355 0.0458341
10 0.291616 0.677466 0.447201 0.644845 0.0456623
1 0.501611 0.879066 0.999983 0.235649 0.0455422
11 0.390323 0.313563 0.710489 0.629048 0.045526
10 0.347501 0.0546643 0.128298 0.112515 0.0453545
1 0.319203 0.697923 0.638626 0.601531 0.0453342
4 0.926437 0.215292 0.146 0.431613 0.0450692
10 0.205706 0.689267 0.410824 0.619117 0.0445768
6 0.598212 0.0497423 0.225724 0.0987066 0.0443954
10 0.0167263 0.780433 0.0332125 0.426293 0.0441193
10 0.220076 0.552529 0.0978311 0.238457 0.0438029
6 0.831168 0.88082 0.339652 0.236652 0.0437868
1 0.502724 0.712623 0.999988 0.569753 0.0437748
1 0.20335 0.726934 0.408138 0.544895 0.0435285
10 0.692212 0.0472502 0.0995651 0.0943616 0.0433641
4 0.934269 0.115322 0.128893 0.228793 0.0432999
10 0.277988 0.608053 0.265794 0.331554 0.0431323
10 0.491064 0.0202872 0.0918837 0.0408466 0.0428584
6 0.185798 0.341039 0.36945 0.676751 0.0425135
4 0.927063 0.15974 0.144604 0.301482 0.041532
10 0.248266 0.516776 0.136681 0.179812 0.041377
10 0.356305 0.045426 0.102719 0.0914281 0.0412873
2 0.848626 0.148418 0.128816 0.297056 0.0412629
11 0.842952 0.194493 0.183675 0.235187 0.041077
10 0.716752 0.0795048 0.160589 0.15789 0.0406463
10 0.222105 0.128115 0.148437 0.251823 0.0406008
2 0.875342 0.0746545 0.0482521 0.147796 0.0405925
11 0.865975 0.829306 0.269413 0.33795 0.0405794
10 0.663984 0.110086 0.383595 0.218684 0.0404508
10 0.517551 0.0230757 0.220848 0.0465605 0.0403153
6 0.668828 0.884022 0.658641 0.229631 0.0402448
1 0.148137 0.585943 0.297221 0.839997 0.0402112
6 0.63333 0.0294053 0.118043 0.0574662 0.0398722
6 0.735277 0.120155 0.152044 0.195266 0.0396764
10 0.317 0.0226942 0.107733 0.0448653 0.0393037
1 0.2305 0.868107 0.460125 0.261685 0.0392813
1 0.691827 0.502348 0.612195 0.999883 0.0391398
10 0.593552 0.0393634 0.185838 0.0781833 0.0390059
11 0.730091 0.81423 0.539891 0.367377 0.0387323
6 0.852776 0.695014 0.294307 0.606742 0.0379545
10 0.949092 0.809888 0.102022 0.371143 0.0373279
6 0.184049 0.0540156 0.358331 0.108073 0.0371967
10 0.901313 0.0538433 0.114356 0.111596 0.0370744
10 0.503482 0.106431 0.245458 0.213198 0.0366913
10 0.861823 0.546569 0.095858 0.166507 0.035765
3 0.813838 0.501233 0.36977 0.999984 0.0357462
10 0.1431 0.146542 0.0723058 0.143445 0.0356318
1 0.72982 0.933594 0.537927 0.131937 0.0353315
11 0.853462 0.209824 0.183455 0.222226 0.0349626
7 0.845137 0.0722964 0.0439344 0.147175 0.0347183
10 0.960668 0.737123 0.079534 0.518303 0.034588
10 0.86064 0.0183802 0.0766825 0.0371131 0.0342805
6 0.226798 0.0409615 0.160781 0.0759086 0.0340961
10 0.963541 0.621307 0.0730669 0.233143 0.0338057
10 0.959659 0.655906 0.0794952 0.338463 0.0337033
10 0.984706 0.612235 0.0318901 0.160138 0.0336505
10 0.635784 0.426168 0.1589 0.226855 0.0334092
10 0.840932 0.661564 0.316856 0.672645 0.0331931
10 0.821252 0.0243154 0.168141 0.049286 0.0331158
6 0.716919 0.669773 0.563542 0.659681 0.0326195
10 0.245121 0.575824 0.144961 0.210308 0.0325855
1 0.0283586 0.690674 0.05979 0.784793 0.0321315
1 0.261034 0.896325 0.531813 0.20943 0.0318875
10 0.863868 0.0305726 0.0610804 0.06215 0.0313113
10 0.876561 0.470453 0.247688 0.589836 0.0308358
1 0.0162812 0.569623 0.0325315 0.182945 0.0307322
11 0.376906 0.254768 0.652294 0.49048 0.0304564
7 0.861565 0.0834502 0.0694025 0.141146 0.0303916
7 0.847156 0.101135 0.0454952 0.0903633 0.0303814
1 0.373068 0.963437 0.361989 0.0734088 0.0303463
10 0.965449 0.395157 0.0721256 0.305711 0.0302304
1 0.143612 0.895977 0.289526 0.2081 0.0300685
10 0.684824 0.0214217 0.0918242 0.0426634 0.0300303
6 0.181678 0.153645 0.109354 0.17038 0.0299512
10 0.509381 0.101898 0.128611 0.14097 0.0293844
6 0.607594 0.346071 0.294378 0.480303 0.0293332
11 0.499511 0.812762 0.996499 0.364911 0.0287253
1 0.109622 0.606131 0.220565 0.990817 0.0280784
2 0.830722 0.0394208 0.0594225 0.0800757 0.0276549
6 0.201106 0.0424342 0.1367 0.0727553 0.0273268
10 0.236613 0.577785 0.11246 0.157064 0.0272132
10 0.593676 0.018133 0.0383623 0.0345726 0.0270975
10 0.959628 0.865894 0.0812263 0.226962 0.0267658
6 0.561165 0.24737 0.282402 0.209654 0.0267091
10 0.983756 0.717777 0.0305267 0.270308 0.0266451
10 0.955955 0.877092 0.0895691 0.184742 0.0265789
10 0.0139929 0.171126 0.0274332 0.151189 0.0258195
10 0.982862 0.687622 0.0339291 0.271389 0.0255413
1 0.380081 0.980516 0.188735 0.039126 0.0253866
3 0.844095 0.578569 0.304884 0.952485 0.0253248
1 0.243089 0.933169 0.485492 0.141649 0.0251852
1 0.173474 0.770316 0.352902 0.466359 0.0250849
6 0.895634 0.95906 0.21297 0.0820641 0.0249134
1 0.502434 0.888855 0.999988 0.217506 0.0247531
6 0.922699 0.108164 0.138468 0.13194 0.0247113
10 0.0986777 0.170633 0.0428982 0.0734182 0.0243648
6 0.784735 0.97812 0.433797 0.0462752 0.0241876
10 0.0861675 0.752207 0.176976 0.997324 0.0241816
10 0.68245 0.0674025 0.0864732 0.0863894 0.0234323
10 0.0200475 0.696752 0.0366412 0.168039 0.0229465
10 0.227505 0.0314839 0.0440783 0.035986 0.0228766
10 0.315581 0.251991 0.122013 0.094911 0.0225081
6 0.177628 0.0751856 0.269664 0.0863118 0.0223644
10 0.758296 0.738078 0.46022 0.990042 0.0222867
10 0.965611 0.867306 0.0599648 0.109731 0.0222508
6 0.654082 0.54899 0.329591 0.411243 0.022229
10 0.986832 0.676217 0.0258812 0.123065 0.0218175
9 0.20937 0.738537 0.414784 0.99979 0.0217029
10 0.890195 0.0798423 0.0299284 0.0563193 0.0215909
10 0.942295 0.0851432 0.0430058 0.0866293 0.0214078
10 0.861679 0.539551 0.0555286 0.108295 0.0212104
6 0.894027 0.783401 0.186789 0.945326 0.0209103
6 0.278289 0.957273 0.486524 0.0772266 0.020901
10 0.17584 0.793491 0.352442 0.998779 0.0208255
10 0.98418 0.928842 0.0316622 0.118546 0.0207749
6 0.234403 0.681895 0.145148 0.175303 0.0206839
10 0.553067 0.603609 0.131556 0.133033 0.0203631
10 0.122329 0.72422 0.244717 0.991078 0.0202058
11 0.469175 0.90424 0.999396 0.731351 0.0186713
10 0.447704 0.650943 0.637121 0.962218 0.0180828
10 0.403728 0.67979 0.54695 0.527457 0.0179559
10 0.0908708 0.755593 0.0733423 0.107073 0.0174879
6 0.874447 0.191921 0.0430813 0.0652606 0.0173566
10 0.645296 0.85288 0.0881331 0.0883809 0.0170166
11 0.45224 0.774131 0.999623 0.995244 0.0170059
6 0.875126 0.249142 0.0479509 0.0962459 0.0165177
10 0.62242 0.810008 0.074462 0.0687155 0.015937
10 0.86099 0.828998 0.0522032 0.0769624 0.0152056
