9 0.53367 0.400566 0.239496 0.23607 0.834706
9 0.51297 0.616934 0.522389 0.446964 0.324173
9 0.512965 0.557562 0.529725 0.580717 0.314879
9 0.938802 0.775013 0.121833 0.450358 0.226646
4 0.539676 0.247812 0.034729 0.0386934 0.207937
9 0.589633 0.503434 0.371606 0.427515 0.183051
9 0.571813 0.501562 0.286235 0.402487 0.17969
9 0.525546 0.55198 0.501684 0.545774 0.179258
9 0.62031 0.503386 0.297726 0.386859 0.158496
9 0.588908 0.560869 0.23889 0.283811 0.145529
9 0.552711 0.497013 0.304246 0.417009 0.140024
10 0.463723 0.216095 0.028581 0.146792 0.135793
9 0.940724 0.711024 0.118001 0.579117 0.132678
9 0.936451 0.701982 0.126422 0.596433 0.13052
9 0.583779 0.409926 0.140616 0.224085 0.127125
9 0.614086 0.566696 0.304257 0.306188 0.127049
9 0.622971 0.587002 0.750215 0.817571 0.123152
9 0.558782 0.569746 0.384153 0.326066 0.121287
4 0.104274 0.671732 0.208234 0.391511 0.119378
9 0.909413 0.499919 0.180554 0.99999 0.113523
9 0.515751 0.666522 0.512419 0.356526 0.111495
9 0.631202 0.50019 0.733629 0.999811 0.107338
9 0.496372 0.380862 0.157685 0.18496 0.107166
9 0.540762 0.551615 0.46736 0.520224 0.103522
9 0.623311 0.738031 0.751514 0.525045 0.103177
9 0.941947 0.640062 0.11632 0.72033 0.102172
9 0.923545 0.818792 0.151913 0.362539 0.101154
9 0.590825 0.569312 0.325184 0.318863 0.101118
9 0.943795 0.540657 0.111188 0.91625 0.0998175
9 0.946443 0.822196 0.107127 0.350705 0.0946554
9 0.52144 0.515337 0.472267 0.473428 0.0923289
9 0.505057 0.663008 0.484679 0.328525 0.0914375
9 0.625759 0.566144 0.304348 0.48254 0.0854581
9 0.586437 0.518969 0.383391 0.563362 0.0842084
9 0.537692 0.523867 0.58432 0.833929 0.0837109
4 0.0944169 0.562499 0.188034 0.645846 0.0815858
9 0.947909 0.662233 0.104199 0.214503 0.0813695
4 0.0528555 0.616265 0.105924 0.508019 0.0808749
9 0.571629 0.405606 0.170571 0.227435 0.0806905
9 0.499175 0.500809 0.999631 0.999982 0.0791067
9 0.456791 0.668428 0.336754 0.297512 0.0768704
9 0.390062 0.560057 0.77738 0.629287 0.0754357
7 0.946968 0.717596 0.107626 0.312925 0.0745454
9 0.432167 0.635699 0.359895 0.370154 0.0739287
9 0.424874 0.672205 0.332434 0.29642 0.0714734
7 0.949197 0.77773 0.101946 0.284452 0.0685759
4 0.0922452 0.697796 0.18384 0.338208 0.0683766
9 0.592925 0.563068 0.363936 0.489456 0.0674152
7 0.947969 0.799066 0.10443 0.308484 0.0670845
4 0.107844 0.744336 0.164451 0.213849 0.0667834
9 0.627861 0.773759 0.729916 0.457192 0.0649282
4 0.0499154 0.536312 0.0998602 0.881702 0.0628587
9 0.654173 0.531687 0.237872 0.319485 0.0622193
9 0.558827 0.560808 0.296717 0.326239 0.0618609
9 0.524356 0.572184 0.567995 0.696052 0.0606427
9 0.581374 0.566186 0.218111 0.292238 0.0587537
9 0.603991 0.3941 0.0954371 0.192208 0.0558081
9 0.548795 0.382346 0.200803 0.186281 0.0553333
9 0.947563 0.680621 0.105482 0.239491 0.0553255
9 0.896674 0.865906 0.205379 0.268079 0.0550872
10 0.985738 0.757686 0.0287809 0.476604 0.0545964
9 0.927815 0.890987 0.145148 0.220518 0.0541885
9 0.566027 0.573175 0.341468 0.312754 0.0539674
9 0.915945 0.502517 0.168179 0.993294 0.0530673
9 0.556695 0.555906 0.2748 0.310709 0.0519862
9 0.517986 0.733021 0.527936 0.353955 0.0517352
9 0.462763 0.379864 0.0967226 0.183744 0.0516233
9 0.470176 0.57525 0.279886 0.403468 0.0491197
3 0.236486 0.465778 0.472497 0.919304 0.0487697
10 0.434353 0.228345 0.0869372 0.177531 0.0487105
9 0.500605 0.725235 0.999175 0.552126 0.0486397
9 0.915984 0.422899 0.167041 0.838866 0.0481361
7 0.947529 0.693799 0.0620497 0.115912 0.0479563
10 0.985117 0.687069 0.0291971 0.352138 0.0476742
4 0.0506322 0.538847 0.101882 0.778923 0.0475161
4 0.0901209 0.717446 0.180622 0.566445 0.0474457
9 0.492239 0.357788 0.156951 0.238701 0.046882
9 0.809007 0.72329 0.378725 0.559849 0.0462389
9 0.947436 0.644431 0.102101 0.160179 0.0462015
7 0.981769 0.016978 0.036181 0.0316697 0.0460051
10 0.984118 0.813616 0.0322357 0.366707 0.0457164
4 0.170462 0.568298 0.340746 0.629358 0.0452938
6 0.944114 0.842171 0.11219 0.314175 0.0450478
6 0.943784 0.739533 0.113632 0.35033 0.0444891
9 0.953599 0.747909 0.0926013 0.312281 0.0443419
9 0.460169 0.678579 0.232468 0.258167 0.0439989
11 0.923227 0.0896159 0.154501 0.181388 0.0434954
9 0.577718 0.555272 0.404639 0.630236 0.0432855
4 0.0564901 0.591414 0.113604 0.820261 0.0428649
4 0.111884 0.751113 0.15157 0.199815 0.0424279
4 0.405644 0.501202 0.809772 0.997375 0.0422151
10 0.463369 0.174047 0.0193995 0.0604868 0.0421914
11 0.910081 0.281102 0.179127 0.557861 0.0421189
6 0.947156 0.758001 0.107607 0.334364 0.0412699
4 0.0506351 0.700283 0.102145 0.434118 0.0403948
7 0.951267 0.694682 0.0575998 0.11741 0.0400835
10 0.475817 0.215188 0.0539148 0.181711 0.0399458
3 0.233783 0.278925 0.477103 0.552962 0.039897
9 0.532866 0.35468 0.0813494 0.125264 0.039527
4 0.0545738 0.686498 0.111449 0.37692 0.0394886
11 0.500734 0.897811 0.972095 0.204958 0.0391877
10 0.831549 0.258586 0.0898953 0.525948 0.0388598
10 0.752545 0.412126 0.062832 0.255448 0.0388388
9 0.486815 0.345509 0.127648 0.111321 0.0387459
10 0.986864 0.701348 0.0266043 0.305108 0.038547
9 0.675294 0.463961 0.0441615 0.0730784 0.0384472
10 0.83307 0.234342 0.0896378 0.490115 0.0382727
9 0.481323 0.434322 0.146228 0.306174 0.0380793
9 0.532066 0.377885 0.101941 0.171825 0.0379871
4 0.171605 0.642108 0.346603 0.482077 0.0378998
10 0.947667 0.706183 0.104465 0.273513 0.0374826
9 0.941529 0.90589 0.117237 0.190396 0.037123
9 0.566557 0.510026 0.238085 0.162169 0.0365002
9 0.432155 0.682857 0.246467 0.269956 0.0360691
10 0.860814 0.317754 0.14856 0.640009 0.0357197
7 0.983993 0.714765 0.0322209 0.148973 0.0356903
10 0.948635 0.797942 0.0935562 0.219357 0.0351775
3 0.2295 0.449494 0.457615 0.870246 0.0346846
10 0.835895 0.0828313 0.0840074 0.17316 0.0345676
10 0.947566 0.753774 0.0947893 0.239009 0.0344594
9 0.564106 0.611306 0.332674 0.411293 0.0343216
9 0.506703 0.398352 0.184385 0.175418 0.0342348
9 0.687249 0.529508 0.156157 0.223421 0.0339888
10 0.869215 0.36222 0.161086 0.717487 0.0337291
10 0.985253 0.838692 0.0303318 0.317609 0.0336036
3 0.240225 0.502613 0.480944 0.997355 0.0334034
6 0.944318 0.953513 0.112858 0.0970316 0.0331518
9 0.496308 0.678932 0.999626 0.648613 0.032347
9 0.399463 0.678325 0.266307 0.281402 0.0323112
9 0.871417 0.501372 0.25821 0.999981 0.032226
9 0.410135 0.658427 0.808778 0.673097 0.0317407
4 0.0977877 0.660691 0.20203 0.55618 0.0316184
7 0.952685 0.681033 0.0485571 0.0768772 0.0315955
10 0.852479 0.46625 0.165069 0.946337 0.0315172
10 0.986438 0.865137 0.0277945 0.262644 0.030313
4 0.168637 0.740974 0.33753 0.527635 0.0295395
9 0.563556 0.344038 0.119755 0.112201 0.0294766
9 0.563943 0.579916 0.272026 0.204059 0.0293664
11 0.600361 0.899958 0.80358 0.203956 0.0285283
9 0.540955 0.337298 0.0587462 0.091747 0.0284895
9 0.558146 0.37084 0.100003 0.134711 0.0284322
9 0.46246 0.388025 0.0863904 0.113806 0.027915
9 0.376891 0.579629 0.761479 0.764833 0.0278774
4 0.543756 0.250426 0.0206807 0.0292127 0.0277513
3 0.233244 0.136394 0.461844 0.274091 0.0277336
9 0.456931 0.342665 0.0669668 0.102188 0.0276032
9 0.597302 0.375772 0.119885 0.170134 0.0267306
10 0.499944 0.551147 0.169489 0.164607 0.0263549
9 0.567432 0.531147 0.267165 0.210411 0.0262799
10 0.919141 0.777872 0.0732696 0.42561 0.0262167
10 0.91877 0.753518 0.0708477 0.385441 0.0261707
3 0.233781 0.192347 0.462279 0.333773 0.0258553
10 0.957756 0.971712 0.0773195 0.0668105 0.0257459
10 0.75599 0.355077 0.0554651 0.131661 0.025642
4 0.494699 0.5291 0.999962 0.992027 0.025629
10 0.98515 0.898939 0.0284766 0.090922 0.02489
6 0.941902 0.934917 0.116007 0.142049 0.0246514
10 0.899268 0.863432 0.194503 0.999635 0.0245404
10 0.491668 0.53929 0.144007 0.128467 0.0243891
9 0.533762 0.350833 0.031272 0.0358176 0.0241771
3 0.212377 0.126946 0.430379 0.226451 0.0238733
10 0.949553 0.963623 0.0715462 0.0914482 0.0235378
10 0.947562 0.964252 0.0661163 0.0891767 0.0234888
9 0.547325 0.687001 0.157688 0.226178 0.0234314
10 0.960743 0.978282 0.066709 0.0491563 0.0233543
11 0.602942 0.93719 0.804203 0.132125 0.02331
9 0.876973 0.83549 0.246177 0.995058 0.0232954
6 0.935525 0.979784 0.120517 0.0652845 0.023148
10 0.624532 0.407118 0.0582345 0.0609973 0.0230965
10 0.986085 0.925683 0.027043 0.0886656 0.0229558
10 0.53478 0.252124 0.021271 0.0278916 0.0228449
9 0.71997 0.459147 0.123384 0.321586 0.0228366
10 0.961691 0.968003 0.0661635 0.0791265 0.0226922
9 0.535408 0.380162 0.0571686 0.0713579 0.0225537
10 0.7425 0.427402 0.0344885 0.142063 0.0225251
9 0.523467 0.859598 0.55053 0.285185 0.0224705
4 0.498691 0.572994 0.999959 0.999862 0.0224172
3 0.443084 0.177818 0.787647 0.336956 0.0223808
10 0.951109 0.883361 0.0878415 0.144597 0.0221783
10 0.525575 0.593002 0.0907876 0.0732193 0.0219734
9 0.561952 0.725778 0.208646 0.168481 0.0219164
10 0.741155 0.4828 0.0551628 0.118264 0.0218586
11 0.688448 0.0445373 0.589618 0.0884664 0.0217869
10 0.603415 0.94775 0.0919092 0.0792483 0.0217223
4 0.0850959 0.831302 0.181759 0.279983 0.0216921
9 0.452891 0.423452 0.0616949 0.0929506 0.021692
9 0.498252 0.77181 0.559724 0.433712 0.0216626
0 0.92342 0.627997 0.0518673 0.108409 0.0215521
11 0.54699 0.299649 0.10587 0.155711 0.0214455
2 0.746942 0.499854 0.0338438 0.0850519 0.0213485
10 0.555651 0.927712 0.177711 0.154789 0.0213131
3 0.215549 0.280578 0.401834 0.453875 0.0212868
4 0.495899 0.619147 0.999979 0.957227 0.0210494
4 0.51315 0.623609 0.973338 0.670477 0.0209794
10 0.422801 0.967644 0.0877576 0.0623157 0.0206547
9 0.545668 0.498139 0.0419247 0.0328667 0.0204504
10 0.905518 0.902535 0.0508976 0.199444 0.0203264
10 0.959632 0.809913 0.0237633 0.0359252 0.0202395
10 0.0696677 0.84044 0.0851509 0.0930229 0.0200477
10 0.606464 0.925939 0.108891 0.0971283 0.0199957
10 0.538692 0.929716 0.0991967 0.0825369 0.0199733
4 0.529608 0.623708 0.981408 0.677189 0.0198806
9 0.459571 0.776232 0.65241 0.413821 0.0197493
6 0.101318 0.942342 0.191062 0.127218 0.0196189
10 0.504711 0.968513 0.149992 0.0569006 0.0196103
10 0.418286 0.89976 0.0705073 0.073868 0.0195736
10 0.587989 0.900473 0.146849 0.118814 0.0195643
10 0.731347 0.802005 0.0873059 0.187024 0.0195453
6 0.505633 0.967507 0.476058 0.178934 0.0194903
10 0.574263 0.891693 0.164364 0.115715 0.0193317
10 0.486395 0.933856 0.111448 0.113261 0.0192526
10 0.63797 0.854107 0.0415197 0.063275 0.0191598
6 0.494065 0.921677 0.538589 0.348248 0.0191239
10 0.630298 0.960602 0.193525 0.0817297 0.0191132
10 0.479917 0.973706 0.198942 0.0465752 0.0190733
8 0.552936 0.807225 0.0311306 0.0342497 0.0190516
0 0.46399 0.846213 0.129266 0.11621 0.0190353
10 0.445359 0.943759 0.124549 0.108054 0.0190061
10 0.56623 0.967561 0.158871 0.0757462 0.018974
11 0.530814 0.0416645 0.97254 0.0630533 0.0189517
10 0.460886 0.464307 0.051154 0.0601125 0.0189511
4 0.216456 0.788496 0.412285 0.432273 0.0188428
10 0.593107 0.912845 0.0782004 0.072244 0.0187755
11 0.153898 0.878719 0.321065 0.236847 0.0187216
9 0.513635 0.811408 0.526549 0.375405 0.018685
10 0.513393 0.918737 0.208002 0.138038 0.0186185
10 0.578703 0.885248 0.161065 0.130281 0.0185732
10 0.462084 0.327915 0.0301928 0.0878628 0.0185642
10 0.940651 0.985265 0.111043 0.0390993 0.0185399
4 0.118246 0.0258048 0.241558 0.0674571 0.0185378
10 0.466985 0.830622 0.0358625 0.0391546 0.0185101
10 0.417353 0.885682 0.0484265 0.0693762 0.0184762
0 0.53182 0.93683 0.428302 0.1419 0.0184443
0 0.495334 0.946816 0.433161 0.15504 0.0184354
10 0.492872 0.968695 0.196425 0.0614229 0.018402
10 0.445551 0.939087 0.111874 0.0953093 0.0183736
0 0.473573 0.747855 0.904524 0.987982 0.0183254
10 0.528557 0.874915 0.0650776 0.0632765 0.0182186
10 0.474099 0.88233 0.0962271 0.064419 0.0181604
10 0.371686 0.947459 0.103034 0.100434 0.0181503
10 0.052944 0.87023 0.0821218 0.100149 0.0180851
0 0.608575 0.702405 0.185181 0.105856 0.0180581
10 0.407232 0.775629 0.0591326 0.0861043 0.0180318
2 0.644716 0.36682 0.0151755 0.0380297 0.0180246
10 0.714754 0.497014 0.0475433 0.0787295 0.0179881
10 0.472782 0.948948 0.248081 0.100085 0.0179509
0 0.436165 0.823023 0.145722 0.110178 0.0178813
4 0.511895 0.688841 0.99992 0.832899 0.0178796
4 0.494572 0.654565 0.860226 0.779037 0.0178505
10 0.404348 0.960886 0.183731 0.0911799 0.0178222
10 0.735435 0.553018 0.0567826 0.156572 0.0178217
10 0.520136 0.954861 0.245605 0.113637 0.0178151
0 0.508681 0.828328 0.214296 0.156496 0.0177526
10 0.490223 0.743705 0.103782 0.11586 0.0176688
10 0.469002 0.895629 0.196118 0.166396 0.0175993
10 0.60255 0.335088 0.065536 0.0939751 0.0175853
0 0.441615 0.892376 0.296469 0.179485 0.0175847
10 0.437776 0.949218 0.268711 0.114872 0.0175663
11 0.532857 0.964858 0.999918 0.0717823 0.0175554
4 0.53798 0.737866 0.999818 0.471384 0.0175543
3 0.428266 0.0882862 0.747347 0.166215 0.0174891
4 0.0981338 0.785301 0.184838 0.405373 0.0174883
6 0.705569 0.532667 0.089478 0.176641 0.0174665
10 0.710658 0.536933 0.0472016 0.0783001 0.0174656
10 0.41253 0.951317 0.174088 0.122949 0.0174643
4 0.517693 0.71688 0.990752 0.998129 0.0174511
10 0.227623 0.108665 0.0978798 0.0537559 0.017427
10 0.519402 0.68353 0.0641187 0.0454043 0.0173246
2 0.763421 0.528301 0.0363486 0.129217 0.0173213
2 0.738741 0.560471 0.0687491 0.143236 0.0172755
10 0.572692 0.758028 0.0868848 0.0695602 0.0172314
10 0.461769 0.876891 0.124637 0.0807777 0.0171841
6 0.512868 0.964407 0.404698 0.119759 0.0171157
0 0.399443 0.808225 0.265337 0.234354 0.0170154
0 0.591272 0.896186 0.348115 0.197419 0.0169995
10 0.490108 0.982231 0.296772 0.0617006 0.0169612
10 0.2347 0.315681 0.294486 0.145629 0.016717
10 0.654716 0.828986 0.254141 0.203226 0.0166724
10 0.573108 0.781314 0.0886944 0.0659067 0.016583
10 0.434045 0.738344 0.0582656 0.0523979 0.0165508
0 0.55695 0.856009 0.430077 0.299659 0.0165429
0 0.470512 0.967861 0.448215 0.137884 0.0164973
10 0.542342 0.960815 0.372787 0.144762 0.0164882
10 0.428068 0.925633 0.166169 0.129432 0.0164854
10 0.504767 0.983861 0.27082 0.0604916 0.0164588
6 0.715283 0.525701 0.0708618 0.151613 0.0164169
9 0.48886 0.91176 0.694492 0.177787 0.0163041
0 0.522369 0.794503 0.163932 0.112448 0.016128
4 0.189547 0.548651 0.347351 0.308916 0.0160635
0 0.504126 0.890564 0.455747 0.190858 0.0158752
10 0.111377 0.839735 0.21486 0.295616 0.0158179
0 0.495791 0.980584 0.2056 0.0562532 0.0157443
0 0.508238 0.984805 0.177141 0.0456089 0.0156545
6 0.509891 0.977943 0.407977 0.126832 0.0155624
6 0.519599 0.962462 0.432084 0.15491 0.0155479
0 0.588511 0.865736 0.294969 0.169542 0.0155388
10 0.536877 0.981389 0.230382 0.0642265 0.0155239
0 0.513362 0.98859 0.243655 0.0448018 0.0155057
0 0.474959 0.902653 0.545202 0.207923 0.0149509
10 0.227749 0.486395 0.352014 0.22439 0.0148208
