4 0.422672 0.248611 0.0979621 0.0705419 0.873973
4 0.45988 0.236114 0.0447402 0.0511502 0.773419
11 0.0427765 0.948554 0.0856264 0.0973751 0.252279
6 0.0844016 0.706602 0.167872 0.426355 0.216919
4 0.277627 0.219934 0.023028 0.0392426 0.207332
6 0.0582247 0.747372 0.11538 0.492434 0.177421
11 0.107071 0.763841 0.120881 0.249755 0.169307
4 0.51835 0.228183 0.0571136 0.0461075 0.164008
6 0.0663845 0.709514 0.131628 0.415998 0.15944
6 0.0440029 0.734673 0.086746 0.520979 0.158866
11 0.117884 0.947588 0.236159 0.0979031 0.149269
11 0.0941593 0.950829 0.1871 0.0942021 0.149192
6 0.0455873 0.903342 0.0909599 0.189975 0.145144
11 0.110864 0.696153 0.110479 0.0892119 0.141298
6 0.106433 0.739753 0.213247 0.502645 0.137626
10 0.804419 0.370303 0.0483763 0.0928635 0.134188
6 0.0825658 0.62019 0.164986 0.712534 0.132824
6 0.0808776 0.595808 0.161341 0.675151 0.131321
11 0.109706 0.777525 0.109808 0.239027 0.13088
11 0.0641343 0.896659 0.128498 0.197388 0.126404
4 0.335835 0.21244 0.0281463 0.0472588 0.125643
11 0.115496 0.91781 0.230914 0.160351 0.124284
11 0.163996 0.949999 0.329444 0.0934649 0.123096
11 0.109031 0.922108 0.218142 0.151687 0.121972
11 0.0643103 0.896919 0.128874 0.1974 0.121203
11 0.0776414 0.831929 0.1547 0.324471 0.120985
6 0.0857355 0.763395 0.169897 0.45931 0.119975
4 0.508345 0.24013 0.02893 0.0235842 0.118293
6 0.0418909 0.843893 0.0828576 0.306018 0.114176
4 0.336078 0.218272 0.0246432 0.0339751 0.110459
1 0.442848 0.554884 0.0788853 0.0666821 0.107964
11 0.0835674 0.783379 0.164586 0.274632 0.107887
4 0.509186 0.233581 0.0329561 0.0359535 0.105541
6 0.0398855 0.888726 0.0798173 0.216041 0.0999841
2 0.0869878 0.656708 0.0298848 0.0859408 0.0935746
11 0.226141 0.939821 0.452477 0.11012 0.0909902
10 0.0887017 0.792875 0.0677994 0.193837 0.090647
11 0.0957206 0.722018 0.153921 0.372899 0.0906017
11 0.179678 0.953415 0.362229 0.087697 0.0896919
10 0.802874 0.384152 0.0559508 0.118822 0.0867185
11 0.489337 0.958567 0.973109 0.0734335 0.0858118
10 0.796194 0.372068 0.0300955 0.0820756 0.0850407
6 0.0122113 0.883174 0.0253188 0.230836 0.0845507
2 0.0865084 0.643914 0.0321659 0.107134 0.0837929
4 0.557629 0.232409 0.0304609 0.0280763 0.0810746
11 0.347172 0.955932 0.691697 0.0809742 0.0793828
10 0.23228 0.265348 0.0280562 0.146511 0.0787054
6 0.0111449 0.873367 0.0232188 0.250445 0.0776527
2 0.063866 0.670765 0.0330691 0.137329 0.0774877
2 0.113601 0.645709 0.0404533 0.10537 0.0753163
2 0.0841357 0.658932 0.0235159 0.0759165 0.0732903
7 0.120868 0.676764 0.0339981 0.0480024 0.0708945
11 0.139729 0.810759 0.279339 0.367562 0.0698181
4 0.459367 0.234148 0.0414347 0.0451093 0.0660149
11 0.130492 0.992315 0.261668 0.0129814 0.0658832
6 0.0666652 0.618306 0.132522 0.230186 0.0658506
4 0.311112 0.21313 0.0781206 0.0612819 0.0652466
6 0.0527693 0.763898 0.105757 0.467534 0.0650983
6 0.0126864 0.713562 0.0255945 0.553711 0.0646845
10 0.235912 0.256468 0.0188908 0.136388 0.064494
2 0.105975 0.642828 0.0285383 0.0929821 0.0643006
6 0.0632342 0.668155 0.125201 0.334129 0.0641276
10 0.0851833 0.769016 0.0616738 0.170341 0.0639594
4 0.386304 0.203396 0.0227056 0.023435 0.0635337
10 0.0816104 0.743292 0.0751738 0.296275 0.062884
2 0.120292 0.669212 0.0316042 0.060774 0.0621678
10 0.23493 0.225296 0.0158008 0.0689187 0.0614056
11 0.482878 0.92293 0.952581 0.140174 0.061201
2 0.0697698 0.64393 0.020757 0.0974871 0.0610617
11 0.125096 0.973283 0.254094 0.0514511 0.0600943
11 0.817342 0.422424 0.0958473 0.0590656 0.0589177
4 0.328334 0.202649 0.0460273 0.0593955 0.0588066
11 0.191141 0.848342 0.384791 0.289712 0.0574749
2 0.0665417 0.722367 0.0450906 0.276982 0.0574035
11 0.342944 0.927127 0.685019 0.135543 0.0571853
10 0.0864679 0.739317 0.073884 0.250235 0.0565331
10 0.228186 0.297559 0.0321219 0.110703 0.0559369
11 0.0129137 0.949183 0.0249185 0.0982902 0.0559046
1 0.95181 0.4699 0.0963066 0.0875679 0.055876
4 0.457729 0.220901 0.0354942 0.0208544 0.0556587
2 0.0609753 0.660112 0.0288595 0.0905655 0.0553218
11 0.0410706 0.988001 0.0812093 0.0212075 0.0552844
2 0.0929021 0.657556 0.0260322 0.0747733 0.0551865
2 0.115011 0.649854 0.0550348 0.111321 0.0548665
6 0.125186 0.602574 0.252236 0.771107 0.0543617
2 0.0591137 0.627272 0.0216324 0.0998079 0.054023
11 0.151143 0.991912 0.306026 0.0131847 0.0536975
10 0.985388 0.322468 0.0297443 0.199924 0.0536224
10 0.814107 0.368117 0.0277342 0.077161 0.0530876
1 0.500615 0.62253 0.999353 0.737284 0.0530662
11 0.0682381 0.863882 0.136483 0.18953 0.0530226
10 0.219916 0.295739 0.0189776 0.100179 0.0515232
6 0.0908777 0.827412 0.182602 0.346995 0.0511898
2 0.064079 0.733796 0.0372201 0.260321 0.0509102
6 0.0457484 0.830875 0.0931486 0.196212 0.0500181
10 0.791671 0.354782 0.0203271 0.0420985 0.0493694
10 0.2186 0.276015 0.0401896 0.151693 0.0491284
2 0.131387 0.674548 0.0250041 0.0434754 0.0489917
4 0.0713899 0.442218 0.142388 0.304503 0.0489358
11 0.0371207 0.983878 0.0739536 0.0297635 0.0485465
4 0.553512 0.230757 0.041982 0.0351225 0.0482709
10 0.988839 0.340723 0.0230726 0.147027 0.0480284
6 0.0126201 0.720194 0.0250563 0.457954 0.0478174
11 0.0446973 0.987657 0.0896972 0.0219841 0.0476993
2 0.133717 0.666428 0.0263347 0.0605062 0.0475533
2 0.0590442 0.646595 0.0205736 0.0685674 0.0470864
10 0.812965 0.356972 0.027987 0.0527707 0.0467967
6 0.0100805 0.709088 0.0201252 0.453033 0.0467666
10 0.0856066 0.781107 0.048793 0.137583 0.0464209
6 0.0142933 0.925618 0.0308949 0.142856 0.046341
10 0.21039 0.379373 0.037167 0.132661 0.046135
6 0.0532745 0.839405 0.108175 0.158605 0.0455745
4 0.310825 0.219852 0.0296842 0.0308742 0.0451568
4 0.0673366 0.406283 0.132241 0.270428 0.0450728
11 0.0627685 0.980593 0.128072 0.0419344 0.0450199
7 0.112317 0.682868 0.0496632 0.0465833 0.0449488
11 0.950231 0.489926 0.0996374 0.133697 0.0448492
6 0.0654164 0.568777 0.13156 0.129668 0.0443836
4 0.360722 0.214775 0.0792324 0.0666601 0.0439077
2 0.107657 0.734022 0.0171272 0.0499582 0.0437088
4 0.314881 0.225541 0.0526292 0.0414802 0.0436105
6 0.0216229 0.618712 0.0437965 0.693777 0.0433983
10 0.0954301 0.802408 0.063659 0.183153 0.0426691
11 0.067413 0.88193 0.135538 0.147779 0.0426581
2 0.068927 0.642843 0.0186349 0.0911901 0.0423952
7 0.122236 0.682521 0.0208423 0.0356659 0.0423868
4 0.0896576 0.41062 0.0634305 0.0839573 0.042255
4 0.0674889 0.452916 0.13287 0.195854 0.0422133
4 0.383099 0.220897 0.0427723 0.0618549 0.0420929
2 0.135915 0.653232 0.0297448 0.0813479 0.0418446
2 0.148288 0.530786 0.021532 0.0781764 0.0418154
2 0.0717415 0.640538 0.0166841 0.100148 0.04178
4 0.535006 0.229482 0.0313612 0.0390452 0.0416819
10 0.218799 0.297983 0.0211378 0.102319 0.0413439
4 0.0609609 0.416679 0.100151 0.105036 0.0399126
6 0.00811184 0.613627 0.0161154 0.612207 0.039211
2 0.104368 0.675867 0.0247358 0.0551813 0.03911
4 0.477097 0.231788 0.016778 0.0459207 0.0388937
2 0.0904714 0.656809 0.020291 0.0749548 0.0385574
2 0.10819 0.671003 0.0271675 0.0550064 0.0384348
1 0.500258 0.608326 0.999182 0.763272 0.038238
2 0.0682679 0.694045 0.0227751 0.0915582 0.0381229
6 0.0352948 0.677448 0.070426 0.367121 0.0380418
10 0.795726 0.378924 0.0271278 0.074907 0.0377877
11 0.0561132 0.967249 0.111477 0.0589682 0.0377064
11 0.0518262 0.987262 0.102569 0.0257956 0.0375857
10 0.987852 0.294205 0.0246826 0.283604 0.0373392
4 0.55583 0.232157 0.0372078 0.0324863 0.0372321
11 0.496771 0.704933 0.999987 0.575698 0.0372053
2 0.120484 0.768812 0.035169 0.0801057 0.0371077
4 0.421268 0.248237 0.0984718 0.0733357 0.0369608
2 0.0723209 0.665859 0.019882 0.0688812 0.0369572
11 0.0886971 0.985818 0.158493 0.0761497 0.0367095
2 0.142278 0.610224 0.0312522 0.144702 0.0364151
2 0.103151 0.696786 0.0515539 0.122057 0.0362156
6 0.0408745 0.967996 0.0828532 0.0687252 0.0359832
4 0.513116 0.215622 0.0268945 0.0217654 0.0356785
10 0.0986777 0.78692 0.0380335 0.155859 0.035625
6 0.137922 0.592509 0.278076 0.794379 0.0355557
11 0.0369983 0.983268 0.0757531 0.028623 0.0355352
2 0.111069 0.663583 0.027567 0.0728032 0.0354976
2 0.117117 0.662501 0.0226716 0.0508485 0.0354828
4 0.773829 0.320736 0.0974576 0.107244 0.0351539
10 0.236364 0.286676 0.0175347 0.0764763 0.0349784
4 0.0848808 0.445693 0.171075 0.362427 0.0349406
4 0.218464 0.219173 0.0305358 0.0453105 0.0349377
10 0.00964048 0.942607 0.0186579 0.11005 0.0349274
2 0.0839342 0.668463 0.0232523 0.0579336 0.0348593
11 0.0336116 0.946501 0.066914 0.0978834 0.0346333
4 0.0840455 0.511193 0.166842 0.474373 0.034592
4 0.510211 0.213384 0.0343676 0.0277045 0.0344143
2 0.146458 0.681588 0.0420261 0.060547 0.0341887
6 0.130813 0.763932 0.0686218 0.194458 0.0341019
2 0.131839 0.679334 0.0191393 0.0381979 0.0336429
4 0.31197 0.223164 0.0244057 0.0300646 0.0335352
3 0.498204 0.575746 0.999491 0.834541 0.0334307
4 0.530219 0.238823 0.0253181 0.0252978 0.0332934
10 0.235365 0.285351 0.0188847 0.0826215 0.032906
10 0.753945 0.822541 0.0620022 0.191015 0.0327264
11 0.03355 0.979041 0.0689894 0.0343655 0.0327185
2 0.15876 0.58685 0.0552848 0.186327 0.032083
4 0.197483 0.240319 0.0227783 0.0366858 0.0320537
10 0.76205 0.78387 0.0442094 0.11217 0.0318517
4 0.195006 0.266941 0.0193933 0.0444526 0.0317119
11 0.0923747 0.962573 0.200891 0.0952805 0.0316094
2 0.0704701 0.704172 0.0184771 0.0674173 0.031455
4 0.478066 0.237004 0.0141946 0.0378556 0.0312733
1 0.519086 0.680803 0.957195 0.621364 0.0311363
4 0.394753 0.230248 0.0249338 0.0212072 0.0311356
2 0.0977565 0.667866 0.0190454 0.0685486 0.0306088
4 0.100776 0.436858 0.20515 0.377314 0.030496
10 0.234614 0.206844 0.0127749 0.0285403 0.0303776
4 0.46763 0.21152 0.0242728 0.026074 0.0302245
11 0.00794835 0.979396 0.0167833 0.0422055 0.0300526
4 0.279284 0.227621 0.0165569 0.0266568 0.0299485
10 0.229444 0.316175 0.0198415 0.112563 0.0295887
10 0.224671 0.21787 0.0125193 0.0500456 0.0295444
6 0.0608249 0.812182 0.111927 0.193454 0.0294226
2 0.172375 0.544127 0.0298059 0.0860344 0.0293677
10 0.487951 0.228485 0.0205935 0.0492958 0.0291864
4 0.477733 0.24516 0.0134463 0.0254267 0.0291027
1 0.835455 0.955002 0.310859 0.074057 0.028983
10 0.217176 0.365766 0.0238079 0.106056 0.0289684
11 0.911798 0.373598 0.170367 0.146875 0.0288773
2 0.102713 0.679421 0.0203622 0.0427314 0.0288331
2 0.137228 0.705925 0.0599813 0.0995177 0.0286646
11 0.906497 0.486944 0.187267 0.217128 0.0285606
10 0.277471 0.233507 0.0235981 0.0711174 0.0283387
4 0.45871 0.241004 0.0457775 0.0634393 0.0283124
11 0.0344713 0.983414 0.0712868 0.0299528 0.0282576
6 0.794956 0.402363 0.0254884 0.0610607 0.0281462
4 0.341564 0.206122 0.0168236 0.0343125 0.0279868
2 0.162127 0.568031 0.0476402 0.101974 0.0279572
4 0.45676 0.241483 0.0529319 0.065306 0.027842
10 0.52091 0.240336 0.011897 0.0218037 0.0278093
10 0.205336 0.397012 0.0203199 0.0853518 0.0277677
10 0.155751 0.469415 0.0274312 0.0869525 0.0275101
7 0.0885279 0.684912 0.0306673 0.0290396 0.0274812
11 0.950248 0.527151 0.0997213 0.223667 0.0273478
4 0.538515 0.231294 0.0233459 0.0330304 0.0271918
10 0.746238 0.855287 0.0907949 0.260152 0.0269823
6 0.0556876 0.551045 0.115167 0.425492 0.0267482
3 0.492823 0.494397 0.999989 0.999747 0.0264993
4 0.471234 0.220913 0.0175343 0.0238162 0.0262897
10 0.519755 0.232323 0.0190282 0.0365756 0.026285
1 0.580227 0.659433 0.42615 0.379206 0.0262328
7 0.0847442 0.678192 0.0239513 0.0463668 0.0260342
10 0.220135 0.267417 0.0167984 0.0366933 0.0257148
4 0.447188 0.205589 0.0380223 0.0372906 0.0256354
11 0.492189 0.878485 0.999704 0.224772 0.0255882
10 0.227255 0.238884 0.0104715 0.0537824 0.0255103
2 0.0734481 0.728796 0.0234553 0.0856169 0.0253951
6 0.972378 0.387369 0.0555124 0.224346 0.0253843
4 0.490949 0.246487 0.232544 0.087689 0.0252772
2 0.100237 0.870372 0.0539325 0.0780661 0.0251941
10 0.456194 0.205553 0.0238973 0.0304712 0.0250538
4 0.104047 0.309657 0.206297 0.189195 0.0249653
0 0.461498 0.255323 0.0229488 0.0364484 0.0245967
4 0.392632 0.25493 0.0391893 0.0452407 0.0242538
1 0.386341 0.632423 0.741851 0.717088 0.0234104
1 0.497245 0.647679 0.999095 0.689903 0.0231259
11 0.791571 0.436203 0.148548 0.0981082 0.0230402
11 0.0448039 0.887363 0.0709691 0.0603357 0.0230309
4 0.137891 0.363167 0.27836 0.308499 0.0230223
10 0.987723 0.130732 0.0256805 0.186803 0.0230178
4 0.418511 0.248828 0.1001 0.0743766 0.0229148
6 0.0306671 0.922421 0.0481255 0.0647787 0.0229014
10 0.988315 0.0759531 0.0240091 0.069689 0.0226142
10 0.481519 0.241783 0.0154072 0.0357784 0.0224208
4 0.438726 0.206051 0.0265752 0.0318537 0.0223011
2 0.0695607 0.856482 0.0371346 0.110717 0.0222638
4 0.0373897 0.354549 0.0759768 0.180364 0.0222114
1 0.420437 0.761252 0.730638 0.467241 0.0220406
6 0.799377 0.389943 0.0173363 0.0298023 0.0219905
10 0.0861419 0.804138 0.0613467 0.123443 0.0218997
1 0.429403 0.608318 0.851119 0.764315 0.0218573
10 0.266599 0.222158 0.00780048 0.033305 0.0216546
1 0.317276 0.754497 0.508619 0.476842 0.0214074
6 0.0930557 0.981873 0.0783004 0.0568229 0.0211783
4 0.27117 0.226475 0.00978783 0.0257344 0.0211652
10 0.367122 0.217951 0.0246554 0.0787146 0.021037
11 0.107103 0.954183 0.0752043 0.0505335 0.0205717
10 0.273626 0.239812 0.0102928 0.0154068 0.0203016
10 0.0859325 0.936095 0.0449997 0.0835672 0.0202752
11 0.535303 0.971368 0.99993 0.0401787 0.0201541
11 0.520681 0.894657 0.970602 0.202367 0.0197923
11 0.525976 0.90872 0.972748 0.153267 0.0197662
10 0.958409 0.59667 0.0831955 0.685341 0.0197299
10 0.102411 0.973879 0.0916363 0.050892 0.019414
7 0.0880578 0.975575 0.0667517 0.0495611 0.0193088
10 0.222416 0.535743 0.0395827 0.102858 0.019218
10 0.957278 0.601094 0.0836542 0.757652 0.0191859
2 0.767656 0.751637 0.0211103 0.034771 0.0190433
10 0.13103 0.968763 0.0529013 0.0578941 0.0186755
4 0.103797 0.286134 0.139497 0.0966246 0.0184047
10 0.424525 0.6669 0.024435 0.0253367 0.0181973
0 0.798116 0.858532 0.0751071 0.0297056 0.0178734
10 0.444217 0.345801 0.0310956 0.0300838 0.0178008
10 0.198869 0.723622 0.030683 0.0681655 0.0176815
4 0.465756 0.262969 0.0426995 0.0553648 0.017528
10 0.840304 0.906321 0.0524235 0.0288683 0.0174019
11 0.519451 0.876871 0.999943 0.219989 0.0173747
11 0.545659 0.0588459 0.921405 0.0710878 0.0168607
0 0.39398 0.525142 0.0215428 0.0230158 0.0168216
10 0.386848 0.333943 0.0416473 0.0300926 0.0166138
10 0.199103 0.77946 0.0192144 0.0603962 0.016593
1 0.363913 0.701144 0.712565 0.581983 0.0165564
8 0.467613 0.784271 0.0344372 0.0222278 0.0164816
0 0.292653 0.430047 0.0274925 0.0284273 0.0164671
8 0.470277 0.274513 0.0377766 0.0493879 0.0163377
10 0.739058 0.757709 0.0674225 0.0773519 0.0162943
11 0.844577 0.805268 0.0507027 0.0191503 0.0162672
10 0.400277 0.284959 0.0497582 0.0338536 0.0161887
0 0.571827 0.364785 0.021313 0.0172574 0.0154702
0 0.357583 0.535465 0.0204914 0.0233826 0.0154382
8 0.960798 0.873634 0.0561278 0.0430549 0.0151828
10 0.547082 0.489903 0.0548826 0.0242823 0.0148127
8 0.572399 0.445591 0.021216 0.0146848 0.0146008
8 0.440571 0.851404 0.518403 0.219006 0.0143336
8 0.353665 0.34057 0.0173469 0.0192064 0.0141301
