6 0.432919 0.520011 0.129111 0.277541 0.880695
6 0.588148 0.623002 0.122523 0.357842 0.872066
11 0.316378 0.203043 0.171708 0.29995 0.869835
11 0.34352 0.478216 0.174316 0.328748 0.855756
6 0.699288 0.368684 0.104511 0.304338 0.852757
10 0.498406 0.0947183 0.0637441 0.189614 0.829491
11 0.780462 0.343525 0.191031 0.431422 0.818683
11 0.464854 0.279795 0.168959 0.257801 0.812594
2 0.762515 0.231075 0.0183566 0.0861216 0.772012
6 0.308844 0.77305 0.141152 0.250681 0.758323
6 0.351845 0.225261 0.0941729 0.208735 0.753525
11 0.700562 0.63118 0.219931 0.351284 0.70709
6 0.514437 0.334739 0.0967915 0.23813 0.692538
11 0.18811 0.749342 0.239703 0.450671 0.650188
6 0.419217 0.28218 0.0885998 0.239687 0.614732
7 0.741423 0.263228 0.0227107 0.0813348 0.595944
6 0.436626 0.911487 0.186487 0.178047 0.59245
11 0.0611419 0.57069 0.115261 0.296294 0.575507
6 0.12956 0.539767 0.090905 0.246462 0.468884
2 0.837165 0.279156 0.0193981 0.0856035 0.418997
11 0.063554 0.528912 0.103394 0.20827 0.370347
7 0.165157 0.825607 0.0241375 0.0523625 0.347743
7 0.237087 0.648322 0.0206177 0.0502931 0.339607
7 0.192903 0.660772 0.0249043 0.0453186 0.339323
6 0.82045 0.860932 0.226136 0.27923 0.337302
7 0.429903 0.231909 0.0219741 0.044103 0.328943
6 0.956088 0.81644 0.0863024 0.366396 0.316156
6 0.901303 0.816063 0.194567 0.368847 0.315591
7 0.669707 0.616537 0.0218188 0.0654952 0.302401
6 0.441492 0.917438 0.135807 0.167903 0.298785
6 0.939689 0.941172 0.0955741 0.118661 0.287936
6 0.138699 0.283754 0.0929029 0.189635 0.284755
6 0.135759 0.446379 0.0780847 0.135932 0.283589
6 0.418547 0.918245 0.240225 0.163776 0.278873
6 0.415541 0.277798 0.0899427 0.245039 0.276996
6 0.895351 0.817866 0.206586 0.361946 0.26889
6 0.286259 0.380983 0.0746234 0.142088 0.263205
7 0.737934 0.620856 0.0212733 0.101431 0.259326
6 0.126444 0.475545 0.0998432 0.188199 0.257858
6 0.854552 0.915762 0.12869 0.170487 0.256035
7 0.310519 0.411222 0.026525 0.0612522 0.253261
2 0.159824 0.468286 0.0258894 0.07669 0.251798
7 0.744025 0.223615 0.0200963 0.0610955 0.246786
6 0.897691 0.939875 0.192023 0.121099 0.239748
6 0.876975 0.873856 0.109725 0.242318 0.239069
6 0.139712 0.547191 0.115733 0.273578 0.236289
6 0.150294 0.56748 0.127498 0.287236 0.234072
6 0.1363 0.477882 0.0841608 0.199653 0.232664
6 0.984975 0.817769 0.0299511 0.362024 0.230843
6 0.117676 0.532017 0.0742011 0.237446 0.228916
6 0.123706 0.479149 0.104263 0.201836 0.227792
6 0.82899 0.820444 0.254387 0.361151 0.226605
7 0.164765 0.840517 0.0258687 0.0823197 0.225005
7 0.264224 0.167284 0.0202483 0.0460801 0.224809
6 0.965541 0.752403 0.0672665 0.495169 0.224272
6 0.98437 0.742859 0.0309658 0.219168 0.214327
7 0.772339 0.172277 0.0257535 0.0628105 0.213958
2 0.592614 0.132269 0.0189262 0.0781965 0.213684
6 0.851806 0.959344 0.101294 0.0826528 0.212475
7 0.738539 0.592629 0.0197456 0.0453577 0.210289
6 0.0918501 0.316476 0.0882973 0.180955 0.208817
7 0.803642 0.224628 0.023034 0.0540632 0.202813
7 0.803702 0.21467 0.0223877 0.0357975 0.200697
7 0.158957 0.866699 0.0334394 0.0791425 0.20032
6 0.843507 0.615028 0.237899 0.767646 0.199909
6 0.904065 0.793239 0.186658 0.420576 0.199509
6 0.842159 0.918698 0.156628 0.163727 0.197248
2 0.856763 0.25308 0.0165462 0.0703981 0.195583
7 0.126079 0.795714 0.0367827 0.0956984 0.194245
6 0.105587 0.357098 0.111999 0.248263 0.192667
7 0.121607 0.825112 0.0264298 0.0402773 0.190188
6 0.00627028 0.243407 0.0131456 0.123795 0.189343
6 0.840697 0.752486 0.248155 0.499617 0.1889
6 0.864621 0.589265 0.258919 0.81807 0.188193
7 0.123576 0.826172 0.0229207 0.03715 0.186206
6 0.141545 0.497871 0.0675487 0.171745 0.182989
7 0.856838 0.235041 0.0136797 0.0349265 0.182469
6 0.393482 0.234389 0.0684258 0.16147 0.180826
6 0.980023 0.769459 0.0402601 0.273131 0.18052
6 0.161694 0.599884 0.104588 0.184599 0.178587
6 0.684318 0.175859 0.0376863 0.126212 0.178097
7 0.233929 0.672204 0.0289816 0.0990225 0.177833
6 0.840901 0.720963 0.241175 0.560778 0.177625
7 0.312462 0.422707 0.0207416 0.0369492 0.171529
6 0.902731 0.789743 0.117833 0.294532 0.171409
10 0.569677 0.105042 0.042216 0.147501 0.16992
10 0.724597 0.180755 0.0847153 0.115276 0.169738
6 0.944115 0.903355 0.107571 0.197479 0.168377
6 0.117571 0.286964 0.139719 0.214068 0.168173
6 0.869998 0.398876 0.137093 0.355663 0.165097
6 0.990714 0.665689 0.0188957 0.302943 0.164415
6 0.133465 0.429571 0.0704683 0.0988949 0.164324
7 0.306528 0.408636 0.0199119 0.0526705 0.164247
7 0.0679307 0.51794 0.016393 0.0431498 0.163724
7 0.463723 0.143685 0.0131776 0.0522788 0.162937
7 0.803639 0.213398 0.022215 0.0318901 0.162935
7 0.855864 0.258718 0.0189978 0.080161 0.161568
6 0.0998282 0.424987 0.0628863 0.0975522 0.161451
6 0.381333 0.264803 0.148684 0.230701 0.160219
6 0.859303 0.592034 0.26677 0.81614 0.159876
6 0.115367 0.425229 0.0366175 0.091234 0.159064
6 0.136939 0.505166 0.0768066 0.181801 0.159002
10 0.575889 0.147044 0.056637 0.226753 0.158513
6 0.102812 0.540046 0.141431 0.263838 0.157384
11 0.500267 0.965528 0.0625287 0.0708457 0.15607
2 0.557922 0.0516708 0.0161617 0.0368363 0.155549
6 0.963209 0.630057 0.0712184 0.736189 0.155078
6 0.116795 0.336239 0.135209 0.288763 0.154657
6 0.108292 0.457721 0.0576796 0.153076 0.153197
7 0.855175 0.264687 0.0174044 0.0666148 0.150385
6 0.402072 0.265629 0.0840092 0.228537 0.149552
6 0.693284 0.20964 0.0581121 0.189168 0.146688
7 0.164872 0.846775 0.0265723 0.0935101 0.14653
6 0.883953 0.396861 0.11704 0.279752 0.14591
6 0.986655 0.699521 0.02658 0.429217 0.145754
10 0.574786 0.118266 0.0544379 0.178598 0.144245
6 0.90138 0.736582 0.0774953 0.117532 0.143398
7 0.310197 0.413721 0.0255742 0.0577276 0.14334
7 0.84504 0.264048 0.0165769 0.0683625 0.142002
6 0.124324 0.516577 0.0743451 0.209201 0.140994
6 0.860531 0.601725 0.268061 0.802477 0.139305
7 0.268116 0.202195 0.0283467 0.0362909 0.138103
6 0.398006 0.210833 0.0526033 0.11262 0.136412
6 0.422532 0.322805 0.0802887 0.16169 0.134703
6 0.159135 0.673179 0.124243 0.334413 0.132607
7 0.835536 0.288818 0.0177917 0.0644882 0.132603
6 0.114024 0.543241 0.0728903 0.257696 0.132291
7 0.0681763 0.503943 0.0183412 0.0510218 0.132175
6 0.0164413 0.727754 0.0325987 0.223194 0.132055
7 0.830853 0.21449 0.0145823 0.0576074 0.131691
2 0.486649 0.224232 0.0214821 0.0632884 0.131583
6 0.934237 0.23653 0.0419563 0.106393 0.130741
6 0.412676 0.94923 0.262599 0.102976 0.129906
7 0.857577 0.272005 0.0180561 0.0722624 0.129307
6 0.00695068 0.528004 0.014899 0.238111 0.128155
10 0.728543 0.175607 0.0728322 0.10693 0.127877
6 0.789409 0.938628 0.219355 0.123953 0.127343
6 0.901348 0.576282 0.135058 0.75945 0.127291
7 0.315276 0.398956 0.0379195 0.0818221 0.126225
6 0.00739505 0.563592 0.0163891 0.342858 0.126026
7 0.485852 0.211828 0.0149474 0.0381414 0.125999
6 0.826371 0.868166 0.261484 0.267929 0.124468
7 0.743688 0.204852 0.0169554 0.023711 0.122886
6 0.0124145 0.598181 0.0256599 0.270864 0.12236
10 0.521582 0.191529 0.112813 0.389299 0.12146
7 0.870939 0.320361 0.0247849 0.0511571 0.121091
6 0.314775 0.229243 0.170109 0.238386 0.120693
6 0.941292 0.906624 0.11257 0.188002 0.119878
6 0.0191511 0.519995 0.038412 0.413621 0.119793
2 0.744731 0.241931 0.0205816 0.0968353 0.11758
7 0.740489 0.276114 0.0215473 0.0582893 0.115671
2 0.160086 0.458841 0.019809 0.0502511 0.115318
7 0.0548331 0.51519 0.0183741 0.0630865 0.114898
6 0.468403 0.304101 0.167781 0.28549 0.114836
7 0.855822 0.290194 0.0202736 0.03876 0.114017
7 0.0560192 0.550663 0.0279813 0.0481237 0.112017
6 0.099459 0.488718 0.0432343 0.125573 0.111578
6 0.0325236 0.550581 0.0612975 0.139908 0.111513
6 0.0067004 0.508457 0.0146582 0.204204 0.111002
6 0.262846 0.282239 0.0835346 0.132349 0.110919
7 0.0565114 0.531901 0.014862 0.0337194 0.110706
7 0.19622 0.634626 0.0371947 0.0961737 0.109894
6 0.813994 0.935495 0.197149 0.136295 0.109268
7 0.161564 0.480247 0.022981 0.0525638 0.106615
7 0.433196 0.215946 0.0344936 0.0773727 0.106301
2 0.830579 0.233448 0.0169611 0.0441604 0.104465
10 0.0170419 0.439042 0.0339082 0.417941 0.104179
6 0.945395 0.944714 0.0945908 0.114859 0.103974
7 0.759759 0.171317 0.0204044 0.0490879 0.103556
10 0.563905 0.196657 0.0793908 0.359538 0.1021
10 0.00594842 0.450929 0.0130009 0.22219 0.101457
6 0.314116 0.73709 0.12649 0.179495 0.100777
7 0.756455 0.644767 0.0324726 0.0971226 0.100442
10 0.00646911 0.445406 0.0136438 0.228737 0.100319
7 0.120931 0.806063 0.024815 0.0626643 0.100024
7 0.740785 0.268747 0.0210211 0.0697765 0.0994153
6 0.0182109 0.464951 0.0361433 0.141126 0.0992006
2 0.267734 0.160286 0.0132896 0.0339759 0.0991916
6 0.765787 0.475961 0.0906904 0.159596 0.0981082
7 0.121312 0.819251 0.0267533 0.0515379 0.0972405
6 0.0676698 0.601749 0.130323 0.384498 0.097077
7 0.845621 0.258993 0.0155393 0.0612201 0.0970546
7 0.030172 0.525465 0.0306472 0.0766326 0.0964635
7 0.831527 0.238441 0.0214941 0.0488452 0.095815
7 0.307032 0.413289 0.0207327 0.0481028 0.09581
2 0.830171 0.227256 0.0122105 0.0333623 0.09473
7 0.756797 0.159531 0.0178244 0.0262433 0.0944609
6 0.466071 0.2934 0.163749 0.24114 0.0943696
6 0.284 0.288941 0.0645493 0.129764 0.0936414
7 0.426636 0.222662 0.0199803 0.0566132 0.09364
6 0.455237 0.964614 0.180474 0.0692095 0.0933171
7 0.772704 0.184404 0.0231294 0.0356248 0.0931006
6 0.0860663 0.474429 0.0570458 0.0966698 0.0914796
7 0.652161 0.573863 0.046712 0.104223 0.09021
7 0.794638 0.239954 0.0325436 0.0513231 0.0883267
7 0.841993 0.248474 0.0146906 0.036726 0.088119
11 0.705496 0.615495 0.048634 0.098699 0.0859324
6 0.442204 0.927371 0.195082 0.148716 0.0859107
7 0.765069 0.201658 0.0154325 0.033189 0.0852271
6 0.829726 0.811255 0.253902 0.355306 0.0841743
6 0.175916 0.591358 0.078342 0.206993 0.0840412
10 0.721061 0.135907 0.11064 0.209656 0.0828127
7 0.0687768 0.523762 0.014179 0.0400149 0.0823531
6 0.309986 0.528163 0.091087 0.168969 0.0823373
7 0.0775589 0.472741 0.0198023 0.0394122 0.0820288
1 0.608184 0.113254 0.0508434 0.0569219 0.0807736
7 0.74575 0.227622 0.0162499 0.0526681 0.0806464
7 0.0575135 0.533539 0.0254043 0.0717245 0.080641
7 0.835663 0.292124 0.0181707 0.0568892 0.0797373
7 0.741835 0.257308 0.0191365 0.0740345 0.0792848
10 0.00627731 0.404588 0.0126677 0.16092 0.0786281
7 0.166332 0.854493 0.0224847 0.0721069 0.0780175
6 0.82545 0.88466 0.230549 0.276882 0.0738812
2 0.844733 0.271732 0.0144099 0.0824883 0.0724142
6 0.347079 0.230811 0.090045 0.192173 0.0717951
7 0.768368 0.194585 0.0299301 0.0364085 0.0716901
6 0.91612 0.505674 0.0874043 0.156917 0.0715788
2 0.760318 0.234021 0.0150471 0.0754241 0.0710819
6 0.332744 0.279448 0.0620233 0.0969498 0.0705063
6 0.761224 0.169541 0.049515 0.070788 0.0701713
10 0.344322 0.0906381 0.269201 0.180565 0.0696875
7 0.771036 0.166661 0.0198889 0.035494 0.0692147
7 0.857088 0.272534 0.0160522 0.0648694 0.0685484
7 0.234999 0.648352 0.021454 0.0484901 0.0683491
7 0.0816472 0.500304 0.0143242 0.0373334 0.0678444
6 0.537669 0.321423 0.0719448 0.237082 0.0673131
7 0.831285 0.194563 0.0130184 0.0512654 0.0660088
6 0.488735 0.107791 0.0890142 0.158407 0.0659975
11 0.633283 0.134627 0.09132 0.0955704 0.0649276
6 0.679206 0.179853 0.0345732 0.121112 0.0646322
6 0.841752 0.966529 0.100218 0.0665838 0.0636564
7 0.762046 0.20154 0.048483 0.126343 0.0625812
7 0.83727 0.271733 0.020454 0.0897716 0.0625768
7 0.158961 0.867251 0.0300006 0.0660151 0.0606868
7 0.319387 0.384068 0.0279487 0.0579057 0.0599047
6 0.240846 0.693788 0.134751 0.255296 0.0588346
7 0.730467 0.588515 0.0137896 0.0447138 0.0583845
11 0.780982 0.212147 0.176971 0.176372 0.0582612
7 0.192666 0.66458 0.0255395 0.0434553 0.057972
7 0.795555 0.213937 0.0113699 0.0280226 0.055427
7 0.429616 0.250185 0.0430363 0.141759 0.054352
11 0.695765 0.713842 0.230874 0.551421 0.0532076
7 0.437671 0.201653 0.0236426 0.0508048 0.0528666
11 0.778918 0.189193 0.181487 0.153799 0.0523772
7 0.157408 0.87975 0.0312503 0.062405 0.0521706
10 0.565851 0.217511 0.0736219 0.331839 0.0517843
7 0.164785 0.824696 0.0206532 0.0466522 0.0517286
7 0.742651 0.247674 0.0144621 0.0488149 0.0494596
6 0.87085 0.986547 0.112657 0.0337631 0.0489733
7 0.26778 0.200862 0.027001 0.0342398 0.0488507
6 0.755968 0.951246 0.155324 0.112361 0.0481025
7 0.311489 0.423822 0.0194237 0.0352529 0.0475206
7 0.0782569 0.468541 0.0154682 0.0320441 0.0467577
6 0.794007 0.359989 0.201298 0.421778 0.0467259
2 0.0328323 0.53736 0.0217921 0.049247 0.0450667
6 0.413416 0.454311 0.311536 0.403293 0.0449311
7 0.771035 0.151446 0.0170812 0.0269613 0.043693
6 0.783456 0.39962 0.179861 0.321376 0.0434179
6 0.0644748 0.547488 0.0824646 0.149915 0.0418939
11 0.772764 0.473781 0.195905 0.679545 0.0417401
7 0.770545 0.204284 0.0248928 0.0397434 0.0407059
7 0.437805 0.250328 0.0123858 0.0263497 0.0403448
7 0.192235 0.660674 0.0231077 0.0402113 0.0402229
7 0.233942 0.649068 0.0172291 0.0409582 0.0381167
6 0.516034 0.195943 0.135599 0.354408 0.0374423
2 0.16109 0.483273 0.0191778 0.04812 0.0370837
6 0.799175 0.214316 0.143422 0.166204 0.0367624
7 0.72926 0.590176 0.0116662 0.0386734 0.036452
7 0.736262 0.604552 0.0151498 0.0324824 0.0354774
6 0.0714541 0.533799 0.0575058 0.0907514 0.0349013
7 0.743284 0.28821 0.00968698 0.0354406 0.034135
6 0.112944 0.702598 0.0442605 0.122448 0.0340019
7 0.1578 0.840019 0.0135567 0.0240559 0.0331702
6 0.374756 0.170636 0.0585073 0.105056 0.0329513
6 0.284776 0.549387 0.0456377 0.0701118 0.0326172
6 0.811618 0.806982 0.137707 0.0673702 0.0322744
6 0.680855 0.487361 0.0429951 0.0425355 0.0320489
7 0.658304 0.570194 0.0229537 0.0363867 0.0310403
6 0.208276 0.916994 0.296748 0.156646 0.0300033
6 0.39121 0.60288 0.0551848 0.080852 0.0297191
7 0.745077 0.679571 0.0193348 0.0336225 0.0293971
7 0.741117 0.612301 0.0123149 0.0257781 0.0290506
6 0.320209 0.787246 0.0286359 0.0414334 0.0289463
6 0.319649 0.122981 0.171672 0.114907 0.0288861
6 0.192541 0.924341 0.18969 0.15345 0.0274177
7 0.165817 0.885784 0.01792 0.0329969 0.0268686
6 0.161847 0.78758 0.0955083 0.102342 0.0264829
6 0.180865 0.736195 0.0588337 0.108254 0.0247035
7 0.669003 0.62403 0.0279307 0.0624551 0.0245705
6 0.257579 0.8652 0.0532978 0.0816544 0.0242015
7 0.138178 0.889841 0.0274501 0.0362955 0.0232114
6 0.264136 0.892835 0.0891581 0.10215 0.0232009
2 0.834531 0.362106 0.013747 0.0406881 0.0223266
7 0.156508 0.897122 0.0210898 0.0326218 0.0221362
6 0.70234 0.68672 0.0816028 0.0878766 0.0216246
6 0.741577 0.514055 0.00940456 0.0146285 0.0213413
7 0.205959 0.798236 0.0245629 0.0356301 0.0205224
2 0.243705 0.787843 0.0198363 0.045198 0.0199516
7 0.681609 0.676164 0.0166298 0.0384761 0.0186291
6 0.637696 0.957968 0.152124 0.089352 0.018477
