6 0.392475 0.605876 0.213381 0.593532 0.903394
5 0.37582 0.272504 0.0841497 0.165399 0.807271
5 0.730058 0.905816 0.120516 0.188759 0.728622
5 0.81662 0.885418 0.0707516 0.209158 0.703096
5 0.300074 0.531763 0.0790048 0.203707 0.623044
11 0.312908 0.637092 0.181182 0.392106 0.294726
6 0.257902 0.172158 0.183429 0.342629 0.242373
6 0.261857 0.243174 0.195171 0.482996 0.238977
5 0.700826 0.0163996 0.0512453 0.0328892 0.204044
5 0.266828 0.413977 0.0787562 0.15043 0.179034
11 0.312489 0.58037 0.177795 0.282552 0.168757
11 0.317913 0.603066 0.190989 0.507023 0.164439
7 0.729326 0.482414 0.0270261 0.0972644 0.15222
5 0.712578 0.0157111 0.0751686 0.0316147 0.151248
5 0.712951 0.0188976 0.0768939 0.0382672 0.149109
2 0.611696 0.163795 0.0187832 0.0796818 0.144241
6 0.374791 0.581888 0.177286 0.539499 0.134161
5 0.295411 0.491031 0.0901428 0.284391 0.127245
6 0.254704 0.134978 0.178019 0.27 0.126133
11 0.767114 0.579654 0.148991 0.47394 0.125266
11 0.311239 0.55166 0.177486 0.40358 0.121936
7 0.720974 0.465009 0.045727 0.0869929 0.114402
11 0.313113 0.577864 0.179719 0.469712 0.110369
2 0.615059 0.164574 0.0116226 0.0788199 0.10701
11 0.369709 0.660788 0.295629 0.497812 0.104073
6 0.26291 0.334433 0.204167 0.658518 0.101423
5 0.825334 0.851377 0.057427 0.155701 0.101183
11 0.756869 0.591285 0.171678 0.481943 0.0966885
5 0.709307 0.869849 0.0858787 0.116013 0.0963426
7 0.735756 0.978702 0.071385 0.0427862 0.0954462
5 0.267787 0.426335 0.091726 0.187658 0.0927531
6 0.332132 0.56877 0.226194 0.611167 0.0925477
6 0.266372 0.221743 0.159746 0.26554 0.0923243
11 0.336046 0.706605 0.23441 0.562206 0.0885066
6 0.299583 0.46122 0.231023 0.7015 0.0883097
5 0.745021 0.924874 0.0870494 0.152167 0.0824257
7 0.728728 0.487164 0.0196202 0.0867771 0.0822788
6 0.431345 0.056385 0.0364678 0.110738 0.0820185
6 0.293611 0.440719 0.275654 0.851537 0.0818002
2 0.605855 0.158401 0.0147099 0.0605997 0.0807909
7 0.8527 0.56398 0.0981609 0.190054 0.0788682
2 0.428061 0.0453762 0.0184044 0.0576193 0.0773297
6 0.401104 0.450598 0.105927 0.269774 0.0773262
10 0.70152 0.0148442 0.0468245 0.0300799 0.0718179
5 0.257264 0.434444 0.0719271 0.174611 0.0711653
11 0.745723 0.614168 0.209361 0.546386 0.070954
6 0.297906 0.343648 0.284306 0.677601 0.0705832
7 0.735102 0.979597 0.0580277 0.0415039 0.0694938
6 0.402749 0.527905 0.11442 0.418077 0.0681036
6 0.336915 0.63565 0.14367 0.396704 0.0678025
5 0.827304 0.830422 0.0504955 0.116443 0.0660481
2 0.882388 0.930209 0.0358753 0.13991 0.0653623
10 0.591528 0.0899905 0.0580245 0.181444 0.0642102
5 0.74191 0.966801 0.0945346 0.0685031 0.0634511
5 0.403171 0.258871 0.0300871 0.0812936 0.061143
5 0.733501 0.964415 0.111568 0.0727165 0.0609909
6 0.268344 0.270814 0.224396 0.516848 0.0597404
6 0.286547 0.366645 0.1518 0.237656 0.059023
10 0.692383 0.0145115 0.0353901 0.0284491 0.0590109
5 0.283077 0.44 0.10768 0.171786 0.0589127
5 0.403238 0.253487 0.0308611 0.0924723 0.0587486
11 0.758233 0.453637 0.139747 0.229066 0.0582182
11 0.718636 0.494637 0.0582088 0.150066 0.057156
5 0.832462 0.858008 0.0191799 0.0372904 0.0568498
6 0.401349 0.527831 0.111878 0.413086 0.0561266
5 0.790278 0.953232 0.0212709 0.0780512 0.0552745
5 0.69147 0.890888 0.0507528 0.0733267 0.0549366
10 0.64554 0.16865 0.105225 0.338145 0.0540797
5 0.282109 0.427578 0.155407 0.369262 0.0532437
6 0.873088 0.929711 0.0441387 0.139116 0.0518584
5 0.761315 0.901287 0.185476 0.19882 0.0516825
6 0.260512 0.171398 0.149334 0.162779 0.0512919
5 0.83208 0.826655 0.0417654 0.102337 0.050447
10 0.588302 0.0281707 0.0501613 0.0580421 0.0490314
5 0.3207 0.348954 0.25626 0.338521 0.0487751
2 0.600922 0.157056 0.0124441 0.0541151 0.0479074
6 0.333966 0.483158 0.342761 0.824973 0.0475573
4 0.434449 0.0887402 0.0284628 0.0453978 0.0459372
5 0.307811 0.494324 0.0627635 0.1217 0.0459277
2 0.427015 0.0413064 0.0209652 0.0660736 0.045604
2 0.425287 0.0361618 0.0199178 0.067354 0.0454767
11 0.514298 0.0555323 0.196237 0.110804 0.0450314
10 0.596338 0.168848 0.0707311 0.336137 0.0449512
6 0.325504 0.596138 0.195336 0.45767 0.0447283
6 0.285285 0.385332 0.146538 0.278476 0.0444886
6 0.386967 0.720826 0.213174 0.381335 0.0443035
10 0.592086 0.119241 0.0600761 0.225836 0.0442252
6 0.392424 0.732048 0.218916 0.337954 0.0432284
2 0.581858 0.0994374 0.0183391 0.0461695 0.042465
6 0.437321 0.604911 0.123059 0.566884 0.0424095
6 0.343239 0.736806 0.118064 0.199057 0.0423877
7 0.73211 0.52667 0.032307 0.184019 0.0422673
8 0.299895 0.532802 0.0765496 0.198503 0.0422354
6 0.365408 0.580989 0.16272 0.546826 0.0421911
6 0.356835 0.563794 0.303555 0.661612 0.0421287
11 0.768768 0.447006 0.11554 0.212965 0.0419873
6 0.876816 0.880441 0.0556002 0.239787 0.0418622
5 0.728779 0.906827 0.116661 0.184357 0.0417837
2 0.429175 0.0511589 0.0125135 0.040308 0.0414963
6 0.342088 0.649006 0.128302 0.374271 0.0410327
8 0.376208 0.269563 0.0752512 0.153326 0.0402407
11 0.769406 0.668799 0.175239 0.651987 0.0401867
5 0.285794 0.408884 0.0469992 0.136007 0.0395823
2 0.850109 0.809448 0.011828 0.0663178 0.0394454
8 0.818117 0.883401 0.0697165 0.211189 0.0392776
2 0.615769 0.177935 0.0104804 0.0519105 0.0392655
5 0.260494 0.46938 0.0735929 0.251431 0.0391038
6 0.441347 0.722507 0.112627 0.327073 0.0389096
11 0.750115 0.484535 0.123187 0.262717 0.038808
5 0.318518 0.348909 0.235945 0.306077 0.0387616
5 0.719544 0.963296 0.164302 0.0735054 0.0382487
5 0.275646 0.30499 0.124619 0.12371 0.0379072
5 0.262281 0.436497 0.0696272 0.118689 0.037614
6 0.448562 0.606792 0.115646 0.570643 0.0374388
10 0.655941 0.171703 0.0764323 0.344591 0.0369665
6 0.298462 0.35081 0.208743 0.339786 0.0366831
2 0.58132 0.0951453 0.014369 0.0341463 0.036434
2 0.615087 0.180708 0.0114563 0.047513 0.0361709
2 0.43443 0.0471177 0.0198684 0.100419 0.0360489
2 0.849891 0.828058 0.0105644 0.10633 0.03588
7 0.731544 0.453876 0.0245553 0.0506013 0.035678
5 0.728512 0.839685 0.0497654 0.0555098 0.0354564
6 0.24806 0.141985 0.150223 0.217973 0.0351589
5 0.299989 0.484373 0.0770086 0.294624 0.0348753
11 0.706202 0.514378 0.0465548 0.101813 0.0348184
6 0.00338041 0.666168 0.0066518 0.627522 0.0347228
11 0.722841 0.632547 0.100052 0.420104 0.0346414
5 0.795807 0.934351 0.0386705 0.119541 0.034555
6 0.599242 0.253649 0.0552318 0.156304 0.0341609
6 0.439918 0.643023 0.120187 0.507761 0.0341058
6 0.444151 0.728707 0.10797 0.347295 0.0340923
7 0.732388 0.443806 0.0207386 0.0304208 0.0338329
11 0.780985 0.572624 0.116291 0.463551 0.0336397
6 0.875417 0.888227 0.0535969 0.226723 0.0333874
2 0.531152 0.0532827 0.0110057 0.0201683 0.0331311
6 0.341333 0.775372 0.0703162 0.119258 0.0330912
6 0.330601 0.653587 0.132088 0.335684 0.0328786
5 0.838689 0.876909 0.0258823 0.122747 0.0328418
5 0.252158 0.388879 0.0328542 0.0700177 0.0328368
2 0.61182 0.147443 0.0101399 0.0433538 0.0327384
11 0.715093 0.587004 0.0710592 0.306305 0.0327351
11 0.529664 0.615472 0.590689 0.619164 0.0326608
7 0.727665 0.465246 0.0242085 0.0620749 0.0325995
6 0.399633 0.564777 0.102394 0.431757 0.0324159
5 0.745253 0.867142 0.0827175 0.127612 0.0321656
6 0.448503 0.710161 0.107647 0.383688 0.0320683
2 0.424266 0.0507922 0.0103338 0.0420249 0.0320266
6 0.415981 0.534079 0.0814762 0.402765 0.0319757
6 0.291836 0.19403 0.269241 0.367558 0.0319664
5 0.291321 0.3762 0.0347607 0.0709495 0.0319227
5 0.312397 0.557178 0.0467965 0.121292 0.0319061
6 0.411882 0.652207 0.175346 0.519975 0.0313408
2 0.599189 0.154367 0.0119037 0.0535047 0.0312584
5 0.367012 0.268636 0.0634282 0.140563 0.0312459
5 0.75052 0.906047 0.082785 0.188505 0.0310945
5 0.746934 0.966794 0.0913765 0.06842 0.0309099
5 0.339746 0.450385 0.0429924 0.054713 0.0308211
6 0.36215 0.679726 0.0711744 0.173738 0.0301591
7 0.729156 0.982507 0.0990335 0.0363074 0.0295415
5 0.310576 0.472761 0.0530037 0.0769833 0.029426
2 0.353725 0.355796 0.0223546 0.0384496 0.0293636
10 0.594934 0.0566206 0.0600014 0.0743379 0.0293316
2 0.39698 0.670946 0.0390898 0.0992922 0.0292303
5 0.373239 0.396775 0.0530856 0.112393 0.0291715
7 0.863008 0.925864 0.027282 0.0468765 0.0289452
7 0.596314 0.189218 0.0384515 0.0660145 0.028481
10 0.932994 0.0635431 0.0345865 0.133629 0.0283493
5 0.82838 0.949473 0.0472338 0.0628555 0.0282933
2 0.300175 0.589227 0.0294357 0.0801648 0.0281608
6 0.36955 0.53587 0.0817335 0.218892 0.0281055
6 0.254314 0.315764 0.159765 0.229851 0.0280943
7 0.728726 0.509612 0.0174341 0.0451078 0.0280538
5 0.29007 0.575355 0.104306 0.2087 0.0278979
6 0.348339 0.780667 0.110728 0.246867 0.0276487
6 0.868955 0.907485 0.0428196 0.182525 0.027609
2 0.882448 0.929717 0.0227339 0.14158 0.0274012
6 0.288095 0.657897 0.128718 0.332389 0.0270846
11 0.598442 0.200666 0.0444665 0.10068 0.0267829
2 0.848354 0.837579 0.0128279 0.118589 0.0267203
5 0.729282 0.904701 0.178353 0.18536 0.0265628
6 0.460702 0.62758 0.101887 0.531841 0.0262953
2 0.34205 0.32846 0.0497687 0.108412 0.0257935
6 0.349771 0.782234 0.114996 0.247431 0.0256467
11 0.776042 0.480415 0.10096 0.286736 0.0255639
2 0.881823 0.898422 0.0189352 0.0767136 0.0254119
2 0.788011 0.951775 0.0197202 0.0772687 0.0250943
2 0.255635 0.274074 0.0290566 0.0424304 0.0249658
11 0.776831 0.426546 0.0959123 0.178869 0.0249554
7 0.708402 0.465469 0.0208765 0.0676165 0.0248659
6 0.377971 0.779302 0.0833611 0.197486 0.024743
2 0.326629 0.31685 0.021544 0.0585586 0.0247264
8 0.302123 0.569283 0.0636199 0.120909 0.0246669
6 0.442346 0.751044 0.0781382 0.167195 0.0246554
11 0.507513 0.636044 0.689505 0.668239 0.0245514
10 0.593763 0.171902 0.0623643 0.253712 0.0242552
5 0.342724 0.369367 0.0594672 0.165901 0.0242021
8 0.827058 0.948795 0.0441751 0.0573918 0.0241668
11 0.352437 0.875471 0.285387 0.257153 0.0240948
7 0.725903 0.492381 0.0321315 0.0593414 0.0238649
2 0.622235 0.26462 0.0144344 0.0385618 0.0236261
8 0.821373 0.899996 0.0377182 0.0640596 0.0235532
5 0.743405 0.937275 0.0925662 0.139157 0.0229461
7 0.300481 0.608848 0.0228062 0.0450802 0.0228707
6 0.370446 0.812174 0.131158 0.187599 0.0225967
6 0.261391 0.159749 0.044204 0.0522904 0.0225922
5 0.407764 0.254379 0.0239588 0.0534742 0.0223375
5 0.728373 0.845309 0.111947 0.194245 0.0222803
5 0.758042 0.949859 0.186605 0.0962558 0.022266
10 0.599867 0.0432352 0.360915 0.0935866 0.022056
6 0.397029 0.592884 0.0450707 0.0789792 0.021929
5 0.328293 0.494314 0.0230843 0.0461383 0.0219132
6 0.343793 0.791524 0.0993936 0.103716 0.0217635
5 0.509 0.644479 0.763183 0.683545 0.0215206
2 0.846221 0.840581 0.0265066 0.115231 0.0215122
5 0.395111 0.226508 0.0335796 0.0329948 0.0214748
6 0.394734 0.767158 0.0554254 0.127857 0.0214114
2 0.789201 0.926984 0.028799 0.129335 0.0213084
6 0.820566 0.904709 0.0470495 0.0951033 0.021259
6 0.379321 0.787272 0.075713 0.209728 0.0211245
6 0.232535 0.683061 0.127581 0.275172 0.0210758
2 0.404221 0.632912 0.0204096 0.0518423 0.021018
11 0.316446 0.885615 0.167403 0.162259 0.0209255
5 0.316257 0.53979 0.0432575 0.143166 0.0208612
2 0.853976 0.882609 0.0085247 0.0458956 0.0208413
6 0.42312 0.702966 0.0423979 0.0959486 0.0207217
6 0.866325 0.977877 0.0315006 0.0468861 0.0206846
5 0.33118 0.524794 0.0233943 0.116382 0.0205678
2 0.854514 0.900838 0.0161785 0.0574576 0.0205666
6 0.261652 0.586241 0.108708 0.159721 0.0205386
8 0.325398 0.505566 0.0348661 0.0755293 0.0203229
6 0.357156 0.842452 0.120001 0.18506 0.0203099
5 0.318779 0.463103 0.0429794 0.0594428 0.0201871
6 0.354066 0.809135 0.109943 0.171644 0.0201735
5 0.770809 0.956299 0.153298 0.171595 0.0201624
8 0.811172 0.949157 0.0700141 0.0904505 0.0201452
6 0.310696 0.717741 0.0421457 0.0618432 0.020036
6 0.359905 0.595647 0.0365881 0.140546 0.0200051
4 0.0479088 0.488985 0.122064 0.971186 0.0198624
2 0.718776 0.992331 0.0477785 0.0154211 0.0198113
6 0.370817 0.613867 0.0553235 0.054463 0.0197742
6 0.248309 0.962614 0.186564 0.141115 0.0197126
6 0.240243 0.0858944 0.0678254 0.0973046 0.0196978
8 0.82344 0.947645 0.0272621 0.0432286 0.019599
4 0.103201 0.0274163 0.194021 0.10497 0.0195728
11 0.759679 0.645057 0.118306 0.123692 0.0194923
10 0.335425 0.122057 0.0995419 0.245026 0.0194058
6 0.352667 0.65152 0.0301038 0.0524467 0.0193899
6 0.381086 0.559493 0.0390304 0.0690033 0.0192056
6 0.398844 0.823221 0.0853581 0.121863 0.0191297
8 0.819594 0.890119 0.0461075 0.0712828 0.0189946
8 0.691831 0.929658 0.0702742 0.0597293 0.0189722
2 0.852621 0.955119 0.0104435 0.0600119 0.0189222
11 0.360826 0.85585 0.115421 0.153364 0.0188139
6 0.801139 0.981373 0.074836 0.0377452 0.0187703
2 0.729975 0.874106 0.0346858 0.0416092 0.018769
6 0.29218 0.974881 0.269103 0.162806 0.0187096
8 0.339038 0.339768 0.0396355 0.086555 0.0186711
10 0.426437 0.550696 0.024212 0.0564411 0.018562
10 0.700928 0.9827 0.0324471 0.0341791 0.0185344
2 0.345455 0.443072 0.0293384 0.0464647 0.0184982
6 0.338567 0.935941 0.143533 0.137256 0.0184554
6 0.464727 0.858879 0.0628043 0.0929831 0.0183412
6 0.361453 0.717081 0.0359224 0.0504148 0.0182879
6 0.361399 0.945587 0.124254 0.14236 0.0179
2 0.739016 0.59634 0.0124005 0.0331782 0.0178945
6 0.281822 0.713889 0.0570038 0.0668857 0.0178912
5 0.827845 0.813903 0.0468531 0.0844563 0.0178177
6 0.301724 0.782129 0.0976285 0.0833684 0.0177617
2 0.278252 0.813907 0.0441954 0.0681268 0.0174859
7 0.728715 0.549365 0.0295568 0.046623 0.0174422
6 0.302136 0.6772 0.0507203 0.0768567 0.017218
2 0.725009 0.995458 0.0469265 0.015826 0.0171793
5 0.409518 0.206335 0.039723 0.0565514 0.0168018
11 0.238124 0.889588 0.0863571 0.143882 0.0166001
2 0.740562 0.630284 0.0164746 0.0460242 0.0165662
6 0.3665 0.923452 0.11316 0.16404 0.0165433
8 0.774757 0.981782 0.0321405 0.0340988 0.0164778
10 0.440046 0.92209 0.0843278 0.178669 0.0164605
2 0.358345 0.183073 0.0230551 0.0454619 0.0163334
10 0.416857 0.335764 0.0295247 0.0576987 0.0161122
6 0.293638 0.84419 0.0958711 0.205716 0.0161109
11 0.326488 0.977883 0.329161 0.138263 0.0160237
8 0.356888 0.864181 0.0710757 0.090562 0.0160099
10 0.345493 0.921544 0.0954197 0.142689 0.0159453
6 0.339898 0.957769 0.0918108 0.0875113 0.015941
8 0.360511 0.89486 0.118626 0.195994 0.0157672
11 0.250688 0.930424 0.0912025 0.126777 0.0155921
4 0.335719 0.922903 0.10673 0.130277 0.0155379
10 0.334504 0.941373 0.0384858 0.0668155 0.0154272
10 0.341789 0.956193 0.0738644 0.0959095 0.0154122
8 0.342823 0.852822 0.0795651 0.0977718 0.0153094
11 0.360995 0.98062 0.129968 0.0530281 0.0148647
5 0.763416 0.7928 0.0788521 0.185723 0.0148626
2 0.281263 0.874891 0.0336536 0.0632956 0.0148196
10 0.826759 0.338077 0.023164 0.0462492 0.0147506
2 0.289909 0.838409 0.060168 0.0758575 0.0146156
8 0.321531 0.927034 0.0837808 0.0947606 0.01458
6 0.309382 0.966292 0.0604071 0.0648937 0.0145623
6 0.315837 0.9706 0.0539636 0.0541338 0.0145483
6 0.357412 0.971634 0.116651 0.0800641 0.0140784
