9 0.59495 0.426957 0.244106 0.283953 0.790133
9 0.474944 0.443223 0.297144 0.300232 0.282365
9 0.544203 0.438211 0.432152 0.318887 0.251561
9 0.565291 0.563312 0.555089 0.612385 0.232189
9 0.432988 0.448567 0.20999 0.283564 0.226935
9 0.967436 0.789889 0.0647465 0.414569 0.210891
9 0.564424 0.640397 0.536813 0.431835 0.155499
9 0.654699 0.434316 0.122604 0.259805 0.140354
9 0.478122 0.573978 0.340815 0.534467 0.138715
9 0.480735 0.586791 0.317903 0.486926 0.137825
9 0.477871 0.652934 0.348967 0.382647 0.137177
9 0.488674 0.530478 0.332693 0.462132 0.133688
6 0.971966 0.764442 0.056618 0.351654 0.12974
9 0.561021 0.427661 0.17274 0.271991 0.109034
9 0.93968 0.789308 0.119365 0.423254 0.107784
9 0.505731 0.680244 0.395775 0.327374 0.106183
9 0.569368 0.558258 0.54982 0.59135 0.105952
9 0.498563 0.655254 0.291843 0.344463 0.104713
9 0.935493 0.791832 0.127965 0.417232 0.10185
9 0.57893 0.529292 0.51772 0.503669 0.0995607
9 0.485373 0.456973 0.315708 0.276933 0.0984588
9 0.548191 0.467462 0.438279 0.380833 0.0953716
9 0.615493 0.592688 0.678026 0.803059 0.089914
9 0.644519 0.501472 0.708058 0.998975 0.0889445
9 0.638437 0.601037 0.72407 0.798432 0.086919
9 0.554976 0.42772 0.167574 0.270952 0.0862608
9 0.479004 0.687688 0.344217 0.314242 0.0847007
9 0.968252 0.714945 0.0630596 0.567539 0.0838909
10 0.945054 0.0398928 0.05095 0.0809357 0.0828073
9 0.568545 0.567974 0.580041 0.749569 0.0820305
9 0.481032 0.568382 0.32527 0.534074 0.0802399
6 0.969664 0.852732 0.0606384 0.290705 0.0781829
9 0.578776 0.58599 0.604354 0.76225 0.0747737
9 0.966781 0.584058 0.0664163 0.823309 0.0725296
10 0.439553 0.441787 0.147526 0.237214 0.0719743
10 0.43553 0.422582 0.130763 0.1856 0.0709245
6 0.963958 0.793956 0.072681 0.411299 0.0706788
9 0.414921 0.45668 0.159511 0.236955 0.0693864
9 0.567769 0.697313 0.554494 0.556587 0.0690437
9 0.608393 0.605934 0.685833 0.791073 0.062757
6 0.973031 0.730659 0.054109 0.29173 0.0625558
6 0.973729 0.679997 0.0527077 0.182306 0.0617279
10 0.0177126 0.82398 0.036153 0.118563 0.0588116
9 0.967796 0.901919 0.064558 0.196153 0.0584757
3 0.499209 0.500401 0.999989 0.998258 0.0571774
9 0.935037 0.84829 0.130247 0.302733 0.0554338
9 0.357477 0.558345 0.710066 0.635492 0.0550745
10 0.424863 0.421066 0.145458 0.173643 0.0544451
9 0.405511 0.512199 0.150439 0.15374 0.0541838
9 0.4948 0.565548 0.386506 0.558894 0.0539762
9 0.495358 0.623533 0.298871 0.400331 0.0531298
9 0.553102 0.683014 0.496218 0.337426 0.0526878
9 0.655025 0.557896 0.36643 0.531759 0.0518726
2 0.979179 0.829914 0.0415136 0.268628 0.0505587
9 0.416719 0.556007 0.834973 0.617613 0.0495311
10 0.0168501 0.704107 0.0334707 0.355672 0.0485928
4 0.594812 0.255894 0.0366855 0.0429847 0.0481002
10 0.0348405 0.573677 0.0700527 0.679636 0.0478173
10 0.018317 0.855063 0.0371258 0.0543396 0.0477834
9 0.514657 0.400115 0.0877753 0.207948 0.0476068
10 0.0710751 0.504562 0.142209 0.989424 0.0459895
9 0.732263 0.476283 0.0474788 0.072562 0.0459077
9 0.486698 0.642424 0.231906 0.357645 0.0458806
10 0.0271491 0.606906 0.0544024 0.636831 0.0457981
9 0.587225 0.722909 0.589595 0.551836 0.0447795
10 0.811051 0.426973 0.0643494 0.26385 0.0446311
6 0.965817 0.795871 0.0681086 0.407279 0.044552
10 0.0738498 0.615068 0.148054 0.54457 0.0440657
9 0.496877 0.600844 0.990775 0.794685 0.0439131
10 0.980948 0.0160663 0.0382366 0.0316674 0.0435349
10 0.0686571 0.528812 0.13737 0.790871 0.0432785
9 0.513918 0.36913 0.0809487 0.148178 0.0429661
10 0.073703 0.569623 0.14809 0.686093 0.0424541
6 0.97564 0.0414258 0.0492212 0.0832742 0.0422735
9 0.573294 0.615402 0.592138 0.712963 0.0421589
10 0.0319162 0.814921 0.0631631 0.137149 0.0418986
10 0.0161519 0.861781 0.0326055 0.0370393 0.0418556
10 0.0339253 0.518051 0.0685416 0.965749 0.0417668
10 0.0269424 0.710515 0.0546683 0.577256 0.0415303
10 0.0407422 0.541804 0.0820856 0.916624 0.0411358
10 0.413401 0.441185 0.0808497 0.200062 0.0410843
9 0.702883 0.548567 0.213411 0.230189 0.0406311
9 0.67585 0.50496 0.198099 0.150619 0.0404478
10 0.972548 0.838321 0.0557291 0.245944 0.0403383
9 0.590719 0.746114 0.594391 0.506305 0.0401981
11 0.308858 0.905869 0.615027 0.191791 0.0401098
10 0.437924 0.442011 0.129675 0.222634 0.0399584
9 0.694798 0.500575 0.180587 0.141608 0.0397909
9 0.629987 0.44391 0.323502 0.304996 0.0392869
9 0.731108 0.57075 0.148154 0.271314 0.038748
0 0.754102 0.537048 0.138999 0.221192 0.0387006
0 0.38084 0.471693 0.103871 0.22263 0.0385467
9 0.42394 0.449882 0.183193 0.22988 0.0383439
10 0.0674114 0.513702 0.135295 0.970045 0.037976
9 0.749743 0.493969 0.0935367 0.115225 0.0376229
9 0.626913 0.648118 0.752894 0.704354 0.0374058
9 0.632786 0.384951 0.151831 0.181673 0.037307
10 0.986553 0.828902 0.0270113 0.238369 0.0371912
9 0.594367 0.668321 0.097936 0.169589 0.0369093
10 0.0367532 0.584413 0.0738523 0.738511 0.0368521
9 0.686231 0.594823 0.248621 0.305525 0.0367782
10 0.0133873 0.679811 0.0270096 0.402339 0.0366481
10 0.0319269 0.816412 0.0644707 0.370784 0.0364715
10 0.987075 0.838921 0.0259203 0.234912 0.0364539
9 0.73167 0.493177 0.0624903 0.10978 0.0363896
10 0.0745405 0.715193 0.149986 0.566281 0.0363682
10 0.973951 0.795126 0.0509125 0.282565 0.0357624
10 0.03228 0.51655 0.0657959 0.967929 0.0357022
10 0.974158 0.688414 0.0524162 0.195535 0.0355391
9 0.628441 0.498043 0.74469 0.998769 0.0350907
9 0.520254 0.404963 0.103404 0.219671 0.0350331
0 0.377856 0.484 0.0972115 0.199526 0.0349276
10 0.987532 0.860725 0.0245701 0.225521 0.0348854
4 0.277209 0.449689 0.551347 0.883532 0.0346193
6 0.155138 0.762898 0.179962 0.211255 0.0345832
9 0.671582 0.673473 0.299406 0.311196 0.0344717
10 0.97872 0.895181 0.041276 0.152562 0.0339493
10 0.988303 0.860251 0.023774 0.206335 0.033925
9 0.603965 0.667863 0.127244 0.180369 0.0338515
10 0.973195 0.683031 0.0525043 0.19836 0.0337062
2 0.70253 0.377205 0.0126013 0.0300236 0.0336357
9 0.456178 0.702043 0.250552 0.283739 0.0333229
9 0.895603 0.658601 0.204442 0.680362 0.0328991
10 0.985331 0.935009 0.0295795 0.128757 0.0328225
9 0.629009 0.440508 0.195425 0.25071 0.0326516
10 0.114279 0.521544 0.229168 0.851439 0.0325302
10 0.0797432 0.601041 0.159498 0.792487 0.0323984
11 0.504644 0.838188 0.999096 0.320865 0.0322975
9 0.5348 0.383054 0.117605 0.14367 0.0320527
9 0.50202 0.652201 0.999112 0.707851 0.0320451
10 0.987905 0.884745 0.0249326 0.15187 0.0319122
10 0.988097 0.875341 0.0243532 0.170253 0.0317005
2 0.664473 0.648881 0.024973 0.0469113 0.0315708
0 0.375693 0.508008 0.0895802 0.151366 0.0314911
10 0.853702 0.497284 0.291548 0.999925 0.0312935
10 0.986578 0.885697 0.027561 0.146255 0.0312363
9 0.671416 0.502178 0.164215 0.133142 0.0311789
10 0.975989 0.653419 0.0488724 0.110527 0.0311603
10 0.987446 0.885551 0.025647 0.145474 0.031044
10 0.392441 0.450868 0.103232 0.151914 0.0298408
9 0.551194 0.398783 0.157369 0.202513 0.0294224
9 0.541904 0.675196 0.689616 0.65138 0.0293729
10 0.43455 0.426662 0.0763712 0.136643 0.0292133
10 0.155437 0.524618 0.312331 0.941439 0.0292057
10 0.132279 0.506881 0.264408 0.980248 0.0289738
2 0.958611 0.876066 0.037274 0.14761 0.0288276
9 0.741443 0.4586 0.126643 0.224209 0.0287606
9 0.50772 0.357159 0.0672068 0.11318 0.0286713
10 0.499573 0.635036 0.172915 0.146214 0.0285159
10 0.0176816 0.870146 0.0354365 0.264401 0.02825
10 0.39791 0.513799 0.0531681 0.0959815 0.0278667
10 0.426762 0.457652 0.0696028 0.076844 0.0277735
10 0.156368 0.6928 0.315407 0.618184 0.0275062
9 0.358596 0.454316 0.702244 0.854348 0.0274419
9 0.599356 0.372708 0.0847578 0.15178 0.0271906
10 0.979947 0.951133 0.0369793 0.113205 0.0271123
9 0.213011 0.648103 0.429182 0.702648 0.0264976
9 0.592371 0.688485 0.627948 0.591682 0.0261952
10 0.58435 0.378506 0.081808 0.156073 0.0261168
10 0.969684 0.950613 0.0612499 0.100684 0.0259081
9 0.634336 0.506065 0.715287 0.999074 0.0257886
10 0.020342 0.71218 0.0421572 0.543079 0.0256575
9 0.513366 0.457063 0.106692 0.247125 0.0255902
2 0.957691 0.878964 0.0371058 0.146914 0.025532
9 0.662384 0.392294 0.0869589 0.165104 0.0254058
9 0.664584 0.504765 0.126589 0.117808 0.0252182
10 0.387097 0.716182 0.0888204 0.0813686 0.0249155
2 0.957042 0.873107 0.0289592 0.118514 0.0247618
5 0.13937 0.783748 0.0603917 0.0421473 0.0246777
4 0.496347 0.506308 0.99914 0.985494 0.0244336
2 0.733983 0.561987 0.0624375 0.156269 0.0242105
10 0.255689 0.513132 0.524136 0.967456 0.0241128
10 0.970294 0.971526 0.0592665 0.0616955 0.0240897
10 0.975621 0.881324 0.0484171 0.133144 0.0237764
10 0.511576 0.466016 0.104034 0.229294 0.0235612
9 0.584098 0.49689 0.104875 0.130344 0.0234532
3 0.259722 0.229112 0.529622 0.455299 0.0232894
10 0.553145 0.497067 0.151404 0.198048 0.0232871
10 0.708599 0.61171 0.0943796 0.199713 0.0232598
10 0.114361 0.771104 0.24454 0.447393 0.0231371
2 0.75209 0.547414 0.0817036 0.165036 0.0230916
9 0.603234 0.390673 0.0744308 0.112875 0.023042
10 0.741171 0.530998 0.0712192 0.173504 0.0230061
10 0.706157 0.602711 0.0836238 0.231515 0.0229853
10 0.692572 0.671223 0.0605793 0.126293 0.0229254
2 0.649178 0.691168 0.0759593 0.117773 0.022853
4 0.152417 0.520405 0.309935 0.777328 0.0228075
10 0.507126 0.523029 0.0897939 0.125026 0.0225333
0 0.39249 0.528736 0.120792 0.125368 0.0225332
10 0.433469 0.671818 0.0810243 0.0733417 0.0224608
10 0.497657 0.64013 0.0725876 0.0809087 0.0222025
2 0.757195 0.571746 0.0610076 0.0912849 0.0221023
2 0.954148 0.913156 0.0339043 0.10331 0.0220264
10 0.0150703 0.887723 0.0296758 0.131542 0.0219337
10 0.731544 0.595697 0.115255 0.246278 0.0219332
10 0.448954 0.487553 0.0543326 0.0826438 0.021858
10 0.900642 0.941029 0.136505 0.112322 0.0217115
10 0.602103 0.706395 0.0579706 0.0753535 0.0216334
10 0.0788163 0.508295 0.166494 0.340886 0.0214128
10 0.803004 0.574551 0.0648207 0.170304 0.0214034
10 0.339003 0.895631 0.0623734 0.0879042 0.021378
9 0.424254 0.635824 0.115269 0.162542 0.0211371
2 0.702006 0.38659 0.00984624 0.0230681 0.0210426
10 0.592429 0.678574 0.0981733 0.0931705 0.0209977
10 0.678365 0.388364 0.0648007 0.0882028 0.0209332
3 0.259329 0.233901 0.545662 0.41232 0.0208509
10 0.504619 0.507651 0.0882153 0.131941 0.0207408
10 0.454472 0.515339 0.0956267 0.130313 0.020526
10 0.975076 0.930577 0.0429634 0.0734413 0.0204973
10 0.506167 0.528602 0.110592 0.115809 0.0203291
10 0.955587 0.991095 0.0800216 0.0280848 0.0203157
10 0.970624 0.963686 0.0569924 0.0752897 0.0202201
10 0.596992 0.332668 0.0990632 0.114619 0.020209
2 0.471291 0.53228 0.0470422 0.0912472 0.0202085
10 0.711713 0.630911 0.0861934 0.139453 0.0200584
10 0.81795 0.378075 0.0420557 0.0931702 0.0199388
10 0.5328 0.978425 0.120738 0.0389814 0.0198546
10 0.589155 0.287811 0.0672824 0.084345 0.0197726
10 0.315586 0.947228 0.0627226 0.0826477 0.0195684
0 0.407526 0.933135 0.204013 0.0995239 0.0194948
10 0.697868 0.640235 0.0284724 0.0210017 0.0194606
8 0.633074 0.576446 0.0301699 0.0229539 0.0194104
9 0.466375 0.748092 0.163946 0.17647 0.0193994
10 0.256115 0.116287 0.505371 0.216958 0.0193456
10 0.558838 0.501364 0.180495 0.13581 0.0193427
10 0.414908 0.805157 0.101794 0.0670479 0.0193371
10 0.73862 0.807734 0.0558282 0.0741596 0.0193222
9 0.506004 0.777345 0.437863 0.322153 0.0192315
10 0.437086 0.885611 0.307215 0.247719 0.0191163
10 0.407925 0.943869 0.136855 0.0821298 0.0190304
10 0.492872 0.80909 0.141422 0.0918711 0.0189271
10 0.429307 0.953845 0.12678 0.0736381 0.018896
10 0.482114 0.939623 0.0577776 0.0624781 0.0188457
10 0.683378 0.93249 0.0968876 0.0821783 0.0188295
0 0.397034 0.885066 0.251209 0.152035 0.0187972
10 0.704649 0.694724 0.047427 0.0705096 0.0187853
10 0.497469 0.592929 0.0722676 0.071836 0.0187836
10 0.725236 0.808661 0.079168 0.122724 0.0187399
4 0.498223 0.657235 0.999966 0.963807 0.0187217
10 0.73184 0.521005 0.0314122 0.0318745 0.0186433
10 0.264775 0.091273 0.537989 0.174807 0.0185917
10 0.436215 0.965555 0.105936 0.066871 0.0185738
10 0.687208 0.697211 0.0521118 0.0450347 0.0185542
10 0.42356 0.817378 0.171863 0.0678489 0.0184411
10 0.39669 0.927814 0.204391 0.115849 0.0183809
10 0.566662 0.90634 0.0785949 0.0844218 0.0183721
10 0.488568 0.915549 0.0464348 0.0609788 0.0183576
2 0.517423 0.796598 0.0538153 0.0740068 0.0183026
10 0.646413 0.917998 0.156481 0.103693 0.0182794
10 0.55619 0.803061 0.257128 0.128398 0.0182368
10 0.488649 0.970656 0.131715 0.0613983 0.0182237
10 0.594099 0.78391 0.0648768 0.0987587 0.0182033
10 0.148553 0.748184 0.187032 0.3242 0.0181643
10 0.368943 0.962911 0.173424 0.0529463 0.0181326
10 0.382498 0.85837 0.103975 0.0569425 0.0180966
10 0.719108 0.895601 0.0374692 0.0626921 0.0179788
10 0.434986 0.840967 0.245609 0.0981869 0.0178862
9 0.590385 0.814538 0.624977 0.559371 0.0178771
10 0.559896 0.885797 0.0856137 0.0824139 0.0178245
10 0.54324 0.849835 0.0795634 0.0585814 0.0178126
10 0.503384 0.784023 0.0789939 0.0732772 0.0178012
10 0.683942 0.707117 0.116817 0.083888 0.0177668
4 0.237639 0.449893 0.0584365 0.0943239 0.0176941
10 0.415753 0.96557 0.13944 0.0723896 0.0176459
10 0.587769 0.747209 0.0795278 0.0760133 0.0175888
10 0.627471 0.942828 0.172604 0.0819239 0.0175436
10 0.555848 0.931155 0.23702 0.127893 0.017519
10 0.652012 0.853263 0.169549 0.117715 0.0174505
0 0.497749 0.886392 0.269464 0.148882 0.0174016
0 0.50304 0.768743 0.99983 0.973251 0.0173124
0 0.492123 0.718379 0.991927 0.692526 0.0172668
0 0.501087 0.793855 0.999694 0.996487 0.0170464
10 0.461216 0.834975 0.340748 0.114722 0.0168407
0 0.510661 0.782793 0.999886 0.947622 0.0167945
8 0.342668 0.830442 0.0612269 0.0781373 0.0166978
0 0.526054 0.859047 0.450062 0.210157 0.0165931
10 0.476954 0.912267 0.355281 0.135044 0.0165736
0 0.530476 0.938827 0.426095 0.13921 0.016535
10 0.644687 0.837444 0.109856 0.0910942 0.0165104
10 0.453232 0.931 0.103761 0.0718809 0.016467
10 0.644243 0.872225 0.305279 0.123077 0.0163972
10 0.408078 0.985048 0.210771 0.0373173 0.0163814
6 0.537464 0.974138 0.340756 0.0821869 0.0160829
0 0.472228 0.838594 0.313861 0.187751 0.0160792
10 0.508636 0.948014 0.382527 0.111162 0.015819
10 0.462685 0.9816 0.244866 0.069222 0.0158183
10 0.496419 0.981953 0.356814 0.0518051 0.0157627
11 0.560722 0.93255 0.662417 0.209525 0.0157394
10 0.542024 0.972889 0.310574 0.0826477 0.0156705
0 0.508942 0.818519 0.999951 0.969904 0.015638
6 0.511563 0.894212 0.590065 0.193234 0.0156309
0 0.512932 0.847727 0.999966 0.998894 0.0156218
6 0.537788 0.954865 0.479051 0.0983511 0.0155728
6 0.51162 0.91485 0.481942 0.173677 0.0154601
10 0.520085 0.92586 0.469741 0.159058 0.0152251
6 0.536421 0.968217 0.390264 0.174046 0.0152123
6 0.4969 0.94414 0.47949 0.183525 0.0151413
0 0.517689 0.958074 0.496584 0.18032 0.015134
10 0.570551 0.979197 0.487085 0.0477674 0.0148183
2 0.187273 0.610134 0.184801 0.15001 0.0146356
