9 0.743278 0.470159 0.149552 0.233812 0.844654
9 0.662379 0.438219 0.152326 0.190503 0.792259
4 0.694079 0.311991 0.0335647 0.0329989 0.266894
9 0.680607 0.648955 0.476324 0.358066 0.237273
9 0.629846 0.697189 0.238469 0.239054 0.222107
9 0.680793 0.58456 0.480945 0.484954 0.202429
9 0.60825 0.691324 0.30551 0.253379 0.180554
10 0.957334 0.498297 0.0853607 0.998497 0.165432
9 0.629636 0.673705 0.212584 0.182384 0.151065
9 0.68115 0.691977 0.469383 0.269515 0.136294
1 0.0116997 0.981531 0.0242492 0.0361921 0.128811
9 0.679979 0.557552 0.482417 0.539555 0.110381
4 0.326653 0.753911 0.140545 0.16526 0.0941542
1 0.0120099 0.968122 0.0247971 0.0640655 0.0917974
10 0.967643 0.246586 0.0644533 0.492412 0.0902962
10 0.961578 0.405429 0.0772727 0.794759 0.0895405
10 0.986598 0.500118 0.0270011 0.967054 0.0867149
9 0.603622 0.625488 0.322086 0.38685 0.0817681
9 0.679317 0.696128 0.359795 0.245137 0.0774263
10 0.988007 0.495955 0.0244683 0.951536 0.0767445
4 0.321931 0.742509 0.157162 0.186959 0.0766813
10 0.958018 0.467717 0.0847103 0.905946 0.0764242
10 0.988768 0.497574 0.0231298 0.959001 0.0743312
10 0.90676 0.498732 0.185104 0.999736 0.0731403
10 0.98567 0.277531 0.0281571 0.560858 0.0722176
9 0.685395 0.591803 0.493945 0.663628 0.0690984
9 0.782485 0.526662 0.228642 0.12884 0.0677522
9 0.747637 0.530701 0.153752 0.111094 0.0654498
9 0.685784 0.632586 0.494663 0.65267 0.0647151
10 0.931364 0.49932 0.137265 0.995917 0.0646565
9 0.85612 0.520457 0.105124 0.109643 0.0618306
9 0.719079 0.501347 0.555222 0.989821 0.0617302
1 0.0801358 0.927998 0.159897 0.143957 0.0615354
10 0.988949 0.484993 0.0225903 0.929456 0.0613121
1 0.0121428 0.924981 0.0248379 0.149626 0.0601266
9 0.622217 0.426375 0.0714572 0.148937 0.0583874
9 0.740287 0.471084 0.132884 0.224451 0.0583321
10 0.969499 0.0674773 0.0618174 0.136164 0.0578532
9 0.716398 0.541521 0.401815 0.427556 0.0572189
10 0.989971 0.456373 0.0196861 0.873534 0.0566903
1 0.0750973 0.974268 0.150763 0.0520647 0.0563744
9 0.759045 0.610667 0.322627 0.417443 0.0560648
1 0.0986404 0.972504 0.19791 0.0553197 0.0559801
9 0.687166 0.692807 0.171357 0.193586 0.0555649
9 0.78791 0.60104 0.231812 0.265819 0.0552577
3 0.496353 0.496371 0.999989 0.999984 0.0548813
10 0.986806 0.509194 0.027056 0.930821 0.0545637
10 0.989647 0.456118 0.0201782 0.876094 0.0538301
10 0.880757 0.749704 0.0844204 0.144456 0.0538178
1 0.121649 0.948439 0.243117 0.10253 0.0536405
9 0.619797 0.576563 0.346643 0.484592 0.0535021
1 0.0438981 0.983683 0.0897686 0.0330803 0.053213
10 0.989525 0.185473 0.0217423 0.363811 0.0530542
9 0.618457 0.39985 0.0555534 0.0945962 0.051688
10 0.635045 0.290508 0.0488974 0.148488 0.0513829
10 0.989997 0.383609 0.0194969 0.728865 0.0510894
10 0.979317 0.0479581 0.0420109 0.096598 0.0506077
10 0.920623 0.499737 0.158766 0.989698 0.0505209
9 0.69426 0.433636 0.0944901 0.172947 0.0498603
10 0.89173 0.744817 0.0599165 0.134049 0.0490463
9 0.653199 0.434057 0.130732 0.162822 0.0483502
1 0.0468689 0.926032 0.0939627 0.148703 0.0479551
10 0.989962 0.447838 0.0200811 0.861889 0.0468222
9 0.842085 0.517594 0.0778555 0.100131 0.0467201
0 0.721344 0.703027 0.24424 0.226888 0.0464331
9 0.824027 0.503514 0.0399536 0.0667125 0.0449943
0 0.63227 0.726258 0.334316 0.188965 0.0446641
10 0.992533 0.35575 0.0157934 0.681122 0.0442699
9 0.693656 0.676623 0.0919087 0.147671 0.044244
10 0.963868 0.181254 0.0720009 0.370277 0.0438711
9 0.685588 0.741211 0.499101 0.508432 0.0437397
1 0.041299 0.974288 0.0845327 0.0514967 0.0431402
10 0.985706 0.654071 0.0280638 0.68067 0.0429201
9 0.592506 0.665369 0.130576 0.169898 0.0425452
1 0.0117942 0.985403 0.024293 0.0278473 0.0422932
9 0.677003 0.536574 0.488943 0.580123 0.0421742
1 0.0840532 0.985404 0.16815 0.030303 0.0417802
10 0.985384 0.0989179 0.0300768 0.197208 0.0417043
10 0.988317 0.473426 0.0226538 0.92114 0.041636
9 0.693449 0.434336 0.0875419 0.171117 0.0414038
9 0.558855 0.69781 0.234451 0.246793 0.0411993
4 0.316137 0.729092 0.117205 0.130775 0.0402203
9 0.739065 0.70225 0.361029 0.234343 0.0398469
9 0.68852 0.387722 0.0661825 0.0847003 0.039741
9 0.69537 0.661907 0.0636922 0.114263 0.0391634
1 0.054158 0.879798 0.108187 0.239799 0.0388957
1 0.12195 0.984259 0.244769 0.0329462 0.038661
9 0.620465 0.427799 0.0706655 0.144503 0.0385815
9 0.688123 0.457118 0.150145 0.236069 0.0383467
9 0.725127 0.408775 0.153204 0.21921 0.038187
9 0.729368 0.438561 0.286346 0.292575 0.0375534
10 0.7638 0.675592 0.0408547 0.0770299 0.0371685
4 0.471542 0.529638 0.943863 0.616336 0.0368712
9 0.71953 0.360751 0.130185 0.135593 0.0367925
10 0.98584 0.666547 0.0282719 0.653218 0.0365351
9 0.828902 0.60582 0.184804 0.415758 0.0364266
10 0.894994 0.460024 0.0603096 0.227998 0.0362827
9 0.376516 0.53389 0.741804 0.606281 0.0361047
6 0.702489 0.0776752 0.599172 0.154305 0.0359849
9 0.689989 0.387263 0.0649422 0.0858352 0.0356125
10 0.991896 0.387515 0.016457 0.737385 0.0348075
6 0.496406 0.71935 0.117327 0.211879 0.0347661
9 0.711355 0.480638 0.0807635 0.20109 0.0344312
10 0.96391 0.10721 0.0728506 0.209941 0.0341944
9 0.720791 0.394536 0.111413 0.0966031 0.0340063
10 0.888065 0.518263 0.0525921 0.104742 0.0336269
9 0.638891 0.347526 0.0247467 0.0373859 0.0332281
10 0.761565 0.679354 0.0623126 0.111506 0.0330757
10 0.769169 0.650534 0.0380235 0.0454863 0.0328633
9 0.617329 0.400356 0.0540548 0.0915839 0.0328161
6 0.829367 0.576682 0.136313 0.216841 0.0327553
10 0.986495 0.615236 0.0270615 0.737325 0.0326056
10 0.95531 0.498935 0.0901895 0.995816 0.0326049
9 0.832041 0.564545 0.164231 0.195468 0.0323508
9 0.682988 0.347229 0.0701918 0.106746 0.0323349
9 0.807467 0.629994 0.228282 0.379804 0.0319961
10 0.987221 0.635957 0.0259913 0.67934 0.0316981
9 0.718465 0.535357 0.294365 0.237323 0.0312393
9 0.827124 0.539986 0.158838 0.152755 0.0308221
10 0.833044 0.498085 0.333505 0.996621 0.0308059
10 0.800547 0.0794381 0.399133 0.159811 0.0307323
9 0.707424 0.347707 0.0980521 0.107928 0.0306647
10 0.95351 0.523994 0.0938685 0.999956 0.0305856
10 0.0726621 0.0915459 0.145237 0.152416 0.0305213
10 0.347167 0.0778743 0.698977 0.156872 0.0302566
9 0.659155 0.478557 0.0323773 0.0575801 0.030217
9 0.659857 0.478934 0.0329252 0.0571627 0.0301165
9 0.762534 0.431832 0.0751115 0.149417 0.0300511
9 0.684586 0.369605 0.0712077 0.145833 0.0296562
9 0.696041 0.774709 0.519349 0.452928 0.0292782
9 0.708812 0.40022 0.070411 0.101989 0.0292711
2 0.00596741 0.622509 0.0123958 0.386758 0.0288844
4 0.368185 0.524411 0.723016 0.627473 0.0288511
10 0.986047 0.649943 0.0285514 0.674545 0.0287969
4 0.199404 0.635978 0.399631 0.417723 0.0287644
1 0.188347 0.653334 0.273299 0.37449 0.0287522
10 0.902337 0.455577 0.045791 0.237025 0.0287119
10 0.953974 0.656339 0.0930378 0.688912 0.0285196
9 0.780107 0.540107 0.215699 0.191567 0.0284226
9 0.649578 0.492503 0.512875 0.34569 0.0283854
10 0.62195 0.309344 0.0596317 0.202298 0.0282832
9 0.762254 0.43749 0.0761742 0.151832 0.0281696
4 0.494175 0.494094 0.999974 0.999965 0.0281285
4 0.724392 0.34605 0.112806 0.109801 0.0278528
9 0.707027 0.527913 0.076963 0.108351 0.0274605
10 0.890859 0.414319 0.0732073 0.419682 0.0273629
9 0.557757 0.708904 0.23266 0.228749 0.0273429
10 0.985981 0.811633 0.0286531 0.373996 0.0273329
9 0.7416 0.382635 0.0249691 0.0507206 0.0272795
4 0.199674 0.530903 0.39865 0.634005 0.0271361
9 0.627406 0.39699 0.0844185 0.214621 0.0269772
10 0.225388 0.0783092 0.504785 0.169985 0.0266694
10 0.958383 0.58061 0.0815973 0.944383 0.0266667
9 0.62425 0.469677 0.0904034 0.25099 0.0265705
9 0.659575 0.673679 0.676954 0.633969 0.0264152
2 0.0739688 0.661196 0.148211 0.402216 0.0263392
10 0.96497 0.308183 0.0647751 0.28405 0.0261823
10 0.641128 0.370151 0.0355983 0.0902017 0.0259629
6 0.800888 0.613547 0.169077 0.250775 0.0257782
9 0.742299 0.395123 0.0597761 0.0827217 0.0257354
4 0.291547 0.714564 0.0597178 0.0924746 0.0254798
10 0.986154 0.702309 0.0283066 0.55386 0.0254572
9 0.790766 0.576301 0.250169 0.191585 0.0254274
10 0.986644 0.799098 0.0276212 0.400578 0.0253872
10 0.84029 0.449528 0.329758 0.872545 0.0253846
11 0.555809 0.0432934 0.887164 0.0867973 0.0253439
6 0.956552 0.727517 0.0879482 0.521655 0.0251364
10 0.985126 0.881856 0.0307632 0.232278 0.0251048
10 0.700287 0.314386 0.0140099 0.022338 0.0247653
10 0.693602 0.315079 0.0242608 0.0243288 0.0245311
9 0.663571 0.484415 0.0275882 0.0543142 0.0245069
10 0.256609 0.0778325 0.592234 0.165125 0.0243522
2 0.00674227 0.715405 0.0139872 0.377815 0.0243411
4 0.496098 0.564144 0.973666 0.793455 0.0241344
9 0.802377 0.529735 0.0975285 0.11937 0.0237843
8 0.118321 0.0638802 0.245987 0.129313 0.0235343
2 0.625405 0.795205 0.041724 0.0487222 0.0234557
10 0.694865 0.314451 0.0247517 0.0263832 0.0234154
9 0.712225 0.433413 0.0541462 0.0705967 0.023277
4 0.597817 0.532153 0.7364 0.696936 0.0232012
10 0.79823 0.484681 0.0589021 0.190895 0.0230688
6 0.895955 0.534675 0.0350981 0.0769538 0.0229596
9 0.701776 0.389757 0.0352023 0.0364616 0.0228771
9 0.698802 0.500637 0.042145 0.0505448 0.0227677
1 0.166402 0.530388 0.333436 0.630136 0.022767
9 0.718321 0.496707 0.551919 0.998103 0.0227084
0 0.583014 0.719698 0.128498 0.200331 0.0225066
9 0.720036 0.492569 0.550943 0.999808 0.0224764
10 0.609213 0.426917 0.0229512 0.0397812 0.0223501
4 0.581725 0.0737438 0.843434 0.144216 0.0222717
10 0.778908 0.731459 0.0330517 0.0618095 0.0222682
10 0.616145 0.423576 0.0245006 0.0365489 0.0220834
10 0.962005 0.305722 0.063679 0.176505 0.0220439
10 0.771064 0.750958 0.0199114 0.0311158 0.0220232
10 0.983974 0.919701 0.0324309 0.135657 0.0220206
11 0.390984 0.0477236 0.813079 0.100962 0.0218702
10 0.727735 0.084934 0.547987 0.145278 0.0217509
10 0.986558 0.776942 0.0273487 0.443652 0.0216739
4 0.308573 0.691897 0.441462 0.287979 0.0216265
10 0.782896 0.444268 0.0403761 0.124312 0.0215583
4 0.200474 0.66817 0.401928 0.35759 0.0215115
9 0.750703 0.390453 0.0532388 0.0799296 0.0213677
4 0.285505 0.53444 0.558565 0.591851 0.0213643
4 0.482516 0.485664 0.930005 0.998511 0.0213415
6 0.572971 0.768595 0.116901 0.110728 0.021208
10 0.78454 0.445469 0.0417501 0.128411 0.0211411
2 0.120866 0.653621 0.108575 0.380582 0.0209784
10 0.824434 0.521487 0.0511779 0.110922 0.0208366
10 0.600708 0.0540756 0.804103 0.107288 0.0207914
10 0.780977 0.952129 0.0527236 0.0581678 0.0207831
2 0.116815 0.536985 0.234653 0.639526 0.0206118
0 0.751177 0.693577 0.0351101 0.0787628 0.0204879
6 0.653784 0.969653 0.469637 0.0944054 0.0204845
4 0.270166 0.520842 0.546585 0.628545 0.0200798
9 0.619715 0.695719 0.15809 0.111349 0.0200198
4 0.747918 0.333906 0.144174 0.0914007 0.020008
9 0.594935 0.646155 0.109398 0.137761 0.0199391
10 0.334859 0.0618255 0.352276 0.133108 0.0199253
4 0.598049 0.513836 0.737259 0.974555 0.0199063
2 0.093486 0.681077 0.199198 0.364657 0.0198138
10 0.795601 0.417026 0.0122259 0.033925 0.0195987
0 0.746806 0.711315 0.0315293 0.0460985 0.0193581
4 0.309105 0.616424 0.530073 0.447651 0.0193551
10 0.734318 0.94276 0.147547 0.0736076 0.0193171
10 0.557031 0.937186 0.0821035 0.0942894 0.0191515
10 0.585035 0.900671 0.045456 0.0537447 0.0190079
2 0.80959 0.528149 0.0316941 0.0678211 0.0190034
10 0.725281 0.946567 0.155762 0.0763844 0.0189992
10 0.859878 0.517912 0.044141 0.0924122 0.0189864
0 0.63893 0.804439 0.066189 0.046455 0.0189234
10 0.592934 0.84759 0.0305336 0.0337376 0.0189165
4 0.690551 0.859393 0.474062 0.240085 0.0187816
0 0.703841 0.796318 0.07353 0.049178 0.0187579
0 0.622228 0.856006 0.152734 0.0892342 0.0185322
10 0.794306 0.453486 0.0235673 0.129628 0.0185199
10 0.617077 0.859628 0.0293039 0.0313448 0.0184712
2 0.080366 0.589267 0.167548 0.545288 0.0184425
6 0.843604 0.565992 0.0503069 0.0666783 0.0184296
10 0.495821 0.932928 0.145281 0.0767626 0.0184219
9 0.717905 0.539209 0.564074 0.942497 0.0183377
10 0.348881 0.94461 0.0756323 0.0478725 0.0183224
10 0.790391 0.869254 0.0427903 0.0517959 0.018321
6 0.646568 0.966307 0.421927 0.068742 0.0182698
0 0.478705 0.748967 0.504087 0.157286 0.0180949
10 0.306354 0.056635 0.650399 0.0795544 0.0179444
0 0.700312 0.64152 0.137874 0.11544 0.0178531
10 0.527769 0.970346 0.189522 0.0619862 0.0177561
9 0.716966 0.555771 0.0688353 0.0443184 0.0176545
2 0.100752 0.737283 0.214333 0.422873 0.0176371
10 0.305975 0.742222 0.0796831 0.0946644 0.0176275
6 0.63819 0.943169 0.35809 0.125781 0.0176018
0 0.671604 0.790196 0.113267 0.0611993 0.0175378
0 0.617974 0.796883 0.0551642 0.0384709 0.0174179
10 0.712047 0.607049 0.0447138 0.0583467 0.0173544
10 0.633537 0.923062 0.138501 0.0888683 0.0172721
10 0.61011 0.960866 0.122248 0.0494892 0.0172008
10 0.118892 0.881533 0.249923 0.269536 0.0171183
0 0.731042 0.661346 0.0403488 0.0597728 0.0171126
10 0.56888 0.882731 0.132919 0.0722656 0.0171036
0 0.750397 0.790703 0.100952 0.0561412 0.0170574
6 0.599827 0.791597 0.118729 0.0514341 0.0170533
3 0.497323 0.62466 0.994362 0.958637 0.0170057
10 0.636824 0.0633896 0.527755 0.0435619 0.0169301
6 0.62272 0.965271 0.270494 0.0686424 0.0168809
2 0.643379 0.741802 0.0438772 0.044861 0.0168242
10 0.786239 0.917173 0.157914 0.134474 0.01681
6 0.635004 0.969266 0.313077 0.0685325 0.0167297
10 0.301472 0.122412 0.534136 0.101958 0.0167158
10 0.652063 0.86901 0.025214 0.022397 0.0166838
10 0.906945 0.631903 0.0276369 0.14752 0.0166436
6 0.796191 0.797819 0.0945846 0.0846671 0.0166288
0 0.719806 0.787534 0.0737991 0.0506932 0.0166243
10 0.825926 0.835565 0.0739856 0.112237 0.0165714
4 0.533005 0.815595 0.864591 0.327405 0.0163019
8 0.712707 0.830124 0.0445775 0.0342936 0.0161094
10 0.448194 0.943446 0.133813 0.100032 0.0159414
0 0.708409 0.791427 0.0760594 0.0759259 0.0159191
10 0.597301 0.934064 0.155133 0.0776361 0.0158377
10 0.652727 0.867001 0.140516 0.116591 0.0158319
10 0.838522 0.784856 0.0288994 0.0453278 0.0157871
8 0.676732 0.811457 0.031593 0.0347012 0.0157724
10 0.164052 0.840615 0.196172 0.230267 0.0157216
10 0.541398 0.979583 0.228125 0.0459719 0.0157139
10 0.62327 0.891646 0.227803 0.118919 0.0156463
10 0.750628 0.864377 0.0817617 0.0438344 0.0155585
6 0.650435 0.899069 0.505026 0.175304 0.0155344
6 0.657853 0.983501 0.407623 0.127179 0.015401
10 0.740137 0.222171 0.278988 0.0843623 0.0153126
6 0.612294 0.971809 0.327662 0.0683826 0.0151968
2 0.835159 0.815679 0.0389969 0.0406958 0.0151885
2 0.698693 0.831543 0.0678019 0.073974 0.0151041
8 0.442915 0.865185 0.0659446 0.113476 0.0150927
4 0.64204 0.984139 0.416358 0.136933 0.0150792
11 0.558758 0.915333 0.999226 0.142417 0.014969
8 0.629723 0.982287 0.2317 0.038439 0.0148778
0 0.36581 0.873172 0.653744 0.261649 0.0148667
10 0.207397 0.798407 0.126521 0.168966 0.0147267
11 0.482667 0.812398 0.759961 0.276057 0.0146366
3 0.512897 0.260449 0.874344 0.327851 0.0145356
8 0.437946 0.838978 0.192063 0.097243 0.0143348
