10 0.905241 0.62301 0.0385426 0.187057 0.869864
10 0.360411 0.881338 0.0753634 0.237149 0.837499
10 0.301466 0.883194 0.0784062 0.232409 0.774655
0 0.634946 0.562507 0.0592163 0.142445 0.708631
10 0.909231 0.38013 0.0135057 0.0683314 0.471568
10 0.155964 0.760049 0.0525978 0.162306 0.387882
10 0.32196 0.863389 0.0579428 0.271454 0.345466
10 0.322009 0.821938 0.0508256 0.191163 0.343185
10 0.154945 0.733113 0.0572342 0.187681 0.303374
10 0.496912 0.552336 0.0576614 0.238814 0.282954
10 0.166698 0.753211 0.0345659 0.136244 0.28231
10 0.14676 0.744102 0.0462759 0.209344 0.278421
6 0.0234579 0.96145 0.0475904 0.0781757 0.270357
0 0.733562 0.496324 0.0281351 0.0814967 0.244631
10 0.857743 0.378878 0.0143265 0.0664598 0.243244
10 0.323727 0.782199 0.0454436 0.112167 0.234831
10 0.325115 0.793998 0.0443591 0.13378 0.229503
10 0.163421 0.750935 0.0403042 0.140616 0.222869
6 0.0227998 0.931854 0.0460755 0.137187 0.211882
10 0.509157 0.60405 0.0340434 0.134037 0.210867
10 0.466198 0.590729 0.0394573 0.137503 0.208494
10 0.141507 0.692991 0.0324264 0.113529 0.197568
6 0.0328472 0.92081 0.0660513 0.158989 0.183476
0 0.635327 0.570355 0.0574142 0.127668 0.181326
6 0.0339153 0.937317 0.0688036 0.126499 0.179887
6 0.034035 0.94963 0.068453 0.101864 0.177476
11 0.259859 0.693817 0.0523539 0.179579 0.165512
10 0.151431 0.742717 0.0705704 0.211591 0.153317
7 0.277462 0.256785 0.0205517 0.0431317 0.151599
10 0.508608 0.546446 0.0363859 0.247396 0.150642
10 0.4867 0.59373 0.0763701 0.15558 0.150537
10 0.945448 0.363652 0.0118719 0.0502663 0.139189
7 0.275958 0.256872 0.0253613 0.0458964 0.137248
4 0.949518 0.936027 0.100344 0.104412 0.133428
0 0.648335 0.573701 0.0298244 0.0848005 0.130971
6 0.145345 0.781465 0.0412552 0.1311 0.130498
11 0.26234 0.67253 0.0414981 0.13072 0.127774
0 0.738203 0.495202 0.0194283 0.0722817 0.123641
0 0.636305 0.583955 0.0544632 0.0986043 0.121796
11 0.34855 0.693058 0.0634376 0.097061 0.121451
10 0.152365 0.697844 0.0514164 0.125616 0.121167
6 0.965704 0.680574 0.0252911 0.0893247 0.119658
6 0.0489892 0.958202 0.0989315 0.0843025 0.118218
10 0.156188 0.760217 0.0308653 0.152969 0.115802
10 0.225182 0.617178 0.0456392 0.206425 0.113202
7 0.280139 0.918684 0.0424237 0.107855 0.112113
11 0.406714 0.667957 0.0606477 0.0980575 0.111119
6 0.225506 0.67761 0.0242449 0.0743625 0.110979
10 0.17153 0.763896 0.0242742 0.111897 0.110833
6 0.142294 0.780371 0.039277 0.134337 0.108018
11 0.265543 0.710528 0.0719248 0.214543 0.107153
10 0.847012 0.37575 0.0111551 0.0690815 0.104676
10 0.432087 0.592877 0.0276171 0.119455 0.103154
6 0.0324228 0.962545 0.0663068 0.0757085 0.102256
10 0.955835 0.401226 0.0135767 0.0688667 0.100521
10 0.143119 0.58222 0.0311277 0.0923605 0.100148
7 0.302291 0.277705 0.0198598 0.0271121 0.0963283
7 0.205451 0.0199233 0.0338139 0.040645 0.0948742
2 0.00901475 0.926732 0.0182411 0.141138 0.0932898
10 0.324372 0.862401 0.0522586 0.275014 0.0928819
0 0.635934 0.581931 0.0540115 0.102761 0.0913586
10 0.142867 0.650228 0.0364748 0.220981 0.0910516
6 0.0252037 0.85754 0.0506567 0.284928 0.0908952
3 0.975286 0.662623 0.0494621 0.669876 0.090883
10 0.142829 0.657819 0.0350795 0.18239 0.0886513
10 0.225521 0.598264 0.0382453 0.16074 0.0859493
10 0.509704 0.619198 0.0281092 0.0840518 0.085375
11 0.360037 0.724434 0.0855316 0.157276 0.0844319
7 0.0505834 0.0465131 0.0663371 0.093219 0.0843062
7 0.26744 0.273992 0.0298073 0.03278 0.0842089
10 0.145364 0.617271 0.0390728 0.164816 0.0828372
10 0.257962 0.56363 0.0368604 0.115469 0.0817287
10 0.159514 0.721757 0.0394461 0.0845221 0.0812829
6 0.149986 0.769071 0.0777333 0.169874 0.0811528
6 0.00766374 0.747032 0.0148627 0.0741136 0.0807203
2 0.00845891 0.903749 0.016886 0.0960712 0.0800154
7 0.204518 0.0203751 0.0425439 0.0409881 0.079872
11 0.365889 0.719347 0.135122 0.179425 0.0787105
6 0.22145 0.658696 0.0348045 0.130204 0.0782871
7 0.298885 0.278277 0.0278628 0.032825 0.0776949
7 0.300564 0.272688 0.0251934 0.0401407 0.0772856
10 0.143488 0.743998 0.0484413 0.199477 0.0772168
7 0.205062 0.282825 0.0226146 0.0316402 0.0756876
3 0.981991 0.41843 0.034742 0.170891 0.0750376
6 0.177794 0.656428 0.0321956 0.118537 0.0742711
10 0.941445 0.36292 0.00946255 0.047572 0.0741287
6 0.402608 0.690897 0.0316014 0.0513277 0.0730143
10 0.955086 0.399761 0.012417 0.0653456 0.0727429
10 0.340912 0.861905 0.112745 0.275153 0.0724907
10 0.320062 0.820398 0.0555234 0.187006 0.0711039
7 0.9685 0.681345 0.0178413 0.0809435 0.0710244
6 0.407394 0.628615 0.0629176 0.175627 0.0704158
6 0.18156 0.672257 0.0230759 0.0727466 0.0700061
6 0.41734 0.592171 0.0458445 0.118227 0.0699143
6 0.385663 0.741564 0.0346488 0.129344 0.0689053
10 0.327996 0.777685 0.0372067 0.101018 0.0688893
11 0.262446 0.644071 0.0325813 0.0556481 0.0687811
6 0.189125 0.644327 0.0451291 0.11923 0.0680944
7 0.386156 0.705615 0.0284925 0.0559294 0.066847
10 0.315301 0.807569 0.0427498 0.0887407 0.0666638
4 0.236765 0.275306 0.0484537 0.0418516 0.0660314
10 0.171776 0.646247 0.0258603 0.103683 0.0654536
4 0.879329 0.351279 0.0376633 0.042387 0.0649268
6 0.0215647 0.838395 0.0436117 0.326202 0.0643278
10 0.280854 0.891932 0.0482117 0.167464 0.0633871
10 0.917167 0.333573 0.0125364 0.0292604 0.0631149
6 0.152626 0.785082 0.0425641 0.122206 0.0629413
4 0.951262 0.786359 0.0973431 0.407543 0.0627993
0 0.647424 0.5898 0.0198811 0.0474717 0.0610996
10 0.321967 0.880283 0.0590438 0.235494 0.0609682
6 0.0151064 0.986151 0.0300496 0.0280497 0.0607753
2 0.0112891 0.905713 0.0224297 0.0823616 0.0605318
10 0.142774 0.638896 0.0292759 0.0823092 0.0605142
7 0.257038 0.275929 0.0250704 0.0320078 0.0594263
10 0.292653 0.663719 0.0437775 0.115796 0.0593033
10 0.982477 0.332975 0.0140882 0.0306769 0.0587735
6 0.00759574 0.708469 0.0150528 0.156245 0.05867
3 0.0189814 0.738521 0.0376567 0.525498 0.0583977
10 0.401881 0.486714 0.0165369 0.0498643 0.0580359
11 0.269301 0.70332 0.027961 0.0630572 0.0575084
6 0.0105856 0.851406 0.0228033 0.289553 0.0574282
3 0.981567 0.512406 0.03612 0.365798 0.0567138
6 0.640086 0.507034 0.0254635 0.0861229 0.056602
6 0.98303 0.786228 0.0337414 0.394901 0.0562214
10 0.165808 0.718156 0.0265177 0.068619 0.0560766
10 0.467295 0.470745 0.0194391 0.0441827 0.0558782
4 0.922478 0.364932 0.0279842 0.0358654 0.0558187
10 0.168522 0.56842 0.0328089 0.0827526 0.054827
6 0.182808 0.681215 0.0197823 0.0585692 0.0542819
10 0.309525 0.804072 0.0725888 0.176662 0.0535983
10 0.253605 0.529236 0.0191288 0.0517286 0.0531861
4 0.880353 0.352008 0.0433273 0.0461474 0.0523965
2 0.433267 0.478226 0.0223712 0.0502066 0.052175
6 0.128064 0.801248 0.0306396 0.100885 0.0521342
10 0.14359 0.680061 0.0237739 0.0753206 0.0518418
6 0.00971142 0.851737 0.0211304 0.291378 0.0517911
10 0.910361 0.582201 0.0266157 0.103433 0.0517013
10 0.630695 0.499783 0.0413401 0.140215 0.0515047
10 0.230853 0.537343 0.0220553 0.0410361 0.0513925
6 0.222838 0.688622 0.0249825 0.0825101 0.0513279
10 0.624235 0.475638 0.0232801 0.0934769 0.0511461
10 0.172398 0.641327 0.0171578 0.0809117 0.0505487
10 0.282584 0.88075 0.0486981 0.188803 0.0503508
10 0.157466 0.766268 0.0279812 0.12108 0.0489569
10 0.417172 0.482982 0.0188406 0.0506016 0.0488818
6 0.17308 0.7773 0.0230097 0.0861852 0.0486031
10 0.907896 0.333532 0.0124598 0.0299068 0.0483682
2 0.448925 0.474101 0.0190992 0.0474644 0.0481756
7 0.268325 0.262349 0.0439119 0.0559883 0.0476871
10 0.431823 0.568089 0.0176397 0.0673391 0.0474953
11 0.361057 0.679754 0.0434013 0.0723867 0.0474336
6 0.223353 0.657938 0.0339445 0.150386 0.0470892
10 0.119664 0.721441 0.0228099 0.089716 0.0470579
6 0.504309 0.566392 0.0181818 0.0551378 0.0470313
6 0.0134042 0.969064 0.0265286 0.06346 0.0468311
0 0.857047 0.391802 0.0115231 0.0389003 0.0466099
7 0.118713 0.698353 0.0165191 0.0336342 0.0465088
10 0.952798 0.366964 0.00947113 0.0555541 0.0464423
6 0.0208451 0.683821 0.0379518 0.186459 0.0463995
4 0.89021 0.356796 0.0231924 0.0364592 0.0463281
6 0.00642208 0.686036 0.0129581 0.1921 0.0457358
10 0.413776 0.484412 0.0160505 0.0492359 0.0453285
6 0.964575 0.718769 0.029476 0.179109 0.0450817
6 0.227811 0.70439 0.0295839 0.13291 0.0449089
10 0.2088 0.557342 0.034438 0.111548 0.0448186
6 0.968581 0.662584 0.0421124 0.139553 0.0448089
3 0.979826 0.656453 0.0402987 0.645987 0.0445574
7 0.278865 0.276563 0.0631945 0.0390472 0.0442539
6 0.0231986 0.960582 0.0443413 0.0749952 0.0440681
11 0.181082 0.614 0.100704 0.200221 0.0434253
10 0.614521 0.541812 0.0343795 0.166167 0.0433953
10 0.181015 0.566856 0.0465806 0.0923543 0.0433094
6 0.273396 0.714338 0.0219523 0.0375109 0.043219
10 0.354783 0.879642 0.0859403 0.234991 0.043191
11 0.258721 0.641324 0.0425232 0.0698195 0.0426347
10 0.135039 0.598221 0.0161502 0.0904111 0.0425415
10 0.324655 0.880258 0.0382783 0.241457 0.0424416
10 0.17235 0.737351 0.0242746 0.0627165 0.0422411
6 0.129823 0.70815 0.0315563 0.0848993 0.0419741
7 0.292579 0.278149 0.0311996 0.0327932 0.0418761
10 0.904238 0.378675 0.00765896 0.056581 0.0416521
3 0.910179 0.348193 0.0569115 0.062319 0.0408701
4 0.236859 0.276447 0.0948758 0.0482839 0.0407577
10 0.879584 0.334374 0.0131178 0.0232562 0.0407519
2 0.512605 0.463395 0.0236448 0.0844407 0.0406172
10 0.366315 0.836301 0.0720558 0.104658 0.0405687
10 0.117342 0.754767 0.0385038 0.18141 0.04004
6 0.640109 0.52948 0.0332284 0.137921 0.0397679
7 0.171427 0.285645 0.0268774 0.0368089 0.0397517
10 0.273139 0.762281 0.0262756 0.0465253 0.0395751
10 0.413478 0.650972 0.0508215 0.13756 0.0394547
6 0.429827 0.623897 0.0227239 0.0607605 0.038861
10 0.231072 0.530628 0.0222171 0.0534605 0.038794
10 0.854768 0.385966 0.00921383 0.0490857 0.0387311
7 0.265014 0.275318 0.0217296 0.0266783 0.0379952
0 0.908715 0.394699 0.0115616 0.0369711 0.0376842
10 0.282491 0.891482 0.048382 0.163494 0.0374949
6 0.0183835 0.817624 0.0382763 0.38345 0.0374765
10 0.25707 0.538162 0.0214853 0.0545665 0.0372867
6 0.0110036 0.991199 0.0213513 0.0145807 0.0371653
7 0.276847 0.276238 0.0658401 0.0414331 0.0371591
10 0.297014 0.655917 0.0215381 0.0644161 0.0371148
6 0.302965 0.941649 0.0962734 0.114439 0.0370103
10 0.13599 0.574401 0.018303 0.0651561 0.0369824
11 0.367841 0.750013 0.0720212 0.133918 0.0368522
10 0.141148 0.660605 0.0245195 0.0504017 0.0367362
0 0.649591 0.584723 0.0290327 0.07766 0.0367319
10 0.983337 0.720349 0.0333817 0.508273 0.0363539
6 0.985375 0.800362 0.0296137 0.384249 0.0362036
7 0.266636 0.248867 0.0182961 0.0321919 0.0361905
7 0.284544 0.273859 0.0191415 0.0308819 0.0358632
10 0.201019 0.520546 0.0177044 0.0355836 0.0357453
10 0.242106 0.530004 0.0205118 0.0530916 0.0355745
10 0.213527 0.55751 0.0546374 0.116458 0.0355731
6 0.248706 0.587635 0.0195916 0.0665915 0.0354579
10 0.86004 0.372072 0.00944767 0.0436247 0.0350872
7 0.300008 0.284805 0.0273253 0.0248418 0.0350037
6 0.00805813 0.786028 0.0159287 0.153536 0.0346978
10 0.361165 0.898901 0.067029 0.190247 0.0344786
10 0.989741 0.361079 0.0217241 0.0710803 0.0343967
6 0.958626 0.681078 0.0224159 0.0771336 0.0343793
10 0.17192 0.619511 0.0179236 0.0487727 0.0342651
6 0.16353 0.77655 0.025633 0.103281 0.034226
3 0.97943 0.411587 0.0279787 0.0577732 0.0341739
4 0.880912 0.338414 0.0190504 0.0225612 0.0332821
10 0.333974 0.80563 0.0188732 0.0670998 0.0331074
10 0.988753 0.542188 0.0223091 0.362895 0.03282
10 0.362001 0.80298 0.0507367 0.0894463 0.0326799
4 0.977668 0.416099 0.0235518 0.048441 0.0323995
10 0.273546 0.764337 0.0292253 0.0516237 0.0323824
0 0.72278 0.501701 0.0108572 0.0801494 0.0322322
4 0.884154 0.356432 0.0154177 0.0346923 0.0320982
10 0.2767 0.884 0.0470771 0.185366 0.032028
4 0.987939 0.342141 0.0232187 0.0566609 0.0319327
10 0.240996 0.540028 0.0132985 0.0356991 0.0316475
6 0.263861 0.649122 0.0270393 0.049999 0.0314955
10 0.154039 0.746783 0.0282441 0.0605376 0.0314614
4 0.901004 0.350593 0.0809095 0.0542441 0.0311168
0 0.630013 0.54574 0.0682329 0.182254 0.0298816
6 0.146435 0.698923 0.0204234 0.0588148 0.0297536
10 0.20995 0.525701 0.0140312 0.0319805 0.0296754
10 0.150874 0.737455 0.0225829 0.057835 0.0296568
10 0.370029 0.775454 0.0672018 0.132876 0.0296123
7 0.227941 0.276893 0.0274164 0.0291957 0.0293928
6 0.175311 0.778311 0.0183523 0.0900039 0.0291856
7 0.00899795 0.953346 0.0145374 0.0617513 0.0290638
10 0.310602 0.75282 0.0237785 0.0530977 0.0286155
10 0.355489 0.807851 0.0310951 0.0894638 0.0280072
10 0.342033 0.853331 0.0274835 0.0657408 0.0280023
6 0.174661 0.790075 0.0196879 0.0801531 0.0279227
6 0.229963 0.717534 0.0191695 0.0461094 0.0276601
10 0.137193 0.613377 0.0156951 0.0690989 0.027077
6 0.303964 0.955223 0.095915 0.0901883 0.0269546
6 0.33361 0.954469 0.230616 0.0910131 0.0266944
6 0.271317 0.685723 0.0183723 0.0398411 0.0261612
10 0.324218 0.937424 0.0488712 0.125996 0.0260973
10 0.172779 0.626591 0.014223 0.0424939 0.026052
10 0.291149 0.932885 0.0683794 0.131436 0.025984
10 0.363772 0.831062 0.0214923 0.036113 0.0259058
10 0.90832 0.361823 0.00868835 0.0308358 0.0255032
10 0.47014 0.718193 0.101972 0.177779 0.0253429
0 0.564656 0.555901 0.23003 0.216677 0.024998
10 0.989276 0.855989 0.0229227 0.169058 0.0244055
3 0.371433 0.566036 0.646474 0.600298 0.0241282
3 0.987303 0.217743 0.0254404 0.434749 0.0239874
3 0.979593 0.574068 0.03997 0.33415 0.0235376
10 0.368813 0.786993 0.0532155 0.112625 0.0235011
10 0.327633 0.967192 0.0365896 0.0766335 0.0233403
6 0.949712 0.940565 0.096768 0.106454 0.0233348
10 0.148347 0.620621 0.0194347 0.0542805 0.0228769
6 0.742178 0.53164 0.0113907 0.037855 0.0227273
10 0.987444 0.119797 0.0231472 0.186004 0.022312
10 0.381213 0.918433 0.0311797 0.0286972 0.0219749
6 0.436198 0.648999 0.0136638 0.02735 0.0218551
10 0.500933 0.758428 0.0488835 0.106118 0.0218251
10 0.329036 0.934468 0.0254793 0.09344 0.0213491
10 0.240243 0.535675 0.0160651 0.019804 0.0212505
10 0.329388 0.979087 0.0451242 0.0532347 0.0209743
10 0.267865 0.904458 0.0359164 0.0746056 0.0209741
10 0.361343 0.960193 0.0390465 0.0588037 0.0209259
10 0.327893 0.867103 0.0362256 0.078393 0.0203004
10 0.273225 0.937839 0.0434648 0.0881774 0.0202918
7 0.289256 0.307925 0.0111714 0.0169143 0.0202571
6 0.738929 0.526514 0.0112091 0.0421324 0.0202009
6 0.23752 0.822485 0.0212913 0.0457245 0.0193892
10 0.0976219 0.9388 0.0300224 0.0628496 0.0191986
10 0.277838 0.344093 0.0196227 0.026616 0.018994
10 0.330537 0.948975 0.0313411 0.0706742 0.0189188
10 0.218202 0.593961 0.0201769 0.0223317 0.0186457
10 0.522187 0.880183 0.035638 0.0537465 0.0185688
10 0.487132 0.861389 0.0346616 0.0858946 0.0183761
10 0.413499 0.86358 0.0460643 0.056547 0.0180585
10 0.507612 0.710156 0.024413 0.0601425 0.0179395
10 0.564808 0.802133 0.0229218 0.0406646 0.0174377
10 0.522309 0.82597 0.0275458 0.0434859 0.0171156
10 0.273145 0.972124 0.0489742 0.0539933 0.0170315
10 0.756902 0.892861 0.0189579 0.0317908 0.0163286
10 0.249205 0.4454 0.0206439 0.0163895 0.0154446
11 0.599838 0.963481 0.100422 0.0527571 0.0152967
10 0.254036 0.490877 0.0115756 0.0199249 0.0151352
