4 0.320011 0.258232 0.103741 0.0723122 0.893667
4 0.458711 0.237297 0.0487073 0.0515114 0.828046
4 0.417711 0.241835 0.0396616 0.0466511 0.561318
4 0.517342 0.225366 0.0578127 0.0490037 0.399952
11 0.0439077 0.946866 0.0879951 0.101245 0.221148
6 0.803968 0.38698 0.0494387 0.114945 0.1459
11 0.113896 0.693555 0.102678 0.0944157 0.144489
10 0.278249 0.218912 0.0226299 0.0378906 0.136547
11 0.0937024 0.948849 0.186894 0.0988802 0.135402
6 0.0830995 0.597696 0.166622 0.715177 0.134159
11 0.10583 0.757154 0.12135 0.272659 0.130426
11 0.122185 0.944945 0.245371 0.103638 0.129029
11 0.130784 0.923776 0.261686 0.147914 0.124876
11 0.111051 0.779506 0.104688 0.22286 0.122603
11 0.951085 0.482427 0.0979977 0.112357 0.121867
11 0.0484185 0.896596 0.0965321 0.201997 0.121648
4 0.255702 0.21954 0.0328505 0.0332246 0.118733
6 0.959718 0.321892 0.0793194 0.283693 0.116929
10 0.273493 0.218134 0.0128535 0.036912 0.115563
11 0.154047 0.94638 0.310091 0.100403 0.114296
11 0.0650974 0.906168 0.130449 0.179016 0.111952
6 0.0424968 0.821217 0.0840534 0.352026 0.105793
6 0.0838178 0.776119 0.164936 0.284002 0.104562
6 0.0790782 0.819461 0.157498 0.349176 0.102986
11 0.0644971 0.938323 0.128412 0.118578 0.0952373
0 0.0894416 0.58036 0.178891 0.670899 0.0931393
6 0.0402855 0.634702 0.0798282 0.715759 0.0920979
6 0.0851581 0.711796 0.167192 0.41648 0.0907989
6 0.0779906 0.597299 0.154598 0.644047 0.0906691
1 0.4426 0.555461 0.0780029 0.0705834 0.090638
6 0.0439686 0.905354 0.0877613 0.18192 0.0882842
4 0.0698022 0.451279 0.139088 0.32399 0.0875282
11 0.221436 0.937068 0.443484 0.116203 0.0873126
4 0.0813706 0.502803 0.160969 0.443308 0.086415
10 0.0916462 0.793123 0.0694251 0.181733 0.0844219
4 0.767914 0.316166 0.0944552 0.111272 0.0808981
4 0.336778 0.208966 0.0264875 0.0396538 0.0799797
4 0.336043 0.207766 0.0292998 0.0401405 0.0764461
11 0.111757 0.714336 0.102781 0.130152 0.0753177
4 0.508125 0.232748 0.0308268 0.0340515 0.075232
11 0.12898 0.950236 0.25914 0.0952134 0.0750219
11 0.0664872 0.89221 0.133133 0.209659 0.0735167
6 0.0840241 0.765471 0.166166 0.453777 0.0735101
11 0.0757471 0.927014 0.154101 0.142696 0.072099
11 0.305887 0.949509 0.609389 0.0938484 0.0711786
6 0.0133926 0.889427 0.0274269 0.219067 0.0699686
6 0.0104397 0.750648 0.0208348 0.485903 0.0698382
11 0.951829 0.44226 0.0975997 0.198502 0.0697288
11 0.110715 0.740709 0.100056 0.173301 0.0693833
10 0.084828 0.745668 0.080915 0.295932 0.0693488
2 0.0840236 0.66655 0.0324645 0.105556 0.0672777
6 0.136681 0.595811 0.2744 0.784584 0.0665006
6 0.986779 0.32475 0.0274914 0.266465 0.0661707
6 0.958068 0.277779 0.083675 0.398355 0.065701
7 0.119003 0.677452 0.0380868 0.0508409 0.0647961
11 0.793478 0.432334 0.142414 0.0751741 0.0626252
11 0.466339 0.957299 0.933135 0.0760477 0.0618102
10 0.0706645 0.73298 0.0684232 0.275903 0.0615622
10 0.284886 0.220359 0.0130072 0.0296929 0.0604405
11 0.114723 0.715599 0.0992506 0.0819873 0.0595784
11 0.148245 0.783875 0.295616 0.421127 0.0595264
11 0.182754 0.956867 0.369211 0.0793852 0.0593249
6 0.00920521 0.864695 0.019821 0.26427 0.0590989
6 0.952647 0.400803 0.0948273 0.442268 0.0583858
10 0.235649 0.261381 0.0209663 0.119564 0.0582368
4 0.109594 0.454817 0.219424 0.448493 0.0581735
6 0.960946 0.247729 0.0770472 0.13007 0.0579357
4 0.538645 0.225781 0.0270011 0.0396998 0.0577662
10 0.388865 0.220125 0.0210304 0.0531706 0.0572904
11 0.30326 0.924291 0.606188 0.140125 0.0568219
4 0.53891 0.222046 0.0260555 0.0372846 0.0566286
4 0.195483 0.256886 0.0238362 0.0638376 0.0552753
4 0.214572 0.262782 0.0598293 0.0970942 0.0547819
4 0.264488 0.223537 0.0612033 0.0401672 0.0545194
6 0.0314804 0.900915 0.0656746 0.196005 0.0535997
2 0.112879 0.645798 0.0422057 0.104885 0.0535308
7 0.0835713 0.661083 0.0266143 0.0799151 0.0526454
10 0.30642 0.238987 0.0190927 0.0181703 0.0525829
10 0.286087 0.221423 0.0120836 0.028791 0.0525743
4 0.440114 0.237946 0.0886453 0.057735 0.0521194
10 0.490801 0.223227 0.0179605 0.048937 0.0514871
6 0.0319432 0.6345 0.0647075 0.718801 0.051405
6 0.0954001 0.824197 0.148229 0.344106 0.0513367
10 0.0578013 0.717128 0.039493 0.234859 0.049114
6 0.0708038 0.836885 0.142304 0.193449 0.0489931
4 0.458138 0.237032 0.0480934 0.0526406 0.0489544
6 0.0570808 0.806711 0.113894 0.236993 0.048794
6 0.129304 0.767534 0.0695904 0.184531 0.0487694
3 0.495726 0.519127 0.999976 0.942448 0.0487263
11 0.202736 0.832137 0.406047 0.321348 0.0487255
4 0.0634635 0.558217 0.126559 0.466481 0.0483901
10 0.544067 0.218497 0.0182951 0.046941 0.0482193
4 0.50113 0.222854 0.0259019 0.0478015 0.0480987
6 0.961141 0.264177 0.0775461 0.174011 0.0479787
10 0.0960276 0.74345 0.0728053 0.227254 0.0479089
10 0.0852558 0.776232 0.0547043 0.164831 0.0473242
11 0.820234 0.420817 0.0897179 0.0581218 0.0472602
2 0.105883 0.753252 0.0278849 0.0906829 0.0472384
11 0.793657 0.43336 0.143734 0.0892015 0.0468706
11 0.949256 0.539809 0.102524 0.286778 0.0467391
7 0.892198 0.539408 0.0434633 0.089053 0.0466679
4 0.25533 0.22469 0.0380492 0.0438888 0.0464882
6 0.115434 0.749575 0.230124 0.518742 0.0464062
4 0.50786 0.239681 0.026788 0.0228842 0.0463772
4 0.112729 0.549914 0.225011 0.680213 0.0459719
6 0.107114 0.72916 0.121839 0.326707 0.0456285
10 0.800624 0.369138 0.0386992 0.0747021 0.044907
4 0.319265 0.257776 0.104927 0.0751527 0.0447101
4 0.112708 0.350002 0.227509 0.287391 0.0446369
7 0.117463 0.668983 0.0359944 0.0623244 0.0445277
4 0.386652 0.20245 0.0211854 0.0205818 0.04364
11 0.0163391 0.950843 0.0320951 0.0964947 0.0436234
1 0.448639 0.921405 0.893041 0.144874 0.0433052
10 0.474124 0.219156 0.0192429 0.0432008 0.04307
6 0.0328689 0.784763 0.0667268 0.43059 0.0429096
10 0.479618 0.223104 0.0201834 0.0520301 0.0426584
3 0.129025 0.574327 0.258554 0.723988 0.0425077
4 0.661448 0.286009 0.0541915 0.0584921 0.0423169
11 0.0535829 0.985901 0.1074 0.0261463 0.0419135
2 0.0996877 0.773088 0.0335616 0.128038 0.0413982
2 0.084757 0.693688 0.0424484 0.139673 0.0412054
2 0.148556 0.531415 0.0220706 0.0779705 0.0407322
2 0.0557385 0.674625 0.0358306 0.136097 0.0403915
7 0.0833303 0.665879 0.024521 0.068815 0.0402155
4 0.335696 0.217095 0.0253343 0.0300826 0.0401795
6 0.0349451 0.663476 0.0705772 0.569775 0.0401688
6 0.984112 0.252997 0.0326305 0.142851 0.0401562
3 0.139389 0.576069 0.279776 0.724452 0.0400688
11 0.0671123 0.938151 0.143997 0.11575 0.0400436
2 0.0727147 0.656549 0.05207 0.155762 0.0398677
6 0.971119 0.386479 0.0556516 0.145084 0.0397504
6 0.961179 0.418227 0.0785407 0.465683 0.0396331
6 0.0583561 0.847686 0.117429 0.18781 0.0392195
11 0.959735 0.212992 0.0766113 0.0521761 0.0390284
4 0.513171 0.208722 0.0333179 0.0276137 0.0389556
4 0.272309 0.225505 0.0116205 0.0253425 0.0377946
6 0.110449 0.656691 0.0837305 0.122957 0.0377504
10 0.791547 0.355886 0.0200094 0.0413711 0.0377461
10 0.0978799 0.791385 0.0412668 0.166751 0.0376397
4 0.426923 0.243016 0.0251582 0.0476255 0.0374735
6 0.0378505 0.757648 0.0747964 0.317402 0.0370637
11 0.0551663 0.98254 0.109271 0.0346268 0.0370288
11 0.953698 0.472812 0.092691 0.0754398 0.0369665
4 0.143457 0.441583 0.293277 0.466316 0.0369264
4 0.538185 0.221311 0.0319231 0.0473679 0.0365968
10 0.469795 0.211148 0.0183097 0.0287912 0.0362991
2 0.131987 0.668173 0.0275392 0.0543864 0.0360813
7 0.810556 0.358713 0.0315757 0.0516231 0.0358789
11 0.0294145 0.953763 0.0655952 0.0996793 0.035613
10 0.38945 0.221065 0.026918 0.0555451 0.035605
10 0.0830762 0.783766 0.0442532 0.131115 0.0352373
10 0.191407 0.345564 0.0444137 0.198101 0.0347315
11 0.988476 0.424146 0.0228909 0.0736318 0.0346661
4 0.530279 0.229517 0.0222164 0.0352818 0.0342487
4 0.505143 0.206947 0.0217582 0.0281789 0.0340487
2 0.763383 0.779675 0.0387435 0.100786 0.0340155
11 0.815097 0.429778 0.108213 0.0796731 0.0337916
4 0.523694 0.21809 0.0178537 0.0266228 0.0335876
4 0.536501 0.253924 0.583523 0.105343 0.0335506
11 0.89429 0.50972 0.209718 0.283678 0.0335107
11 0.0370305 0.979679 0.0748434 0.0378667 0.0333587
6 0.0698844 0.59727 0.138373 0.181937 0.0332535
11 0.110423 0.704383 0.0905969 0.0688048 0.0331743
10 0.0219524 0.602471 0.0442033 0.627613 0.0331313
4 0.195609 0.265491 0.0176623 0.0395107 0.0328314
10 0.156029 0.608367 0.0570269 0.178315 0.0328125
4 0.195805 0.239634 0.0195573 0.0293588 0.0327095
2 0.131149 0.676159 0.0221657 0.0434252 0.0327051
10 0.910035 0.240515 0.182422 0.426805 0.0326913
2 0.110385 0.651025 0.0292231 0.0953382 0.0326399
4 0.482216 0.255224 0.364994 0.0870509 0.0325019
10 0.928261 0.251779 0.14542 0.447026 0.032348
10 0.235146 0.23042 0.0111735 0.0546594 0.0321127
2 0.133906 0.654617 0.0311646 0.0790747 0.0321067
10 0.49076 0.234192 0.0122765 0.04017 0.0317468
11 0.387822 0.900919 0.773068 0.184675 0.0317173
11 0.00802342 0.969367 0.0170415 0.0580219 0.0316851
6 0.0129547 0.931869 0.0252963 0.13429 0.0315879
11 0.0297461 0.957491 0.0598799 0.0751362 0.0315034
2 0.0962186 0.658388 0.0239944 0.0777076 0.0314011
10 0.396586 0.228463 0.0151328 0.0389179 0.0314003
11 0.102457 0.697595 0.072378 0.0362284 0.0313493
1 0.501158 0.620149 0.999164 0.738549 0.0312765
2 0.0923716 0.653249 0.0231347 0.0751386 0.0311354
4 0.437272 0.236064 0.0900948 0.0647577 0.0310966
2 0.11422 0.780737 0.0262589 0.0624812 0.0310098
6 0.149964 0.805385 0.301998 0.420259 0.0309649
2 0.0726198 0.636423 0.0156257 0.063834 0.0309412
4 0.406117 0.241233 0.020022 0.0447069 0.0308583
4 0.0451392 0.423355 0.0919153 0.230735 0.0305943
10 0.742043 0.249025 0.0276652 0.0693913 0.0305912
6 0.135931 0.705809 0.0618813 0.104271 0.0304883
11 0.0867987 0.983262 0.177985 0.0642544 0.0302588
7 0.0852856 0.698322 0.0346023 0.0651866 0.0301098
6 0.0503531 0.935934 0.0982956 0.130848 0.029723
2 0.105473 0.67249 0.0255987 0.0617751 0.0296397
10 0.210895 0.386412 0.0361111 0.115934 0.0296248
2 0.146399 0.67845 0.0420716 0.0563691 0.0295955
4 0.136018 0.358129 0.27295 0.242674 0.0293917
2 0.100617 0.689621 0.0293485 0.121639 0.0292952
10 0.286172 0.22892 0.0166173 0.0283432 0.0290528
11 0.0336238 0.983868 0.0685549 0.023066 0.0287832
4 0.567793 0.235668 0.0192416 0.0356147 0.0284444
6 0.120822 0.769287 0.0426395 0.0809831 0.0282123
4 0.438484 0.225655 0.0865479 0.0840607 0.028138
7 0.0990871 0.676125 0.019352 0.0506212 0.0278376
4 0.503853 0.228462 0.0370525 0.0443027 0.0278075
4 0.098039 0.578517 0.183402 0.359531 0.0276314
6 0.0254454 0.804258 0.0396836 0.141089 0.0275601
11 0.0351753 0.978864 0.0707135 0.0373558 0.0274233
4 0.527411 0.207071 0.0234386 0.0294146 0.0272981
10 0.299138 0.727818 0.409055 0.529674 0.0272625
10 0.438441 0.237971 0.0154024 0.0524522 0.0272316
10 0.310895 0.236279 0.0337079 0.024894 0.0270333
10 0.299915 0.761291 0.429332 0.464725 0.0269617
1 0.211543 0.600701 0.427113 0.782924 0.0269395
6 0.137551 0.769801 0.0632463 0.220496 0.0268668
2 0.147004 0.525677 0.0158809 0.0641635 0.0264327
4 0.407526 0.233745 0.0232553 0.0496527 0.0263456
2 0.131717 0.685308 0.0182821 0.0399095 0.0260653
10 0.177626 0.613656 0.251529 0.758513 0.0260221
4 0.0360441 0.352024 0.0741075 0.185558 0.0258966
4 0.396514 0.23882 0.0531055 0.0515003 0.0258661
6 0.991563 0.483739 0.0183083 0.149599 0.0258354
4 0.413711 0.205624 0.0411296 0.0375252 0.0257922
11 0.883169 0.676924 0.238787 0.620198 0.0254594
10 0.220119 0.662373 0.316113 0.662161 0.025308
2 0.11488 0.657773 0.0212302 0.0633825 0.0252635
3 0.49199 0.563108 0.999988 0.84219 0.0251418
10 0.276429 0.621166 0.428195 0.743906 0.0244173
11 0.98348 0.456994 0.0330166 0.0437102 0.0244102
10 0.205553 0.397212 0.0219271 0.0951416 0.0242415
2 0.123858 0.748286 0.0249818 0.0288701 0.0241319
6 0.963865 0.269309 0.0455799 0.115461 0.0241246
1 0.417571 0.837686 0.829353 0.308344 0.0240981
10 0.455756 0.207186 0.0167481 0.0284784 0.0240238
1 0.308269 0.602714 0.620884 0.781403 0.0238309
0 0.0719639 0.595243 0.112802 0.18212 0.0236504
2 0.149173 0.702652 0.0316748 0.051948 0.0234011
6 0.0823025 0.737777 0.0788826 0.129302 0.0233055
10 0.303021 0.775948 0.466224 0.438104 0.0232454
11 0.968163 0.422979 0.0389074 0.0504721 0.0231988
11 0.484453 0.785841 0.947485 0.41178 0.0230342
2 0.157045 0.659458 0.0301944 0.0653671 0.0230067
11 0.953427 0.705229 0.0957957 0.556172 0.0227677
10 0.339802 0.763443 0.510618 0.458999 0.0225893
10 0.422811 0.249273 0.0198393 0.038535 0.0222708
10 0.265273 0.297268 0.00967881 0.0274982 0.0221981
1 0.383868 0.618648 0.766216 0.751931 0.0216031
10 0.501924 0.239992 0.0158016 0.0407106 0.0216028
2 0.0884599 0.732978 0.0252185 0.0465521 0.021569
2 0.0715741 0.959955 0.0377819 0.0710693 0.0209804
1 0.352827 0.854158 0.604162 0.280177 0.0209055
10 0.108346 0.934474 0.0535129 0.0951092 0.020899
4 0.532958 0.240239 0.0229499 0.0315651 0.0207914
11 0.669961 0.455836 0.609696 0.156012 0.0207502
10 0.266376 0.251921 0.00727329 0.0262681 0.0205076
1 0.536032 0.699091 0.505339 0.536548 0.0198657
10 0.487058 0.272578 0.0148283 0.0276198 0.0197013
10 0.321788 0.288186 0.0169376 0.0180519 0.0196441
6 0.0897583 0.98505 0.065615 0.0344196 0.01958
10 0.482516 0.303662 0.0141493 0.0334256 0.0194962
7 0.98974 0.48741 0.0184481 0.0611397 0.0187974
6 0.141888 0.714793 0.0326084 0.0589695 0.0186948
11 0.0931153 0.890839 0.0722511 0.0536247 0.0185415
10 0.218589 0.374678 0.0225248 0.0194338 0.0185239
10 0.396012 0.351801 0.0242396 0.0325199 0.0184811
11 0.513565 0.958865 0.999829 0.0716042 0.0184771
10 0.281945 0.400643 0.02564 0.0209767 0.018295
4 0.551333 0.247409 0.0159209 0.0364185 0.0181893
3 0.482601 0.599172 0.955238 0.769516 0.0175932
10 0.413017 0.324046 0.0137538 0.0239488 0.0175921
11 0.5419 0.894514 0.999915 0.179831 0.0175689
8 0.570186 0.293062 0.022429 0.0444081 0.0175279
2 0.404556 0.420747 0.0151404 0.029945 0.0173686
4 0.312287 0.279996 0.0900269 0.0552706 0.0172517
1 0.433109 0.81005 0.790461 0.360156 0.0172459
11 0.518647 0.890523 0.956136 0.178773 0.0171868
10 0.233441 0.540458 0.0179869 0.0730015 0.0171808
10 0.453685 0.335535 0.0236085 0.0147474 0.017018
11 0.517579 0.821269 0.999948 0.387096 0.016936
0 0.44281 0.26682 0.00950998 0.0112368 0.0168665
10 0.457035 0.694431 0.0400768 0.0357594 0.0166464
10 0.878699 0.919342 0.0414537 0.0500219 0.0166208
8 0.959988 0.539638 0.0252661 0.0215299 0.0164327
10 0.140624 0.981966 0.0537832 0.0291149 0.0163581
1 0.74652 0.658668 0.499505 0.511975 0.0159595
0 0.502541 0.405692 0.0195031 0.0173082 0.0159551
6 0.253872 0.633728 0.027134 0.0459017 0.0157947
10 0.954738 0.73053 0.0418653 0.0335555 0.015714
11 0.526603 0.772578 0.980511 0.489907 0.015501
8 0.40838 0.695555 0.120011 0.043906 0.0153909
10 0.357756 0.627779 0.047141 0.0338104 0.0153781
2 0.49141 0.447557 0.304632 0.0562783 0.0152017
11 0.481755 0.626047 0.930948 0.716092 0.0150884
10 0.402307 0.758197 0.538516 0.319105 0.0149124
2 0.360136 0.43743 0.0224189 0.0213274 0.0147444
6 0.853265 0.636797 0.0425131 0.0288648 0.0146232
7 0.387414 0.538134 0.0228573 0.0247867 0.0143137
6 0.491662 0.832151 0.999939 0.993968 0.0142965
