6 0.432439 0.519104 0.129669 0.273869 0.87952
11 0.316309 0.202108 0.170592 0.300952 0.870108
6 0.589727 0.624421 0.12607 0.361055 0.858628
11 0.341382 0.474118 0.177862 0.324025 0.858317
6 0.700514 0.36803 0.1058 0.303888 0.855211
6 0.308097 0.775473 0.146343 0.253493 0.850052
11 0.700536 0.638686 0.222417 0.365894 0.841369
11 0.786553 0.342422 0.203708 0.422877 0.839789
11 0.465796 0.290612 0.16944 0.27988 0.8172
10 0.498256 0.0933362 0.061157 0.186692 0.813065
2 0.76268 0.229883 0.0186875 0.0878543 0.791108
6 0.352399 0.224234 0.0903302 0.21258 0.772912
11 0.0635969 0.562433 0.116426 0.285098 0.736507
6 0.511991 0.335306 0.0972911 0.236395 0.66639
11 0.191041 0.745861 0.233001 0.445493 0.653464
7 0.741408 0.264601 0.0230164 0.0814033 0.642042
6 0.420969 0.287112 0.0891325 0.232386 0.579182
6 0.429376 0.913074 0.178337 0.174854 0.574823
6 0.130314 0.535628 0.0923349 0.247377 0.463806
2 0.837027 0.28004 0.0189003 0.0805991 0.434016
6 0.816734 0.861695 0.224781 0.277714 0.41983
7 0.236878 0.648701 0.0216978 0.0523519 0.41871
7 0.669414 0.618392 0.0215857 0.0675853 0.375783
7 0.180345 0.46262 0.0304492 0.0795045 0.373772
6 0.413469 0.274857 0.0885018 0.241014 0.365006
6 0.14403 0.541241 0.121443 0.271083 0.357791
7 0.193149 0.661219 0.0239923 0.0432877 0.348764
10 0.070804 0.221062 0.0376593 0.0757324 0.337483
6 0.938957 0.941214 0.0961502 0.118647 0.309912
6 0.847192 0.621264 0.250954 0.759382 0.298469
6 0.954921 0.815246 0.0881908 0.368191 0.29191
10 0.0702374 0.239844 0.0441533 0.114063 0.290586
6 0.416206 0.914266 0.256981 0.171543 0.289895
6 0.854716 0.916014 0.128727 0.169635 0.288436
6 0.871254 0.876394 0.120879 0.246873 0.2868
10 0.116376 0.269345 0.0731826 0.192946 0.286202
7 0.165082 0.835092 0.0261855 0.0700592 0.283271
7 0.429614 0.232177 0.022566 0.0435065 0.276528
7 0.165596 0.825686 0.0246731 0.0508112 0.266453
10 0.363266 0.0897971 0.307467 0.177416 0.264108
7 0.856188 0.257788 0.0193146 0.0755367 0.26139
10 0.567934 0.107974 0.0381142 0.151426 0.25887
6 0.441158 0.91838 0.131742 0.165832 0.256696
7 0.264304 0.167713 0.0197495 0.0465331 0.255846
7 0.804065 0.223321 0.0217765 0.0513125 0.255508
6 0.408886 0.267335 0.0845375 0.231281 0.25448
6 0.113304 0.533835 0.0683004 0.24077 0.252892
7 0.743927 0.221589 0.0200061 0.0631781 0.250556
6 0.851637 0.619234 0.230034 0.758358 0.248875
10 0.0873803 0.273946 0.0788101 0.184321 0.242179
6 0.883281 0.838718 0.213517 0.324123 0.241781
6 0.903428 0.817826 0.190291 0.36553 0.241566
11 0.0658174 0.522021 0.100882 0.194945 0.24148
6 0.958818 0.618172 0.0804258 0.761229 0.24009
6 0.899128 0.940007 0.188952 0.120882 0.235381
7 0.30812 0.414605 0.0206322 0.0495552 0.23458
10 0.130237 0.311839 0.116106 0.287484 0.231848
11 0.0643849 0.518239 0.103265 0.188476 0.231774
7 0.85722 0.235458 0.0148111 0.0345143 0.231237
6 0.392995 0.234137 0.0680929 0.161275 0.231233
6 0.146269 0.48461 0.100115 0.190947 0.229045
10 0.0783138 0.266188 0.0623925 0.167676 0.228674
7 0.121804 0.825927 0.026788 0.0406553 0.22761
6 0.983256 0.746885 0.0329897 0.241184 0.22695
10 0.330534 0.15861 0.23246 0.314831 0.226324
10 0.128327 0.314051 0.114241 0.286282 0.222916
6 0.286612 0.381936 0.0745084 0.142485 0.222746
6 0.15643 0.444318 0.0841083 0.131908 0.215865
6 0.159495 0.601644 0.109027 0.175246 0.215601
6 0.870722 0.417064 0.146753 0.317626 0.215416
6 0.685825 0.17757 0.0405674 0.124031 0.21272
6 0.00466843 0.217046 0.0100723 0.064341 0.212578
7 0.772429 0.171991 0.0256373 0.0606975 0.212411
6 0.00754712 0.246859 0.0160811 0.1263 0.210771
6 0.818974 0.915893 0.200866 0.168754 0.209091
6 0.979952 0.793219 0.0395393 0.328454 0.206725
6 0.147692 0.589766 0.136859 0.353884 0.206286
7 0.182129 0.445387 0.0258371 0.0386593 0.204909
7 0.737488 0.621912 0.0214048 0.103234 0.201111
6 0.00744108 0.280272 0.0158917 0.187426 0.200669
7 0.234452 0.671635 0.0284369 0.098293 0.200169
7 0.310678 0.414331 0.0251434 0.0567318 0.199731
7 0.177561 0.476964 0.0186969 0.0491828 0.199082
6 0.861931 0.597695 0.268882 0.808257 0.197885
7 0.313782 0.422243 0.0188226 0.0388333 0.196524
10 0.376543 0.0914061 0.342003 0.181645 0.196082
7 0.311723 0.409935 0.0299814 0.0654841 0.192697
10 0.0949456 0.297097 0.103933 0.233938 0.191892
6 0.987224 0.700303 0.026025 0.356386 0.190234
7 0.804035 0.213364 0.0213867 0.0317538 0.189306
6 0.989951 0.657394 0.020438 0.267916 0.186489
6 0.85321 0.959168 0.0985567 0.0830854 0.186177
6 0.119853 0.539194 0.129952 0.262652 0.185876
6 0.1647 0.641907 0.105468 0.253591 0.185052
6 0.889725 0.379388 0.109963 0.240362 0.184968
6 0.987982 0.716467 0.0236404 0.170084 0.183411
6 0.943556 0.906554 0.10906 0.189967 0.183261
7 0.738534 0.593093 0.0198222 0.0458168 0.18096
6 0.397442 0.213487 0.0538287 0.118915 0.175165
7 0.125949 0.795728 0.0366895 0.0972046 0.174247
7 0.158688 0.866325 0.0351525 0.0857593 0.172624
10 0.342128 0.0751373 0.264776 0.148049 0.172316
6 0.968854 0.763999 0.0618871 0.476643 0.171434
7 0.857014 0.253718 0.0170071 0.0672955 0.171045
6 0.868538 0.613673 0.254332 0.777768 0.17048
6 0.693836 0.210643 0.0587625 0.185142 0.167781
6 0.969226 0.772815 0.0604252 0.464814 0.167578
10 0.723099 0.181157 0.0749394 0.100809 0.165687
6 0.902001 0.810805 0.167175 0.38336 0.165286
2 0.463577 0.142034 0.0140968 0.0560239 0.164484
7 0.305791 0.408399 0.0189586 0.0513137 0.164211
6 0.892896 0.616868 0.165356 0.76521 0.160643
7 0.833754 0.1986 0.018656 0.0605769 0.157515
6 0.262483 0.27886 0.0764654 0.135085 0.156475
6 0.828109 0.795701 0.249961 0.413331 0.155196
6 0.0166061 0.728642 0.0330554 0.240411 0.154282
6 0.0077977 0.583309 0.0172124 0.297227 0.153066
6 0.03154 0.549546 0.0600596 0.139903 0.152797
6 0.130308 0.495176 0.0566617 0.17404 0.151047
6 0.310805 0.528992 0.0919732 0.175206 0.151038
7 0.857881 0.271929 0.0186134 0.0739771 0.150733
11 0.501905 0.96555 0.0652959 0.0711096 0.150084
10 0.523693 0.186929 0.112411 0.378963 0.148877
6 0.907118 0.764144 0.103663 0.238072 0.147811
6 0.424477 0.320474 0.0810434 0.167722 0.146154
6 0.553533 0.291002 0.0547749 0.199798 0.145692
6 0.967613 0.531127 0.0629866 0.933795 0.143994
6 0.902485 0.736055 0.0753017 0.116392 0.142827
7 0.16461 0.848444 0.0273683 0.0967055 0.142656
2 0.558469 0.0525327 0.0161182 0.0358916 0.141724
6 0.00542164 0.300133 0.0111266 0.132033 0.139895
6 0.942381 0.934873 0.108265 0.138603 0.139583
6 0.767583 0.475276 0.0884794 0.156863 0.138882
6 0.729262 0.176493 0.061189 0.0971423 0.138532
10 0.117324 0.239569 0.0606284 0.130222 0.137886
2 0.146201 0.300458 0.017487 0.0444596 0.137705
7 0.835837 0.291402 0.0182131 0.0558107 0.13717
7 0.0843618 0.489763 0.0193925 0.054634 0.137134
6 0.828012 0.853013 0.216712 0.311395 0.136818
7 0.832224 0.210453 0.0159776 0.064372 0.136687
7 0.4857 0.212155 0.015731 0.0403289 0.136408
6 0.839511 0.843721 0.223842 0.332526 0.135743
10 0.322877 0.097891 0.234138 0.195256 0.135456
6 0.00993184 0.531384 0.0213533 0.275018 0.134319
6 0.0108539 0.571793 0.0223818 0.312976 0.133617
6 0.160673 0.309164 0.0442893 0.116282 0.133285
10 0.589854 0.134877 0.0293739 0.08613 0.13273
6 0.388398 0.268809 0.160677 0.254613 0.131116
6 0.116007 0.582654 0.173646 0.339019 0.130108
2 0.485697 0.223524 0.0211586 0.0640128 0.128954
6 0.110581 0.494336 0.0533264 0.156084 0.1284
7 0.066528 0.501645 0.017324 0.0506813 0.128397
6 0.979502 0.485709 0.0405962 0.761959 0.128144
6 0.0673988 0.607932 0.127767 0.384906 0.127752
10 0.0713548 0.21624 0.0300601 0.0555685 0.127147
6 0.00737033 0.498581 0.0163808 0.216167 0.126982
6 0.468547 0.307262 0.16573 0.275997 0.126777
7 0.0678081 0.525732 0.0161375 0.041832 0.126605
6 0.820404 0.888423 0.199754 0.229596 0.123218
6 0.814842 0.890031 0.229352 0.223709 0.122843
7 0.759421 0.172894 0.0190269 0.0513745 0.121992
10 0.379728 0.155033 0.342402 0.308066 0.121752
7 0.856629 0.255318 0.0167341 0.0720893 0.121597
7 0.768457 0.190934 0.0227959 0.0425682 0.121253
7 0.744425 0.202675 0.0174663 0.0295757 0.120736
7 0.0559269 0.551395 0.026992 0.0463168 0.120512
7 0.85633 0.289351 0.020127 0.0402034 0.120495
7 0.801558 0.232193 0.0265285 0.0706999 0.120081
7 0.196338 0.634937 0.0369636 0.095482 0.119102
10 0.0100343 0.674455 0.0199156 0.118345 0.117318
7 0.315408 0.39955 0.0371947 0.0806482 0.116937
6 0.274437 0.279521 0.0858055 0.152378 0.116735
7 0.678619 0.583563 0.0132071 0.0526692 0.116508
7 0.835227 0.288497 0.0174442 0.0622499 0.115222
2 0.830698 0.232335 0.0164305 0.0409913 0.114036
7 0.84571 0.258992 0.0158932 0.0615454 0.113015
7 0.0556095 0.515365 0.0181505 0.0628386 0.112924
10 0.565439 0.190614 0.0570594 0.365209 0.11229
2 0.00681745 0.45631 0.0145157 0.14028 0.110008
7 0.0776154 0.474001 0.020159 0.0425825 0.108757
6 0.955417 0.805335 0.0874935 0.359622 0.108562
6 0.421513 0.963022 0.218194 0.0724466 0.108405
7 0.747725 0.230155 0.0178704 0.0809644 0.107915
6 0.435779 0.924287 0.244641 0.154748 0.107598
7 0.741367 0.266584 0.0209787 0.073589 0.107526
7 0.756315 0.641953 0.0332706 0.101162 0.107456
6 0.543021 0.324375 0.0627749 0.235195 0.107267
10 0.114888 0.220593 0.0507458 0.0978044 0.106125
6 0.685387 0.172682 0.0448309 0.134917 0.105707
6 0.867538 0.384936 0.142332 0.367679 0.104143
2 0.830125 0.226704 0.0118097 0.031719 0.102959
6 0.460491 0.290944 0.15489 0.248222 0.102259
7 0.756203 0.15965 0.0180167 0.0273127 0.101929
7 0.268113 0.159665 0.0123964 0.0322305 0.101086
10 0.553438 0.191355 0.0991813 0.383504 0.100111
2 0.490158 0.230584 0.02886 0.0556574 0.0986946
6 0.945029 0.948219 0.0896845 0.107036 0.0985648
10 0.5945 0.129079 0.0267218 0.0877683 0.097949
2 0.845637 0.262691 0.015926 0.0665194 0.0963201
11 0.706285 0.617407 0.0508287 0.104174 0.0960702
7 0.0573391 0.531475 0.0144654 0.032691 0.0953192
7 0.26873 0.201625 0.0286013 0.0379125 0.0943393
7 0.771147 0.182822 0.0216766 0.0364668 0.0938878
7 0.831571 0.237681 0.02108 0.0455766 0.0935998
6 0.650749 0.673083 0.160789 0.347745 0.0907435
7 0.0728501 0.47799 0.0274129 0.0475206 0.0903968
7 0.433302 0.215557 0.0347733 0.0771808 0.0895563
7 0.158609 0.868916 0.0320842 0.0694382 0.089141
7 0.74228 0.257299 0.0203865 0.0787046 0.0867607
3 0.794436 0.23946 0.0330322 0.0536601 0.0864136
7 0.652124 0.57436 0.0468684 0.10318 0.0859699
10 0.575884 0.124233 0.0515776 0.174199 0.0853682
6 0.16813 0.436254 0.0604531 0.132138 0.0851498
7 0.856965 0.244476 0.015662 0.0546473 0.0848214
6 0.879869 0.88115 0.11586 0.237483 0.0839094
7 0.057706 0.529665 0.0277131 0.0831665 0.0831689
7 0.804384 0.215563 0.0212252 0.0350351 0.0819562
7 0.747067 0.226464 0.0159859 0.0714247 0.0803542
7 0.842307 0.247347 0.0140228 0.0364469 0.0796133
6 0.0855115 0.475173 0.0574418 0.0983224 0.0789778
6 0.839057 0.881676 0.230147 0.253864 0.0787361
7 0.740206 0.276605 0.0212313 0.0579751 0.0783868
7 0.0822774 0.500825 0.0135189 0.0358471 0.0782037
6 0.757766 0.97044 0.222159 0.0616531 0.0780385
7 0.120351 0.806592 0.0239697 0.0619459 0.077598
7 0.192435 0.660283 0.025762 0.0518455 0.077131
6 0.123546 0.58474 0.087002 0.239695 0.0760482
6 0.219508 0.664369 0.176465 0.282396 0.0752049
6 0.424707 0.980938 0.26746 0.0417018 0.0746664
7 0.426762 0.222038 0.0204808 0.0560925 0.0736135
7 0.513951 0.964369 0.0310026 0.0659294 0.0728574
7 0.183149 0.451393 0.0231859 0.0480511 0.0714271
6 0.170483 0.573604 0.0886255 0.20052 0.0706222
7 0.0669284 0.527955 0.0138615 0.0363198 0.0699518
7 0.266415 0.17889 0.0179263 0.06382 0.0677344
7 0.772359 0.164083 0.0212066 0.0358157 0.0676397
7 0.124442 0.827356 0.0212723 0.0361843 0.0665959
7 0.796687 0.213987 0.0103933 0.0286204 0.066013
7 0.835925 0.267695 0.024217 0.096035 0.0640481
7 0.766008 0.206352 0.0372187 0.127582 0.0637114
7 0.770786 0.181255 0.029896 0.0714729 0.0625485
6 0.33393 0.279125 0.0611983 0.100139 0.0621876
7 0.794548 0.235751 0.0199144 0.0358327 0.0621289
11 0.777786 0.185601 0.176688 0.132398 0.0615928
6 0.506035 0.34071 0.0753116 0.201223 0.0608416
11 0.780453 0.206976 0.180694 0.166473 0.0593082
7 0.731156 0.58766 0.0148745 0.0456953 0.0588011
7 0.43704 0.202357 0.0253962 0.0508328 0.0578429
10 0.520271 0.206219 0.123404 0.404517 0.0575923
7 0.0779972 0.470078 0.0159991 0.0347529 0.0559425
6 0.756714 0.25954 0.100514 0.0969352 0.0550541
6 0.411063 0.444653 0.289414 0.393556 0.0550082
6 0.803484 0.353167 0.23273 0.418568 0.0550055
2 0.844695 0.270775 0.0140978 0.0794737 0.0542515
7 0.192376 0.660406 0.0235618 0.044626 0.0523711
7 0.736481 0.616642 0.0198406 0.106452 0.0501946
6 0.428672 0.248136 0.0463062 0.145292 0.0491829
7 0.732168 0.591489 0.0138817 0.0467689 0.0489414
7 0.312169 0.426731 0.0180758 0.0324844 0.0483013
11 0.777688 0.482371 0.21635 0.697173 0.0455433
7 0.77275 0.154352 0.0200165 0.0276499 0.0453587
7 0.745164 0.231825 0.013276 0.0567442 0.0431555
7 0.732095 0.590012 0.0117346 0.0190971 0.0428258
7 0.121869 0.830167 0.024937 0.0400314 0.0422032
7 0.661409 0.546466 0.0223219 0.0350707 0.0415005
10 0.27954 0.0713797 0.129021 0.136611 0.0411738
6 0.190425 0.808904 0.252475 0.363786 0.0407739
6 0.160782 0.902022 0.316616 0.223576 0.0404807
7 0.177276 0.484535 0.0143948 0.0377738 0.0383026
7 0.757785 0.150234 0.0387043 0.0378378 0.0382043
7 0.238125 0.648323 0.0162397 0.0459515 0.0381972
6 0.197258 0.808677 0.217009 0.359245 0.0372347
6 0.0761621 0.399374 0.0687425 0.110635 0.0367466
7 0.859738 0.237295 0.0109291 0.0361912 0.0366699
6 0.814043 0.828832 0.137632 0.0617538 0.0365748
6 0.446714 0.444 0.0464518 0.0377315 0.0354639
6 0.279968 0.539173 0.0462418 0.0711812 0.0353905
7 0.157952 0.831385 0.0152063 0.0291929 0.034893
6 0.158917 0.301752 0.0387592 0.0876364 0.0346322
6 0.802251 0.783994 0.141877 0.0722892 0.0344801
6 0.891139 0.98502 0.0871815 0.0363861 0.0336095
6 0.684514 0.74569 0.215453 0.429674 0.0319504
6 0.757244 0.570653 0.191823 0.239363 0.0318746
6 0.72779 0.184171 0.0370117 0.0621479 0.0317035
7 0.201953 0.617308 0.0211835 0.0391045 0.0316092
6 0.0725187 0.585917 0.0486694 0.0539588 0.0303354
7 0.441294 0.2633 0.0131244 0.0269726 0.0301436
6 0.408773 0.462088 0.0594729 0.0786488 0.0297418
7 0.739889 0.614108 0.0148973 0.0267625 0.0293129
7 0.740641 0.651584 0.0158826 0.032613 0.0286002
7 0.232674 0.664448 0.0160876 0.0368646 0.0266936
7 0.161941 0.890026 0.0199649 0.0323494 0.0259059
2 0.831274 0.343623 0.0137562 0.0404517 0.0255167
6 0.275439 0.938211 0.110062 0.0865311 0.0230047
6 0.224886 0.932114 0.0433486 0.0413979 0.022947
7 0.134852 0.881161 0.0278507 0.045651 0.021291
2 0.666671 0.678856 0.0305623 0.0520413 0.0202703
6 0.727642 0.823456 0.0513349 0.0546807 0.0201115
6 0.24432 0.794812 0.0162127 0.0351564 0.0192497
6 0.677865 0.698255 0.0187233 0.0442223 0.0190247
