6 0.391388 0.603985 0.215863 0.596538 0.9082
5 0.679886 0.469304 0.124486 0.176245 0.844652
5 0.82128 0.857638 0.0650137 0.15872 0.624886
5 0.734211 0.905584 0.123035 0.188362 0.487545
11 0.312038 0.63066 0.182583 0.410215 0.479445
6 0.265961 0.253432 0.216547 0.50493 0.328658
11 0.364101 0.657382 0.287703 0.484305 0.285702
6 0.260791 0.181283 0.200324 0.360971 0.263554
6 0.285041 0.395873 0.266785 0.783064 0.219687
11 0.356355 0.699122 0.272785 0.576958 0.217765
6 0.254117 0.134715 0.185337 0.269701 0.200742
6 0.296116 0.384575 0.180852 0.268645 0.198188
5 0.766902 0.889753 0.17397 0.221524 0.183804
6 0.281687 0.293667 0.260456 0.58542 0.173194
11 0.307583 0.562234 0.171752 0.274056 0.16878
10 0.701043 0.0167421 0.0541913 0.0333213 0.16608
6 0.301732 0.314735 0.304466 0.620398 0.15827
5 0.748462 0.924811 0.0952404 0.152527 0.142391
2 0.613257 0.163823 0.0164913 0.0817276 0.136712
5 0.831514 0.853465 0.0419512 0.0650389 0.135499
6 0.272961 0.385972 0.238667 0.767154 0.132725
6 0.307956 0.51521 0.193649 0.469967 0.129542
6 0.324814 0.398283 0.22996 0.26549 0.126273
6 0.373893 0.569944 0.181649 0.519988 0.117262
5 0.832953 0.828672 0.0419748 0.0951649 0.115981
10 0.712902 0.0200562 0.0794174 0.0405421 0.1152
6 0.342848 0.586538 0.265448 0.619358 0.114325
6 0.840335 0.806582 0.111702 0.375649 0.105803
6 0.870307 0.806202 0.0610617 0.38234 0.104213
5 0.83067 0.847966 0.036508 0.050074 0.101902
6 0.431856 0.0555585 0.037332 0.111924 0.0981514
2 0.881837 0.930045 0.035601 0.140545 0.0955214
5 0.711333 0.86494 0.0894378 0.124475 0.0949304
6 0.335167 0.554843 0.258631 0.651203 0.0945548
6 0.373714 0.548411 0.178927 0.471903 0.0935324
6 0.315045 0.422926 0.23454 0.409589 0.0911561
6 0.289624 0.386709 0.14311 0.212244 0.0906136
6 0.317859 0.562728 0.216593 0.5926 0.0868195
11 0.509743 0.0534037 0.18314 0.105343 0.0832213
6 0.373482 0.570892 0.178873 0.505055 0.0827895
5 0.746792 0.963378 0.0967975 0.0748791 0.0826249
6 0.403752 0.452117 0.121141 0.288604 0.0764381
5 0.737754 0.94542 0.123478 0.110304 0.0742066
6 0.369373 0.573799 0.187552 0.527768 0.0740745
6 0.311224 0.541688 0.202058 0.573777 0.0740516
6 0.318845 0.446159 0.340836 0.889553 0.0738042
6 0.348895 0.532052 0.254467 0.461712 0.0735509
6 0.281334 0.345693 0.17325 0.348472 0.0735006
5 0.688056 0.483214 0.0623663 0.0636726 0.0723932
10 0.933247 0.0679523 0.0285112 0.136626 0.071665
6 0.872883 0.928042 0.0442297 0.141913 0.0711721
5 0.823802 0.84688 0.060582 0.133415 0.0703854
5 0.691789 0.887999 0.0492978 0.0763128 0.0697986
6 0.31193 0.281669 0.327692 0.55905 0.0686516
5 0.718651 0.45262 0.0488956 0.0716463 0.0678869
6 0.797074 0.809813 0.188409 0.374614 0.0670447
10 0.699704 0.0144162 0.051285 0.0285523 0.0666858
6 0.261002 0.173725 0.155575 0.167016 0.0648142
6 0.317431 0.557531 0.208761 0.288716 0.0646485
5 0.744796 0.863713 0.0846302 0.118775 0.0635353
2 0.615413 0.16527 0.0102253 0.0799461 0.0625906
10 0.591697 0.0873279 0.0577976 0.177453 0.0612849
2 0.426948 0.046037 0.016467 0.051159 0.0607896
7 0.737015 0.980471 0.0662289 0.0396646 0.0605174
6 0.331246 0.477499 0.337761 0.812978 0.0600121
2 0.581773 0.0971071 0.0173288 0.0374208 0.0580471
6 0.32492 0.448511 0.357866 0.879231 0.0576169
5 0.816369 0.882862 0.0741661 0.215717 0.0561407
11 0.306322 0.602734 0.171995 0.284968 0.0552971
6 0.89878 0.923609 0.0713428 0.152721 0.0546719
11 0.440167 0.668742 0.44709 0.578167 0.0546147
6 0.416067 0.529482 0.120155 0.445035 0.0543284
6 0.376164 0.593304 0.185165 0.562382 0.0537067
2 0.42954 0.0347273 0.0230197 0.0750594 0.053456
7 0.852877 0.565954 0.0974094 0.189928 0.0517002
5 0.741376 0.84373 0.0792017 0.0917996 0.0516459
2 0.868006 0.784593 0.046587 0.339102 0.0510773
5 0.691108 0.891191 0.0436453 0.0634523 0.0508666
5 0.721418 0.473803 0.0484475 0.114822 0.0507903
7 0.388981 0.258782 0.0569363 0.0801043 0.0505131
11 0.405777 0.349197 0.155056 0.279706 0.050376
5 0.823044 0.844034 0.0176985 0.0343269 0.0502021
5 0.687086 0.43775 0.106807 0.108935 0.0499566
5 0.816697 0.883477 0.0721231 0.211106 0.0483756
2 0.60298 0.157076 0.00999298 0.052572 0.0474303
10 0.42705 0.0378559 0.0242825 0.0754816 0.0470444
7 0.869634 0.902654 0.045307 0.0962337 0.0463632
6 0.733917 0.961911 0.137193 0.0769791 0.0461594
10 0.661765 0.176284 0.19592 0.354273 0.0459944
6 0.360297 0.384522 0.102537 0.224151 0.0455851
2 0.869779 0.884036 0.0482626 0.228814 0.0446515
10 0.378466 0.989582 0.098916 0.0212496 0.0438981
11 0.330048 0.739766 0.243396 0.367871 0.0437256
11 0.313663 0.635688 0.181829 0.405727 0.0424335
8 0.678988 0.467795 0.120024 0.16872 0.0420788
6 0.382291 0.568154 0.126694 0.507272 0.041948
2 0.848387 0.836745 0.0132662 0.126774 0.0416367
6 0.351279 0.621805 0.156785 0.452852 0.0416238
10 0.428425 0.0324731 0.0292212 0.0705284 0.0414194
2 0.599972 0.152571 0.0108097 0.0565658 0.0408719
2 0.601099 0.157939 0.0121894 0.0620948 0.0408557
6 0.840113 0.926517 0.114658 0.143372 0.0406794
2 0.338711 0.360158 0.0559104 0.155272 0.0404908
10 0.748188 0.924381 0.0902661 0.151258 0.04034
6 0.733557 0.939459 0.153784 0.120623 0.0402207
10 0.591515 0.118256 0.0640276 0.232214 0.0400595
7 0.862725 0.926511 0.0267412 0.0434023 0.0395555
2 0.849557 0.81388 0.0102745 0.0762419 0.0395097
2 0.881269 0.89954 0.0203012 0.0812818 0.0393181
11 0.369625 0.674348 0.240109 0.452803 0.0392138
2 0.845943 0.812693 0.0174734 0.0684533 0.0390581
5 0.728286 0.840051 0.0543032 0.0632202 0.0389899
6 0.345795 0.703699 0.132411 0.262426 0.0381339
2 0.881358 0.906095 0.0210363 0.0955498 0.0376808
6 0.374867 0.393541 0.0618134 0.126499 0.0376594
10 0.59509 0.17055 0.069841 0.338302 0.0375555
6 0.294316 0.705496 0.141738 0.146232 0.0368138
6 0.376859 0.759635 0.133965 0.255751 0.0367528
2 0.61207 0.161399 0.00919752 0.0348462 0.0367352
5 0.778556 0.898729 0.145503 0.208454 0.0366854
7 0.863865 0.958218 0.0245367 0.080843 0.0365875
6 0.339413 0.706129 0.128274 0.255504 0.0364976
10 0.933203 0.0332524 0.0270119 0.0692482 0.0362057
6 0.437615 0.607406 0.120504 0.555964 0.0358194
5 0.732134 0.487879 0.0328034 0.143998 0.0357513
6 0.285079 0.626129 0.249155 0.39409 0.0355227
2 0.882581 0.933987 0.0237818 0.13669 0.0354856
2 0.868705 0.867681 0.0492659 0.173787 0.0353612
6 0.909868 0.960838 0.0528709 0.0777769 0.0351625
6 0.443826 0.727595 0.111313 0.331479 0.0347459
2 0.732606 0.436731 0.0192056 0.0354206 0.0344541
6 0.372365 0.445563 0.0589782 0.219074 0.0343336
4 0.378066 0.932066 0.0160252 0.0220873 0.0342543
6 0.385066 0.74718 0.214253 0.30924 0.0342255
6 0.363841 0.577824 0.1606 0.52533 0.0341504
6 0.342963 0.661976 0.137989 0.354819 0.0340602
5 0.715666 0.473521 0.0645836 0.128299 0.0338876
6 0.369791 0.54985 0.132916 0.41403 0.0338762
5 0.376107 0.382411 0.0577787 0.101034 0.0338564
6 0.341887 0.691031 0.128613 0.267688 0.0337741
2 0.847103 0.840522 0.0142624 0.0536632 0.0337281
6 0.44548 0.60362 0.118347 0.57507 0.0336537
6 0.416429 0.524514 0.0987798 0.434426 0.0336012
2 0.874212 0.88621 0.0551573 0.231818 0.0335241
5 0.707923 0.462622 0.030057 0.0542434 0.0334683
6 0.338109 0.618688 0.134138 0.417661 0.0330973
6 0.336579 0.750864 0.103651 0.167565 0.0326949
10 0.929922 0.0678777 0.0222431 0.127512 0.0326516
6 0.343482 0.648002 0.125568 0.245391 0.0326265
2 0.614104 0.184781 0.0123082 0.0425148 0.0323741
2 0.530918 0.0535413 0.0116301 0.0221947 0.0322274
5 0.703323 0.843659 0.0737646 0.101762 0.0320485
6 0.339145 0.725993 0.123269 0.191474 0.032022
6 0.342023 0.751145 0.116964 0.166815 0.0315918
10 0.596118 0.0352243 0.0684777 0.067321 0.0313967
2 0.848505 0.836261 0.00949898 0.0359648 0.0313843
6 0.413103 0.670403 0.181293 0.476795 0.0310788
5 0.709343 0.70109 0.290307 0.603949 0.0307798
6 0.340462 0.774732 0.0713477 0.119626 0.0303181
5 0.768081 0.667424 0.193853 0.643922 0.0301188
6 0.73939 0.954318 0.124714 0.0896418 0.0300783
2 0.712934 0.982409 0.0268431 0.0362499 0.0298455
2 0.430934 0.0534674 0.0160013 0.0566825 0.0298246
5 0.824092 0.869097 0.053973 0.0828711 0.0294355
5 0.737499 0.488106 0.0556155 0.161441 0.0294349
5 0.71161 0.43918 0.0678432 0.11985 0.0294032
10 0.597822 0.0468171 0.363872 0.0969469 0.0291941
2 0.371752 0.397418 0.0484838 0.100658 0.028562
5 0.598859 0.242862 0.0529013 0.178437 0.0284839
6 0.84281 0.67475 0.0261133 0.0817583 0.028465
6 0.458762 0.618413 0.10176 0.546863 0.0282583
11 0.324406 0.690599 0.165454 0.309957 0.0282161
2 0.845573 0.852489 0.0162739 0.0522719 0.0281036
2 0.586467 0.125433 0.0309443 0.10641 0.0275555
2 0.614989 0.185504 0.00827808 0.0475702 0.0275518
6 0.386446 0.849448 0.187899 0.298215 0.0275053
2 0.881168 0.928227 0.0221294 0.1391 0.0274461
5 0.834452 0.827533 0.0384607 0.0981285 0.0274078
5 0.698463 0.896972 0.0746176 0.0966433 0.0273813
6 0.384283 0.81519 0.130156 0.260836 0.0272617
11 0.367729 0.778322 0.261284 0.347421 0.0269303
2 0.40238 0.65703 0.0353537 0.0875056 0.0266796
2 0.846494 0.825299 0.0148756 0.097934 0.0265695
5 0.711222 0.45911 0.0685019 0.106961 0.0264113
11 0.311435 0.591799 0.232505 0.247181 0.026103
6 0.348645 0.568568 0.0982641 0.25024 0.0259756
7 0.863163 0.922876 0.0330877 0.0716526 0.0258332
8 0.726565 0.440345 0.0340819 0.0416655 0.0257292
6 0.336146 0.774582 0.0683647 0.114557 0.0256006
6 0.339863 0.768263 0.0525447 0.0888609 0.0255719
6 0.259103 0.537921 0.173855 0.223436 0.02551
8 0.666639 0.501193 0.108193 0.123318 0.0255083
2 0.854623 0.917067 0.0105152 0.0473669 0.025492
2 0.378374 0.386783 0.0322102 0.0707951 0.0254709
5 0.63333 0.468066 0.0408467 0.18262 0.0252736
5 0.254717 0.273745 0.0331533 0.041502 0.0252471
6 0.339664 0.771512 0.110078 0.161792 0.0251546
2 0.58435 0.131186 0.0316416 0.111323 0.0248944
5 0.659302 0.740551 0.458134 0.493227 0.0247649
5 0.822065 0.857284 0.018824 0.032632 0.0243707
6 0.373547 0.495622 0.0351875 0.119491 0.0242123
5 0.827394 0.923109 0.0500542 0.133432 0.0241218
2 0.400347 0.64618 0.0192367 0.046663 0.0239718
5 0.631487 0.477767 0.0370865 0.173514 0.0238336
6 0.320399 0.173005 0.0555153 0.170799 0.023792
5 0.823607 0.88209 0.0548553 0.0875525 0.0237591
6 0.34003 0.797295 0.0472313 0.080629 0.0237002
2 0.884511 0.965424 0.0242685 0.071134 0.0233476
6 0.241708 0.358949 0.131932 0.148117 0.0231766
6 0.342428 0.392268 0.0631083 0.150162 0.0231164
5 0.635123 0.509395 0.0332085 0.100667 0.0230952
10 0.753868 0.947282 0.0797117 0.101237 0.0230646
2 0.841195 0.866303 0.0199831 0.0300087 0.0229718
6 0.376764 0.726559 0.053353 0.117479 0.022965
10 0.426807 0.0665776 0.00952501 0.0326306 0.0229452
6 0.369411 0.290471 0.0975086 0.244113 0.0227384
6 0.387315 0.393476 0.0943657 0.145531 0.0227345
2 0.674843 0.783984 0.0462042 0.134723 0.0227125
8 0.731525 0.895327 0.0469802 0.0609695 0.0226394
2 0.835433 0.794882 0.0251266 0.0467172 0.0224712
6 0.451913 0.716787 0.0587783 0.146194 0.0224435
6 0.347899 0.774146 0.0685168 0.0902746 0.0222794
6 0.357863 0.796772 0.111752 0.19349 0.0218463
6 0.254897 0.849162 0.238224 0.274288 0.021708
10 0.331002 0.148136 0.0972915 0.287298 0.0216396
6 0.264277 0.0598203 0.0794467 0.125034 0.0213472
6 0.381203 0.792498 0.0310079 0.0522689 0.0213211
2 0.729845 0.452689 0.0259398 0.0667923 0.0210536
10 0.477296 0.0205413 0.0718582 0.0330123 0.0207888
5 0.76683 0.546055 0.247148 0.894963 0.0207412
6 0.447608 0.768357 0.0969833 0.294556 0.0206723
6 0.384545 0.466077 0.0276885 0.0217553 0.0203103
2 0.792715 0.92778 0.0444499 0.132198 0.0202796
6 0.392944 0.806198 0.0641017 0.145526 0.0201674
11 0.329241 0.917166 0.298774 0.229762 0.020064
6 0.239664 0.942303 0.175511 0.133668 0.0199576
2 0.845325 0.905876 0.0333549 0.0584771 0.019953
6 0.31979 0.463042 0.0980998 0.112784 0.0199091
11 0.273625 0.908363 0.187203 0.185566 0.0198445
8 0.653905 0.540173 0.0411884 0.0471465 0.0198402
8 0.73246 0.993619 0.077007 0.0199719 0.0195719
2 0.370148 0.396965 0.0385798 0.0735963 0.0195551
11 0.302744 0.0535098 0.539032 0.117992 0.019282
6 0.288736 0.0798922 0.0548949 0.085689 0.0191987
10 0.730843 0.510332 0.0439251 0.116232 0.0191528
2 0.84033 0.946514 0.0225548 0.0591368 0.0190941
6 0.222641 0.409912 0.0487907 0.09536 0.0190446
6 0.349463 0.802159 0.0623828 0.0852747 0.0188073
2 0.847363 0.95549 0.023641 0.0285811 0.0187972
10 0.738246 0.981784 0.125549 0.0475314 0.0186816
6 0.802938 0.974519 0.0736366 0.0536035 0.0185667
6 0.350384 0.826772 0.0987437 0.150804 0.0184629
6 0.229703 0.538226 0.0982798 0.157115 0.0184423
11 0.409398 0.959832 0.443393 0.223633 0.0183634
8 0.709325 0.513489 0.0268167 0.0515346 0.0182879
6 0.363926 0.560001 0.0683886 0.0822695 0.0181609
10 0.832441 0.980986 0.0414251 0.0442624 0.0180691
2 0.313578 0.302435 0.0621429 0.088034 0.0180503
2 0.25085 0.452223 0.0622352 0.106746 0.0178617
6 0.292505 0.942311 0.136233 0.138145 0.0177401
6 0.348945 0.809033 0.0622881 0.0868568 0.0176099
2 0.251369 0.461695 0.0635347 0.107109 0.017501
6 0.268883 0.60881 0.076995 0.094149 0.0174243
2 0.290954 0.462119 0.0293838 0.0604992 0.0171329
6 0.273658 0.90697 0.143389 0.162696 0.0170582
10 0.69172 0.631083 0.0438367 0.0493997 0.0169439
8 0.430347 0.857669 0.0452147 0.114368 0.0167949
6 0.261238 0.94254 0.145297 0.119455 0.0166272
7 0.784826 0.971862 0.0355976 0.0524957 0.0165487
10 0.599756 0.193803 0.0306494 0.0683841 0.0164388
2 0.663425 0.740869 0.0584244 0.0473416 0.0164166
11 0.292277 0.841047 0.103435 0.120784 0.0163637
10 0.494654 0.14565 0.0953931 0.0504565 0.0163509
10 0.705753 0.563319 0.0684129 0.0615916 0.0163509
10 0.83194 0.983142 0.0429165 0.0377819 0.0163026
10 0.864113 0.979548 0.0272528 0.0327145 0.0163021
11 0.537945 0.261302 0.179127 0.0956843 0.0161942
4 0.109436 0.0392493 0.205393 0.0888628 0.0160813
10 0.621102 0.380193 0.012386 0.0395051 0.0159286
8 0.691261 0.727804 0.0460197 0.0455422 0.0159167
10 0.247294 0.862866 0.0596836 0.0675503 0.0159118
10 0.35111 0.920718 0.0349995 0.0720566 0.015909
10 0.642221 0.62035 0.0552001 0.0761308 0.0158717
2 0.220303 0.735896 0.0257603 0.0542007 0.0158662
10 0.235813 0.86752 0.0755956 0.0874813 0.0157364
11 0.291729 0.860946 0.108809 0.13235 0.0156318
8 0.350933 0.86737 0.0953236 0.116337 0.0154878
2 0.809769 0.783526 0.0244692 0.0441778 0.0154834
8 0.692142 0.706047 0.128331 0.0993983 0.0153853
8 0.65845 0.58529 0.05653 0.0305159 0.0153815
2 0.283586 0.926678 0.0743177 0.0911569 0.015308
2 0.345253 0.862721 0.0562594 0.0744661 0.0152981
8 0.336143 0.862353 0.0822507 0.109032 0.0151125
8 0.340156 0.909571 0.0462199 0.0646313 0.0151119
10 0.354731 0.881777 0.0601506 0.104324 0.0147545
2 0.730519 0.773597 0.0316155 0.0386146 0.0146761
8 0.331345 0.92882 0.0485453 0.063613 0.01443
6 0.323066 0.928943 0.0565442 0.0700508 0.0142634
6 0.301547 0.963122 0.0563413 0.0707674 0.0139014
11 0.342927 0.966272 0.0707635 0.0561255 0.0135665
