9 0.732548 0.576235 0.171245 0.265344 0.799932
9 0.635668 0.554282 0.179859 0.246301 0.549934
9 0.60239 0.842724 0.275714 0.295404 0.305779
6 0.467572 0.866416 0.167205 0.24549 0.260688
4 0.676591 0.398793 0.0370409 0.0424465 0.231128
6 0.432915 0.860005 0.0993038 0.234805 0.224394
9 0.62347 0.531759 0.155725 0.197874 0.19484
6 0.245095 0.895987 0.174532 0.200519 0.194068
9 0.599288 0.809802 0.236721 0.216795 0.174945
9 0.68567 0.839539 0.471857 0.318476 0.152733
6 0.51171 0.869561 0.25375 0.252864 0.149945
9 0.672784 0.702231 0.510857 0.59383 0.147681
10 0.966694 0.49996 0.0661444 0.999806 0.146877
6 0.256772 0.893866 0.206998 0.205662 0.146172
9 0.561824 0.842676 0.356585 0.300669 0.130546
6 0.490019 0.860994 0.206869 0.274897 0.128564
6 0.472032 0.866928 0.17801 0.259707 0.124109
9 0.619945 0.5304 0.148956 0.191176 0.114731
9 0.658279 0.846239 0.537117 0.306146 0.113799
6 0.497152 0.864652 0.218699 0.267997 0.111297
9 0.601431 0.782845 0.285147 0.420855 0.110805
6 0.487853 0.867135 0.203093 0.255188 0.108196
9 0.574492 0.7962 0.345157 0.391118 0.107737
9 0.599906 0.525913 0.108972 0.187354 0.106001
9 0.677904 0.788542 0.494157 0.422447 0.0993199
10 0.61224 0.398211 0.0488833 0.218941 0.0987239
6 0.564783 0.860096 0.360644 0.27324 0.089781
10 0.597297 0.396208 0.0375281 0.19328 0.0870375
9 0.584046 0.84813 0.386808 0.293277 0.0867347
6 0.348823 0.877013 0.394093 0.245507 0.0851828
10 0.0114742 0.928395 0.0233936 0.137361 0.0848602
10 0.595563 0.406453 0.0507214 0.213481 0.0842844
10 0.00992287 0.95101 0.0200371 0.0919899 0.0795295
9 0.693938 0.572911 0.305073 0.291377 0.0774157
10 0.972175 0.20806 0.0550485 0.413672 0.0752221
10 0.0123147 0.876587 0.0251108 0.240917 0.0741827
9 0.606216 0.713126 0.271174 0.559431 0.0741395
6 0.326004 0.882869 0.403355 0.233162 0.0729262
6 0.210528 0.900417 0.0969203 0.192607 0.0725598
9 0.654124 0.647525 0.546982 0.695657 0.0696115
6 0.346441 0.889438 0.416575 0.219977 0.0695
10 0.00929346 0.905159 0.0195925 0.184318 0.0694879
6 0.514745 0.870401 0.269126 0.253555 0.0687859
10 0.981451 0.362389 0.0373903 0.451674 0.0674518
9 0.67269 0.538011 0.0874254 0.194238 0.0663321
10 0.981781 0.279858 0.0366375 0.340813 0.0660441
4 0.501025 0.116305 0.999865 0.232625 0.0640877
9 0.593057 0.525596 0.0936794 0.176981 0.0628641
9 0.657749 0.703273 0.537882 0.592371 0.0615115
10 0.983185 0.301465 0.0340515 0.232224 0.0610327
10 0.970648 0.126286 0.0582762 0.252669 0.0602114
7 0.97452 0.0974532 0.0507476 0.195554 0.0598765
9 0.565833 0.72347 0.366951 0.535832 0.0597843
9 0.678434 0.537577 0.0826964 0.194485 0.0583802
6 0.419322 0.856774 0.0696631 0.224405 0.0569279
10 0.970826 0.39345 0.0585968 0.768908 0.0568598
9 0.677604 0.814673 0.0862573 0.165661 0.0565072
9 0.663427 0.521916 0.226687 0.198145 0.0558393
10 0.966322 0.223066 0.0677986 0.451435 0.0556143
9 0.568305 0.809119 0.174056 0.218 0.0547293
4 0.501091 0.110718 0.999988 0.222125 0.054375
10 0.596849 0.46664 0.0865654 0.351143 0.0543605
6 0.502221 0.90182 0.240577 0.18862 0.0539471
9 0.717935 0.532823 0.1407 0.187022 0.0532726
9 0.810641 0.716217 0.232747 0.546685 0.0526215
6 0.044083 0.889204 0.088672 0.214787 0.0522857
10 0.608498 0.372904 0.0587174 0.291137 0.0522698
10 0.759559 0.809519 0.0710413 0.114201 0.0518415
10 0.0169619 0.830775 0.0350139 0.334651 0.0509555
6 0.512882 0.840535 0.250237 0.29398 0.0509196
10 0.969704 0.100922 0.0605459 0.201282 0.0507701
6 0.289209 0.890837 0.54922 0.219871 0.0507431
10 0.59991 0.383463 0.0324978 0.242229 0.0499696
10 0.899237 0.56779 0.0629181 0.266307 0.049517
6 0.261861 0.837408 0.23103 0.318818 0.0488952
9 0.686278 0.557638 0.0982155 0.232056 0.047738
10 0.597335 0.421451 0.0350544 0.124027 0.047737
2 0.020038 0.735895 0.0409981 0.523813 0.0476331
0 0.832636 0.672978 0.111583 0.196565 0.0475753
9 0.654965 0.694236 0.539958 0.609541 0.0471894
9 0.67108 0.540673 0.102616 0.196722 0.0471685
9 0.742867 0.647662 0.182611 0.126621 0.0467404
9 0.682867 0.570952 0.150944 0.26582 0.046596
10 0.985417 0.492193 0.0295585 0.694371 0.0458957
10 0.601115 0.364272 0.0161298 0.0739064 0.0457336
9 0.619713 0.635236 0.324866 0.481455 0.0453605
9 0.566614 0.802924 0.164171 0.212697 0.0453261
10 0.985764 0.515547 0.0289633 0.735466 0.0452177
9 0.661326 0.51959 0.537344 0.939024 0.0448034
6 0.0693063 0.935308 0.138409 0.127157 0.0447149
10 0.616586 0.458245 0.0514715 0.313735 0.0442286
9 0.819306 0.672101 0.139926 0.19361 0.0430031
10 0.588958 0.369179 0.0513966 0.274416 0.0426585
10 0.584446 0.472676 0.0759575 0.274957 0.0426363
9 0.557277 0.843874 0.166854 0.285249 0.0425868
10 0.988199 0.545836 0.0242216 0.729093 0.042479
10 0.599907 0.349783 0.0175809 0.110733 0.0415547
10 0.97141 0.243847 0.0570784 0.406868 0.0408092
9 0.817542 0.618696 0.0459271 0.0782562 0.0407909
4 0.681161 0.400125 0.022172 0.0324569 0.0405934
9 0.516184 0.80966 0.831201 0.381224 0.0401361
10 0.975875 0.553957 0.0520995 0.913444 0.0397981
10 0.605436 0.507676 0.0655416 0.227025 0.039619
10 0.0350228 0.941828 0.0697169 0.113056 0.0394948
9 0.706016 0.50869 0.186572 0.244489 0.0391959
10 0.615368 0.424435 0.0444803 0.151647 0.0388979
3 0.487457 0.499136 0.964071 0.9963 0.0388879
9 0.825996 0.74066 0.201307 0.390454 0.0386912
9 0.615878 0.569093 0.144414 0.308551 0.0386132
9 0.837608 0.64126 0.0941187 0.128994 0.0385738
11 0.395786 0.976048 0.591782 0.0479731 0.0381018
9 0.742451 0.577068 0.165678 0.255011 0.0380101
9 0.662076 0.858291 0.14413 0.253665 0.0379215
6 0.456662 0.927214 0.145209 0.149182 0.0377763
10 0.881574 0.907422 0.0903518 0.175515 0.0377126
4 0.665955 0.432232 0.066603 0.105639 0.0376502
6 0.467558 0.910377 0.179913 0.183223 0.0373288
9 0.667025 0.499231 0.0746044 0.121254 0.0372513
10 0.943051 0.146976 0.114516 0.296032 0.0372356
9 0.746184 0.650316 0.182422 0.123349 0.0370887
10 0.00806968 0.787265 0.0166722 0.409566 0.0369355
9 0.470831 0.842762 0.757506 0.312793 0.0368233
11 0.390867 0.972738 0.634562 0.0534533 0.0366922
9 0.713339 0.502687 0.122999 0.122276 0.0364791
9 0.851487 0.644852 0.118411 0.144343 0.0363458
6 0.356224 0.827881 0.428617 0.344571 0.0360694
9 0.709436 0.543579 0.24854 0.336667 0.0360007
9 0.602534 0.85762 0.236506 0.155039 0.0358117
9 0.472153 0.669755 0.933293 0.659521 0.0357988
6 0.266037 0.932348 0.115636 0.123192 0.035717
9 0.679224 0.591653 0.49873 0.801378 0.0356674
9 0.716372 0.670652 0.357595 0.215858 0.0356592
9 0.787424 0.808963 0.279375 0.380827 0.0356039
6 0.211045 0.870987 0.0901187 0.129598 0.0354003
0 0.766275 0.781772 0.129999 0.175815 0.0348705
9 0.817704 0.634766 0.0527469 0.113631 0.0346831
9 0.718275 0.464838 0.163653 0.172256 0.034652
9 0.806811 0.721125 0.195756 0.292288 0.0344008
10 0.970372 0.676185 0.0566725 0.985183 0.0342892
10 0.602805 0.423721 0.0252358 0.134457 0.0341947
9 0.773366 0.657491 0.240209 0.223129 0.0341865
0 0.838874 0.715539 0.157756 0.279999 0.0333462
10 0.613016 0.351358 0.0425098 0.129745 0.0332512
9 0.593329 0.501533 0.0915753 0.133851 0.0331436
3 0.500633 0.0400689 0.998525 0.0815128 0.0331413
9 0.7892 0.588608 0.115088 0.245228 0.0331281
9 0.661574 0.651617 0.53522 0.493698 0.0329471
10 0.902237 0.515776 0.0556822 0.151533 0.0329141
10 0.675941 0.813861 0.0639401 0.109195 0.0324576
10 0.745768 0.812858 0.0317154 0.0931673 0.0323924
9 0.684498 0.498295 0.0648931 0.11245 0.0322332
9 0.819711 0.722112 0.172201 0.296118 0.032149
11 0.35526 0.986467 0.479597 0.0280216 0.0321486
9 0.686031 0.571413 0.0845492 0.212806 0.0320627
10 0.617338 0.44971 0.0398752 0.12784 0.0319708
10 0.0873782 0.0996471 0.173685 0.199016 0.0318038
10 0.749293 0.795424 0.0241755 0.0530391 0.0316985
9 0.747373 0.537405 0.087766 0.170654 0.0316666
3 0.313036 0.502363 0.626492 0.990901 0.0315419
9 0.751245 0.539631 0.0798253 0.175886 0.0313896
10 0.618483 0.444085 0.0414493 0.1419 0.0309898
10 0.587387 0.481419 0.0846591 0.229481 0.0309064
10 0.0205041 0.596667 0.0415547 0.801446 0.0309042
6 0.206025 0.849141 0.0714912 0.0914574 0.030841
9 0.824138 0.595329 0.122553 0.23445 0.0305831
4 0.70938 0.437267 0.135831 0.129566 0.030483
10 0.982258 0.531061 0.0359612 0.558636 0.030058
9 0.803852 0.648332 0.101177 0.138921 0.0300191
9 0.711893 0.63518 0.0704883 0.141829 0.029989
10 0.895788 0.909429 0.0624441 0.166824 0.0297513
0 0.783546 0.741752 0.156215 0.301835 0.0292492
9 0.67111 0.627117 0.0933689 0.162097 0.0289466
10 0.967492 0.13198 0.0652869 0.243238 0.0288874
4 0.79791 0.888762 0.258595 0.220529 0.0286592
4 0.69004 0.444376 0.111714 0.137874 0.0286197
10 0.675058 0.822056 0.0620633 0.102147 0.02859
0 0.774748 0.730399 0.144037 0.272483 0.0285
0 0.626537 0.907483 0.356502 0.181495 0.0279084
0 0.757045 0.780376 0.10654 0.16828 0.0277589
9 0.749423 0.520224 0.0774493 0.145282 0.0275815
11 0.334933 0.984119 0.326612 0.0328966 0.0275298
11 0.284527 0.977307 0.400448 0.0462414 0.0273943
9 0.593394 0.517791 0.0634359 0.0875588 0.0273718
9 0.817357 0.641639 0.0563862 0.124557 0.0272008
9 0.787163 0.588885 0.109726 0.2292 0.0271854
9 0.594968 0.598244 0.102398 0.299113 0.0271362
9 0.799853 0.613822 0.0951705 0.198027 0.0269808
10 0.762183 0.574467 0.0779528 0.224442 0.0268037
9 0.792113 0.907817 0.269213 0.183462 0.0266616
9 0.440651 0.694127 0.774132 0.606465 0.0265969
10 0.118006 0.991713 0.0868945 0.017729 0.0265164
0 0.556806 0.901363 0.162385 0.162604 0.0263914
9 0.746215 0.510137 0.0675753 0.122193 0.0260478
10 0.982831 0.496372 0.0344877 0.277791 0.0259488
9 0.685251 0.487643 0.0548538 0.0883847 0.0258448
9 0.679655 0.513266 0.0415721 0.040782 0.0257768
9 0.647544 0.546293 0.0589772 0.15799 0.0257042
9 0.739826 0.501575 0.0585552 0.106619 0.0255974
4 0.649601 0.118032 0.706575 0.234124 0.0252411
6 0.212667 0.894233 0.299981 0.214358 0.025038
10 0.889313 0.639092 0.0531679 0.12309 0.0248467
11 0.645909 0.958646 0.557178 0.0824577 0.0244147
10 0.784208 0.818491 0.0696503 0.109186 0.0243432
11 0.64275 0.959444 0.560987 0.0809151 0.0242464
10 0.177055 0.98378 0.073888 0.0392231 0.0241236
6 0.666442 0.963322 0.46717 0.0821667 0.0239945
11 0.525501 0.961913 0.923678 0.07672 0.0236229
11 0.530002 0.961023 0.811952 0.0788851 0.0235067
10 0.908466 0.951024 0.0357082 0.110456 0.0234176
11 0.61895 0.952659 0.597327 0.0954851 0.0233794
9 0.763631 0.573534 0.0655312 0.142997 0.0233255
2 0.698046 0.809965 0.028904 0.0571997 0.0233198
6 0.534357 0.847272 0.116015 0.281955 0.0232104
9 0.663896 0.46984 0.0356594 0.0529439 0.0231192
10 0.685474 0.402365 0.014897 0.0294487 0.0231023
4 0.502881 0.0855524 0.999978 0.170088 0.0230312
0 0.578689 0.946477 0.200197 0.0940019 0.0230116
6 0.482931 0.954405 0.121615 0.084532 0.0229613
10 0.988681 0.650276 0.0197094 0.123629 0.0228673
2 0.788073 0.520767 0.0141378 0.0423288 0.0228571
9 0.727288 0.787339 0.399883 0.433809 0.0227743
10 0.778895 0.499663 0.31948 0.989258 0.0224857
10 0.963053 0.862394 0.0683039 0.993754 0.0224767
10 0.598694 0.655945 0.0348066 0.114085 0.0221821
10 0.637633 0.724855 0.168116 0.167511 0.0220836
6 0.259619 0.922261 0.115011 0.136803 0.0217855
0 0.765077 0.873709 0.189229 0.231329 0.021714
10 0.646918 0.761806 0.119903 0.120722 0.0215796
10 0.592332 0.700122 0.103922 0.209087 0.0214676
10 0.681247 0.409506 0.0192575 0.0237965 0.021431
10 0.675372 0.409729 0.0198545 0.0256645 0.0209515
6 0.418489 0.961722 0.1152 0.0742153 0.0209392
10 0.742983 0.871529 0.105603 0.0932797 0.0207856
3 0.331588 0.313062 0.577733 0.519056 0.0206467
6 0.265682 0.951859 0.0950852 0.0826159 0.0204986
10 0.67643 0.784978 0.0397838 0.0432711 0.0204471
4 0.197659 0.640139 0.396314 0.723113 0.020297
10 0.664388 0.855384 0.0828968 0.0888832 0.0202576
9 0.805523 0.649507 0.0668968 0.133364 0.0202109
10 0.633365 0.742488 0.0519675 0.0652117 0.020178
4 0.485683 0.350486 0.92335 0.671598 0.0200276
4 0.591178 0.0547304 0.84277 0.102896 0.0197816
11 0.494727 0.98516 0.76527 0.0315271 0.0194629
6 0.52504 0.95157 0.0896011 0.0721035 0.0190826
10 0.68077 0.683596 0.0515945 0.0725848 0.0190817
6 0.551076 0.953604 0.142943 0.0795271 0.019021
3 0.535911 0.381148 0.949897 0.559893 0.0189301
6 0.521515 0.959888 0.101581 0.0743614 0.0188358
10 0.697773 0.900875 0.0413155 0.043585 0.0187885
1 0.612597 0.988272 0.540434 0.0538834 0.0187481
10 0.685392 0.541112 0.027966 0.0262218 0.0187445
10 0.767753 0.681633 0.0584928 0.0856438 0.0185655
10 0.655154 0.893789 0.201646 0.132935 0.0185393
4 0.783386 0.942092 0.264378 0.115082 0.0185314
10 0.612664 0.600812 0.0366589 0.0841447 0.0183876
4 0.474191 0.554627 0.823089 0.675453 0.0183323
10 0.746977 0.891147 0.214787 0.113462 0.0182815
0 0.318579 0.668587 0.631629 0.988549 0.0182745
0 0.552121 0.860789 0.046032 0.0570015 0.0181516
0 0.589301 0.916071 0.145515 0.101165 0.0181483
10 0.640213 0.910151 0.0763783 0.120576 0.0180465
11 0.596534 0.985893 0.530621 0.0349836 0.017807
10 0.636424 0.884849 0.0474707 0.0577648 0.0177869
0 0.767305 0.749545 0.208458 0.120829 0.0177627
8 0.610406 0.627251 0.0165294 0.0367886 0.0176968
10 0.845572 0.737468 0.0517294 0.0968375 0.01768
0 0.574036 0.960509 0.148263 0.0651924 0.0176701
6 0.514427 0.942057 0.0911534 0.115884 0.0176494
10 0.641213 0.972242 0.0759632 0.0659519 0.0176353
3 0.234422 0.259061 0.39965 0.322718 0.0175273
10 0.720384 0.900823 0.133793 0.0886925 0.0173694
10 0.601891 0.499328 0.0291656 0.0760013 0.0173382
10 0.717341 0.959756 0.0538619 0.0478201 0.0173219
10 0.765727 0.85485 0.0358628 0.037138 0.0172938
10 0.638026 0.937073 0.104313 0.104515 0.0172708
6 0.661383 0.966434 0.477336 0.095088 0.0172375
10 0.686024 0.907637 0.164834 0.115728 0.0170551
8 0.624046 0.664345 0.0180653 0.0508052 0.0170414
0 0.866432 0.860186 0.0521753 0.074843 0.0170112
9 0.286993 0.735687 0.565899 0.540531 0.0168671
10 0.626753 0.895749 0.0521929 0.0505753 0.0168441
10 0.32938 0.337856 0.313039 0.217266 0.0168293
10 0.380778 0.962532 0.0429334 0.074909 0.0167658
6 0.620003 0.992694 0.489831 0.0416666 0.0167401
4 0.641171 0.898657 0.568204 0.176167 0.0166944
11 0.669732 0.988396 0.363481 0.0425341 0.0166571
6 0.58369 0.949425 0.202062 0.0843432 0.0166096
10 0.828741 0.843014 0.0618691 0.0572384 0.0165733
6 0.627074 0.952022 0.342303 0.094607 0.0165644
10 0.771156 0.942585 0.0860029 0.0583284 0.0164083
6 0.524485 0.89872 0.0388443 0.0491097 0.0161724
10 0.52945 0.178929 0.812506 0.140761 0.0159067
11 0.523022 0.992758 0.186059 0.0292736 0.01578
6 0.559568 0.989297 0.301788 0.0275099 0.0156428
10 0.61369 0.991803 0.148744 0.0349205 0.0155978
6 0.686614 0.989718 0.301712 0.036169 0.0155865
10 0.616858 0.954672 0.153213 0.0780703 0.0154273
11 0.668642 0.93976 0.180082 0.071489 0.0150798
6 0.670496 0.992759 0.217336 0.0248471 0.0149689
10 0.691407 0.923117 0.08865 0.0575929 0.0143557
