6 0.392252 0.604067 0.214203 0.597709 0.907699
5 0.672798 0.478387 0.125548 0.174938 0.856611
5 0.731882 0.905019 0.124258 0.189828 0.831938
5 0.815602 0.888901 0.0705673 0.207307 0.824496
11 0.312133 0.631927 0.18364 0.421973 0.466751
11 0.359045 0.655516 0.278185 0.489071 0.322193
6 0.268914 0.255187 0.218423 0.506794 0.288041
6 0.262889 0.18444 0.200736 0.367536 0.261961
11 0.345779 0.701524 0.252251 0.579436 0.237123
11 0.307919 0.583093 0.172441 0.323048 0.212512
6 0.288185 0.417424 0.273542 0.832539 0.192566
6 0.278326 0.329754 0.250201 0.647315 0.186285
6 0.301035 0.377977 0.299002 0.743289 0.18238
6 0.271426 0.387387 0.238137 0.770359 0.172058
6 0.255288 0.132941 0.185436 0.265537 0.169434
10 0.711584 0.0177226 0.0731427 0.0351761 0.168374
6 0.284219 0.420026 0.264702 0.825696 0.158614
6 0.29186 0.389307 0.16341 0.257208 0.156504
6 0.373907 0.56972 0.176419 0.526029 0.153234
11 0.308409 0.566076 0.172806 0.285601 0.147468
6 0.306845 0.54815 0.197506 0.558879 0.132843
6 0.373685 0.552753 0.176348 0.483919 0.129765
2 0.612901 0.164126 0.0168805 0.0796854 0.127843
6 0.345803 0.579997 0.286974 0.622819 0.126726
6 0.306179 0.523689 0.195898 0.518428 0.122925
10 0.700188 0.0149857 0.0480656 0.0298094 0.119404
6 0.313065 0.560405 0.216084 0.589433 0.105574
6 0.343208 0.581708 0.287562 0.635286 0.103805
6 0.289501 0.432461 0.279996 0.779629 0.0992108
11 0.386235 0.658085 0.335223 0.516232 0.097002
6 0.402747 0.446123 0.113961 0.275637 0.0926161
10 0.71297 0.0241721 0.0829374 0.0490606 0.086427
6 0.313255 0.300815 0.320082 0.59602 0.085863
6 0.277113 0.301307 0.179453 0.415121 0.0839921
6 0.342335 0.510475 0.243902 0.41396 0.0806531
6 0.432008 0.056312 0.0369174 0.111147 0.0798398
10 0.707199 0.015762 0.0608233 0.0320801 0.0792918
2 0.615743 0.16595 0.0107725 0.0777542 0.0783274
6 0.409354 0.532785 0.122726 0.447718 0.0775369
6 0.41547 0.530545 0.149357 0.452122 0.0774008
6 0.324799 0.451853 0.350394 0.897475 0.0768892
5 0.738337 0.9831 0.0701602 0.0345367 0.0763109
6 0.286827 0.481909 0.254625 0.663153 0.0737121
2 0.60581 0.157944 0.013869 0.0630542 0.0735685
6 0.347315 0.601194 0.282426 0.698395 0.0726021
6 0.276924 0.311667 0.173472 0.402353 0.0719165
7 0.845256 0.563421 0.111472 0.191384 0.0700868
2 0.602331 0.156458 0.0137864 0.057021 0.0672705
2 0.427658 0.0455762 0.0162024 0.0490346 0.0664731
6 0.261138 0.174275 0.160878 0.173679 0.0651202
6 0.365823 0.569404 0.195463 0.53834 0.0590361
6 0.263664 0.220975 0.192539 0.31624 0.0577795
6 0.290868 0.404902 0.186433 0.361433 0.0568368
11 0.5134 0.0545237 0.194427 0.108052 0.0548804
6 0.399835 0.560763 0.130137 0.441028 0.0530727
6 0.284026 0.437364 0.277857 0.856422 0.0517546
6 0.310595 0.46327 0.331272 0.912974 0.0510184
2 0.883199 0.929496 0.0394608 0.142456 0.0503175
11 0.353154 0.667894 0.270646 0.472272 0.0486294
2 0.427242 0.0364686 0.0225215 0.0726303 0.0469234
10 0.429221 0.0352325 0.0297481 0.0723233 0.0461904
6 0.410434 0.541116 0.10223 0.451966 0.0457239
2 0.607897 0.161994 0.0275394 0.0792979 0.0456619
10 0.377068 0.990246 0.0944965 0.0197115 0.0456285
2 0.599881 0.153233 0.0121392 0.0548454 0.045334
2 0.582494 0.100982 0.0192526 0.0470728 0.0449084
10 0.643433 0.176129 0.16053 0.353858 0.0448107
5 0.756652 0.892562 0.190689 0.219413 0.044468
5 0.704959 0.868053 0.0816687 0.125297 0.044393
2 0.612751 0.150704 0.0102354 0.05176 0.0432085
10 0.587807 0.0318577 0.0505191 0.0645296 0.0423916
5 0.690105 0.892405 0.047806 0.0730037 0.0423212
2 0.850563 0.810326 0.0103542 0.0649065 0.0418565
11 0.434697 0.0820956 0.0304735 0.0592372 0.0418492
10 0.434542 0.0862459 0.0289079 0.051925 0.041667
2 0.427609 0.0373843 0.0226305 0.0654127 0.0413101
6 0.339732 0.617464 0.232672 0.468191 0.0412791
6 0.352912 0.636922 0.146241 0.385929 0.0409097
5 0.376347 0.38568 0.05968 0.110262 0.0404253
6 0.382185 0.562201 0.127286 0.509036 0.0401295
6 0.00365224 0.688631 0.00705492 0.57785 0.0395248
11 0.369924 0.67264 0.243863 0.465939 0.0394408
6 0.365828 0.706026 0.171154 0.367593 0.0393907
6 0.898627 0.927951 0.0736874 0.144409 0.0390734
6 0.407171 0.553773 0.110482 0.477141 0.0389048
6 0.435556 0.60241 0.126828 0.576418 0.0385727
5 0.37123 0.399542 0.0482837 0.103835 0.0380172
5 0.708938 0.473836 0.0370281 0.0701694 0.0379416
10 0.591344 0.0930096 0.0601967 0.186953 0.0378793
6 0.361405 0.695926 0.159231 0.328289 0.037799
5 0.819899 0.842085 0.0590757 0.136195 0.0375936
6 0.435632 0.599947 0.13076 0.579594 0.0374109
6 0.419136 0.57773 0.0968156 0.384237 0.0373104
6 0.367234 0.398289 0.164101 0.253501 0.0372482
5 0.375076 0.39674 0.0630565 0.132675 0.036978
2 0.429891 0.049117 0.0115512 0.0379045 0.0368056
6 0.347201 0.601568 0.14444 0.44757 0.036797
11 0.321853 0.667522 0.192708 0.347965 0.0365354
2 0.582297 0.0943677 0.0146872 0.0301306 0.0365178
5 0.782862 0.688506 0.176028 0.591849 0.0363273
5 0.711318 0.452082 0.050283 0.114121 0.0362275
5 0.640744 0.477499 0.0720457 0.180249 0.0361558
6 0.401999 0.637994 0.198156 0.543314 0.0361558
5 0.765043 0.951045 0.178106 0.100455 0.0361008
6 0.367479 0.544558 0.111439 0.431495 0.035935
6 0.345517 0.691171 0.13198 0.286061 0.0357504
2 0.435766 0.0440661 0.0155608 0.0800892 0.0354426
6 0.344759 0.644438 0.147639 0.394734 0.0350879
4 0.531043 0.0534233 0.0107276 0.0196833 0.0349094
5 0.676305 0.742737 0.365225 0.506075 0.0348902
2 0.614665 0.18361 0.0119655 0.0447504 0.0343333
10 0.596752 0.175235 0.0783846 0.34718 0.0342151
6 0.346362 0.719895 0.129322 0.231989 0.0341706
2 0.88215 0.8865 0.053364 0.229862 0.0340805
5 0.82179 0.852007 0.061981 0.159547 0.0340555
6 0.437778 0.696965 0.106289 0.272544 0.0339817
5 0.815257 0.947885 0.0724829 0.0964361 0.0335329
6 0.442434 0.603345 0.127457 0.575174 0.0333918
6 0.348238 0.740913 0.14667 0.263174 0.0330963
6 0.420495 0.643585 0.0850611 0.302757 0.0330831
6 0.375974 0.388594 0.110573 0.232345 0.0328017
2 0.343129 0.36467 0.0639395 0.166818 0.0326738
5 0.709914 0.45735 0.0449616 0.109219 0.0326668
6 0.00311945 0.423404 0.00585059 0.825967 0.0324591
6 0.388372 0.769889 0.219066 0.273217 0.0322695
6 0.344655 0.652477 0.127651 0.340609 0.0319348
6 0.349538 0.680245 0.142977 0.353337 0.0318491
6 0.910464 0.889588 0.0943628 0.22293 0.0318371
6 0.349228 0.708852 0.136599 0.315309 0.0316209
4 0.388971 0.258617 0.0613953 0.0853079 0.0315771
2 0.611916 0.137081 0.0111424 0.0352644 0.0312617
5 0.732326 0.903023 0.119378 0.194469 0.0311954
6 0.453064 0.635731 0.116806 0.515291 0.0311666
11 0.339167 0.693936 0.179583 0.321256 0.0311155
6 0.3398 0.65207 0.139908 0.37533 0.0310283
5 0.706397 0.44968 0.0675025 0.107897 0.0309668
6 0.256098 0.429854 0.194046 0.364055 0.0309176
6 0.303391 0.588769 0.260913 0.305888 0.030711
11 0.598697 0.245657 0.0563398 0.183818 0.0304708
6 0.373087 0.451354 0.0595484 0.228687 0.0304581
6 0.385563 0.757591 0.21565 0.299937 0.0301713
6 0.359683 0.741762 0.155804 0.179663 0.029778
2 0.39989 0.659315 0.0314022 0.0773914 0.0294654
5 0.710353 0.450285 0.0537944 0.0838579 0.0292421
2 0.744246 0.983735 0.0414462 0.0331662 0.0289479
5 0.727183 0.448604 0.0286768 0.113177 0.0288971
6 0.317137 0.176339 0.0666589 0.181558 0.0286885
2 0.405157 0.672026 0.0535706 0.119384 0.0283193
5 0.798141 0.666211 0.203331 0.650392 0.0281694
6 0.372855 0.432447 0.059693 0.200014 0.0280264
6 0.343065 0.750228 0.116762 0.169454 0.0279174
6 0.290731 0.645781 0.146046 0.212101 0.0278119
6 0.339891 0.69795 0.11222 0.144333 0.0276449
10 0.932638 0.047685 0.0319651 0.0940747 0.0276303
2 0.848673 0.885927 0.0248199 0.223912 0.0275704
5 0.249218 0.411637 0.0477384 0.115752 0.027517
5 0.630843 0.483946 0.0576513 0.166578 0.0273852
5 0.734487 0.965117 0.0691725 0.0706703 0.0273757
6 0.35815 0.385923 0.0887592 0.217796 0.0271869
5 0.254158 0.27436 0.0344982 0.0429749 0.0271326
5 0.754471 0.923728 0.0852655 0.153455 0.0269931
6 0.341169 0.772986 0.080859 0.130481 0.0266987
6 0.31642 0.72156 0.347985 0.570889 0.0265704
4 0.375106 0.871488 0.181449 0.255535 0.0265343
5 0.725571 0.44168 0.0411441 0.100264 0.02645
2 0.847344 0.810984 0.0139082 0.0739975 0.0263565
6 0.383003 0.377377 0.115531 0.16642 0.0262618
8 0.671084 0.537048 0.125788 0.153875 0.0261806
2 0.425453 0.0571614 0.00884342 0.0323328 0.0260859
5 0.722564 0.480277 0.0483444 0.1656 0.0256567
6 0.444364 0.699407 0.101125 0.406549 0.0256376
5 0.737495 0.984779 0.0539302 0.0318866 0.0255027
5 0.754624 0.901737 0.0859617 0.185019 0.0254507
2 0.873877 0.925642 0.0378225 0.154012 0.0253679
6 0.340116 0.764537 0.0940532 0.148151 0.0253396
2 0.849675 0.83056 0.00769672 0.0339497 0.0251462
2 0.40023 0.663568 0.0379178 0.0939169 0.0250513
10 0.597235 0.0466728 0.360198 0.0967622 0.0249293
6 0.244029 0.0601865 0.151383 0.127183 0.024735
6 0.906083 0.894908 0.0704 0.215471 0.0246593
5 0.698575 0.474788 0.0685578 0.0503105 0.0246496
11 0.373475 0.893849 0.340501 0.265855 0.0239716
6 0.336779 0.156538 0.0993955 0.297195 0.0239354
2 0.615946 0.194374 0.00865288 0.0460387 0.0237814
5 0.632522 0.51843 0.042028 0.104986 0.0237741
6 0.433749 0.74709 0.0806349 0.237527 0.0230154
6 0.333403 0.712334 0.104559 0.082211 0.0229705
6 0.260994 0.060036 0.0921177 0.126559 0.0229676
6 0.448736 0.707361 0.0669456 0.174396 0.0229125
5 0.772078 0.918104 0.0503119 0.115992 0.0229119
2 0.611797 0.20628 0.0124585 0.0442806 0.0227965
6 0.35118 0.778322 0.117593 0.153418 0.0227059
6 0.344198 0.619478 0.106525 0.15407 0.0226908
6 0.360647 0.790018 0.145668 0.218872 0.0226505
5 0.785373 0.924402 0.026451 0.0523361 0.0226397
2 0.377229 0.406507 0.0317261 0.0808142 0.0223519
10 0.623874 0.0467383 0.124195 0.0775106 0.0223101
6 0.331188 0.777179 0.0498233 0.107315 0.0220314
2 0.595159 0.191784 0.0177919 0.0677262 0.0217832
6 0.279568 0.948752 0.19391 0.1503 0.0216995
6 0.381602 0.567621 0.0694554 0.17682 0.0216951
5 0.254939 0.387717 0.0815561 0.165939 0.0215526
10 0.50315 0.0528787 0.151775 0.105788 0.021347
5 0.848804 0.879819 0.0259127 0.236491 0.0213409
6 0.358051 0.254008 0.0894585 0.25246 0.0212491
6 0.451882 0.779658 0.0911469 0.275004 0.0212246
6 0.87037 0.926789 0.0397638 0.150204 0.021224
6 0.445507 0.7737 0.111646 0.310619 0.0211913
11 0.322973 0.936548 0.286701 0.207965 0.0211791
6 0.342349 0.350315 0.045869 0.0939477 0.0211547
6 0.348199 0.787113 0.1008 0.110838 0.0209578
2 0.851662 0.866463 0.0214121 0.143855 0.0206315
8 0.640074 0.558271 0.0589829 0.100527 0.0205253
6 0.374989 0.61251 0.0646611 0.104872 0.0205115
2 0.356713 0.778362 0.0343522 0.100116 0.0204123
2 0.839496 0.826597 0.0267784 0.0546716 0.020154
5 0.807852 0.926454 0.0460217 0.0922023 0.0201499
10 0.832885 0.946033 0.0394344 0.106378 0.0200799
2 0.437804 0.366961 0.0189192 0.0531148 0.019796
6 0.237196 0.944876 0.19028 0.160898 0.01979
6 0.330514 0.185 0.0445838 0.127079 0.0197672
6 0.268167 0.0722551 0.0805966 0.117833 0.0197262
6 0.255491 0.967134 0.175794 0.12681 0.0197088
2 0.390522 0.581551 0.0350664 0.0592715 0.019677
6 0.366069 0.686696 0.0419117 0.0556448 0.0195057
2 0.855259 0.899223 0.0108833 0.120156 0.0194919
6 0.28495 0.315916 0.0984047 0.0960163 0.019407
6 0.37802 0.690786 0.0354374 0.0741708 0.0193613
6 0.239421 0.546297 0.108888 0.153255 0.0193275
2 0.847006 0.893519 0.0166262 0.121086 0.0192986
6 0.27618 0.665787 0.103245 0.0842707 0.0192934
6 0.346469 0.759826 0.0425691 0.06323 0.019124
6 0.22815 0.536432 0.131516 0.155208 0.0190435
5 0.729528 0.516375 0.0421365 0.125644 0.0190107
6 0.350082 0.855257 0.139369 0.291537 0.0189196
6 0.356051 0.939785 0.153982 0.150634 0.018878
10 0.326979 0.0869918 0.0920399 0.18117 0.0188704
7 0.325574 0.537658 0.0273409 0.0800147 0.0187838
5 0.826084 0.817338 0.061153 0.0741525 0.018732
5 0.773915 0.948602 0.0533431 0.104463 0.018709
4 0.103018 0.0292023 0.196438 0.0973716 0.018571
10 0.825929 0.948327 0.0213749 0.0390936 0.0185266
5 0.765033 0.952605 0.0510153 0.0992766 0.018434
6 0.369179 0.952227 0.133319 0.159396 0.0184274
4 0.0527092 0.00639301 0.0237136 0.0229403 0.0183051
10 0.532975 0.0707793 0.0118156 0.0206555 0.0182923
8 0.359075 0.812135 0.0816728 0.113795 0.0181479
6 0.26665 0.939934 0.158627 0.118188 0.0181026
5 0.374992 0.380985 0.0476342 0.0681196 0.0180052
10 0.610717 0.631462 0.049992 0.115393 0.0177435
5 0.658914 0.567077 0.074938 0.06148 0.0175798
8 0.673595 0.816826 0.110283 0.0847881 0.0172166
11 0.329763 0.962208 0.243215 0.132762 0.0171935
8 0.401707 0.870709 0.0347058 0.0559128 0.0171876
11 0.271839 0.91943 0.143267 0.181545 0.0171399
11 0.286195 0.880969 0.14464 0.204732 0.0171023
8 0.662756 0.813142 0.119525 0.099644 0.017091
8 0.794814 0.965605 0.069532 0.0669357 0.0170898
10 0.517504 0.103506 0.169553 0.0806658 0.0170019
5 0.256825 0.509704 0.0761249 0.0671763 0.0169376
6 0.293697 0.925767 0.144592 0.174665 0.0168889
6 0.25055 0.935326 0.114825 0.124455 0.0168862
8 0.339572 0.836481 0.106226 0.135654 0.0168059
8 0.342628 0.832625 0.0619552 0.0932749 0.0167297
8 0.762746 0.984872 0.163685 0.033987 0.016728
5 0.645894 0.529828 0.414157 0.399774 0.0167092
6 0.248263 0.944163 0.151835 0.0997063 0.016587
8 0.464823 0.864916 0.0945853 0.184249 0.0164313
8 0.339891 0.87172 0.0514474 0.0836052 0.0163972
8 0.746085 0.971188 0.123461 0.060332 0.0163899
10 0.636273 0.643916 0.088944 0.103961 0.0163008
11 0.298521 0.978949 0.237783 0.0907755 0.0162684
8 0.341045 0.905959 0.0430098 0.055045 0.0161654
10 0.246572 0.847639 0.0515027 0.0754623 0.0161278
10 0.69149 0.624168 0.0348917 0.0251077 0.0159968
11 0.316466 0.843337 0.0890213 0.127815 0.0159105
8 0.303292 0.855736 0.0772687 0.102038 0.0158209
8 0.667102 0.747787 0.0537593 0.0427973 0.0156412
6 0.330259 0.919245 0.0881907 0.150466 0.0155583
8 0.384473 0.928473 0.0816157 0.145121 0.0155189
6 0.279589 0.941609 0.0978538 0.109323 0.0154643
10 0.750409 0.376609 0.0272522 0.0533539 0.0153767
11 0.288373 0.806337 0.101821 0.129815 0.0153672
8 0.568526 0.928994 0.0460742 0.0827362 0.0153621
8 0.34089 0.888412 0.0669555 0.111097 0.0153074
8 0.604599 0.753652 0.030197 0.0217802 0.0152323
5 0.246388 0.491601 0.0542598 0.0795743 0.0151877
6 0.345925 0.947734 0.125521 0.119908 0.0151395
8 0.328725 0.8635 0.0695794 0.0898985 0.0151187
10 0.711528 0.613881 0.0283531 0.0254423 0.0150874
10 0.346409 0.918372 0.0808084 0.131812 0.0150561
8 0.575486 0.788737 0.0241094 0.0419375 0.0150453
8 0.333933 0.931092 0.0488596 0.0690508 0.0148762
8 0.655462 0.718318 0.0381045 0.0430277 0.0147339
6 0.423445 0.346545 0.0773055 0.0891471 0.0143535
2 0.245497 0.490385 0.0537986 0.0678983 0.0143192
6 0.323789 0.939612 0.0654959 0.0810812 0.0142082
10 0.387104 0.933177 0.15355 0.117308 0.0138716
10 0.342748 0.960687 0.0665558 0.0558551 0.0138622
10 0.323918 0.961477 0.0660333 0.0662769 0.0133443
