10 0.470295 0.834381 0.0655826 0.332151 0.880471
10 0.32853 0.863448 0.0564047 0.272942 0.869685
10 0.786755 0.931272 0.0708479 0.13636 0.869376
10 0.390915 0.861844 0.082846 0.276289 0.862106
10 0.89654 0.423865 0.0197468 0.0883331 0.804793
0 0.632978 0.552199 0.0608594 0.162589 0.603517
10 0.155596 0.759889 0.0525714 0.167521 0.420528
10 0.509111 0.604212 0.0315047 0.124447 0.323652
11 0.349212 0.719383 0.0585975 0.14457 0.31655
10 0.155187 0.735748 0.0558184 0.185595 0.315154
0 0.732143 0.494751 0.0320331 0.0872514 0.306322
6 0.022554 0.96254 0.0457184 0.0756686 0.294032
10 0.163135 0.752446 0.0398934 0.143645 0.275181
10 0.145229 0.744652 0.0427958 0.205541 0.250743
10 0.166248 0.753984 0.0342199 0.137129 0.247436
10 0.46552 0.58903 0.0372938 0.13364 0.237991
0 0.634463 0.572451 0.0577669 0.121668 0.222753
11 0.258915 0.678516 0.0442662 0.143618 0.20876
11 0.387619 0.731523 0.0625693 0.122797 0.196955
10 0.142997 0.745327 0.0514812 0.203479 0.196698
11 0.383593 0.724726 0.0404918 0.0996118 0.190903
11 0.368087 0.719641 0.0996173 0.147741 0.184568
6 0.0203329 0.93092 0.0408641 0.139155 0.181719
6 0.0310873 0.923378 0.0623112 0.153271 0.180028
6 0.0313175 0.940566 0.0635406 0.119673 0.179268
6 0.0341206 0.950208 0.0686529 0.100352 0.177021
0 0.736817 0.495042 0.022112 0.0756712 0.175055
6 0.0332967 0.961046 0.0672019 0.0786625 0.173642
10 0.141425 0.694848 0.0312533 0.109108 0.165256
10 0.486065 0.592028 0.0751808 0.14731 0.161949
10 0.144459 0.78109 0.0429306 0.133455 0.160829
10 0.29189 0.66838 0.0382518 0.114323 0.1578
10 0.150021 0.749403 0.0709769 0.215731 0.15336
10 0.509539 0.622972 0.0299672 0.0981543 0.150959
10 0.509362 0.617118 0.0277234 0.0834963 0.14453
10 0.95455 0.403623 0.015016 0.0636939 0.144377
6 0.14937 0.765912 0.0703747 0.168057 0.143219
6 0.0492175 0.958874 0.0981365 0.0825379 0.14137
11 0.355544 0.680266 0.0519109 0.0704516 0.132853
11 0.258703 0.704422 0.0603038 0.200318 0.116718
11 0.385964 0.702809 0.0273868 0.0474072 0.115899
2 0.00982373 0.927344 0.0202351 0.143204 0.115583
11 0.260712 0.642505 0.0323115 0.0568911 0.113356
10 0.153743 0.70095 0.0504551 0.121594 0.113298
10 0.435214 0.591191 0.0321825 0.120894 0.113197
10 0.298619 0.665441 0.0249565 0.0892833 0.113059
0 0.647669 0.574332 0.0307752 0.0854121 0.111729
6 0.225357 0.678818 0.0249434 0.0766382 0.111217
6 0.417294 0.591204 0.0457696 0.11611 0.10886
11 0.258722 0.668431 0.0394082 0.118349 0.107884
4 0.949767 0.935413 0.0999975 0.104964 0.105665
10 0.142087 0.672054 0.0326036 0.156716 0.104457
10 0.143105 0.684945 0.0253734 0.0855386 0.103424
7 0.275688 0.256902 0.0258142 0.0445304 0.101016
7 0.277806 0.256945 0.019795 0.0424037 0.097617
11 0.274685 0.697156 0.0854366 0.19143 0.0963175
7 0.302352 0.277724 0.0220222 0.0276282 0.0962179
10 0.1417 0.634026 0.0262833 0.0773754 0.0951828
10 0.508757 0.548266 0.032865 0.242465 0.0947811
6 0.00717103 0.748734 0.0140323 0.0726345 0.094337
10 0.143923 0.581015 0.0315221 0.0878651 0.0939083
6 0.221544 0.654245 0.0338343 0.121527 0.0900862
6 0.267464 0.694729 0.0276124 0.0781607 0.0895247
10 0.300333 0.66699 0.0252972 0.0884053 0.0883702
10 0.145712 0.609939 0.0391561 0.149018 0.0883505
7 0.204807 0.0201276 0.041405 0.0402441 0.0864867
11 0.0249921 0.860994 0.0499 0.277582 0.0849155
11 0.02861 0.987066 0.0576809 0.0271198 0.0843605
11 0.40626 0.668154 0.0565958 0.0944283 0.0843104
10 0.172454 0.646078 0.0255205 0.100778 0.0833562
2 0.00825222 0.904569 0.0164427 0.0933207 0.0820177
11 0.349133 0.68558 0.0539819 0.0747103 0.0809224
6 0.151414 0.793086 0.0408787 0.109895 0.0784255
10 0.224563 0.613569 0.0417311 0.195065 0.0777802
10 0.257771 0.564856 0.0335258 0.113968 0.0772933
6 0.0383704 0.948978 0.0340972 0.0855467 0.0762641
10 0.177487 0.653046 0.0232171 0.0924872 0.074863
6 0.134746 0.782072 0.0344752 0.1347 0.0744121
7 0.300927 0.273839 0.0262246 0.0370422 0.0742397
7 0.0504585 0.0468945 0.0668808 0.0936311 0.074204
11 0.264037 0.702175 0.0283486 0.0679358 0.0737154
7 0.205133 0.283671 0.0235386 0.0318673 0.0736377
10 0.625611 0.497158 0.0329209 0.14516 0.0733895
10 0.493805 0.547839 0.0603628 0.240903 0.0731876
6 0.785165 0.988631 0.0669137 0.0225447 0.0727718
6 0.182871 0.676008 0.0214227 0.0534273 0.0720839
11 0.292785 0.690622 0.0401538 0.0642254 0.0714837
6 0.472691 0.613111 0.027328 0.081642 0.0699804
3 0.95566 0.659208 0.0884115 0.674357 0.0699101
10 0.178293 0.655478 0.0309504 0.109717 0.0687517
10 0.290125 0.646508 0.0328969 0.086411 0.0676354
6 0.0135321 0.985719 0.0267243 0.0284418 0.0673817
10 0.48949 0.548116 0.068462 0.239269 0.0671542
6 0.403888 0.690163 0.0305304 0.0517971 0.0664257
10 0.162892 0.709602 0.0222954 0.0495905 0.0652938
0 0.633346 0.556643 0.0545169 0.152844 0.0651668
7 0.266995 0.272617 0.0285096 0.032507 0.065067
10 0.296393 0.652184 0.0219142 0.0732931 0.0646275
6 0.0208121 0.836987 0.0422659 0.326759 0.0642325
6 0.0134904 0.96766 0.0269003 0.0652052 0.0633236
10 0.987664 0.370772 0.0246229 0.101039 0.0632786
0 0.731095 0.466479 0.0366138 0.146944 0.0632499
0 0.648954 0.587659 0.0214428 0.0510018 0.0630984
11 0.268317 0.720813 0.0341967 0.121959 0.062884
6 0.148337 0.799454 0.0391346 0.101287 0.0628167
3 0.0200847 0.74044 0.0401684 0.52125 0.0627012
6 0.0272337 0.959649 0.0548552 0.0788278 0.0613211
6 0.42416 0.618189 0.0310032 0.0674816 0.0611618
10 0.0106652 0.855102 0.023148 0.28505 0.0607415
7 0.0127879 0.907102 0.0237552 0.0703384 0.060609
6 0.172468 0.775007 0.0224796 0.0918282 0.060189
6 0.966712 0.680106 0.0279396 0.0964489 0.0599209
6 0.373674 0.683715 0.019416 0.0625958 0.0591806
10 0.142987 0.640506 0.0318114 0.0891547 0.0587528
10 0.0100809 0.856457 0.0221407 0.285018 0.0585383
6 0.129092 0.796122 0.0316818 0.107161 0.0582347
10 0.896714 0.424127 0.0168749 0.0845219 0.0575441
10 0.169763 0.568216 0.0342688 0.0826863 0.05732
4 0.237892 0.275537 0.0559639 0.0463885 0.0571936
2 0.257451 0.91639 0.016969 0.0362373 0.0569876
6 0.00738728 0.717977 0.0147946 0.13971 0.055803
6 0.406922 0.700608 0.0208456 0.0327355 0.0557903
6 0.119714 0.719282 0.0244131 0.0941902 0.0557718
10 0.976318 0.65785 0.0470154 0.639342 0.0554539
6 0.36729 0.717188 0.0362126 0.132996 0.0550434
2 0.0817006 0.765848 0.0114025 0.0189377 0.0539392
6 0.270169 0.708695 0.0225522 0.0500408 0.0537956
6 0.13451 0.707386 0.0284964 0.084572 0.0537727
11 0.268812 0.680381 0.0207965 0.0404826 0.0527595
0 0.438977 0.906914 0.0468599 0.0593739 0.052725
10 0.172126 0.64142 0.0159856 0.0739406 0.0518912
10 0.007607 0.870722 0.0173149 0.251566 0.0517977
6 0.006688 0.69646 0.0132657 0.173592 0.0512983
10 0.173111 0.766867 0.0220838 0.105282 0.0512134
7 0.171551 0.282984 0.0242356 0.0323341 0.0511473
11 0.261144 0.672016 0.0344152 0.0630939 0.0507974
10 0.582085 0.535382 0.0306898 0.180458 0.0502477
4 0.987757 0.346891 0.0249199 0.0505274 0.0500186
10 0.431672 0.569302 0.0181962 0.0672606 0.049982
10 0.331965 0.897496 0.0557191 0.199804 0.0496822
7 0.257293 0.276377 0.0253169 0.031622 0.0496155
10 0.942864 0.361042 0.0113546 0.0528178 0.0491138
6 0.229842 0.691118 0.0191429 0.0640873 0.0487329
6 0.949612 0.799824 0.100154 0.395871 0.0484566
6 0.976101 0.747729 0.0461208 0.325167 0.0484135
10 0.981012 0.509144 0.0378479 0.285335 0.0483557
6 0.986422 0.792327 0.0273733 0.400451 0.0478386
10 0.172274 0.760071 0.0208605 0.116175 0.0478002
6 0.118567 0.697955 0.0167955 0.0335741 0.0477944
10 0.981943 0.333478 0.0129683 0.0262753 0.0476742
10 0.231173 0.535914 0.0222284 0.0437315 0.0475554
10 0.98744 0.451251 0.0249949 0.260716 0.0475295
10 0.115343 0.746345 0.0468238 0.201156 0.0470761
6 0.112487 0.702109 0.0329604 0.124552 0.0468315
6 0.0430628 0.953797 0.0371029 0.0926156 0.0461828
6 0.182087 0.678544 0.0196957 0.0587278 0.0461487
10 0.616901 0.531527 0.042066 0.192167 0.0460861
10 0.402505 0.487787 0.0202087 0.0499927 0.0458369
10 0.215765 0.555019 0.0589911 0.10595 0.0448647
10 0.993394 0.473473 0.0139946 0.264624 0.0445434
6 0.3673 0.719127 0.0241144 0.13233 0.0443349
4 0.954872 0.324486 0.0133852 0.024381 0.0442789
6 0.451087 0.610335 0.0186864 0.0829946 0.0436247
10 0.133232 0.746041 0.0183433 0.05416 0.0431078
10 0.980541 0.615804 0.0386393 0.53046 0.0430143
10 0.171643 0.735415 0.0243912 0.0640928 0.0430025
10 0.902444 0.426912 0.0131334 0.0821968 0.0428087
6 0.374787 0.68491 0.0149397 0.0569162 0.0426535
6 0.0116614 0.982969 0.0232552 0.0312092 0.0421964
10 0.508978 0.621768 0.026245 0.0856301 0.0418215
10 0.231945 0.528928 0.0231549 0.05804 0.0414983
10 0.315247 0.862418 0.0440917 0.264973 0.0414683
7 0.205696 0.019075 0.032677 0.0387839 0.0413756
10 0.273185 0.76222 0.0257838 0.0440812 0.0411062
6 0.0179709 0.867946 0.0377535 0.27557 0.040558
6 0.00840332 0.78793 0.0164674 0.147032 0.0404686
10 0.432746 0.598272 0.0185369 0.10058 0.0403641
7 0.794981 0.91542 0.0206833 0.0317118 0.0402151
6 0.503842 0.566939 0.0182361 0.0557697 0.0400799
10 0.0226963 0.684611 0.0339432 0.175003 0.0397624
4 0.879471 0.349354 0.0380291 0.0448193 0.0395593
10 0.229747 0.562464 0.0366454 0.0993431 0.0393435
10 0.190492 0.566256 0.0506678 0.0855075 0.0391715
6 0.949642 0.798082 0.100683 0.392599 0.0390727
11 0.308713 0.665128 0.135543 0.114514 0.0389566
10 0.623922 0.474514 0.0229289 0.0969302 0.0387289
10 0.149497 0.753813 0.0290649 0.103489 0.038637
7 0.342709 0.702614 0.0299469 0.0659727 0.0385525
10 0.616153 0.52604 0.0408565 0.19884 0.0382173
10 0.117159 0.66639 0.0211223 0.0601235 0.0381679
7 0.350353 0.83826 0.0321229 0.0838515 0.0379899
6 0.429355 0.629969 0.0213028 0.0506877 0.0379838
10 0.612088 0.529907 0.0344891 0.153103 0.0379692
10 0.791822 0.917632 0.0595004 0.110953 0.0375971
7 0.266215 0.261779 0.0499802 0.0556619 0.0371509
6 0.248911 0.58862 0.0195006 0.0661119 0.0365625
10 0.3688 0.854176 0.112208 0.280191 0.0364963
10 0.387681 0.8946 0.0898414 0.204142 0.0361857
6 0.151013 0.776899 0.0318881 0.115759 0.0359116
10 0.0136529 0.74141 0.0275577 0.515394 0.0358264
6 0.093187 0.99076 0.111761 0.0199508 0.035637
6 0.29983 0.834567 0.0266157 0.143242 0.0355119
10 0.133289 0.568859 0.0175684 0.0599962 0.0352597
6 0.252629 0.698396 0.0146734 0.0780798 0.0346851
10 0.141751 0.66109 0.0246427 0.0458211 0.0345584
11 0.265254 0.670592 0.0210143 0.0369479 0.0345205
10 0.171593 0.622729 0.0152243 0.0413695 0.0344569
10 0.917972 0.331273 0.0169422 0.026276 0.0342436
7 0.291791 0.275153 0.0420746 0.0368053 0.0341229
7 0.00964418 0.940694 0.0133237 0.0449999 0.033783
7 0.268819 0.272402 0.0289936 0.0309637 0.0337323
7 0.330055 0.696273 0.0135578 0.0364769 0.0331877
7 0.278655 0.268044 0.0196647 0.0311914 0.0331098
2 0.257106 0.91451 0.0123818 0.032161 0.0324517
6 0.146913 0.69765 0.0209715 0.0542765 0.032348
11 0.348346 0.740582 0.0469162 0.110446 0.0322255
10 0.155477 0.704318 0.0137004 0.0392542 0.032033
7 0.289478 0.279339 0.0363166 0.0326956 0.0313562
11 0.362371 0.741627 0.021228 0.0878221 0.0309108
6 0.364532 0.741716 0.025385 0.0952285 0.030898
10 0.978524 0.698745 0.042845 0.597813 0.030884
6 0.2594 0.718423 0.0156556 0.0348199 0.0307394
6 0.163894 0.789388 0.0240116 0.0887303 0.0303677
10 0.240059 0.539986 0.01399 0.0374987 0.0303106
10 0.988904 0.452848 0.0242895 0.204367 0.0302577
7 0.226017 0.280148 0.0229002 0.0222565 0.0301483
4 0.015467 0.659297 0.0303954 0.345482 0.0298982
10 0.240608 0.529993 0.0204696 0.056109 0.029844
10 0.135977 0.606983 0.0131912 0.0491775 0.0294447
7 0.797198 0.912783 0.022929 0.0304533 0.02933
10 0.205598 0.524536 0.0164673 0.0344239 0.0293098
0 0.719733 0.511147 0.0121031 0.0681918 0.0287668
10 0.396537 0.957843 0.108224 0.0834577 0.0285336
10 0.959153 0.463557 0.0219063 0.123342 0.0284732
11 0.267433 0.689665 0.0196898 0.0342949 0.028414
10 0.873847 0.930842 0.258997 0.135603 0.0282008
10 0.125742 0.70046 0.0159182 0.0634161 0.0281878
10 0.895781 0.410631 0.0121965 0.0358913 0.0280729
6 0.321701 0.790235 0.0786808 0.165935 0.0279019
10 0.17802 0.752694 0.0182501 0.0407888 0.0273268
10 0.364242 0.828256 0.132261 0.138883 0.0270527
10 0.154044 0.60209 0.0163046 0.0501597 0.0269486
10 0.322285 0.847159 0.0466468 0.134895 0.0268937
4 0.952861 0.7076 0.0933395 0.583996 0.0268784
10 0.887858 0.461888 0.00697727 0.047848 0.0268666
6 0.235904 0.72319 0.0187442 0.040531 0.0265731
7 0.375259 0.6933 0.015557 0.0365477 0.0262912
6 0.0409125 0.983304 0.0355435 0.0311301 0.0261988
10 0.504985 0.736135 0.0329833 0.191173 0.0258105
10 0.257849 0.559162 0.0213121 0.0374332 0.02581
10 0.156715 0.745322 0.0243933 0.0502207 0.0257331
10 0.947407 0.434456 0.0137259 0.0653616 0.0256923
10 0.878577 0.333725 0.0203323 0.0343094 0.0254782
10 0.144097 0.68011 0.020951 0.0420913 0.0254275
6 0.126104 0.744558 0.0156179 0.0316427 0.0244058
6 0.247696 0.774283 0.0274138 0.0776183 0.0243661
10 0.89549 0.4108 0.0113808 0.0318992 0.0243326
6 0.252793 0.675538 0.0115939 0.0389611 0.0243198
6 0.227802 0.730702 0.0200772 0.0436336 0.0242609
6 0.835497 0.966048 0.176499 0.0660461 0.024235
6 0.299094 0.839109 0.0551981 0.0970625 0.0241051
10 0.472976 0.904834 0.0800379 0.0777936 0.0240802
10 0.39583 0.806828 0.101675 0.126943 0.0238153
6 0.387107 0.755361 0.0510573 0.0798291 0.0237537
10 0.988409 0.15261 0.0236177 0.301238 0.0237127
6 0.335735 0.971018 0.0461392 0.0721134 0.0233482
10 0.437369 0.859266 0.0655432 0.278768 0.0233283
11 0.378861 0.963139 0.263503 0.072805 0.0230564
3 0.500737 0.596981 0.870866 0.600554 0.0230149
6 0.310657 0.867511 0.0223566 0.0325249 0.0226774
6 0.988099 0.966232 0.0203588 0.0528831 0.0225707
10 0.386168 0.922661 0.035637 0.0487861 0.022563
11 0.556697 0.671897 0.553131 0.233334 0.0221891
10 0.988612 0.234895 0.0241709 0.483277 0.0221746
10 0.420905 0.889162 0.0223131 0.0406737 0.0216107
10 0.373057 0.877649 0.0233965 0.041656 0.0214931
10 0.223936 0.52497 0.0184965 0.0183118 0.021206
10 0.419211 0.933043 0.0190147 0.0194573 0.0211444
10 0.235901 0.532257 0.0159358 0.0204087 0.0210457
10 0.348146 0.914673 0.0325784 0.0256451 0.0206154
10 0.439409 0.886526 0.0296548 0.0349207 0.0204718
10 0.348369 0.842022 0.0389294 0.0862545 0.0204485
2 0.245495 0.386653 0.0231108 0.0188917 0.0204315
10 0.283875 0.874438 0.0155948 0.0227491 0.01997
10 0.516565 0.776379 0.0237819 0.0426583 0.0197009
10 0.210902 0.85454 0.0330912 0.0766076 0.0194895
0 0.634355 0.651872 0.0683255 0.128082 0.0188979
7 0.378413 0.669403 0.0125962 0.0286611 0.0185268
6 0.3961 0.979375 0.0991468 0.0483918 0.0184376
6 0.401633 0.709469 0.0126302 0.020774 0.0181333
10 0.701411 0.8557 0.0395691 0.0327939 0.0177765
10 0.947396 0.561097 0.00748482 0.0320455 0.0176962
10 0.520841 0.879095 0.0213618 0.0337425 0.0175328
2 0.737536 0.709209 0.0137426 0.0370074 0.0175145
10 0.742015 0.559338 0.0101281 0.0230255 0.0172453
10 0.452396 0.904578 0.0443207 0.0516634 0.0169232
6 0.178694 0.889202 0.0173125 0.0359289 0.0168915
2 0.666479 0.829549 0.0221226 0.0243084 0.01632
10 0.228699 0.417478 0.0197705 0.0186487 0.0161518
10 0.611546 0.926807 0.0784975 0.0546539 0.0144531
