4 0.679072 0.575828 0.310784 0.330421 0.88375
4 0.729421 0.351071 0.0969887 0.106644 0.840772
4 0.420192 0.272647 0.194747 0.192358 0.418694
4 0.854981 0.330793 0.100093 0.121251 0.321564
4 0.637809 0.360565 0.0886675 0.110138 0.21912
4 0.459571 0.262415 0.147808 0.19678 0.194108
3 0.149587 0.49811 0.298037 0.997027 0.190183
3 0.131785 0.633178 0.263108 0.706247 0.166063
10 0.0926967 0.693188 0.101546 0.593224 0.15191
4 0.840393 0.33557 0.0645164 0.100292 0.151652
4 0.415706 0.226282 0.239711 0.311583 0.148333
4 0.440999 0.273429 0.110398 0.169154 0.148166
4 0.414816 0.274559 0.149685 0.165864 0.144088
3 0.500539 0.49749 0.999862 0.994268 0.135645
4 0.429721 0.267149 0.223808 0.216493 0.133043
4 0.0739182 0.658435 0.147622 0.664912 0.130655
3 0.163265 0.629821 0.326286 0.718639 0.128233
4 0.421444 0.203539 0.224087 0.342051 0.128128
4 0.597036 0.360892 0.16985 0.119226 0.125783
10 0.189977 0.744376 0.141206 0.49476 0.112551
10 0.0407173 0.65323 0.0813854 0.677913 0.111647
0 0.0721752 0.677586 0.143578 0.628095 0.107304
3 0.185212 0.499336 0.370357 0.997863 0.105946
0 0.0807829 0.713178 0.160231 0.555593 0.0940721
4 0.413751 0.270398 0.313595 0.244595 0.0939453
4 0.613225 0.332202 0.14301 0.165745 0.0916298
4 0.105835 0.716767 0.210608 0.550037 0.0913167
0 0.0845604 0.727654 0.168275 0.525914 0.088403
4 0.480272 0.288268 0.110119 0.151261 0.088308
10 0.180284 0.685413 0.0874459 0.326956 0.0854343
4 0.381149 0.614587 0.152665 0.317403 0.0837665
10 0.462694 0.20498 0.0638112 0.102284 0.0833274
4 0.533865 0.186597 0.439336 0.367553 0.0833147
3 0.134642 0.567456 0.266916 0.57305 0.082599
10 0.067468 0.690644 0.0767137 0.600491 0.0821825
3 0.220856 0.630624 0.446498 0.722423 0.0806929
10 0.0352241 0.656872 0.0709044 0.669751 0.0795508
10 0.199299 0.664543 0.170975 0.652673 0.078492
3 0.92974 0.325711 0.141901 0.612738 0.0768698
10 0.476977 0.233622 0.102356 0.156099 0.0755855
10 0.176176 0.738264 0.0926279 0.441225 0.0752778
10 0.0308006 0.669642 0.0620669 0.644971 0.0746271
4 0.883819 0.339128 0.201773 0.182763 0.0722824
10 0.0302705 0.686983 0.0614116 0.611129 0.0707527
10 0.193284 0.623053 0.0492786 0.188214 0.0688767
4 0.608716 0.337313 0.153872 0.161406 0.0679891
10 0.0399312 0.514587 0.0808198 0.938747 0.0673084
3 0.0940187 0.570476 0.186782 0.835439 0.0666934
3 0.129405 0.424233 0.256979 0.276208 0.0659996
4 0.388469 0.27659 0.214128 0.187915 0.0652664
3 0.248169 0.628097 0.501498 0.72855 0.064976
4 0.910244 0.333468 0.0612888 0.0858786 0.063742
3 0.940648 0.499946 0.120049 0.96261 0.0634208
10 0.151129 0.700402 0.0557592 0.372207 0.0633779
10 0.462124 0.231612 0.0946926 0.150701 0.0630762
10 0.199127 0.649999 0.165433 0.683503 0.0624951
10 0.170097 0.73925 0.204016 0.504826 0.0624704
4 0.0421389 0.477051 0.0856638 0.26451 0.0623658
10 0.175786 0.749106 0.126832 0.484817 0.0623156
4 0.0549175 0.569375 0.110019 0.504021 0.0608029
0 0.956026 0.201754 0.0884968 0.3676 0.0597686
10 0.149075 0.718596 0.0675122 0.408982 0.0597256
10 0.186419 0.639118 0.0656093 0.222197 0.0593578
3 0.962105 0.4006 0.0763809 0.745654 0.0588002
10 0.0308379 0.655973 0.0623088 0.681985 0.0583363
3 0.956223 0.28859 0.0884403 0.545998 0.0580152
10 0.476572 0.220642 0.100552 0.133213 0.0579761
10 0.172692 0.757791 0.106895 0.466184 0.0572639
4 0.84033 0.358522 0.0529034 0.0548312 0.0565527
4 0.499461 0.221707 0.406754 0.331601 0.0562763
4 0.536843 0.383216 0.0444662 0.0470757 0.0560096
4 0.426815 0.632475 0.858619 0.719321 0.055862
4 0.187317 0.43322 0.147703 0.271079 0.0556457
3 0.270551 0.498742 0.543757 0.997113 0.0551444
10 0.0325016 0.572998 0.0657099 0.424568 0.0534372
10 0.106888 0.707727 0.0788487 0.56145 0.0527226
4 0.317117 0.310892 0.0786896 0.13751 0.0521679
4 0.574028 0.282503 0.053932 0.0564868 0.0520796
4 0.364159 0.295552 0.263699 0.174083 0.051851
4 0.93026 0.465486 0.139932 0.27127 0.0508931
4 0.898959 0.347355 0.0877499 0.116305 0.0507109
4 0.427636 0.49833 0.850186 0.977863 0.0501307
4 0.536919 0.132439 0.435599 0.260571 0.0499206
4 0.0304144 0.428657 0.06269 0.153523 0.0497141
4 0.984813 0.358557 0.0310636 0.374817 0.0496065
10 0.18861 0.633969 0.0595429 0.209955 0.0485797
10 0.150835 0.620278 0.0453043 0.207653 0.0481986
10 0.325728 0.268975 0.0681508 0.209772 0.0476522
10 0.235236 0.753395 0.245785 0.476562 0.0469041
4 0.123512 0.475468 0.246977 0.384 0.0467127
10 0.436441 0.223694 0.0390379 0.0701023 0.0461681
4 0.174121 0.313644 0.348767 0.579062 0.0458021
3 0.237903 0.632241 0.48183 0.721383 0.04507
4 0.0363048 0.489448 0.0744196 0.281327 0.04506
4 0.68935 0.342109 0.462478 0.175603 0.0444792
10 0.980398 0.306039 0.0393959 0.5558 0.0440089
4 0.653444 0.155728 0.689238 0.309706 0.0440078
10 0.201452 0.656799 0.112002 0.322138 0.0439724
10 0.329231 0.231021 0.0439906 0.126438 0.0437603
4 0.97769 0.403368 0.0450776 0.416752 0.0435167
10 0.174659 0.770386 0.11717 0.443258 0.0434797
4 0.823493 0.329803 0.111277 0.129585 0.0434505
4 0.262592 0.403209 0.529217 0.754192 0.0434069
9 0.0792938 0.820126 0.157639 0.345112 0.0431706
4 0.614251 0.586695 0.178643 0.32713 0.0429976
3 0.258283 0.529115 0.512962 0.880313 0.0428372
3 0.267359 0.644041 0.30199 0.695361 0.0426588
4 0.541102 0.267081 0.445287 0.260873 0.0423831
4 0.916222 0.318394 0.0665752 0.109835 0.0422208
4 0.650109 0.320974 0.687753 0.629756 0.042213
9 0.469486 0.288278 0.129114 0.164769 0.0421458
4 0.470962 0.382959 0.935741 0.747651 0.0420897
4 0.678869 0.578539 0.306557 0.335401 0.0419238
10 0.802003 0.326531 0.0433087 0.111895 0.0416238
4 0.577065 0.300619 0.0636485 0.100379 0.0415065
4 0.565833 0.381458 0.114335 0.0879565 0.0409872
10 0.25678 0.763794 0.284848 0.460111 0.0405189
4 0.189317 0.443144 0.3826 0.363883 0.0401945
10 0.971362 0.500437 0.0573196 0.925786 0.0400548
4 0.578838 0.327401 0.0763703 0.149052 0.0397073
10 0.450426 0.247476 0.0754492 0.125114 0.0391425
10 0.989098 0.310171 0.0227464 0.193885 0.0390404
3 0.180651 0.55134 0.361021 0.545267 0.0389352
10 0.796894 0.326986 0.0403945 0.112267 0.0388027
4 0.426316 0.633033 0.857299 0.720837 0.0387964
4 0.588709 0.371667 0.198454 0.120171 0.0385139
10 0.175622 0.803386 0.133864 0.387603 0.0384773
10 0.0345314 0.518341 0.0703825 0.965399 0.0381418
10 0.102022 0.708534 0.0680579 0.497261 0.0381239
9 0.455746 0.297786 0.0695927 0.122316 0.0381066
9 0.128889 0.7419 0.257494 0.510523 0.0380893
4 0.185281 0.414038 0.136596 0.225476 0.0380321
4 0.444095 0.641181 0.890887 0.704136 0.0378798
10 0.0369243 0.584775 0.0736409 0.461128 0.0378034
10 0.0734619 0.702914 0.141833 0.579057 0.0376116
4 0.639654 0.208328 0.669664 0.372604 0.0374831
10 0.966087 0.0916821 0.0687271 0.153466 0.0371176
4 0.402648 0.200137 0.150884 0.302767 0.0368174
10 0.209 0.77942 0.139089 0.420119 0.0366271
4 0.499324 0.630264 0.998983 0.724828 0.0358108
0 0.918883 0.197947 0.162712 0.36843 0.0354584
10 0.218961 0.540647 0.0954663 0.471862 0.0352492
10 0.797459 0.33007 0.0421245 0.107423 0.0351476
10 0.0217592 0.58455 0.0433061 0.698492 0.0344367
4 0.224671 0.74413 0.446829 0.499527 0.0342834
4 0.373717 0.183321 0.114006 0.314658 0.0336923
3 0.186313 0.676853 0.371515 0.653312 0.033141
10 0.0714071 0.699224 0.14226 0.602859 0.0327733
3 0.281788 0.510089 0.565471 0.959039 0.0324725
10 0.0979535 0.499061 0.0475828 0.121778 0.0321938
4 0.981403 0.358279 0.038207 0.104233 0.0320279
4 0.699707 0.336456 0.503109 0.186087 0.0320279
1 0.337594 0.447172 0.0543213 0.0450623 0.0319342
4 0.440151 0.662732 0.856882 0.663429 0.0318044
4 0.129986 0.480004 0.264989 0.304054 0.0317158
10 0.161467 0.729185 0.052643 0.230941 0.0315984
10 0.278108 0.711251 0.126132 0.549274 0.0315183
10 0.942492 0.501992 0.116124 0.94011 0.031184
10 0.988019 0.41564 0.0248468 0.495483 0.0311736
10 0.159478 0.698747 0.0364536 0.148396 0.0311529
2 0.0451725 0.503201 0.0911132 0.993633 0.0309342
4 0.554186 0.759213 0.887841 0.469309 0.0307925
10 0.984211 0.075322 0.0318404 0.142488 0.0307565
4 0.141616 0.430792 0.0453913 0.08939 0.0305751
4 0.406616 0.500667 0.811045 0.981893 0.0304836
6 0.100826 0.804145 0.197684 0.393839 0.0302084
4 0.349188 0.670013 0.453754 0.644835 0.0300835
4 0.879202 0.348725 0.050205 0.107402 0.030061
10 0.983492 0.304996 0.0331436 0.513118 0.0299847
4 0.763358 0.563618 0.148532 0.271591 0.0299231
4 0.73485 0.344489 0.53188 0.228235 0.029922
4 0.506002 0.265544 0.0557994 0.0958601 0.0299135
10 0.117249 0.539388 0.0327143 0.150601 0.0298113
10 0.951764 0.243554 0.0972351 0.477055 0.0295734
4 0.624879 0.280187 0.0531605 0.0670779 0.0295343
10 0.026181 0.917493 0.0529808 0.153125 0.0294531
4 0.50278 0.209464 0.999985 0.387666 0.0292633
10 0.027457 0.527242 0.0559043 0.175526 0.0288158
4 0.899758 0.345278 0.189011 0.147754 0.0287202
10 0.983845 0.199218 0.0326941 0.385194 0.0286798
4 0.837504 0.291239 0.0537498 0.0682608 0.0283643
4 0.728221 0.351536 0.096069 0.109286 0.0282201
10 0.221553 0.862843 0.138497 0.267816 0.0280827
4 0.763706 0.561291 0.148147 0.276595 0.0280552
10 0.969068 0.131516 0.0633442 0.245348 0.0272423
4 0.0263543 0.454972 0.0539236 0.244966 0.0271441
4 0.627441 0.293257 0.0678244 0.0954309 0.027006
4 0.257399 0.159078 0.529259 0.318209 0.0268911
10 0.0960283 0.718472 0.0625236 0.252186 0.0267316
10 0.47142 0.278972 0.0858688 0.105366 0.0266949
10 0.124037 0.596274 0.0459556 0.262234 0.0266903
10 0.188873 0.568554 0.164348 0.514525 0.0265228
4 0.277762 0.705573 0.557792 0.598986 0.0263264
10 0.962987 0.109558 0.0755096 0.201902 0.025927
4 0.444699 0.539972 0.84918 0.620088 0.0259233
4 0.369314 0.749634 0.534109 0.492767 0.0258813
4 0.725065 0.356719 0.0806206 0.0830595 0.0257678
4 0.844936 0.321887 0.0921469 0.123655 0.0257026
4 0.503492 0.834164 0.794775 0.320937 0.0256392
4 0.534107 0.175176 0.407352 0.168283 0.0255627
4 0.270355 0.317777 0.0745955 0.104786 0.0254986
10 0.950928 0.259317 0.0996654 0.490572 0.0254147
4 0.456762 0.827293 0.705749 0.336821 0.0253283
4 0.756748 0.609446 0.153617 0.207766 0.0252973
10 0.161198 0.738802 0.035248 0.177973 0.0250089
10 0.960245 0.392335 0.0722029 0.21855 0.0249789
4 0.732989 0.464793 0.133434 0.14265 0.0246461
4 0.83321 0.475293 0.335538 0.884839 0.0246072
4 0.677366 0.44389 0.330626 0.654231 0.0243078
4 0.26849 0.788055 0.528808 0.422267 0.0241802
4 0.755131 0.611384 0.156404 0.207413 0.0241549
4 0.312044 0.677789 0.625164 0.64117 0.0236082
6 0.142213 0.786274 0.281591 0.461013 0.0234749
4 0.64893 0.338116 0.0410176 0.0590047 0.0233457
0 0.932542 0.182474 0.136341 0.370112 0.0232876
10 0.014026 0.457232 0.0282495 0.119892 0.0232262
4 0.914044 0.355489 0.0522623 0.0672112 0.0231976
4 0.581455 0.581283 0.12077 0.314027 0.0231005
4 0.398584 0.763551 0.797084 0.487117 0.0229996
10 0.838315 0.311172 0.0523314 0.0667547 0.0226695
10 0.78862 0.333013 0.0470257 0.108571 0.0221708
0 0.49823 0.0572258 0.99999 0.0680483 0.0219184
4 0.727295 0.406306 0.366021 0.166711 0.0214435
10 0.174753 0.899513 0.0469066 0.0844885 0.0210958
4 0.399846 0.590926 0.561135 0.813584 0.0209868
10 0.0676523 0.896975 0.105942 0.129502 0.0207831
4 0.719372 0.355441 0.0701661 0.0868374 0.020726
4 0.47225 0.321223 0.999795 0.0979641 0.0207253
10 0.402259 0.275056 0.0480242 0.0822133 0.0205912
3 0.494675 0.62882 0.999964 0.818539 0.0205014
10 0.787792 0.519145 0.0453528 0.0616855 0.0203344
10 0.593329 0.475647 0.109402 0.118978 0.0203022
3 0.494166 0.664928 0.99998 0.999411 0.0201595
10 0.0394065 0.938598 0.0551253 0.125466 0.0195207
4 0.564017 0.342533 0.995517 0.132515 0.0192315
4 0.442622 0.863845 0.740689 0.238446 0.0189753
0 0.513034 0.0650539 0.999983 0.119946 0.0189415
10 0.634644 0.476114 0.113859 0.128834 0.0189254
4 0.675715 0.513568 0.317887 0.486513 0.0188902
10 0.15171 0.713873 0.0359034 0.0561355 0.0187195
4 0.719105 0.617528 0.128013 0.171598 0.018631
0 0.89578 0.023911 0.188681 0.0404006 0.0185436
10 0.787017 0.749812 0.0440878 0.0547642 0.0184912
4 0.59585 0.157099 0.682181 0.178922 0.0184667
10 0.0114298 0.756045 0.02096 0.121563 0.0182727
10 0.575447 0.566638 0.0835486 0.160327 0.0182623
10 0.686333 0.697215 0.0438876 0.0417697 0.0182606
4 0.175263 0.169577 0.393517 0.325562 0.0181648
6 0.0198475 0.839691 0.0368209 0.0803406 0.0181364
6 0.431418 0.745098 0.0691239 0.0790484 0.0180974
10 0.605534 0.833365 0.0646708 0.0911692 0.0180101
8 0.535933 0.672494 0.0475483 0.0566921 0.0180076
10 0.831899 0.549106 0.0378387 0.0424227 0.0179365
10 0.831135 0.554035 0.0383963 0.0479781 0.0179086
10 0.984674 0.713343 0.0307652 0.174451 0.0177639
6 0.372001 0.713637 0.154614 0.14679 0.0176784
10 0.686521 0.690093 0.0379664 0.0454773 0.0176468
10 0.0438018 0.853364 0.0658407 0.0939525 0.0176001
6 0.0309167 0.867344 0.0596958 0.101096 0.0175932
10 0.601653 0.815293 0.0502648 0.0607243 0.0175543
10 0.881875 0.465167 0.0200733 0.0214095 0.0174769
0 0.536246 0.0645069 0.99992 0.0577653 0.0174639
10 0.781057 0.670958 0.0571552 0.0544236 0.0174497
10 0.831737 0.527701 0.0396166 0.0441076 0.0173555
4 0.782816 0.590472 0.113884 0.250346 0.0171549
6 0.742059 0.628422 0.0821884 0.0664708 0.0171024
10 0.784531 0.561328 0.0854748 0.146974 0.0170393
10 0.549968 0.510836 0.0457253 0.0307036 0.0169417
4 0.550639 0.607341 0.0686208 0.0651842 0.0169146
6 0.133776 0.768331 0.145276 0.166992 0.0169123
10 0.722803 0.737429 0.0629088 0.0558405 0.0168581
10 0.776183 0.601613 0.0421279 0.0414293 0.0167194
10 0.572973 0.693334 0.0422356 0.0304905 0.0166953
6 0.634357 0.956311 0.350454 0.101014 0.0166311
8 0.517831 0.835004 0.0519501 0.0466724 0.0166287
10 0.146523 0.966088 0.0587042 0.0586075 0.0166133
10 0.625295 0.72945 0.0602158 0.0430953 0.0166052
10 0.727465 0.498785 0.0803891 0.0729481 0.0165997
8 0.846187 0.656326 0.0523014 0.0459465 0.0165349
6 0.331864 0.859394 0.451149 0.250291 0.0164668
6 0.489516 0.93417 0.76444 0.118192 0.016431
8 0.521508 0.636773 0.0558812 0.0662064 0.0163964
8 0.848285 0.549611 0.048263 0.0345408 0.0162984
4 0.381993 0.892386 0.614428 0.18707 0.0162171
4 0.165194 0.884302 0.301268 0.232566 0.0162095
10 0.215437 0.935936 0.0613678 0.105355 0.0161383
10 0.658765 0.705776 0.0715107 0.089247 0.0159588
10 0.918352 0.59772 0.0312528 0.0337808 0.0159383
10 0.627647 0.772983 0.0584251 0.0448321 0.0159104
10 0.695 0.782271 0.074848 0.079343 0.0158338
8 0.738689 0.60516 0.0737549 0.0546918 0.0157675
10 0.422046 0.918578 0.0922936 0.12418 0.015657
6 0.698877 0.907326 0.164064 0.131081 0.0156289
8 0.727128 0.749782 0.105962 0.107489 0.015585
10 0.673058 0.693113 0.0875891 0.0965989 0.0154891
10 0.52949 0.8541 0.0728339 0.144677 0.0154706
6 0.706957 0.872648 0.169938 0.128076 0.0149545
10 0.837121 0.506062 0.0447922 0.0325644 0.0149184
11 0.653789 0.922972 0.265868 0.153472 0.0147388
6 0.7002 0.836318 0.158535 0.121822 0.0145579
