6 0.432494 0.520077 0.130645 0.276227 0.881371
6 0.589448 0.623832 0.123112 0.359149 0.873713
10 0.192179 0.266653 0.120533 0.269639 0.854381
10 0.495889 0.0936511 0.0616531 0.187275 0.841207
11 0.776131 0.350761 0.17931 0.423866 0.834955
6 0.706492 0.370173 0.119876 0.305614 0.826046
11 0.700781 0.634453 0.221566 0.357967 0.826039
11 0.343641 0.468994 0.17922 0.319329 0.81477
11 0.475113 0.291188 0.151024 0.277388 0.792933
2 0.76243 0.230404 0.0187261 0.0878659 0.792894
10 0.384087 0.234258 0.131663 0.286881 0.789158
11 0.0637645 0.533143 0.107785 0.224399 0.772338
11 0.182649 0.739467 0.249815 0.474559 0.623831
6 0.446336 0.914068 0.150002 0.172887 0.59607
6 0.520891 0.33308 0.100717 0.241726 0.583284
6 0.307976 0.769021 0.146257 0.250617 0.58306
7 0.741139 0.262585 0.0232299 0.0813151 0.553721
6 0.136647 0.542999 0.107127 0.251589 0.517455
7 0.165141 0.825769 0.0248149 0.0529319 0.405366
6 0.814263 0.861796 0.229025 0.277726 0.400154
2 0.837075 0.277558 0.0187986 0.0883022 0.395542
7 0.669288 0.616678 0.0215284 0.0648836 0.376609
6 0.142818 0.289427 0.0796836 0.180076 0.361434
7 0.74217 0.22201 0.0218846 0.0642616 0.346034
11 0.295428 0.18574 0.118309 0.121045 0.316828
6 0.854971 0.916448 0.127235 0.16867 0.313579
7 0.433314 0.269699 0.0279667 0.101571 0.311579
6 0.940604 0.94164 0.0981776 0.117458 0.310142
7 0.309484 0.414076 0.026213 0.0548739 0.307329
7 0.738133 0.620475 0.0213654 0.100419 0.282614
6 0.872206 0.876481 0.118704 0.246908 0.27935
6 0.959366 0.814784 0.0795143 0.368974 0.270848
6 0.421514 0.915149 0.256736 0.170019 0.269358
7 0.803851 0.22377 0.0228653 0.051528 0.261257
10 0.727397 0.175772 0.0658971 0.105367 0.258877
6 0.327974 0.236469 0.0519176 0.158192 0.251475
6 0.899224 0.940321 0.1907 0.120062 0.247833
6 0.985273 0.729784 0.0291889 0.197244 0.246877
6 0.250664 0.253144 0.113223 0.283396 0.246417
7 0.193001 0.660758 0.0251144 0.0436703 0.242679
6 0.896214 0.815385 0.199729 0.371013 0.237547
7 0.73884 0.592956 0.0196205 0.0451512 0.236729
6 0.80918 0.916928 0.213762 0.167479 0.236094
7 0.121661 0.825312 0.0268095 0.0405948 0.231406
7 0.772436 0.172925 0.0254845 0.0615945 0.228576
6 0.980374 0.813861 0.0390177 0.370002 0.227099
6 0.94794 0.823008 0.102787 0.355095 0.225607
6 0.879371 0.844285 0.191557 0.312994 0.222725
2 0.266895 0.168754 0.0155459 0.0511871 0.219609
10 0.878834 0.287038 0.0973328 0.221005 0.217912
7 0.125968 0.795462 0.0366872 0.0954201 0.215203
10 0.575179 0.105802 0.0517373 0.147953 0.214603
6 0.98494 0.815815 0.0304382 0.363489 0.214059
6 0.988045 0.685484 0.024297 0.303464 0.21394
6 0.308361 0.234022 0.0897144 0.162034 0.213614
11 0.0619494 0.588411 0.114888 0.336929 0.21256
6 0.854046 0.958969 0.096793 0.0833763 0.209921
6 0.940418 0.92979 0.114925 0.141481 0.208353
6 0.126316 0.544594 0.0972794 0.256372 0.205666
6 0.846854 0.608924 0.231768 0.773495 0.205278
7 0.235826 0.648167 0.0252152 0.0554122 0.202824
10 0.240864 0.224773 0.0934097 0.240049 0.201803
2 0.464087 0.141438 0.0137465 0.0574764 0.198875
7 0.164402 0.846367 0.0263959 0.0926571 0.196514
7 0.309632 0.409644 0.0293942 0.0661687 0.193627
7 0.743113 0.239645 0.0217023 0.0959471 0.193216
6 0.975929 0.714889 0.0469255 0.418862 0.192508
7 0.159062 0.867301 0.0341844 0.0826927 0.192283
6 0.288015 0.312714 0.0979635 0.266725 0.191932
6 0.841163 0.708107 0.237316 0.585804 0.191639
7 0.269598 0.199438 0.0261211 0.0336141 0.191575
6 0.287076 0.378263 0.0849201 0.151249 0.190949
7 0.803787 0.213244 0.0218781 0.0308859 0.18794
11 0.294237 0.220888 0.120592 0.17924 0.187565
6 0.315981 0.735562 0.123441 0.185006 0.185743
7 0.123471 0.826483 0.0233871 0.0371803 0.184896
6 0.972818 0.759631 0.0531256 0.482943 0.184863
10 0.576407 0.112342 0.0599704 0.165644 0.183964
6 0.313523 0.534674 0.0916533 0.175788 0.183649
6 0.827347 0.806114 0.251623 0.390494 0.18241
6 0.129569 0.499642 0.0785379 0.168288 0.182403
6 0.459407 0.91671 0.192758 0.168553 0.180733
10 0.568085 0.10207 0.0360665 0.142868 0.173521
6 0.0926906 0.423197 0.0538136 0.0925025 0.17334
6 0.684689 0.178624 0.0408894 0.124915 0.172736
6 0.258218 0.266086 0.115307 0.288782 0.172359
10 0.0143942 0.458835 0.029079 0.505484 0.171808
6 0.945612 0.942212 0.0996807 0.117896 0.170762
6 0.111425 0.513595 0.0630751 0.193524 0.170068
6 0.432248 0.94524 0.217727 0.109761 0.1696
10 0.87078 0.334615 0.118331 0.320346 0.165824
6 0.149656 0.551167 0.12845 0.263748 0.163159
6 0.910315 0.764281 0.168765 0.474183 0.160947
2 0.108481 0.210206 0.0223425 0.0559281 0.159447
7 0.265112 0.17232 0.0210973 0.0588225 0.158894
6 0.147968 0.575193 0.13503 0.288185 0.157246
6 0.273695 0.298421 0.0950363 0.224371 0.157009
7 0.741995 0.230892 0.0226728 0.0826327 0.156314
10 0.244204 0.247832 0.104798 0.28071 0.155107
6 0.907867 0.757887 0.10723 0.257673 0.153821
2 0.486494 0.226011 0.0218665 0.060705 0.152943
10 0.0064336 0.345216 0.0132079 0.246675 0.150611
2 0.843034 0.26024 0.0142054 0.0634988 0.148685
6 0.371094 0.249049 0.129789 0.208617 0.148025
2 0.558078 0.0540646 0.0162332 0.0402583 0.147221
7 0.740009 0.27756 0.0210892 0.0568179 0.147208
6 0.00518092 0.243098 0.0109967 0.12345 0.146772
6 0.959533 0.519613 0.0796436 0.958631 0.145392
6 0.975691 0.822674 0.0487504 0.325717 0.144885
10 0.719607 0.177373 0.112947 0.129938 0.143476
7 0.312096 0.423067 0.0202085 0.0365626 0.142525
7 0.315049 0.185816 0.0197512 0.0260242 0.140235
7 0.831144 0.199169 0.0174118 0.0561181 0.140227
11 0.275222 0.220765 0.139198 0.232241 0.139038
6 0.0165389 0.72883 0.0326672 0.219561 0.138276
6 0.875585 0.573249 0.200529 0.826814 0.137297
10 0.715066 0.154344 0.102311 0.1708 0.136821
7 0.0548753 0.5153 0.0188594 0.0629321 0.136002
7 0.833744 0.234132 0.0211703 0.0434637 0.135643
10 0.868154 0.358942 0.124586 0.381707 0.135333
6 0.867224 0.552067 0.2594 0.887113 0.134917
7 0.0663982 0.527461 0.0171369 0.0411462 0.13395
10 0.598237 0.0106625 0.00698586 0.0183668 0.13319
11 0.500569 0.965553 0.0640306 0.0709342 0.132883
6 0.903241 0.736951 0.0770297 0.120967 0.132576
7 0.756346 0.643097 0.032909 0.0979198 0.131384
2 0.254611 0.329249 0.0166697 0.049342 0.129771
6 0.86002 0.562548 0.210465 0.806332 0.129569
7 0.835279 0.2884 0.0165134 0.0635875 0.129145
6 0.783739 0.940598 0.234234 0.11995 0.128044
7 0.257456 0.170349 0.0200537 0.0304922 0.126994
6 0.100998 0.491574 0.0421989 0.120501 0.126392
7 0.67516 0.593547 0.0181538 0.0857182 0.125054
7 0.280182 0.193488 0.0173948 0.0282806 0.124696
6 0.340763 0.257553 0.0917407 0.20401 0.124589
7 0.0847175 0.489495 0.020538 0.0557636 0.124139
7 0.05643 0.548622 0.0294192 0.0511552 0.123627
7 0.434063 0.255634 0.0192255 0.0686256 0.123142
10 0.0176439 0.512001 0.0356746 0.419608 0.122618
7 0.30364 0.407909 0.0166813 0.0517692 0.122516
6 0.38576 0.277322 0.14824 0.225511 0.122299
6 0.43918 0.91671 0.167136 0.168898 0.120757
6 0.304938 0.475179 0.113447 0.286567 0.120058
6 0.708127 0.206524 0.087985 0.188615 0.119082
7 0.830857 0.211254 0.0146971 0.0569959 0.118827
10 0.00730819 0.461632 0.0150085 0.299643 0.117881
2 0.111511 0.219955 0.0381917 0.080555 0.117631
10 0.00694766 0.531681 0.0144912 0.2767 0.115426
10 0.863044 0.387812 0.133014 0.441117 0.114987
7 0.835596 0.290884 0.0176914 0.0617696 0.114499
7 0.196067 0.634439 0.0373796 0.0955106 0.113831
6 0.869129 0.581422 0.233499 0.832719 0.112983
6 0.81949 0.864387 0.256789 0.278642 0.112912
11 0.11281 0.23071 0.0502681 0.101919 0.111641
7 0.486273 0.210151 0.0141662 0.0352614 0.111615
10 0.553621 0.185606 0.0936557 0.366914 0.111592
7 0.766665 0.192423 0.0221407 0.0426114 0.111052
7 0.754289 0.158428 0.0204562 0.0292767 0.110063
6 0.176702 0.609953 0.0769216 0.172374 0.108159
7 0.260371 0.177414 0.0213625 0.0361339 0.107485
10 0.582313 0.139038 0.040448 0.0909061 0.107325
11 0.191193 0.758509 0.226905 0.403742 0.107107
2 0.00558162 0.443947 0.0121599 0.168658 0.107009
6 0.537237 0.32685 0.070636 0.22922 0.106615
7 0.120346 0.805774 0.0236034 0.061421 0.106572
2 0.00630542 0.50185 0.0130222 0.17137 0.105047
6 0.140518 0.297776 0.101461 0.170828 0.10401
7 0.7397 0.270588 0.0217896 0.0677385 0.103514
6 0.131497 0.565224 0.107519 0.237104 0.103406
6 0.434271 0.306841 0.0632356 0.196205 0.10336
7 0.770103 0.179938 0.0181444 0.0401254 0.102405
6 0.728563 0.382199 0.155965 0.321282 0.102402
6 0.821038 0.900494 0.212224 0.207967 0.102387
6 0.280386 0.385034 0.0712293 0.148152 0.10137
7 0.743212 0.202774 0.0191573 0.0261372 0.100473
7 0.0774609 0.472832 0.0214208 0.0419377 0.0999085
2 0.831175 0.227275 0.0123219 0.0310491 0.0993906
2 0.00616316 0.417924 0.0126919 0.176389 0.0981459
7 0.0660511 0.529191 0.0162499 0.0437851 0.0973948
6 0.00742639 0.5551 0.0147962 0.225138 0.0968814
7 0.12634 0.790839 0.0333682 0.0755087 0.0964881
6 0.0234071 0.632582 0.0468006 0.460821 0.0948217
6 0.27674 0.376493 0.0655698 0.137671 0.0937533
7 0.267033 0.160799 0.0139781 0.0361578 0.0932696
11 0.587646 0.963636 0.232471 0.0722873 0.0928522
7 0.803649 0.225574 0.0240955 0.0571345 0.0927699
7 0.0732059 0.476087 0.0273109 0.0462832 0.0926949
7 0.0241022 0.535518 0.0199603 0.0442253 0.0916313
10 0.564802 0.190299 0.0626245 0.361007 0.0903163
7 0.033928 0.522196 0.0398911 0.0805006 0.0902459
11 0.652468 0.574198 0.048033 0.104308 0.0900283
7 0.0575216 0.531371 0.01559 0.0328686 0.0880168
11 0.705904 0.616947 0.0481995 0.100688 0.0875625
6 0.795617 0.938641 0.212027 0.131448 0.0860789
6 0.394635 0.302035 0.141364 0.207035 0.0858826
7 0.192692 0.648856 0.0290322 0.0716606 0.0855791
6 0.122128 0.527764 0.0686508 0.197012 0.0846399
1 0.602428 0.112713 0.0566471 0.0561789 0.0845575
6 0.833082 0.824788 0.25512 0.351908 0.0838895
6 0.825319 0.565445 0.270212 0.866233 0.0831388
6 0.1712 0.596815 0.0850054 0.164156 0.0817882
10 0.521371 0.191886 0.11342 0.391276 0.0816135
7 0.794441 0.238704 0.0335032 0.0544694 0.0812496
10 0.00522624 0.295035 0.0102586 0.125774 0.0807615
7 0.432064 0.24966 0.0370401 0.144671 0.0807112
6 0.398425 0.289117 0.114633 0.160387 0.0800305
2 0.759232 0.22883 0.0148145 0.0880695 0.079685
6 0.442205 0.965609 0.507147 0.070885 0.0795245
7 0.12114 0.819271 0.0266684 0.0516693 0.0786073
7 0.841286 0.247186 0.013459 0.0348304 0.0784971
6 0.743186 0.199824 0.157373 0.17836 0.0776049
6 0.231754 0.139213 0.0583474 0.080412 0.0753001
6 0.736916 0.701257 0.415226 0.595134 0.0751038
7 0.315494 0.187343 0.0193651 0.0266579 0.0732358
7 0.747921 0.222346 0.0155437 0.0657309 0.0720883
11 0.279106 0.1683 0.155916 0.169787 0.0713861
6 0.111811 0.757777 0.0704817 0.176762 0.0713853
7 0.0824232 0.501202 0.0141757 0.036044 0.0704642
6 0.0328556 0.549247 0.0575815 0.14046 0.0699087
6 0.0888069 0.475599 0.0533119 0.097651 0.0688349
7 0.491461 0.231302 0.0296534 0.0536071 0.0688185
2 0.842168 0.274548 0.0141361 0.0905198 0.0686711
6 0.102895 0.710229 0.0430101 0.0822219 0.067432
7 0.79253 0.236564 0.0210552 0.0364477 0.0670503
7 0.743323 0.255799 0.018494 0.0663429 0.065652
7 0.765283 0.169965 0.016831 0.0510206 0.0655403
6 0.317008 0.327228 0.163248 0.193648 0.0647858
7 0.158372 0.879908 0.0307509 0.0617252 0.0622693
7 0.268276 0.175338 0.0148578 0.058972 0.0616568
7 0.268135 0.198441 0.0224195 0.0272897 0.0608003
6 0.275274 0.3537 0.0628959 0.0993304 0.060743
10 0.77713 0.200614 0.168055 0.159227 0.0599882
7 0.730406 0.587608 0.013929 0.0445136 0.059133
7 0.738272 0.267487 0.0165733 0.0455705 0.0582757
6 0.342106 0.500733 0.16567 0.344163 0.0577945
10 0.775321 0.20351 0.162179 0.162117 0.0575565
11 0.466216 0.253339 0.0997322 0.14242 0.0573822
7 0.0782214 0.468027 0.0164536 0.0336327 0.0569538
6 0.0828357 0.487124 0.0654923 0.116183 0.0566894
7 0.765674 0.208498 0.034891 0.124242 0.0565804
2 0.486084 0.223756 0.0192646 0.0634997 0.0556824
7 0.772892 0.155305 0.0221752 0.0285045 0.0549637
2 0.0522187 0.516289 0.0147525 0.0608192 0.0544867
7 0.514046 0.965246 0.0326019 0.0643855 0.0543487
7 0.0580731 0.539317 0.0247378 0.0617475 0.0542592
2 0.111854 0.223753 0.0147303 0.0339765 0.0541432
6 0.350426 0.381184 0.212028 0.532801 0.0539355
7 0.746435 0.226914 0.0152372 0.064946 0.0534323
2 0.843302 0.261088 0.0127469 0.0618909 0.0532453
6 0.393007 0.284498 0.323907 0.293802 0.0529083
10 0.728968 0.193243 0.129891 0.180714 0.0524213
7 0.124633 0.799599 0.0336302 0.0884492 0.0495603
6 0.0644525 0.654108 0.124569 0.413899 0.0489478
7 0.432117 0.244384 0.0197228 0.0634178 0.0475615
6 0.118197 0.54525 0.0444769 0.095897 0.0472097
7 0.7704 0.186291 0.0268887 0.057693 0.0470769
7 0.73522 0.217533 0.0187443 0.0425772 0.0466039
7 0.165414 0.823934 0.0205816 0.0453131 0.0464925
7 0.159325 0.866563 0.0290663 0.0650154 0.0463496
11 0.778267 0.480803 0.20025 0.680274 0.0455085
11 0.348483 0.209834 0.298889 0.251278 0.0454055
10 0.341916 0.180964 0.232553 0.212104 0.0448256
7 0.313218 0.185708 0.0172112 0.0243937 0.044282
6 0.77864 0.394842 0.168437 0.358089 0.0439062
7 0.166767 0.847351 0.0226112 0.081523 0.0423777
6 0.0784403 0.502701 0.0676194 0.14335 0.0418584
6 0.0969723 0.42476 0.0336 0.0548166 0.0405393
7 0.19201 0.661449 0.0244916 0.0435472 0.0397423
7 0.737661 0.604686 0.0147284 0.0290802 0.0390455
6 0.438749 0.959993 0.119297 0.0772047 0.0379192
6 0.51641 0.332077 0.0369776 0.0933791 0.0356282
7 0.793014 0.21814 0.124137 0.135594 0.0351725
7 0.732877 0.608186 0.0115559 0.032615 0.0346036
2 0.462334 0.141703 0.0122377 0.0577453 0.033956
11 0.329481 0.17415 0.0586988 0.0603098 0.0333723
6 0.876294 0.988913 0.0924408 0.0304964 0.0329433
7 0.158882 0.851257 0.0150423 0.0227901 0.0320812
7 0.744512 0.637829 0.0194176 0.0401765 0.0320793
11 0.690881 0.747728 0.220751 0.485641 0.03199
7 0.727341 0.277971 0.0436788 0.0449894 0.0313196
6 0.336986 0.853709 0.193822 0.162117 0.031258
6 0.215838 0.652423 0.0772806 0.117017 0.0301712
7 0.159012 0.889507 0.0229358 0.0404629 0.0299083
6 0.763831 0.148821 0.0375829 0.0361191 0.0297413
6 0.505198 0.19201 0.130486 0.336277 0.0295434
6 0.485988 0.598386 0.0838112 0.126574 0.0289033
6 0.663238 0.581728 0.0528121 0.0859669 0.0277344
6 0.432449 0.606517 0.0377552 0.0638371 0.0262196
6 0.307079 0.631078 0.0740213 0.0723368 0.0244524
7 0.168927 0.869869 0.0181362 0.038749 0.0244426
6 0.311619 0.864856 0.0686131 0.0819973 0.0233767
7 0.740843 0.638056 0.0148712 0.0352764 0.023308
6 0.736712 0.504766 0.0101912 0.0180452 0.0228564
2 0.835377 0.364601 0.0141172 0.0437423 0.0220929
7 0.674438 0.492776 0.0182336 0.0346793 0.0208393
7 0.20825 0.734034 0.0252609 0.0369722 0.0201358
10 0.666176 0.682424 0.0334244 0.0560774 0.0194827
6 0.356757 0.885372 0.0777719 0.0874554 0.0189391
6 0.681931 0.686325 0.0162956 0.0392928 0.0178027
6 0.27018 0.908089 0.0296052 0.0339146 0.0176497
