6 0.391646 0.603557 0.215365 0.598688 0.906763
5 0.67129 0.472022 0.122693 0.196407 0.867887
5 0.729747 0.908299 0.115264 0.181954 0.859654
5 0.813609 0.888749 0.0685913 0.205144 0.819745
11 0.313831 0.627915 0.184991 0.417936 0.510781
11 0.362526 0.652712 0.282293 0.485998 0.28737
6 0.267179 0.251688 0.222125 0.497505 0.236684
6 0.260872 0.186753 0.204099 0.369876 0.223321
6 0.289912 0.415922 0.283823 0.825873 0.192807
10 0.700402 0.0163814 0.0519619 0.0325698 0.187899
6 0.286964 0.396476 0.279014 0.780009 0.183824
11 0.30793 0.563289 0.17019 0.282127 0.178345
6 0.280984 0.297551 0.260266 0.590792 0.175134
6 0.254382 0.136891 0.188984 0.2739 0.166454
6 0.298655 0.38553 0.184532 0.276153 0.162372
6 0.272573 0.379175 0.244031 0.752942 0.158932
6 0.37261 0.569067 0.180103 0.525738 0.156923
6 0.299672 0.379595 0.303595 0.748825 0.154791
6 0.332338 0.566111 0.231665 0.575406 0.154678
6 0.335077 0.56419 0.245567 0.599794 0.149812
11 0.35844 0.684007 0.275989 0.577404 0.143003
10 0.712405 0.0196006 0.0786024 0.0394776 0.136044
10 0.712163 0.0148366 0.0757295 0.0301039 0.134553
6 0.289795 0.449156 0.238847 0.718493 0.131967
6 0.372843 0.554594 0.1794 0.486473 0.129295
6 0.328817 0.400777 0.24284 0.28689 0.128475
6 0.307931 0.505919 0.190486 0.449198 0.127911
6 0.275407 0.29718 0.187296 0.421704 0.110067
6 0.274411 0.290082 0.187254 0.414835 0.109556
6 0.31926 0.45318 0.341813 0.874627 0.106796
6 0.291249 0.384548 0.148272 0.213856 0.101263
6 0.432222 0.055686 0.0368824 0.111607 0.0990288
2 0.61242 0.162706 0.0174558 0.0799938 0.097744
6 0.342555 0.504157 0.241395 0.424815 0.0973944
6 0.281577 0.308214 0.194578 0.431733 0.0929194
6 0.330976 0.594202 0.229459 0.460838 0.0900205
11 0.344373 0.635725 0.253737 0.461121 0.0866592
6 0.256597 0.173583 0.195039 0.336089 0.0790416
6 0.260984 0.170523 0.163228 0.18089 0.077118
6 0.40304 0.446816 0.114088 0.277528 0.0763321
11 0.307502 0.590409 0.168904 0.320119 0.0745388
6 0.310701 0.344708 0.324667 0.676337 0.0742256
11 0.392364 0.646693 0.344234 0.536896 0.0727851
11 0.511606 0.054244 0.188331 0.107544 0.0701702
10 0.591756 0.0759858 0.0540174 0.153318 0.0688468
6 0.306162 0.262119 0.304294 0.516 0.0686679
10 0.69669 0.0123908 0.0408267 0.0242975 0.0674161
10 0.661621 0.17964 0.195072 0.358788 0.0606074
2 0.4284 0.0448158 0.018177 0.0554886 0.0603905
10 0.93142 0.0464625 0.0350988 0.0926702 0.060313
6 0.413833 0.531858 0.114599 0.451799 0.0582822
6 0.361188 0.578263 0.218131 0.5263 0.0574899
2 0.881844 0.930762 0.0380804 0.139019 0.057263
5 0.819587 0.857669 0.0659113 0.174061 0.0569856
10 0.593592 0.11045 0.0580528 0.222196 0.0565051
6 0.285202 0.433741 0.283451 0.842197 0.0560965
10 0.933051 0.0227608 0.0320936 0.0468579 0.0553674
6 0.324434 0.451217 0.35674 0.886987 0.0540747
6 0.326483 0.618623 0.22304 0.545504 0.0539466
10 0.5889 0.0300949 0.0474778 0.062036 0.0531059
2 0.582141 0.0960273 0.016075 0.0385731 0.0526097
2 0.427063 0.0346125 0.0228005 0.0728585 0.0490608
2 0.615097 0.164959 0.0105541 0.0772531 0.0481051
11 0.360958 0.737398 0.295406 0.504268 0.0479557
6 0.897571 0.927177 0.0721527 0.144946 0.047632
5 0.757449 0.888784 0.185958 0.225048 0.0472192
6 0.365801 0.569782 0.162963 0.506552 0.046046
5 0.470289 0.180843 0.0872728 0.110282 0.045469
2 0.427935 0.0379738 0.0233117 0.0715958 0.0446063
5 0.81878 0.849658 0.0611212 0.154157 0.044446
11 0.361624 0.659743 0.261932 0.484287 0.0440566
10 0.428602 0.033373 0.028393 0.0712014 0.0439642
10 0.68408 0.0150589 0.0190081 0.0308054 0.0438193
5 0.710188 0.867992 0.0909069 0.110119 0.0433503
2 0.435466 0.0425823 0.0177822 0.098233 0.0430225
6 0.362003 0.566605 0.175803 0.521082 0.0422046
6 0.38341 0.53673 0.139637 0.46704 0.0421501
10 0.434631 0.0864157 0.0293923 0.0506658 0.0413564
5 0.850207 0.810698 0.00986309 0.0658737 0.0413286
5 0.7888 0.953571 0.0201837 0.0767908 0.0412502
10 0.595163 0.170655 0.068368 0.340114 0.041027
5 0.751268 0.653866 0.297501 0.651525 0.0406478
6 0.326088 0.48271 0.35519 0.843959 0.0405623
6 0.347353 0.69852 0.138085 0.267134 0.0404911
10 0.637395 0.178288 0.150587 0.360275 0.0400709
6 0.331401 0.59926 0.211062 0.442316 0.0392948
2 0.612677 0.156799 0.00985241 0.0582438 0.0388679
2 0.435827 0.0159339 0.0168723 0.0340947 0.0386979
5 0.82682 0.872627 0.0530748 0.2082 0.0384153
6 0.333626 0.608735 0.215197 0.451692 0.0383884
10 0.711861 0.0174707 0.0590725 0.0311591 0.0380632
6 0.369591 0.749875 0.184558 0.293281 0.0374513
11 0.316569 0.638541 0.189553 0.380855 0.0370787
5 0.718208 0.4353 0.0320925 0.110028 0.0368516
6 0.347678 0.635655 0.154298 0.399595 0.0360395
11 0.434684 0.0822797 0.0307919 0.0583583 0.0358749
2 0.600914 0.156718 0.0128692 0.0627996 0.0355305
5 0.717321 0.44211 0.0375379 0.1103 0.0355139
5 0.719353 0.432386 0.0347746 0.0952684 0.0354736
2 0.601016 0.152409 0.0134643 0.0601507 0.0353933
5 0.787544 0.934552 0.024274 0.124346 0.0351145
6 0.361672 0.579862 0.161394 0.486607 0.0349026
6 0.443508 0.719108 0.116593 0.345975 0.0346926
6 0.437374 0.604035 0.122597 0.567227 0.0345662
10 0.628202 0.174685 0.123403 0.347208 0.0344738
6 0.261335 0.493781 0.210654 0.40149 0.0344588
5 0.696093 0.437513 0.0788466 0.0893803 0.0343744
6 0.384943 0.743538 0.215217 0.309331 0.0343609
8 0.731949 0.908002 0.111507 0.183298 0.0341659
6 0.288881 0.699426 0.237115 0.378231 0.0338656
6 0.330221 0.782134 0.246625 0.4519 0.0337659
5 0.531462 0.0537686 0.0105861 0.0196241 0.0336649
6 0.348952 0.611126 0.130176 0.322261 0.0336031
6 0.865785 0.933699 0.0304569 0.13107 0.0333412
6 0.442562 0.603025 0.122664 0.575446 0.0333165
11 0.331102 0.657211 0.209447 0.380707 0.0331424
6 0.407552 0.642374 0.178171 0.509874 0.0329672
5 0.722016 0.438436 0.0296359 0.102409 0.032867
6 0.355681 0.636683 0.150051 0.428666 0.0328046
6 0.446208 0.603882 0.119065 0.573243 0.0327167
6 0.380186 0.399858 0.163596 0.252139 0.0325932
6 0.416433 0.558598 0.0889538 0.392718 0.0325552
6 0.343276 0.706924 0.126848 0.261846 0.0320187
6 0.877448 0.886097 0.049222 0.229083 0.0318526
2 0.431604 0.05017 0.0125763 0.0440474 0.031737
5 0.70341 0.72869 0.307864 0.548234 0.031696
2 0.607161 0.172304 0.00961962 0.0443401 0.0315417
4 0.388742 0.259459 0.0604713 0.0850602 0.0310608
6 0.415995 0.563955 0.0903256 0.381312 0.0308391
5 0.638908 0.46959 0.0658595 0.204432 0.0308299
5 0.375489 0.386599 0.0610207 0.117732 0.0307044
6 0.904845 0.8976 0.080846 0.205259 0.0304919
10 0.61978 0.152969 0.106401 0.29888 0.0304481
6 0.415555 0.66126 0.0783551 0.269901 0.030425
4 0.378403 0.932154 0.0160601 0.0217569 0.030341
6 0.00368498 0.653922 0.00682711 0.633768 0.0303268
2 0.61456 0.183645 0.0119668 0.0421098 0.0302844
5 0.71922 0.443582 0.0492629 0.0977289 0.0301143
10 0.694525 0.0185519 0.0485326 0.0295393 0.0300796
10 0.591854 0.0487055 0.348862 0.0999636 0.0300696
5 0.721132 0.447189 0.0292425 0.0907452 0.029698
5 0.719249 0.41309 0.029156 0.0634909 0.0296183
10 0.596289 0.0355709 0.0704952 0.0565386 0.0294789
6 0.351726 0.395466 0.108033 0.226488 0.0293171
5 0.598139 0.241247 0.0550452 0.185112 0.0290387
6 0.344723 0.748439 0.120097 0.17217 0.0289299
6 0.436886 0.523419 0.0797267 0.429941 0.0284274
4 0.00319985 0.47941 0.00655913 0.923516 0.0283589
5 0.725512 0.453165 0.0374054 0.091337 0.0282636
6 0.315933 0.173153 0.0690169 0.177074 0.0281792
5 0.752062 0.517096 0.297898 0.407975 0.0278368
6 0.356122 0.841099 0.265944 0.331668 0.0277652
6 0.419874 0.530773 0.0893552 0.433197 0.0276271
5 0.707123 0.464307 0.0615704 0.0862784 0.0275367
6 0.339458 0.755271 0.105872 0.159556 0.027479
2 0.755755 0.343556 0.0190501 0.0745449 0.0267142
6 0.326768 0.160852 0.105778 0.312815 0.0265821
2 0.424581 0.0531867 0.0101702 0.0368929 0.0265303
2 0.88189 0.905891 0.0199499 0.0957567 0.0263423
5 0.839493 0.878611 0.0357969 0.227097 0.026139
6 0.0031799 0.451825 0.00599645 0.880679 0.0259257
6 0.339529 0.774931 0.0721123 0.121594 0.0258219
8 0.669872 0.479696 0.116086 0.174538 0.0256437
2 0.847901 0.843066 0.0112301 0.0706027 0.0254318
6 0.325024 0.749669 0.159619 0.20547 0.0247159
2 0.614681 0.185668 0.00962887 0.0408878 0.0244351
5 0.25375 0.275952 0.0348086 0.04712 0.0243249
7 0.862299 0.916661 0.0300861 0.0713806 0.0243226
2 0.39967 0.659301 0.0280574 0.0779365 0.0242926
6 0.253713 0.0623491 0.104317 0.127631 0.0242628
6 0.329429 0.77396 0.139117 0.153924 0.0242545
5 0.740352 0.731631 0.313307 0.525806 0.0241579
5 0.722492 0.440829 0.0449632 0.0750148 0.0240976
2 0.849716 0.830969 0.00739613 0.0323886 0.0240359
6 0.347948 0.761513 0.122825 0.166518 0.0239918
2 0.395724 0.673367 0.0390596 0.102748 0.0236583
6 0.338276 0.588022 0.120092 0.177617 0.0234468
2 0.880927 0.93027 0.0235903 0.13982 0.0233222
8 0.810148 0.903247 0.0619049 0.174303 0.0232936
11 0.280432 0.599685 0.134362 0.193318 0.0232856
6 0.3863 0.849117 0.196685 0.301129 0.0232842
5 0.650343 0.522978 0.094716 0.0975831 0.0229565
8 0.633348 0.524195 0.0412991 0.107623 0.0228048
6 0.348975 0.596386 0.0982821 0.164727 0.0226692
6 0.362669 0.26972 0.100267 0.285865 0.0226669
2 0.371207 0.44182 0.0419339 0.110954 0.022404
11 0.396526 0.90533 0.386523 0.244499 0.0222104
5 0.621117 0.492836 0.0139622 0.0338012 0.0221399
5 0.765707 0.913762 0.0499813 0.15608 0.0220302
6 0.369389 0.438221 0.0486624 0.207067 0.0219698
5 0.581577 0.0783097 0.0252102 0.0798328 0.021951
10 0.825706 0.991743 0.0209768 0.0170193 0.0218648
5 0.815723 0.845463 0.0434973 0.0832706 0.0218379
6 0.350302 0.777115 0.0938637 0.136247 0.0217794
6 0.217596 0.544794 0.115462 0.162644 0.0217091
5 0.793714 0.941934 0.0495298 0.120131 0.0216703
11 0.356558 0.124901 0.776784 0.256258 0.0216079
5 0.766827 0.902543 0.0606457 0.16752 0.0213798
5 0.816269 0.86673 0.0424273 0.112637 0.0213322
11 0.0245255 0.928589 0.0462212 0.143594 0.021305
5 0.830147 0.942478 0.0458729 0.113231 0.0212776
6 0.36618 0.802044 0.144433 0.207342 0.0212684
6 0.371254 0.86436 0.128425 0.282768 0.02122
2 0.373824 0.419779 0.034457 0.0855945 0.0210111
5 0.708427 0.490879 0.0473462 0.0678734 0.0209832
5 0.853933 0.887462 0.0114101 0.137369 0.0209469
8 0.624719 0.553442 0.0430432 0.141629 0.0209027
6 0.296023 0.770039 0.0716343 0.100398 0.0208999
6 0.351535 0.838792 0.144889 0.320967 0.0207961
6 0.227288 0.481096 0.128894 0.126511 0.0207068
6 0.358934 0.817143 0.126491 0.243112 0.0206322
5 0.548862 0.623212 0.707255 0.662585 0.0206002
6 0.336416 0.791969 0.0517539 0.108852 0.0204486
6 0.0271813 0.739301 0.0562509 0.508411 0.0203916
10 0.476074 0.053857 0.100833 0.103358 0.0199858
6 0.245538 0.959735 0.130188 0.0755871 0.0197815
10 0.853624 0.899759 0.0237297 0.11912 0.0197369
5 0.542433 0.662806 0.794366 0.646119 0.0195333
5 0.239176 0.403252 0.0578363 0.140449 0.0194514
6 0.342912 0.810779 0.0614 0.0794223 0.0193886
10 0.593925 0.216314 0.0599031 0.13735 0.0192729
8 0.802345 0.949781 0.0580537 0.0844012 0.0192619
6 0.336115 0.887465 0.21496 0.245589 0.0191797
6 0.412263 0.818149 0.0682079 0.136268 0.0191372
6 0.257229 0.0825371 0.0958248 0.118311 0.0191232
6 0.365396 0.883583 0.159863 0.21961 0.0189263
6 0.341278 0.795706 0.0835207 0.109217 0.0188644
2 0.61097 0.131437 0.0102571 0.0323609 0.0188082
6 0.264305 0.93778 0.159525 0.131957 0.0187308
8 0.434112 0.87288 0.0496963 0.0930445 0.0187156
8 0.421028 0.854024 0.045107 0.103698 0.0186223
8 0.619796 0.595901 0.0441938 0.145884 0.018575
5 0.59028 0.333597 0.0258032 0.067727 0.0185735
10 0.832481 0.937701 0.0272457 0.0433294 0.0185082
6 0.0186236 0.831317 0.0375886 0.325825 0.0184868
8 0.393929 0.852203 0.0884531 0.140464 0.0184635
6 0.330481 0.412227 0.0488724 0.0836911 0.018451
5 0.745913 0.511722 0.0323357 0.0824755 0.0183043
11 0.464963 0.818164 0.0946201 0.237793 0.0182636
10 0.556529 0.399165 0.0638458 0.149963 0.0182616
10 0.851005 0.929661 0.0139328 0.0937364 0.0182459
4 0.0559396 0.00651181 0.0321766 0.0258793 0.0181117
8 0.371159 0.862646 0.087772 0.146884 0.0181053
8 0.76793 0.954073 0.0498104 0.0925629 0.0180516
5 0.702231 0.957299 0.0519039 0.0736803 0.0179252
6 0.363416 0.936339 0.251023 0.158814 0.0178615
6 0.468259 0.840462 0.090311 0.21405 0.0178558
6 0.279941 0.939299 0.14774 0.137865 0.0178434
6 0.358083 0.908809 0.131276 0.168077 0.0177226
8 0.669909 0.656005 0.122107 0.145296 0.0175689
6 0.251852 0.499998 0.0630228 0.0501762 0.0175278
6 0.237588 0.729473 0.0556438 0.0913422 0.0175212
8 0.360629 0.8672 0.0673922 0.0921665 0.0175071
8 0.585681 0.837916 0.0392138 0.0487926 0.0172236
6 0.254525 0.874815 0.125955 0.180632 0.0170238
10 0.523032 0.0649641 0.0115113 0.019382 0.0169484
8 0.672179 0.818783 0.116002 0.105403 0.0169152
10 0.567395 0.642128 0.0674191 0.189808 0.0168651
11 0.329962 0.835163 0.118591 0.13618 0.0168032
6 0.378296 0.949193 0.154808 0.118144 0.0167826
4 0.0257988 0.500178 0.0509954 0.995294 0.0167088
8 0.346946 0.876717 0.0889189 0.102219 0.0166502
6 0.276366 0.917048 0.140404 0.162155 0.0166414
6 0.467421 0.833972 0.0858399 0.2044 0.0166105
8 0.661453 0.814453 0.117822 0.10597 0.0165231
11 0.24547 0.97296 0.129293 0.0514943 0.0164652
6 0.376759 0.88555 0.136067 0.236943 0.0163217
6 0.277204 0.946193 0.197764 0.113013 0.0162681
8 0.369835 0.90583 0.0550599 0.084924 0.0162461
8 0.332063 0.897591 0.066302 0.0888962 0.0161558
8 0.339224 0.921952 0.0511669 0.0643837 0.0160919
8 0.67976 0.817962 0.119228 0.100713 0.0160524
8 0.766238 0.986207 0.1505 0.0307095 0.0160399
8 0.66217 0.803161 0.0608142 0.0440347 0.016015
8 0.351599 0.902722 0.076019 0.121601 0.0159962
11 0.296043 0.852643 0.113155 0.132522 0.015948
11 0.291049 0.857142 0.120593 0.14261 0.0159093
0 0.736658 0.777191 0.03152 0.0517463 0.0157505
10 0.246632 0.848106 0.0572775 0.0680963 0.015676
11 0.329239 0.837243 0.111105 0.148918 0.0156612
8 0.338017 0.881415 0.0666886 0.102687 0.0156423
8 0.333183 0.886423 0.0736603 0.162923 0.0156295
8 0.346292 0.912734 0.0763354 0.127726 0.0156028
11 0.194006 0.935384 0.0877321 0.138125 0.0155631
8 0.764707 0.957511 0.192479 0.085954 0.0153969
6 0.283989 0.445822 0.0342776 0.0735973 0.0153688
5 0.659378 0.699686 0.0550351 0.062853 0.0152923
5 0.248081 0.482463 0.0552317 0.0974422 0.0151302
8 0.648031 0.734938 0.0511524 0.0430569 0.014969
6 0.230995 0.923079 0.0828882 0.107745 0.0148909
10 0.494381 0.155108 0.10951 0.0570495 0.0148595
4 0.101547 0.0541933 0.172805 0.0959272 0.0148203
8 0.333979 0.937166 0.0708356 0.0847816 0.0147405
6 0.32393 0.953625 0.0734936 0.0828918 0.0146961
0 0.293137 0.95993 0.0520103 0.0672918 0.0141422
5 0.725789 0.609073 0.0338244 0.0458864 0.0140855
6 0.316071 0.954814 0.0562776 0.0675322 0.0138877
8 0.331121 0.934957 0.0462639 0.0794046 0.0137669
11 0.311846 0.964555 0.0752871 0.0776304 0.0136548
8 0.341303 0.973369 0.0721266 0.0540884 0.0135565
