1 0.0612282 0.153595 0.122671 0.217048 0.481131
1 0.629769 0.233977 0.740481 0.469564 0.343114
1 0.268191 0.501555 0.534902 0.999495 0.337234
1 0.235501 0.503171 0.468501 0.99717 0.299224
1 0.255709 0.620987 0.510134 0.762463 0.289218
1 0.205452 0.440176 0.40933 0.814193 0.254698
1 0.213851 0.636325 0.42384 0.679692 0.24804
1 0.208246 0.602099 0.410472 0.542196 0.238925
10 0.875129 0.300335 0.0169029 0.0555997 0.237644
10 0.910789 0.31424 0.0139301 0.0449753 0.216698
1 0.261636 0.687642 0.522357 0.626658 0.215592
4 0.790213 0.0966479 0.0486996 0.0524119 0.214872
1 0.174282 0.124938 0.344556 0.249438 0.213278
1 0.630021 0.301074 0.739453 0.602552 0.204372
1 0.259401 0.66517 0.51621 0.672093 0.197989
10 0.770594 0.232774 0.0396745 0.0951715 0.196545
1 0.235119 0.67803 0.467292 0.644444 0.196364
3 0.913483 0.107209 0.172225 0.213263 0.185993
4 0.833899 0.10756 0.0393951 0.0450361 0.182305
10 0.207372 0.0358099 0.0521999 0.0728471 0.181859
1 0.209029 0.582007 0.413398 0.612473 0.179654
10 0.970694 0.0627319 0.0414957 0.1138 0.176799
3 0.909921 0.144915 0.179285 0.287944 0.168434
1 0.146636 0.0362247 0.198486 0.0732037 0.166181
3 0.792472 0.121313 0.410886 0.243086 0.163268
1 0.0889532 0.590432 0.177269 0.820517 0.160839
4 0.98186 0.145694 0.0367578 0.103479 0.152019
10 0.97322 0.0928523 0.0513197 0.179013 0.15125
10 0.185178 0.0353589 0.0977792 0.0715117 0.148068
1 0.500711 0.24456 0.999688 0.487975 0.144697
4 0.812261 0.0978335 0.031965 0.0454258 0.141142
4 0.80401 0.100064 0.0669939 0.0553614 0.136179
1 0.500896 0.50035 0.999988 0.999989 0.135542
1 0.0691989 0.510407 0.136352 0.916255 0.133509
1 0.0327758 0.120962 0.0664821 0.129828 0.1325
1 0.15178 0.0207963 0.153102 0.0418486 0.132169
1 0.291998 0.501886 0.582115 0.998026 0.132034
1 0.206696 0.521197 0.409567 0.724794 0.129689
4 0.327533 0.0650481 0.136753 0.130964 0.129624
4 0.977891 0.136918 0.0447464 0.16731 0.128639
1 0.0631656 0.29611 0.126246 0.534134 0.125981
10 0.185997 0.0228949 0.0893881 0.0458224 0.125328
1 0.0377054 0.370447 0.0745805 0.672046 0.124427
10 0.732828 0.238147 0.0258883 0.0540497 0.123832
1 0.209719 0.611886 0.407579 0.542869 0.122236
3 0.775782 0.0811192 0.437839 0.16264 0.121134
10 0.940755 0.311948 0.0528231 0.0929493 0.119902
4 0.854709 0.172935 0.0585434 0.0633431 0.119494
4 0.806535 0.100869 0.0825853 0.0647811 0.119331
3 0.910055 0.286187 0.17826 0.29912 0.11915
4 0.989576 0.164386 0.0202635 0.0590416 0.117805
1 0.0355565 0.609604 0.070953 0.781848 0.117719
1 0.0595047 0.179198 0.120309 0.129075 0.116903
1 0.166353 0.0767375 0.263746 0.154801 0.116898
1 0.0259223 0.582946 0.0517502 0.817229 0.113634
1 0.0644309 0.268478 0.128472 0.479721 0.113517
4 0.425022 0.0244568 0.0789455 0.0484415 0.112421
1 0.0324218 0.0928992 0.0651091 0.18056 0.111712
1 0.0605204 0.200918 0.121352 0.170558 0.111565
10 0.215259 0.0198972 0.0311649 0.03963 0.111354
1 0.175433 0.127858 0.350163 0.258085 0.110599
4 0.416925 0.0245698 0.0957614 0.049625 0.109342
4 0.330401 0.0713008 0.138703 0.143353 0.109115
4 0.82793 0.108808 0.024037 0.0380425 0.108777
1 0.148318 0.0336151 0.173446 0.0677822 0.106279
1 0.203673 0.461143 0.404667 0.738849 0.106022
1 0.209858 0.0406114 0.353727 0.0817882 0.105258
1 0.171103 0.0698873 0.313342 0.141304 0.104883
1 0.246695 0.125459 0.220251 0.249671 0.104721
10 0.899276 0.302925 0.0206968 0.0618062 0.104701
1 0.371812 0.0811738 0.223847 0.163872 0.103428
1 0.027118 0.490603 0.0539236 0.669889 0.102176
10 0.899812 0.303773 0.0190659 0.0584083 0.10208
4 0.948987 0.116584 0.101397 0.230028 0.101653
1 0.071277 0.539105 0.140897 0.915333 0.101624
4 0.327206 0.0400333 0.123693 0.08135 0.101207
1 0.120798 0.0375434 0.23464 0.0762412 0.10074
10 0.157058 0.0220102 0.0400747 0.0443523 0.100619
4 0.986708 0.191311 0.0272106 0.194046 0.100261
10 0.965033 0.0574719 0.0278975 0.0965414 0.0992072
1 0.0953695 0.749655 0.189522 0.500195 0.0980911
1 0.256838 0.848463 0.51062 0.303652 0.0980699
1 0.0327284 0.128216 0.0661992 0.139101 0.097731
10 0.771477 0.212574 0.0320446 0.0579118 0.0973563
1 0.252993 0.789658 0.504129 0.423082 0.0965434
10 0.977381 0.0536397 0.0444601 0.107413 0.0964166
4 0.766804 0.0890848 0.0552291 0.0626116 0.0962526
1 0.131184 0.017791 0.0844988 0.0353201 0.0956523
1 0.0353396 0.404844 0.0702943 0.370315 0.0953364
10 0.777091 0.0970482 0.0196502 0.0383521 0.0952473
1 0.083914 0.0135428 0.0766703 0.0276879 0.0951176
3 0.909361 0.227309 0.18084 0.4501 0.0948747
1 0.25374 0.839266 0.498661 0.322393 0.0947713
4 0.961932 0.153741 0.0754065 0.303121 0.0938454
4 0.764722 0.0883494 0.0423014 0.0538276 0.0936438
10 0.735026 0.0750489 0.0209812 0.047143 0.0924235
1 0.0280923 0.305213 0.0560197 0.224347 0.0914175
1 0.278236 0.846238 0.449512 0.307078 0.09132
1 0.0113877 0.353607 0.0232004 0.27102 0.0908808
1 0.0950085 0.838028 0.190354 0.322566 0.0904581
3 0.797175 0.226894 0.405942 0.441766 0.0900359
4 0.534715 0.01357 0.0750088 0.0289824 0.0884757
4 0.400779 0.0462704 0.139423 0.0924995 0.0877976
10 0.196546 0.0402916 0.0217184 0.057427 0.0873557
3 0.707702 0.0631892 0.33212 0.125767 0.0872171
3 0.765176 0.0837349 0.383826 0.168659 0.0868961
1 0.684376 0.219581 0.625472 0.430223 0.0863916
10 0.901635 0.308952 0.0185335 0.0501617 0.085647
1 0.0277973 0.473629 0.0554436 0.648033 0.085458
1 0.241883 0.105842 0.479104 0.214683 0.0853846
4 0.914743 0.0571319 0.167579 0.114033 0.0851335
3 0.743126 0.0657448 0.256814 0.13037 0.0849491
10 0.973661 0.133957 0.0172888 0.0471269 0.0838366
10 0.908275 0.315088 0.0269739 0.0554692 0.0824075
10 0.972545 0.0565276 0.048847 0.10726 0.081872
1 0.0320253 0.411446 0.0634718 0.448153 0.0817146
10 0.974516 0.0857375 0.0487213 0.154456 0.0809957
10 0.933715 0.312532 0.0463747 0.0756124 0.0807131
1 0.200076 0.500072 0.396518 0.578014 0.080148
1 0.663181 0.323601 0.668457 0.639456 0.0795993
1 0.154197 0.835699 0.309791 0.325436 0.0791135
4 0.989794 0.216595 0.0201168 0.116154 0.0788256
1 0.0291532 0.589629 0.0579738 0.823277 0.0782531
1 0.116826 0.0197903 0.121683 0.0405529 0.0775354
4 0.381979 0.0243947 0.159276 0.0495144 0.077344
1 0.170511 0.191819 0.340889 0.391747 0.0770855
4 0.989938 0.232442 0.0200336 0.082728 0.0767733
1 0.322861 0.103977 0.182991 0.206277 0.0761104
1 0.256104 0.0437714 0.455041 0.0891518 0.075736
1 0.0328583 0.223353 0.0655246 0.292924 0.075387
10 0.942898 0.0663842 0.0825182 0.125237 0.0749856
1 0.22703 0.678836 0.450811 0.677836 0.0745178
4 0.818736 0.10611 0.0439503 0.0493543 0.0745031
4 0.80391 0.105898 0.0173181 0.0314717 0.0742053
1 0.284973 0.853351 0.449757 0.292999 0.0740186
1 0.340353 0.1059 0.379878 0.212046 0.0735412
3 0.826909 0.236025 0.346599 0.436035 0.073272
4 0.972223 0.70805 0.0553564 0.574432 0.0714417
10 0.842325 0.0569949 0.0266945 0.0695525 0.0714129
4 0.973256 0.105892 0.05263 0.205564 0.071286
1 0.381583 0.124999 0.25565 0.250131 0.0705051
4 0.846491 0.107379 0.0186987 0.0271502 0.0695813
1 0.00543382 0.036568 0.0121058 0.065857 0.0695513
1 0.0139476 0.312147 0.027958 0.251995 0.0690707
1 0.42418 0.0716497 0.320857 0.145434 0.0684024
4 0.7766 0.108697 0.0913092 0.0967993 0.0670746
1 0.0354749 0.653239 0.0706644 0.691058 0.0670196
1 0.102917 0.0183212 0.11181 0.0377517 0.0656811
3 0.694412 0.0514023 0.323915 0.104132 0.0653021
4 0.321238 0.0161584 0.0822663 0.033562 0.0646384
3 0.810302 0.24963 0.377437 0.405668 0.0645965
4 0.748308 0.0784754 0.0430655 0.0534399 0.0644967
10 0.876125 0.304827 0.0248373 0.0708807 0.063223
10 0.210296 0.0184737 0.0367241 0.0371875 0.0629671
1 0.499011 0.247567 0.996721 0.489409 0.0629397
1 0.681392 0.211689 0.628543 0.409948 0.0627502
4 0.826853 0.106314 0.0308186 0.0461774 0.0619974
10 0.771676 0.235504 0.0268781 0.0662629 0.0612466
10 0.216998 0.0208285 0.0449872 0.0413774 0.0605745
10 0.714454 0.0714241 0.0233805 0.040303 0.0602287
1 0.0571829 0.297721 0.11435 0.255877 0.0599562
1 0.379363 0.100396 0.238055 0.204454 0.0598895
1 0.0151399 0.494875 0.0303112 0.485665 0.0598389
3 0.906019 0.337003 0.187742 0.426738 0.0598326
1 0.00877207 0.287839 0.017578 0.19279 0.0579567
1 0.0324125 0.149871 0.0652199 0.0805098 0.0576229
4 0.320475 0.015723 0.120393 0.0325452 0.0573127
4 0.587946 0.0662004 0.0695703 0.0772507 0.0570734
1 0.180105 0.870209 0.360694 0.253767 0.0561718
3 0.666027 0.0731748 0.348678 0.146568 0.0559634
3 0.906633 0.399247 0.185865 0.579532 0.0553535
4 0.830272 0.112614 0.022541 0.0335853 0.0553322
1 0.922026 0.507913 0.155924 0.978395 0.0550766
2 0.816694 0.287525 0.0151516 0.0267647 0.0545633
1 0.125432 0.766112 0.25078 0.461733 0.0543284
4 0.898074 0.129912 0.0403196 0.0584111 0.0542572
1 0.0611613 0.0882459 0.123891 0.185311 0.0530123
4 0.293738 0.0466496 0.0805089 0.0955523 0.0527397
1 0.0614467 0.103423 0.123379 0.215859 0.052108
10 0.395423 0.0590856 0.0285113 0.0611358 0.0519284
1 0.972875 0.567245 0.0542929 0.851912 0.0518576
1 0.201778 0.646026 0.324855 0.501183 0.0517217
4 0.828888 0.0974369 0.0650128 0.069704 0.0515237
4 0.355808 0.0584014 0.0850778 0.10458 0.0513237
1 0.0311808 0.115266 0.0634157 0.221522 0.0503586
3 0.913021 0.21192 0.173399 0.161897 0.0502676
4 0.985203 0.147487 0.0292591 0.0612327 0.0499582
1 0.025275 0.666149 0.0512748 0.723233 0.0496802
4 0.842128 0.25537 0.039699 0.0920826 0.0490402
1 0.449752 0.0666235 0.324357 0.135772 0.0488302
1 0.218848 0.585804 0.370716 0.410511 0.0487254
1 0.140558 0.507714 0.281982 0.434266 0.0486733
4 0.307713 0.0296563 0.101362 0.0612395 0.0484311
10 0.966556 0.212786 0.0664797 0.414937 0.0484022
10 0.899969 0.31634 0.0158083 0.043825 0.0479099
1 0.219752 0.621146 0.268977 0.407846 0.0467761
1 0.147505 0.565461 0.296163 0.459699 0.0467152
10 0.728425 0.240454 0.0186854 0.0438714 0.045203
10 0.300313 0.119653 0.0736173 0.212884 0.0450604
3 0.570227 0.059047 0.584931 0.11889 0.0448409
1 0.288737 0.631988 0.250666 0.414023 0.0447291
10 0.98092 0.295365 0.037595 0.258401 0.0441416
1 0.136232 0.0342185 0.178701 0.0610382 0.0434043
10 0.870443 0.30101 0.0139126 0.0451437 0.0431609
10 0.156574 0.0278841 0.0434278 0.054682 0.0430354
10 0.894852 0.3145 0.00997334 0.0443158 0.0425077
4 0.7524 0.0772298 0.0334623 0.0491171 0.0424326
1 0.0146842 0.203994 0.0292615 0.386876 0.04228
1 0.0324503 0.110424 0.0660195 0.21492 0.0420554
1 0.151995 0.0846706 0.223518 0.161538 0.0418909
1 0.120777 0.723161 0.244662 0.56126 0.0409526
1 0.255288 0.946496 0.512391 0.107961 0.0402864
4 0.65621 0.106724 0.0363819 0.043544 0.040179
6 0.301225 0.91305 0.427292 0.173748 0.0401619
4 0.848122 0.112179 0.0234804 0.0362983 0.0401367
10 0.916359 0.318706 0.0130455 0.0492413 0.0396795
1 0.0570283 0.730573 0.112868 0.564698 0.0396407
4 0.841997 0.254226 0.0366682 0.0843539 0.0390686
1 0.178381 0.701739 0.336971 0.476417 0.0382606
1 0.0401084 0.163636 0.0693992 0.101293 0.0381477
1 0.519022 0.12324 0.356514 0.176452 0.0379572
3 0.869543 0.293102 0.256421 0.321351 0.0372276
10 0.746171 0.252544 0.0418008 0.0746458 0.0370532
1 0.0341083 0.822499 0.069401 0.369603 0.0370055
4 0.79938 0.0970376 0.0216056 0.0429037 0.0358485
1 0.498633 0.051426 0.446445 0.103516 0.0357309
3 0.701017 0.0788626 0.466828 0.155626 0.0354392
10 0.862873 0.298845 0.0132746 0.0408531 0.0344184
10 0.371489 0.161255 0.051382 0.0827116 0.0332757
1 0.0933957 0.186275 0.0564854 0.0920142 0.0331075
1 0.17192 0.621574 0.331914 0.889923 0.0329367
6 0.0359327 0.106363 0.0517232 0.0721128 0.032565
1 0.154906 0.813799 0.31604 0.383637 0.0322625
10 0.0100186 0.152196 0.0203249 0.235704 0.0318274
6 0.290106 0.946282 0.396131 0.110262 0.0311946
1 0.168355 0.704639 0.285697 0.500074 0.0311918
1 0.247216 0.855572 0.48784 0.272 0.0311883
1 0.665466 0.2357 0.603274 0.372776 0.0308826
1 0.0280403 0.21041 0.0545451 0.181905 0.0303265
1 0.233248 0.785667 0.451492 0.988863 0.029838
1 0.233821 0.803371 0.453763 0.999721 0.0296258
4 0.714686 0.0980738 0.139487 0.118739 0.0294282
1 0.875407 0.504729 0.249538 0.736711 0.0293604
4 0.940698 0.731966 0.120551 0.563209 0.0291711
10 0.951648 0.348506 0.0957016 0.247623 0.0289703
10 0.991026 0.237416 0.0168772 0.0364396 0.0288475
6 0.220276 0.951839 0.4309 0.0992663 0.0283361
6 0.193698 0.540497 0.224623 0.251255 0.0283105
1 0.201671 0.702139 0.39082 0.973802 0.0276486
1 0.194934 0.167941 0.187245 0.125349 0.027216
10 0.00851875 0.531168 0.0155642 0.10831 0.0271296
6 0.191089 0.881924 0.2452 0.252806 0.0270183
1 0.511959 0.330483 0.945589 0.427587 0.0269507
1 0.223669 0.83413 0.419358 0.998551 0.0265294
6 0.241835 0.90403 0.460089 0.179447 0.0264109
6 0.213487 0.97115 0.33805 0.0667103 0.0255075
1 0.0328234 0.727449 0.0640823 0.136203 0.0253026
4 0.724232 0.0963627 0.0355547 0.041844 0.0250917
4 0.897243 0.144029 0.0357899 0.041046 0.0245126
1 0.632479 0.243245 0.543958 0.328148 0.0242714
4 0.842457 0.268696 0.0294655 0.0555888 0.0241906
10 0.976591 0.182908 0.0317152 0.0532455 0.0240769
1 0.292179 0.12762 0.081006 0.0880111 0.0239701
6 0.259145 0.820919 0.205757 0.214986 0.0232349
1 0.0647381 0.225539 0.0897401 0.0669074 0.0230397
6 0.284722 0.980618 0.217333 0.0397398 0.0228662
6 0.232602 0.942022 0.251195 0.124717 0.0228331
1 0.530658 0.607912 0.990746 0.999322 0.0225355
6 0.206054 0.911296 0.304792 0.150857 0.0220694
10 0.87321 0.176473 0.0225304 0.041143 0.0217011
4 0.763258 0.105354 0.0390804 0.0408788 0.0216663
1 0.0547953 0.925389 0.103411 0.272264 0.0216356
6 0.0472275 0.88744 0.0975872 0.214307 0.0213871
1 0.651348 0.559993 0.674942 0.579086 0.0202829
6 0.217254 0.932666 0.212902 0.150029 0.0202638
6 0.0277332 0.283233 0.0433469 0.0341393 0.0199471
10 0.748726 0.174398 0.0185692 0.0287162 0.0197084
1 0.652417 0.473513 0.684129 0.385823 0.019487
10 0.881663 0.357351 0.0137095 0.0420487 0.0187298
10 0.774721 0.333839 0.030262 0.0445338 0.0186477
4 0.810449 0.137872 0.0186665 0.0274986 0.0184143
6 0.745234 0.277189 0.0252966 0.0237283 0.0184078
10 0.758315 0.142121 0.0138455 0.023214 0.0182037
1 0.503548 0.514762 0.999944 0.260361 0.0181006
6 0.208799 0.797206 0.250918 0.278972 0.018097
4 0.81463 0.128458 0.0146822 0.0240911 0.0178194
1 0.489682 0.839394 0.999959 0.999534 0.017726
1 0.659027 0.394266 0.531357 0.264881 0.0171531
1 0.623926 0.24346 0.189626 0.14247 0.017079
1 0.498767 0.750815 0.997747 0.999692 0.016989
1 0.378096 0.25551 0.065574 0.0710186 0.0168477
10 0.806008 0.201014 0.0606201 0.0433627 0.0168075
4 0.79139 0.161642 0.0189151 0.0247071 0.0166044
4 0.931293 0.576697 0.119992 0.127781 0.0165647
4 0.846538 0.681975 0.296298 0.22467 0.0164447
1 0.714481 0.42252 0.467047 0.253814 0.0164019
1 0.636612 0.6049 0.553364 0.295174 0.0159836
4 0.794702 0.157888 0.0171152 0.0248179 0.0159604
1 0.675283 0.63718 0.548513 0.283454 0.0157675
1 0.589455 0.460086 0.439588 0.21717 0.0142038
