10 0.738642 0.803651 0.0781948 0.306965 0.878543
10 0.698531 0.778359 0.0524762 0.283894 0.877201
10 0.824669 0.845947 0.0812027 0.300203 0.876239
10 0.521084 0.674256 0.0489595 0.261369 0.866444
10 0.930444 0.5138 0.0280287 0.124121 0.853908
10 0.47805 0.651458 0.0506341 0.234549 0.832067
10 0.559687 0.596556 0.0380188 0.218723 0.824153
10 0.153842 0.76181 0.0561468 0.172622 0.357578
10 0.153296 0.727926 0.0595843 0.240602 0.293872
10 0.146906 0.7306 0.0490904 0.243229 0.278716
10 0.153758 0.723189 0.0578911 0.233404 0.268214
0 0.733582 0.497342 0.0277962 0.0788926 0.26348
10 0.162918 0.753275 0.0419212 0.145241 0.254941
10 0.166799 0.753908 0.0353288 0.138622 0.218498
6 0.0233506 0.960579 0.0477218 0.0799916 0.200845
7 0.275954 0.256822 0.0247981 0.0448782 0.195236
6 0.0235065 0.929442 0.047391 0.142434 0.176693
6 0.0348868 0.933876 0.0707583 0.133362 0.165741
0 0.632747 0.551379 0.060809 0.164656 0.153412
6 0.259583 0.685937 0.0448965 0.160611 0.149208
10 0.294674 0.665852 0.0370081 0.108322 0.148923
6 0.0360801 0.95136 0.0727784 0.0978377 0.148129
0 0.738098 0.495303 0.0201954 0.0706694 0.14795
10 0.141868 0.667742 0.0331213 0.152187 0.142936
6 0.0316334 0.961491 0.0646755 0.0780693 0.141816
6 0.0358708 0.909879 0.072356 0.181094 0.138932
11 0.356508 0.76061 0.0926783 0.213154 0.137423
0 0.648997 0.572137 0.0264174 0.0844915 0.135503
7 0.301134 0.277154 0.0248825 0.0313428 0.134027
11 0.265555 0.698756 0.0661341 0.189788 0.129788
7 0.385924 0.702902 0.0273832 0.0494992 0.128036
10 0.298853 0.664511 0.027505 0.0949745 0.124929
10 0.432475 0.592286 0.0264336 0.111976 0.122364
11 0.366602 0.768131 0.0731645 0.182343 0.119084
0 0.633486 0.567134 0.0601962 0.137491 0.1189
2 0.0124614 0.92539 0.0255682 0.149791 0.11676
10 0.143188 0.582792 0.0311852 0.0892069 0.113988
10 0.176652 0.651788 0.0296406 0.109666 0.11376
10 0.2569 0.563106 0.0338983 0.11197 0.113501
10 0.14349 0.607825 0.0339201 0.143639 0.111778
10 0.15479 0.618073 0.0571219 0.172718 0.111439
6 0.381689 0.751291 0.0403832 0.112357 0.110815
10 0.225778 0.617196 0.0427637 0.205411 0.108945
11 0.0258282 0.858823 0.0522565 0.282633 0.104857
4 0.949888 0.935151 0.0994038 0.103255 0.104252
10 0.502564 0.569519 0.0161003 0.0594793 0.104029
6 0.384875 0.740467 0.0347543 0.126627 0.102369
7 0.277259 0.256796 0.0193122 0.041969 0.102257
10 0.171975 0.763089 0.0246704 0.117156 0.101155
6 0.0577039 0.960584 0.116878 0.0794592 0.0988036
6 0.142492 0.782025 0.0439604 0.135438 0.0979994
10 0.140723 0.633212 0.0233232 0.0741546 0.0974743
6 0.149662 0.768577 0.0745775 0.168202 0.0974458
7 0.30046 0.271861 0.026652 0.0386606 0.0970485
10 0.14231 0.685708 0.0291024 0.0963703 0.0914965
7 0.265908 0.273096 0.0270345 0.030957 0.090533
6 0.225521 0.680832 0.0256186 0.0777782 0.090198
10 0.2226 0.594024 0.0358585 0.15563 0.0898877
7 0.205753 0.0199609 0.0384795 0.0410216 0.0866514
11 0.352802 0.785722 0.0574042 0.157352 0.0838861
10 0.171874 0.643361 0.0221889 0.0960775 0.0827357
10 0.499149 0.647768 0.0235185 0.21513 0.0817115
7 0.204502 0.282431 0.0229674 0.0315962 0.0812019
10 0.494021 0.655112 0.0346616 0.225596 0.0787306
7 0.302934 0.276935 0.0194076 0.023418 0.0781729
10 0.417414 0.592892 0.0464127 0.116298 0.0776514
0 0.649927 0.568693 0.0340036 0.095438 0.0763962
10 0.291009 0.685048 0.0534822 0.154549 0.0761313
7 0.204531 0.0205339 0.0468174 0.0414155 0.0760278
10 0.141316 0.63969 0.02728 0.0899308 0.0755586
0 0.636155 0.585993 0.0555004 0.0978089 0.074434
7 0.0502242 0.0467053 0.068776 0.093259 0.0740315
7 0.25846 0.276201 0.0269344 0.0313406 0.0738498
10 0.476638 0.650269 0.0409401 0.220608 0.073849
3 0.0192046 0.737413 0.038569 0.526971 0.0734959
10 0.150449 0.725561 0.0837862 0.266229 0.0730299
10 0.459229 0.584506 0.0311975 0.125947 0.071607
6 0.221133 0.656131 0.0372741 0.142323 0.069498
10 0.17317 0.670327 0.033647 0.145642 0.0693317
6 0.383111 0.757723 0.0351986 0.100128 0.0692826
10 0.29889 0.66383 0.0210038 0.08294 0.0691173
7 0.237056 0.275309 0.046281 0.0428619 0.0688931
7 0.268331 0.275188 0.0488545 0.0363811 0.0687561
7 0.807445 0.814701 0.0244465 0.0648753 0.0674753
11 0.361102 0.733618 0.0837269 0.166071 0.0674745
6 0.96659 0.68029 0.027973 0.0932233 0.0668852
10 0.170113 0.568697 0.0334319 0.0842529 0.0665102
10 0.492647 0.654956 0.0379983 0.228602 0.0664792
10 0.631273 0.491183 0.0415716 0.112855 0.063921
3 0.968565 0.66383 0.0623827 0.666809 0.0638876
10 0.62505 0.47256 0.0218313 0.0767292 0.0630165
6 0.262429 0.672567 0.0314715 0.109876 0.0627883
6 0.950893 0.792393 0.0982244 0.399306 0.0625334
11 0.0203476 0.842635 0.0411891 0.31718 0.0623974
11 0.402253 0.668463 0.0591941 0.101415 0.0621879
10 0.498489 0.627422 0.0232024 0.165403 0.0620875
10 0.166987 0.580687 0.035106 0.107636 0.0618023
6 0.00777504 0.745096 0.015098 0.0856779 0.0608185
10 0.136122 0.78191 0.0349796 0.135481 0.0607147
11 0.260873 0.643555 0.0306105 0.0578862 0.060243
10 0.0111573 0.843842 0.0237312 0.306795 0.0591147
6 0.182753 0.675757 0.0208076 0.0557696 0.0586629
7 0.0115389 0.902062 0.0227579 0.0778843 0.0575525
10 0.931331 0.516173 0.0272991 0.117908 0.0574204
10 0.139786 0.746602 0.0348924 0.204307 0.0573241
10 0.516597 0.669054 0.0492759 0.254122 0.0572219
10 0.483297 0.698745 0.035702 0.137584 0.0566645
7 0.267918 0.262652 0.0454675 0.0561538 0.0564056
6 0.950241 0.798032 0.0998039 0.391186 0.0563608
6 0.023802 0.943048 0.0475938 0.116602 0.0558234
3 0.0214116 0.612994 0.0423439 0.779166 0.055778
7 0.683297 0.748227 0.0181003 0.0496673 0.0540577
7 0.984361 0.0239405 0.0268229 0.0464286 0.0539506
10 0.230333 0.536349 0.0226623 0.0421127 0.0536615
10 0.983747 0.661118 0.0323622 0.630895 0.0533982
10 0.167791 0.552355 0.0257799 0.0533254 0.0528321
10 0.915271 0.334701 0.0132206 0.0305188 0.0524605
6 0.0167599 0.986549 0.0336775 0.0273932 0.0519972
10 0.920574 0.336788 0.019054 0.0355636 0.0515227
6 0.269797 0.696858 0.0228818 0.0733994 0.0506697
10 0.626321 0.457555 0.0163529 0.0421456 0.0506086
0 0.725052 0.49772 0.0141861 0.0768746 0.0502663
10 0.498611 0.594123 0.0198236 0.10405 0.050083
11 0.350568 0.686499 0.0591323 0.0856449 0.0496626
4 0.87285 0.495263 0.0352707 0.0273146 0.0494448
2 0.00935231 0.858554 0.0202917 0.275892 0.0493947
10 0.1841 0.608227 0.0859113 0.201212 0.0489426
10 0.739429 0.804268 0.073624 0.301792 0.0487428
10 0.314523 0.783232 0.0488044 0.13187 0.0487022
2 0.00731588 0.875674 0.0158776 0.168143 0.048392
10 0.230217 0.530859 0.02295 0.0531634 0.0482004
7 0.276501 0.275913 0.0692127 0.0389953 0.04814
10 0.490547 0.522765 0.0441843 0.182214 0.047966
6 0.00907363 0.726131 0.0178548 0.169215 0.0478829
11 0.225069 0.66511 0.0236281 0.0430954 0.0477776
10 0.29032 0.650803 0.0343668 0.0808389 0.0477074
7 0.407898 0.700217 0.0184066 0.0318891 0.04766
10 0.556425 0.597387 0.0333237 0.204617 0.0471348
0 0.61706 0.559585 0.0340508 0.145098 0.0461124
10 0.488837 0.598258 0.0514173 0.339628 0.0460264
7 0.231215 0.274967 0.0326415 0.0368818 0.0459572
2 0.00980214 0.849989 0.0211316 0.29434 0.0456955
10 0.305017 0.666261 0.0217633 0.084313 0.045199
10 0.938535 0.514044 0.0167833 0.125792 0.044792
10 0.500878 0.577199 0.0199246 0.0757158 0.0445378
10 0.677872 0.776644 0.0331247 0.274525 0.0438283
10 0.402988 0.587946 0.0229884 0.0964547 0.0436936
10 0.986258 0.80066 0.0278852 0.387427 0.0434799
10 0.525942 0.626457 0.0402777 0.167711 0.0433767
10 0.263623 0.528996 0.0216664 0.0480697 0.0432221
4 0.852514 0.45261 0.0164206 0.0143937 0.043158
6 0.978756 0.793164 0.0423182 0.400523 0.043109
10 0.561449 0.553503 0.0301031 0.113621 0.0429793
7 0.287275 0.278315 0.0309658 0.0309392 0.0425808
10 0.160606 0.566089 0.06218 0.102764 0.0424506
10 0.221658 0.559452 0.043065 0.10852 0.0423359
6 0.248739 0.588464 0.0196114 0.0663757 0.0423049
10 0.00808791 0.633439 0.0163012 0.299752 0.042267
7 0.171565 0.284405 0.0241879 0.0349735 0.0422469
7 0.277286 0.268463 0.0189054 0.0328177 0.0422141
10 0.430652 0.56832 0.0167348 0.063486 0.0418014
10 0.563437 0.547244 0.0350859 0.129196 0.0416689
6 0.182694 0.681034 0.0196101 0.0552958 0.0415643
10 0.186767 0.555072 0.0800501 0.110476 0.0415526
10 0.528569 0.62613 0.0351259 0.170095 0.0413826
10 0.942249 0.520026 0.0181801 0.121665 0.0413778
10 0.526461 0.631774 0.0288979 0.165514 0.0411448
6 0.0123311 0.982853 0.0248652 0.0337259 0.0411115
10 0.00994736 0.793354 0.0197707 0.193127 0.0408379
6 0.275264 0.705606 0.0854661 0.206187 0.0406153
6 0.976346 0.744236 0.0453054 0.279399 0.0403683
10 0.525381 0.630112 0.0305331 0.169395 0.0403033
10 0.403318 0.486755 0.0214896 0.0508453 0.0396818
10 0.932018 0.341255 0.0107952 0.034073 0.0395065
10 0.193082 0.570131 0.0408737 0.07967 0.0392183
10 0.937732 0.516364 0.0121952 0.0995606 0.039116
10 0.171759 0.641098 0.0159515 0.0769509 0.039021
10 0.533847 0.629148 0.0320814 0.150775 0.0389046
10 0.525334 0.626668 0.0640419 0.159573 0.0387932
2 0.511963 0.46443 0.0252311 0.0801855 0.0385462
10 0.171775 0.732707 0.0251355 0.068813 0.0384298
10 0.990601 0.643672 0.0197102 0.469574 0.0383719
10 0.939942 0.511203 0.0126719 0.107603 0.0381219
10 0.260696 0.54543 0.021881 0.0763165 0.0379917
10 0.705392 0.772571 0.03986 0.268308 0.0377789
10 0.133212 0.592157 0.0140923 0.0823395 0.0376114
10 0.977057 0.570453 0.0457355 0.452869 0.0373084
2 0.260157 0.704409 0.0215899 0.0669163 0.0369044
10 0.81893 0.850538 0.0670453 0.279987 0.0368954
10 0.155131 0.772771 0.0286827 0.129661 0.0368404
10 0.931751 0.493254 0.0213305 0.0540117 0.0364878
10 0.248088 0.527482 0.0182619 0.0550428 0.0364668
10 0.240519 0.528599 0.0221393 0.0554555 0.0364363
7 0.233064 0.277773 0.0401077 0.0358842 0.0363499
10 0.484764 0.613011 0.0346711 0.113415 0.0363457
2 0.0979959 0.0443701 0.181315 0.091111 0.0362836
4 0.231159 0.274836 0.0763902 0.0474613 0.0362506
6 0.0178822 0.799797 0.0373223 0.418768 0.0361518
6 0.405816 0.697618 0.0226374 0.0368274 0.0360315
10 0.515619 0.670551 0.0417912 0.236561 0.0360261
7 0.297471 0.285402 0.0312964 0.0223942 0.035887
10 0.22997 0.555983 0.029637 0.100152 0.0356068
6 0.26787 0.716048 0.0228341 0.0394334 0.035523
10 0.521001 0.574455 0.0400517 0.0633794 0.0354671
10 0.714096 0.780027 0.0732097 0.287145 0.0349986
10 0.46614 0.614057 0.0230636 0.0944376 0.0344131
6 0.0115776 0.986237 0.022363 0.0246413 0.0341979
6 0.237736 0.689652 0.0256132 0.170998 0.0338211
7 0.279179 0.271595 0.0203183 0.0271827 0.0336693
10 0.992664 0.638026 0.0161961 0.489453 0.0336614
6 0.172998 0.779842 0.0213672 0.0824685 0.0336261
11 0.349459 0.793376 0.0884844 0.177638 0.0336254
10 0.879626 0.331399 0.0128639 0.0280634 0.033605
10 0.993072 0.502764 0.01439 0.313873 0.0334542
10 0.512907 0.512608 0.0415579 0.178845 0.0333134
6 0.268389 0.713041 0.0201892 0.0428351 0.0331938
7 0.00987796 0.961455 0.0192066 0.0752643 0.0331158
10 0.17124 0.619071 0.0171951 0.0474931 0.032578
7 0.385929 0.73573 0.0271246 0.0552105 0.0324934
10 0.697255 0.797307 0.0331408 0.229366 0.032324
10 0.297153 0.668904 0.017064 0.0736804 0.0320153
6 0.22509 0.675013 0.0220919 0.0371581 0.0320005
10 0.240449 0.540561 0.013739 0.0346382 0.0318957
11 0.406597 0.707212 0.0722594 0.159363 0.0315079
10 0.255751 0.535295 0.0210604 0.0516499 0.0314518
4 0.97826 0.414416 0.0272306 0.0500586 0.0314155
10 0.487833 0.694688 0.0218919 0.162865 0.0313908
6 0.395878 0.681891 0.0518473 0.0860868 0.0312386
7 0.271917 0.250743 0.0203803 0.0322846 0.0312361
10 0.690719 0.782 0.0535058 0.269705 0.0309972
10 0.200699 0.521729 0.0179401 0.0354698 0.0308342
10 0.158189 0.638406 0.0201969 0.0964035 0.0307048
10 0.412382 0.578535 0.0226679 0.0792238 0.030621
10 0.136646 0.633613 0.0141774 0.0939178 0.0300203
10 0.560516 0.519753 0.0294342 0.207504 0.0295321
10 0.211519 0.52868 0.0171803 0.0397121 0.0294328
10 0.209249 0.525692 0.0146237 0.0333289 0.029047
10 0.542785 0.650299 0.0228541 0.173296 0.028985
7 0.374008 0.682842 0.0162482 0.0625578 0.0287672
0 0.873063 0.517757 0.040476 0.0791783 0.0287416
6 0.729596 0.51907 0.0101106 0.0482874 0.0281711
10 0.491753 0.715778 0.0250843 0.15775 0.0281579
0 0.628298 0.588517 0.0217664 0.0804873 0.0278391
10 0.141412 0.662659 0.0252139 0.0537645 0.0276974
10 0.137946 0.592776 0.0142598 0.0614179 0.0275287
6 0.167384 0.789405 0.0245306 0.0903886 0.0274261
10 0.0984305 0.697718 0.0367817 0.261867 0.0274065
10 0.54819 0.656127 0.0246642 0.169569 0.0265112
6 0.17385 0.779625 0.0200133 0.0930435 0.0263395
6 0.986468 0.860623 0.0277712 0.271526 0.0262807
10 0.502785 0.744377 0.0249874 0.116879 0.0261686
10 0.729323 0.857342 0.0453263 0.0518776 0.0260804
10 0.129738 0.553872 0.0154354 0.0509772 0.0259571
10 0.557324 0.506107 0.0208361 0.0486128 0.0254707
7 0.375116 0.696334 0.0131205 0.0333304 0.0253011
11 0.337735 0.723459 0.460342 0.308456 0.0251325
3 0.415641 0.610617 0.810138 0.642039 0.0250422
3 0.984823 0.417874 0.0298658 0.177207 0.0248341
10 0.0999565 0.742163 0.0344764 0.192252 0.0244481
10 0.431017 0.680558 0.0186952 0.0958618 0.0243906
10 0.17561 0.654742 0.0148057 0.0485977 0.0242454
6 0.393604 0.703875 0.0485213 0.0783724 0.0241645
10 0.155786 0.606608 0.0187 0.0712547 0.0236282
10 0.142158 0.601501 0.0219537 0.0568248 0.0236206
6 0.235237 0.702134 0.0134223 0.043406 0.023476
8 0.675306 0.915265 0.0206814 0.0321064 0.0220807
10 0.163611 0.620012 0.0167672 0.0318858 0.0220056
6 0.745421 0.532936 0.0114049 0.0383147 0.0220049
10 0.23785 0.527851 0.0183352 0.0231792 0.021994
10 0.151442 0.709954 0.0219167 0.0519294 0.0219752
6 0.241486 0.883106 0.0531326 0.108819 0.0218172
10 0.516893 0.704817 0.0393076 0.0464978 0.0217779
10 0.149949 0.704392 0.0189082 0.062818 0.0215212
10 0.433358 0.700713 0.0179929 0.0569075 0.0207773
10 0.992871 0.751622 0.0119509 0.102085 0.0207752
10 0.520274 0.764314 0.0131404 0.0442341 0.0202871
6 0.277939 0.782518 0.0275437 0.0852971 0.0202556
10 0.228008 0.514999 0.0209394 0.0338911 0.0202454
8 0.491248 0.757871 0.0228185 0.0607916 0.019742
10 0.134396 0.894865 0.0361581 0.0604063 0.0195323
10 0.702492 0.895721 0.0298445 0.0884426 0.0193584
10 0.755159 0.668005 0.0328745 0.0766442 0.0191709
10 0.187333 0.89124 0.0191183 0.042915 0.0177859
6 0.273731 0.879801 0.0266832 0.0539739 0.0176636
10 0.277721 0.341299 0.015519 0.0207271 0.0173847
10 0.62499 0.675987 0.0686274 0.104473 0.017341
10 0.243635 0.615324 0.016585 0.0291934 0.0171625
10 0.216402 0.919605 0.0453979 0.0639789 0.0167743
10 0.238489 0.921793 0.0235125 0.0411488 0.0161992
10 0.269207 0.350265 0.0113513 0.0134787 0.0158508
11 0.759272 0.946384 0.142631 0.0901592 0.015806
7 0.411878 0.857084 0.0175817 0.0266498 0.0156112
10 0.420595 0.953447 0.0323339 0.0553593 0.0153523
2 0.409442 0.940887 0.0232304 0.0337729 0.0153179
10 0.277771 0.437889 0.0238753 0.0222385 0.0146911
10 0.335099 0.947912 0.0780886 0.0950269 0.0146066
10 0.239124 0.480515 0.0167861 0.0140566 0.0145722
10 0.266176 0.922883 0.0217934 0.034189 0.0144895
8 0.3222 0.934758 0.0309311 0.028599 0.0144035
10 0.355101 0.938173 0.0355172 0.0301962 0.0143169
