4 0.613907 0.50158 0.228094 0.264219 0.89715
10 0.453832 0.486232 0.0604823 0.251231 0.804813
4 0.731263 0.355661 0.105303 0.114561 0.750139
4 0.411575 0.278524 0.156199 0.169808 0.357938
4 0.642492 0.362345 0.0808372 0.0928695 0.304782
4 0.4387 0.282205 0.100803 0.136565 0.248635
4 0.841213 0.346625 0.0581799 0.08097 0.235598
4 0.384952 0.282769 0.212978 0.187932 0.210433
4 0.453967 0.288861 0.0735329 0.109651 0.207347
4 0.853648 0.334308 0.0999001 0.13237 0.164637
3 0.179476 0.497146 0.357036 0.999614 0.158097
10 0.181367 0.675802 0.0789781 0.305351 0.150729
10 0.190116 0.749864 0.136504 0.481291 0.146736
4 0.452865 0.262475 0.108866 0.167716 0.144569
4 0.477886 0.284766 0.120962 0.130111 0.138656
3 0.180993 0.622685 0.361143 0.732763 0.137639
4 0.424286 0.267122 0.255813 0.20575 0.128268
4 0.857958 0.344177 0.101595 0.137811 0.124337
10 0.192273 0.619751 0.051562 0.179724 0.123897
10 0.542677 0.432619 0.0475063 0.0752701 0.122243
10 0.45847 0.54383 0.0458923 0.137861 0.119819
10 0.0929196 0.712491 0.103955 0.55086 0.112229
10 0.17911 0.753434 0.134183 0.47537 0.109898
10 0.07104 0.687535 0.141881 0.605216 0.105542
10 0.216329 0.744862 0.19996 0.497292 0.102475
8 0.473846 0.507592 0.0998711 0.204987 0.0956373
10 0.453907 0.410315 0.055787 0.0934142 0.0945437
4 0.408331 0.206908 0.194382 0.330496 0.0941221
4 0.0752039 0.659887 0.149072 0.659966 0.0932943
10 0.177818 0.739387 0.0920462 0.442609 0.0924606
4 0.350217 0.553932 0.0764854 0.142812 0.085915
4 0.536636 0.275221 0.11682 0.111974 0.0843265
4 0.318118 0.310714 0.0700169 0.125805 0.0841919
10 0.0736928 0.7366 0.145442 0.507385 0.0825924
4 0.40837 0.208934 0.21314 0.34922 0.0810953
4 0.612611 0.329685 0.14086 0.159403 0.0801375
3 0.269589 0.497528 0.540057 0.998611 0.0796975
10 0.0355612 0.642946 0.0715451 0.697032 0.0795643
4 0.579332 0.318453 0.0697216 0.123845 0.0779953
10 0.29618 0.559012 0.0905916 0.472812 0.0775667
3 0.239352 0.623388 0.478566 0.736976 0.0763794
4 0.575338 0.293034 0.0618471 0.0765815 0.0740356
4 0.573267 0.291748 0.0590181 0.0743405 0.0731662
4 0.0918307 0.664516 0.182855 0.648701 0.0729532
10 0.455475 0.487731 0.057708 0.246537 0.0727402
4 0.345817 0.520887 0.0843555 0.211481 0.0726032
4 0.465025 0.269447 0.0559645 0.0702714 0.0706226
4 0.641563 0.353191 0.0507135 0.0674109 0.0704087
10 0.0685615 0.708274 0.0821809 0.565137 0.0691773
4 0.452035 0.228846 0.0714221 0.0918127 0.0684425
9 0.0749852 0.644768 0.149022 0.690138 0.067786
4 0.409338 0.309703 0.262394 0.257242 0.0677126
4 0.568662 0.282511 0.0452219 0.050068 0.0676477
4 0.855444 0.354395 0.0947736 0.114804 0.0674342
4 0.511866 0.268394 0.0565977 0.0953302 0.0666024
4 0.451207 0.22185 0.0740502 0.0922065 0.0643349
10 0.0921139 0.694497 0.0935105 0.490689 0.0626463
3 0.489476 0.504587 0.970017 0.98096 0.0622396
4 0.466744 0.269939 0.054791 0.0712064 0.0617634
10 0.112712 0.735284 0.225116 0.512354 0.0609722
4 0.107196 0.637675 0.213538 0.703405 0.0606983
4 0.513233 0.249183 0.0421329 0.0597683 0.0604748
10 0.233978 0.75509 0.248599 0.476521 0.0593415
4 0.63328 0.386971 0.110693 0.136373 0.058328
10 0.551284 0.433755 0.0282051 0.0494169 0.0583049
10 0.355716 0.633949 0.0921429 0.297122 0.0580434
10 0.102152 0.711805 0.100469 0.550982 0.0570692
4 0.175754 0.420744 0.12291 0.231319 0.0569784
9 0.478849 0.511919 0.11089 0.234136 0.0562236
10 0.0715752 0.692021 0.0803723 0.595391 0.0556285
9 0.0990993 0.686665 0.198167 0.609914 0.0547185
10 0.303067 0.607113 0.089122 0.375146 0.0542482
4 0.193621 0.493062 0.384768 0.45537 0.0540225
10 0.164 0.743752 0.105222 0.482515 0.0538553
10 0.301167 0.549671 0.0876749 0.476759 0.0537443
4 0.459733 0.498591 0.917265 0.989123 0.0533125
4 0.541988 0.18509 0.47134 0.360271 0.0530267
4 0.450873 0.254157 0.0791431 0.126586 0.0528915
10 0.13365 0.729306 0.221429 0.522437 0.0528536
8 0.474863 0.463891 0.100511 0.129366 0.0520699
4 0.333366 0.633137 0.148395 0.302884 0.0517018
10 0.0324364 0.649412 0.0654428 0.686517 0.0513473
4 0.0881631 0.605375 0.173798 0.51928 0.0505856
10 0.155758 0.70052 0.0550954 0.350584 0.0500919
4 0.435344 0.225606 0.0391371 0.0686668 0.0484961
4 0.839503 0.362133 0.0489786 0.0413975 0.047156
10 0.326844 0.55032 0.0434374 0.130122 0.0470743
10 0.6667 0.366645 0.0375998 0.088527 0.0470495
10 0.234946 0.672135 0.149887 0.337514 0.0464709
10 0.33642 0.553207 0.0617051 0.13785 0.0459834
4 0.540267 0.259433 0.0948002 0.0854963 0.0459148
8 0.454777 0.50412 0.0298974 0.0515661 0.0458082
4 0.178189 0.214349 0.359053 0.400493 0.0447562
10 0.177661 0.753844 0.101876 0.471214 0.0445883
4 0.625228 0.291477 0.0698202 0.0806839 0.0444626
10 0.217502 0.679446 0.108383 0.34951 0.0440606
4 0.394307 0.496966 0.789623 0.994821 0.0439557
10 0.0307984 0.683614 0.0625395 0.625478 0.0438773
4 0.315193 0.630312 0.633763 0.726454 0.0435852
4 0.332832 0.457889 0.0404704 0.0489528 0.04321
3 0.175035 0.649923 0.349733 0.697114 0.0427949
10 0.0332946 0.661133 0.0670834 0.672633 0.0427476
10 0.2453 0.74564 0.112353 0.492796 0.042168
10 0.028873 0.687019 0.0588996 0.622502 0.0416965
10 0.316785 0.603195 0.147188 0.395366 0.0414768
4 0.282845 0.396671 0.0896094 0.160076 0.0414753
4 0.494746 0.633341 0.980476 0.721531 0.0412817
4 0.731038 0.357616 0.114911 0.126171 0.0412506
4 0.617845 0.32722 0.140913 0.160558 0.0411911
10 0.305914 0.649334 0.132243 0.39264 0.0408128
4 0.25007 0.177293 0.511837 0.351147 0.0404761
4 0.545828 0.26803 0.110124 0.0969339 0.0403826
10 0.159392 0.727697 0.0516431 0.236539 0.0398945
4 0.491453 0.281347 0.0842808 0.106946 0.0398685
3 0.186586 0.535236 0.374431 0.989168 0.0395307
4 0.241887 0.330319 0.492299 0.653424 0.0394264
9 0.0784601 0.825569 0.155748 0.331021 0.0392817
4 0.17281 0.427016 0.334117 0.310573 0.0387902
4 0.876674 0.355826 0.0476636 0.114388 0.0387587
3 0.242359 0.631168 0.267677 0.72269 0.0386821
4 0.440819 0.224784 0.0553715 0.0758882 0.0386388
4 0.31509 0.619638 0.637501 0.748327 0.0385279
6 0.0724416 0.731342 0.142927 0.518941 0.0379585
4 0.434794 0.428869 0.846662 0.841236 0.0377854
10 0.0677163 0.663605 0.0510658 0.361747 0.037781
4 0.177886 0.362835 0.355081 0.684566 0.0375401
3 0.182526 0.596584 0.364559 0.894848 0.0372478
10 0.796261 0.337528 0.0390406 0.103004 0.037017
10 0.282461 0.578282 0.113064 0.488326 0.0369702
4 0.54412 0.318157 0.478061 0.625843 0.0367681
4 0.390769 0.335163 0.171618 0.119251 0.0365771
4 0.512946 0.256984 0.0476842 0.078283 0.0364569
4 0.490858 0.274129 0.0781955 0.0936319 0.0363331
10 0.454868 0.374424 0.061913 0.133119 0.0362675
4 0.0339393 0.473854 0.0692038 0.234148 0.0358485
3 0.237212 0.612482 0.241349 0.644941 0.0354095
3 0.500488 0.63356 0.996675 0.716623 0.0353163
4 0.165285 0.568267 0.324903 0.561469 0.0349471
4 0.540388 0.514128 0.079232 0.23822 0.0348712
3 0.2839 0.620001 0.572384 0.746245 0.0348664
4 0.636596 0.295854 0.087671 0.0916996 0.0343385
4 0.496559 0.263388 0.970469 0.498825 0.0342497
10 0.0691858 0.580286 0.0482712 0.317301 0.0341033
10 0.320887 0.521799 0.192202 0.57172 0.0339112
4 0.16136 0.264485 0.328422 0.499364 0.0336092
10 0.566992 0.439076 0.0508335 0.0728138 0.0332781
10 0.18133 0.744442 0.352704 0.500541 0.0332443
4 0.54212 0.508167 0.0722558 0.238544 0.0332089
4 0.174795 0.212948 0.36557 0.411517 0.0330675
4 0.386455 0.509756 0.78539 0.936394 0.0329863
10 0.277736 0.612243 0.175114 0.653315 0.0329
4 0.196547 0.746768 0.392361 0.497544 0.0328895
4 0.680142 0.398635 0.157561 0.186351 0.0328719
10 0.302764 0.630932 0.0757749 0.332676 0.0328434
4 0.446711 0.247744 0.0777664 0.0913482 0.0326551
4 0.460423 0.270594 0.0513084 0.0647793 0.0323247
10 0.279762 0.634059 0.225589 0.682219 0.0321646
10 0.0399279 0.61678 0.0790589 0.520457 0.0316715
4 0.357737 0.657484 0.714458 0.67403 0.0314416
4 0.372544 0.630362 0.75484 0.73101 0.0312065
10 0.0226197 0.564121 0.0456404 0.834005 0.0307829
3 0.490868 0.620462 0.975322 0.747761 0.0307447
4 0.883606 0.352984 0.0211739 0.032246 0.03073
9 0.118542 0.787179 0.237356 0.428417 0.0303983
4 0.678796 0.354655 0.26313 0.136526 0.0297254
10 0.415167 0.618816 0.164824 0.304686 0.0296347
10 0.797006 0.343689 0.0417304 0.100331 0.0295595
10 0.155289 0.705545 0.0434224 0.169422 0.0284786
10 0.569956 0.448373 0.0679116 0.0976797 0.0283191
4 0.556314 0.465517 0.0849372 0.127635 0.0280518
4 0.193453 0.2489 0.394568 0.361446 0.0278867
4 0.896428 0.356129 0.0625311 0.0695386 0.0275869
4 0.504372 0.110211 0.999952 0.487543 0.027317
3 0.24899 0.544091 0.504021 0.978238 0.027099
10 0.231457 0.674047 0.235759 0.668424 0.0270354
10 0.233227 0.805416 0.102641 0.375115 0.0269167
4 0.572626 0.401207 0.116739 0.110455 0.0268896
10 0.458337 0.550393 0.0421374 0.126069 0.0267386
4 0.39021 0.309131 0.0849495 0.0986667 0.0266579
4 0.104768 0.48489 0.215044 0.239421 0.0264934
4 0.378537 0.296178 0.0896664 0.107424 0.0263973
4 0.501028 0.176428 0.98532 0.337185 0.0263559
4 0.329792 0.331886 0.0445272 0.0927033 0.0259889
10 0.303233 0.737701 0.114972 0.313211 0.0259323
10 0.194576 0.640369 0.0372256 0.120246 0.0258621
10 0.570002 0.498025 0.0810879 0.165022 0.0254715
10 0.0467108 0.8604 0.0958916 0.261708 0.0253457
10 0.457055 0.524458 0.0279155 0.0451856 0.0253319
4 0.14755 0.472061 0.296743 0.86318 0.0251964
10 0.180765 0.804723 0.0734962 0.202691 0.0245323
4 0.306117 0.200323 0.611288 0.358483 0.0242988
10 0.787392 0.348846 0.0368011 0.100048 0.0242182
8 0.457731 0.592014 0.0482829 0.0541306 0.0240398
4 0.0978113 0.326624 0.198926 0.62021 0.0240292
3 0.492374 0.496404 0.999985 0.999748 0.0238892
4 0.613176 0.499025 0.220416 0.264244 0.0238766
4 0.444776 0.271013 0.0504191 0.0791144 0.023783
10 0.168325 0.887019 0.103162 0.185237 0.0232072
10 0.464491 0.415071 0.0369012 0.0388079 0.0230256
4 0.787176 0.352654 0.0380656 0.100292 0.022974
10 0.45978 0.533745 0.0501051 0.0564239 0.0229687
10 0.349877 0.240085 0.0763437 0.118399 0.0228909
4 0.524259 0.514963 0.0556471 0.220631 0.0228576
10 0.489046 0.523063 0.134997 0.314437 0.0228014
10 0.46292 0.410708 0.0533793 0.0546972 0.0227743
4 0.567444 0.519506 0.113519 0.0992861 0.0226896
4 0.455868 0.332886 0.0564194 0.0909656 0.0225526
0 0.50303 0.159381 0.991712 0.276086 0.022546
4 0.646698 0.360954 0.0409065 0.048389 0.0215981
10 0.35824 0.614433 0.49672 0.759484 0.0215179
8 0.45022 0.583238 0.0442031 0.0851827 0.0214771
10 0.149233 0.874636 0.0745954 0.25104 0.0211994
4 0.185051 0.855941 0.360469 0.278435 0.0211457
4 0.536981 0.0591501 0.99986 0.921007 0.0211219
8 0.200004 0.743337 0.0404733 0.126099 0.0210087
8 0.457179 0.440327 0.0659537 0.0547139 0.020898
10 0.221449 0.924832 0.110509 0.126914 0.0207803
10 0.208505 0.710234 0.0403846 0.126313 0.0206007
10 0.509251 0.452676 0.0320645 0.0611966 0.0205705
8 0.461662 0.56961 0.0384386 0.0654788 0.0205095
10 0.5579 0.539805 0.0463335 0.08427 0.0204451
10 0.544318 0.456586 0.043508 0.025895 0.0202737
8 0.457478 0.510675 0.0499041 0.0415566 0.0202691
10 0.177032 0.704921 0.0304214 0.0508139 0.0201727
8 0.467112 0.578477 0.0456566 0.0646497 0.0201448
10 0.156562 0.915406 0.0829817 0.171102 0.0200876
4 0.456259 0.833145 0.864847 0.327095 0.0199665
4 0.524088 0.38566 0.0380863 0.049702 0.0199599
10 0.106887 0.680625 0.216688 0.487803 0.0199116
4 0.524522 0.751069 0.983123 0.473361 0.0198532
10 0.435581 0.209825 0.0588823 0.0805531 0.0198292
10 0.433712 0.377378 0.0353026 0.0441888 0.0197966
10 0.682215 0.605554 0.0257648 0.0544112 0.0197904
4 0.551974 0.424982 0.0778484 0.0953317 0.0197789
4 0.777842 0.382023 0.0357708 0.0701226 0.0197741
8 0.448577 0.577243 0.0889475 0.0887932 0.0196984
10 0.240071 0.69694 0.121899 0.0705119 0.0196528
8 0.479689 0.577615 0.0276054 0.0505918 0.0195988
8 0.429617 0.614749 0.0329906 0.0721639 0.0195246
4 0.448291 0.302564 0.0551833 0.0901929 0.0194074
4 0.500842 0.193546 0.999753 0.197151 0.0193973
4 0.51331 0.427948 0.0693244 0.0601265 0.019312
4 0.62182 0.514934 0.0452178 0.0467465 0.0192602
10 0.136638 0.913753 0.0528685 0.157825 0.0192022
8 0.491291 0.668102 0.112022 0.0954435 0.0191824
4 0.509015 0.841251 0.973413 0.305429 0.0190834
4 0.457264 0.331254 0.0475543 0.0658761 0.0189723
4 0.0777795 0.261592 0.155349 0.539858 0.018815
10 0.510907 0.616827 0.0241742 0.0404121 0.0187348
10 0.712485 0.507634 0.0768205 0.233428 0.0185243
8 0.845511 0.505539 0.0520649 0.0417344 0.0181119
8 0.627171 0.614027 0.066988 0.0545984 0.0180748
10 0.806082 0.453365 0.0250593 0.0374368 0.0179705
10 0.530337 0.694242 0.0321516 0.0391493 0.017881
10 0.464627 0.641905 0.0422003 0.111348 0.0177081
10 0.290841 0.83433 0.0407746 0.0628411 0.0176318
10 0.289123 0.951896 0.0570839 0.0928354 0.0174364
4 0.523966 0.568271 0.0422653 0.0735127 0.0174362
4 0.541864 0.0143748 0.353235 0.0229054 0.0172884
6 0.462302 0.739171 0.0675735 0.0884032 0.0171578
8 0.715298 0.53325 0.0268873 0.0254083 0.0171166
8 0.651498 0.522502 0.0251186 0.0253721 0.0171072
8 0.548636 0.62222 0.066906 0.0384719 0.0170788
6 0.595625 0.736636 0.0536117 0.0551449 0.0170355
8 0.846208 0.41962 0.0437838 0.0379308 0.0170312
8 0.494514 0.787421 0.0353357 0.0361689 0.0169155
6 0.338475 0.660459 0.101836 0.0692116 0.0168869
10 0.53041 0.818298 0.0456794 0.0941238 0.0168262
4 0.528653 0.398347 0.0345279 0.0381407 0.0168198
8 0.530573 0.592986 0.0429809 0.0431804 0.0167798
6 0.610287 0.597838 0.0542121 0.0445636 0.0167513
8 0.780632 0.70182 0.038698 0.0305537 0.0166789
10 0.782237 0.482724 0.0302298 0.0347331 0.0165523
10 0.714626 0.524541 0.027356 0.023306 0.0165111
10 0.654893 0.689424 0.0688339 0.0632913 0.0164676
10 0.532723 0.840914 0.0671728 0.0734722 0.0164133
10 0.568194 0.730915 0.0389565 0.0472452 0.0164098
10 0.48797 0.296433 0.0286972 0.0345064 0.0164064
8 0.829606 0.82337 0.0839306 0.0617275 0.0163622
8 0.800385 0.711882 0.0342075 0.0451353 0.0163117
8 0.322498 0.908188 0.0667126 0.0652363 0.0163025
4 0.543163 0.563838 0.0863197 0.183594 0.0162994
8 0.70044 0.659699 0.0516843 0.0514862 0.0162431
10 0.162875 0.802366 0.22036 0.172829 0.0161116
6 0.666197 0.796723 0.167114 0.12035 0.016039
10 0.705706 0.51379 0.0391317 0.034079 0.0159749
10 0.524011 0.515782 0.0366833 0.0352715 0.0158551
4 0.578042 0.674344 0.0765273 0.07603 0.0158471
10 0.285426 0.886167 0.111977 0.149137 0.0157714
10 0.839585 0.496408 0.0492999 0.0571263 0.0157006
1 0.574749 0.966399 0.301568 0.0722013 0.0156766
10 0.550144 0.807961 0.0437815 0.0551098 0.015634
8 0.506008 0.761794 0.0503305 0.0564721 0.0155658
4 0.630941 0.0174888 0.526464 0.0230456 0.015511
10 0.603302 0.585074 0.0311901 0.0424414 0.0153525
10 0.518849 0.689658 0.0575355 0.0682098 0.015254
10 0.801717 0.564681 0.0446571 0.0622657 0.0151038
8 0.635578 0.59001 0.172896 0.094624 0.0149668
8 0.604908 0.916808 0.205399 0.132835 0.0149335
8 0.771207 0.53542 0.0466822 0.036896 0.0141372
