6 0.432932 0.519238 0.13234 0.276074 0.877752
6 0.308434 0.773481 0.145295 0.2491 0.85236
11 0.469691 0.299006 0.160058 0.290772 0.851672
10 0.639511 0.343861 0.116877 0.470499 0.848968
11 0.342858 0.466659 0.174247 0.331345 0.847359
6 0.588018 0.620176 0.121441 0.350074 0.84629
11 0.700764 0.634346 0.221586 0.352827 0.840656
10 0.498551 0.0928065 0.0599311 0.18559 0.834007
11 0.187958 0.750907 0.242203 0.445774 0.822192
11 0.777428 0.349502 0.182049 0.429507 0.799131
10 0.0927302 0.294547 0.0935021 0.235171 0.793671
2 0.76218 0.231613 0.0180657 0.0841289 0.780895
11 0.0610269 0.53038 0.112765 0.216742 0.780516
11 0.274868 0.215103 0.0909621 0.254025 0.779769
6 0.141618 0.54826 0.135795 0.26428 0.680418
6 0.508351 0.334032 0.0963872 0.238496 0.649109
6 0.443499 0.914477 0.158249 0.172143 0.598571
7 0.740847 0.25853 0.0207511 0.075579 0.544102
6 0.703375 0.36233 0.101544 0.314869 0.505185
10 0.370864 0.228681 0.131341 0.281794 0.490228
10 0.877315 0.301669 0.105394 0.200867 0.45543
6 0.441489 0.914687 0.192739 0.171013 0.406439
2 0.838143 0.276423 0.017399 0.0841023 0.388275
6 0.936916 0.9407 0.0982128 0.119443 0.367076
7 0.165563 0.826039 0.0247052 0.0514746 0.345026
6 0.960558 0.812135 0.0773087 0.374212 0.342445
7 0.669598 0.616501 0.0221053 0.0645064 0.339821
7 0.804072 0.222726 0.0216511 0.0493017 0.33967
6 0.89295 0.808887 0.210223 0.384092 0.334652
7 0.428989 0.231369 0.0195219 0.04091 0.332792
10 0.56816 0.101961 0.0381524 0.140745 0.326777
6 0.66744 0.151025 0.0496208 0.120974 0.32595
6 0.944588 0.814967 0.109632 0.370521 0.316935
6 0.831489 0.800541 0.252308 0.401521 0.309443
6 0.29884 0.346753 0.106909 0.207702 0.309227
7 0.2657 0.167917 0.0170304 0.0462344 0.304264
6 0.839674 0.612584 0.252251 0.774394 0.302598
6 0.827948 0.839219 0.241059 0.325075 0.284679
6 0.840079 0.720749 0.260385 0.562099 0.278141
10 0.575492 0.146385 0.055378 0.229777 0.271713
7 0.192939 0.660809 0.0247845 0.0433155 0.266562
7 0.80397 0.213107 0.0213051 0.0307934 0.259963
6 0.897248 0.938213 0.19531 0.124335 0.238968
6 0.894684 0.788524 0.20696 0.427117 0.237054
10 0.863321 0.388354 0.138725 0.391161 0.236552
6 0.967907 0.756064 0.0629353 0.490797 0.236416
10 0.866373 0.37548 0.127776 0.358556 0.235694
6 0.423516 0.918291 0.251998 0.164212 0.234418
6 0.985028 0.747237 0.029895 0.235658 0.232414
7 0.772687 0.172096 0.0246712 0.0626777 0.224659
7 0.314867 0.400572 0.0350097 0.079415 0.22159
6 0.980847 0.796149 0.0383514 0.328953 0.221285
6 0.312252 0.533707 0.0910226 0.184078 0.220731
7 0.165264 0.834915 0.0264266 0.0697029 0.215131
7 0.737592 0.620996 0.0207253 0.10136 0.213688
2 0.838438 0.227534 0.0170476 0.0654861 0.212171
2 0.84227 0.265872 0.0143622 0.067584 0.212126
7 0.740035 0.278302 0.0186549 0.0511817 0.211388
6 0.705872 0.39154 0.0897057 0.259414 0.210221
6 0.848053 0.591592 0.256047 0.818274 0.207583
7 0.23719 0.647565 0.0220527 0.0516843 0.204583
7 0.121453 0.81899 0.027133 0.0553008 0.202467
7 0.835572 0.290635 0.0176836 0.0589974 0.191966
6 0.316712 0.306448 0.0804348 0.12886 0.191944
6 0.9893 0.698878 0.0219158 0.367861 0.188945
6 0.857743 0.915761 0.12334 0.171176 0.18515
7 0.738215 0.593138 0.0193116 0.0452669 0.184848
6 0.943125 0.898653 0.109391 0.206174 0.184421
2 0.591506 0.134176 0.0181263 0.0665752 0.182366
6 0.96906 0.691603 0.0601161 0.61952 0.178936
10 0.707608 0.171668 0.0979216 0.123135 0.176695
6 0.108436 0.745662 0.0732448 0.15014 0.1739
6 0.840624 0.768879 0.24999 0.465035 0.171152
11 0.606967 0.124047 0.0520298 0.0752503 0.169717
6 0.809436 0.873261 0.233899 0.255689 0.169243
7 0.744921 0.239341 0.0153187 0.0473049 0.169237
2 0.464373 0.144599 0.012963 0.0495466 0.168807
7 0.125808 0.795376 0.0364709 0.0951721 0.168374
10 0.570211 0.199571 0.0662662 0.345677 0.16816
7 0.3095 0.416044 0.0229595 0.0501385 0.16791
7 0.158904 0.866706 0.0343566 0.0813126 0.167338
11 0.13723 0.280758 0.0916675 0.199555 0.165998
6 0.133328 0.500553 0.0800627 0.173067 0.165749
6 0.124161 0.548404 0.109271 0.266348 0.163628
7 0.123986 0.82689 0.0226307 0.0376394 0.163589
6 0.0165954 0.72934 0.0325276 0.244155 0.162872
7 0.802137 0.23182 0.0249369 0.069717 0.162569
6 0.00605037 0.247388 0.0128724 0.127644 0.159537
7 0.745135 0.233393 0.0191534 0.076498 0.159016
2 0.83879 0.254906 0.0183521 0.113256 0.158358
7 0.806837 0.228642 0.0179512 0.0571059 0.157717
7 0.31168 0.422337 0.0223951 0.0372326 0.157491
7 0.745751 0.167873 0.0211935 0.0621213 0.156739
6 0.0288762 0.556135 0.0573351 0.164981 0.154492
7 0.854009 0.28604 0.0194138 0.0357204 0.154269
11 0.0604128 0.593646 0.115949 0.340196 0.151572
6 0.0192516 0.489524 0.0389337 0.318953 0.150838
10 0.0170447 0.786557 0.0348294 0.426011 0.149952
6 0.338067 0.345895 0.178275 0.21838 0.149554
7 0.235715 0.646583 0.0267298 0.0527586 0.14751
6 0.591845 0.636429 0.132363 0.385818 0.14488
6 0.696571 0.160209 0.111822 0.140413 0.1429
2 0.830552 0.231389 0.0129733 0.0395481 0.142293
7 0.067973 0.522668 0.0145096 0.0359127 0.141792
10 0.569283 0.195206 0.076075 0.355923 0.139605
6 0.113235 0.537451 0.0953426 0.24557 0.13931
6 0.857727 0.790198 0.246026 0.430731 0.137294
6 0.342889 0.435646 0.16915 0.366365 0.137228
10 0.017509 0.433006 0.0354486 0.430813 0.137109
7 0.74299 0.25084 0.0152267 0.0702552 0.135747
10 0.523364 0.192686 0.110339 0.38929 0.134878
6 0.00469779 0.214305 0.00960378 0.0576853 0.13391
6 0.835092 0.855744 0.262678 0.296115 0.132906
6 0.00689948 0.583905 0.014963 0.28825 0.132413
6 0.00686774 0.506222 0.0154079 0.227903 0.132286
6 0.167679 0.602344 0.0924565 0.176451 0.131746
7 0.433941 0.214007 0.03278 0.0727898 0.128134
11 0.500559 0.965282 0.0636909 0.0716431 0.127326
6 0.0102238 0.55678 0.0209418 0.23833 0.127006
7 0.740086 0.270617 0.0182101 0.0599914 0.125031
10 0.675547 0.169158 0.165135 0.130664 0.123969
7 0.834227 0.289152 0.0164037 0.061316 0.123162
6 0.638227 0.182791 0.105717 0.16268 0.123152
2 0.486407 0.22377 0.0210892 0.0627363 0.123075
7 0.192527 0.657029 0.0279719 0.0632464 0.122632
6 0.155628 0.308113 0.0561394 0.132162 0.12136
6 0.709408 0.176856 0.101302 0.126217 0.119218
7 0.79725 0.218059 0.0135384 0.0373985 0.118936
7 0.0843212 0.489351 0.0209826 0.0552071 0.118395
7 0.055896 0.550926 0.0271243 0.0468354 0.117171
7 0.0670167 0.503417 0.0177603 0.0565252 0.117062
7 0.738136 0.22079 0.0194873 0.0403706 0.116792
6 0.0214279 0.675417 0.0436229 0.526285 0.115958
7 0.760311 0.187991 0.0172714 0.0400608 0.115867
7 0.740749 0.211279 0.0252227 0.0453442 0.115739
6 0.00600579 0.297634 0.0126078 0.223085 0.115509
7 0.677204 0.588288 0.0130562 0.0592933 0.115476
6 0.667609 0.116297 0.045174 0.0594034 0.115225
7 0.121595 0.825739 0.0268865 0.0411314 0.115184
6 0.108054 0.724994 0.0692861 0.109459 0.114734
7 0.120998 0.807181 0.0249474 0.0590003 0.114323
7 0.0564919 0.514437 0.0177751 0.0631528 0.113046
7 0.268254 0.203191 0.0277941 0.0353335 0.112768
6 0.767511 0.475899 0.0851061 0.159377 0.112324
7 0.759687 0.182357 0.013842 0.0366497 0.112055
7 0.312136 0.424137 0.0252464 0.0895493 0.110314
6 0.00653117 0.46597 0.0135629 0.179006 0.109809
10 0.00676591 0.44862 0.0145289 0.241373 0.107612
6 0.10268 0.511884 0.0635056 0.193632 0.10744
7 0.744813 0.235453 0.0150248 0.047917 0.107319
10 0.728357 0.173334 0.044656 0.0812856 0.106689
6 0.985733 0.943158 0.0291859 0.114238 0.1064
7 0.0773248 0.473592 0.0204784 0.0426044 0.106237
2 0.488105 0.227303 0.0253109 0.0582507 0.10562
6 0.106519 0.496195 0.0475218 0.145575 0.105513
7 0.600197 0.0979068 0.0190606 0.0220444 0.105326
7 0.794747 0.238824 0.0309546 0.0472277 0.104523
7 0.756463 0.643116 0.0334017 0.098429 0.104408
7 0.741967 0.258076 0.0171309 0.06856 0.104274
7 0.797045 0.213545 0.0106957 0.027819 0.104025
7 0.830942 0.239405 0.0182009 0.050493 0.103817
6 0.841045 0.808775 0.229522 0.384812 0.103494
10 0.0765731 0.222456 0.043063 0.089439 0.103478
7 0.0574062 0.532873 0.0154922 0.031755 0.102098
7 0.19632 0.634066 0.0374586 0.0969004 0.10194
7 0.75752 0.171776 0.0157928 0.04683 0.100822
10 0.0066142 0.409157 0.0134437 0.172784 0.0998692
6 0.120831 0.782478 0.0997914 0.236723 0.0976441
6 0.923424 0.363927 0.0653671 0.210346 0.0974075
6 0.430951 0.970206 0.245222 0.0572667 0.09679
10 0.117314 0.289592 0.065565 0.227177 0.0962207
7 0.651369 0.573406 0.0449448 0.10381 0.0957571
7 0.417972 0.415893 0.0205401 0.0367157 0.0949892
6 0.952227 0.945805 0.0714493 0.11151 0.0949614
6 0.846208 0.558044 0.252637 0.886532 0.0947232
7 0.268215 0.159703 0.0119155 0.0325154 0.0945767
6 0.276897 0.372096 0.068872 0.161401 0.0938554
6 0.433886 0.927055 0.158754 0.149176 0.0937464
7 0.745224 0.202464 0.0186078 0.030106 0.0923849
6 0.0622155 0.648255 0.121367 0.457656 0.0910948
7 0.0315243 0.523292 0.0328012 0.0777182 0.090874
7 0.486323 0.21228 0.0152531 0.0394352 0.0903084
7 0.764751 0.193044 0.0257969 0.0391088 0.090203
7 0.234816 0.663289 0.0332646 0.0857395 0.0898762
7 0.764864 0.201162 0.014092 0.03486 0.0889272
7 0.434256 0.234235 0.0163577 0.0345493 0.0878955
7 0.0584815 0.533406 0.0260629 0.0728099 0.0864443
6 0.675902 0.162834 0.0296949 0.109327 0.0857168
6 0.581436 0.143221 0.0398093 0.089097 0.0855426
6 0.664069 0.360081 0.181789 0.432843 0.085033
7 0.304607 0.41005 0.0174686 0.054723 0.0849388
6 0.896708 0.447238 0.103664 0.279641 0.0848656
11 0.705985 0.617472 0.0494755 0.104217 0.084449
6 0.126693 0.548205 0.0990951 0.246801 0.0840927
7 0.165815 0.846454 0.025537 0.0943166 0.0832207
6 0.864028 0.434559 0.162393 0.478013 0.0829727
6 0.874672 0.787727 0.193329 0.423673 0.0828344
6 0.580813 0.178786 0.0509631 0.156036 0.0825357
6 0.82875 0.870136 0.248871 0.295643 0.0821119
7 0.317118 0.387743 0.0318998 0.0673621 0.0820987
7 0.0711703 0.483312 0.0258283 0.0421429 0.0810875
7 0.841258 0.248903 0.0121615 0.0327501 0.0810277
7 0.261578 0.168582 0.021176 0.0344566 0.0810196
7 0.26666 0.174366 0.0133766 0.043875 0.0807224
7 0.854771 0.284061 0.0168607 0.0326519 0.0803309
2 0.103213 0.236519 0.0141082 0.0292147 0.0793975
6 0.868969 0.647787 0.147134 0.22855 0.0782413
6 0.35073 0.36068 0.185652 0.532015 0.0771227
2 0.834886 0.213858 0.0122714 0.0397756 0.0764974
7 0.16538 0.856639 0.0241891 0.0713806 0.0762068
11 0.265095 0.183026 0.0421652 0.083255 0.0760194
7 0.804066 0.214975 0.0209798 0.0325095 0.0757803
2 0.760182 0.233058 0.0155266 0.0763446 0.0743604
6 0.304485 0.371317 0.106279 0.185216 0.0735005
6 0.415576 0.957338 0.56414 0.0876981 0.0732844
6 0.0896049 0.412842 0.0570449 0.106776 0.0714863
11 0.597881 0.11035 0.025328 0.0429877 0.0711245
11 0.791521 0.187863 0.167134 0.138925 0.0708061
6 0.832596 0.887837 0.243645 0.300457 0.0707942
6 0.336723 0.248287 0.218595 0.327417 0.069772
6 0.838616 0.881191 0.237042 0.264201 0.0695127
7 0.0670744 0.52564 0.0129135 0.0333601 0.0685107
6 0.830364 0.86874 0.273188 0.489306 0.0683055
6 0.446278 0.930777 0.131823 0.139585 0.0678556
7 0.760975 0.249013 0.0171432 0.0471831 0.0665682
7 0.753637 0.159921 0.018713 0.03342 0.0657782
7 0.592618 0.14237 0.0140865 0.0589422 0.0648163
6 0.474263 0.315733 0.162037 0.284568 0.0639681
6 0.759566 0.175596 0.0541199 0.0813721 0.063246
7 0.43946 0.201561 0.0212011 0.0467384 0.0623224
7 0.159233 0.867679 0.0312407 0.067931 0.0622845
7 0.77309 0.15654 0.021351 0.0320052 0.0611326
7 0.280378 0.193096 0.0166311 0.0260181 0.0610783
2 0.837619 0.280708 0.0182968 0.0825581 0.0595785
6 0.233215 0.678284 0.147057 0.281857 0.0593083
7 0.0692571 0.524908 0.0121664 0.0342616 0.0590269
7 0.0582299 0.509927 0.0145659 0.0624115 0.0585008
7 0.7739 0.183274 0.0203774 0.0335617 0.0581799
7 0.793791 0.231968 0.0179974 0.0293556 0.0580067
11 0.269506 0.243841 0.0783326 0.190178 0.0578066
7 0.310525 0.423094 0.0217042 0.0361595 0.0577815
10 0.526462 0.22328 0.137085 0.444546 0.0573114
11 0.778493 0.449474 0.21388 0.618376 0.0565123
7 0.464612 0.222936 0.0308887 0.0412578 0.0542369
7 0.425776 0.22773 0.014222 0.0376107 0.0540576
6 0.139254 0.333993 0.100873 0.19979 0.0530211
6 0.66313 0.328126 0.0547758 0.109335 0.0517654
7 0.0783305 0.470154 0.015622 0.0331463 0.0514807
6 0.304711 0.790834 0.103792 0.13126 0.0511201
2 0.82912 0.224715 0.00921593 0.0299555 0.0509676
6 0.825472 0.969286 0.223327 0.0876613 0.0504593
7 0.736033 0.61659 0.0194066 0.102855 0.0502622
7 0.771336 0.17741 0.0262029 0.0676996 0.0499353
7 0.515655 0.96277 0.0290215 0.0614102 0.0498598
7 0.435114 0.206217 0.0279713 0.0521353 0.0493754
7 0.319194 0.389402 0.0271888 0.0668527 0.0485883
7 0.731802 0.588632 0.0141207 0.0452386 0.0482706
7 0.166402 0.823981 0.0194303 0.0448355 0.0473886
7 0.270063 0.195034 0.0247416 0.0244436 0.0473383
7 0.192722 0.661558 0.0241084 0.0417827 0.0456348
7 0.832919 0.284821 0.0122534 0.0358936 0.0444979
6 0.769708 0.949555 0.173057 0.125119 0.0434781
6 0.242926 0.747976 0.407624 0.49242 0.0429003
7 0.843346 0.248006 0.0111889 0.0278987 0.0416592
2 0.103486 0.238854 0.0166094 0.0336264 0.0407999
7 0.770716 0.162858 0.0174384 0.0242246 0.0395834
6 0.246218 0.834527 0.0664329 0.0948736 0.0381132
6 0.697777 0.72748 0.225508 0.528879 0.0378878
7 0.73189 0.592548 0.011245 0.0384466 0.0378625
11 0.792741 0.208021 0.167076 0.156588 0.0374518
6 0.282385 0.725064 0.0640749 0.0987287 0.0360682
6 0.688586 0.732749 0.124677 0.165663 0.035756
11 0.798361 0.202851 0.139612 0.147516 0.0350621
6 0.155647 0.40435 0.060737 0.0931242 0.0346055
6 0.676873 0.468461 0.029613 0.0482402 0.0339471
6 0.225619 0.771945 0.153519 0.321982 0.0338739
7 0.736608 0.61161 0.01398 0.0305692 0.0335348
6 0.402047 0.7446 0.207983 0.194407 0.0332893
7 0.157795 0.840238 0.0148049 0.0238615 0.0330636
6 0.43946 0.522419 0.0296323 0.0322475 0.0322554
2 0.74981 0.271388 0.00953484 0.0462006 0.0316165
7 0.850753 0.306636 0.0102379 0.0526027 0.0315306
6 0.188758 0.664177 0.0760451 0.156332 0.0303128
6 0.785532 0.624124 0.189851 0.2372 0.0302893
6 0.0439956 0.561707 0.0445967 0.0970108 0.029982
6 0.118699 0.705092 0.04216 0.0831374 0.0298049
7 0.668949 0.621882 0.0215848 0.0347626 0.0293367
7 0.739611 0.616935 0.0143088 0.025699 0.0278337
6 0.298109 0.609425 0.041931 0.0492679 0.0273974
6 0.199498 0.883718 0.184422 0.215415 0.0272906
7 0.168101 0.857603 0.0180069 0.0373625 0.0261499
7 0.675076 0.645688 0.0160956 0.0385782 0.0247812
7 0.158776 0.889768 0.0223352 0.0407734 0.0243189
6 0.773946 0.647099 0.0985001 0.12799 0.0238422
7 0.326646 0.402258 0.0182077 0.0412232 0.0234068
6 0.70126 0.353479 0.0319437 0.0351218 0.0233139
7 0.135132 0.878073 0.0284992 0.0466383 0.0229067
7 0.200793 0.786138 0.0253551 0.0399798 0.0207596
6 0.71159 0.652176 0.0367359 0.0479999 0.0206821
10 0.65738 0.699202 0.0344503 0.0583766 0.0197107
