10 0.50429 0.648353 0.045303 0.229364 0.874406
10 0.860253 0.540504 0.0290539 0.150942 0.86919
10 0.840904 0.536806 0.0228926 0.144723 0.850378
10 0.902014 0.693255 0.0491606 0.235478 0.850161
10 0.890154 0.548447 0.0286623 0.146471 0.825268
10 0.563119 0.637263 0.0424447 0.257235 0.672251
10 0.544862 0.618752 0.0377499 0.188977 0.399445
10 0.560364 0.957081 0.0955881 0.086103 0.393029
0 0.634022 0.560224 0.0572803 0.146151 0.36343
10 0.161601 0.754003 0.0453825 0.141887 0.346465
0 0.733389 0.496415 0.0278984 0.0811534 0.335965
10 0.529325 0.95643 0.195421 0.0864767 0.282101
0 0.632966 0.53647 0.0604374 0.192693 0.263778
10 0.568818 0.95617 0.222098 0.0869095 0.241199
10 0.166718 0.753696 0.0347662 0.135734 0.234297
6 0.0292252 0.957593 0.059268 0.0858744 0.233996
10 0.144827 0.635795 0.0371839 0.197961 0.223715
10 0.150835 0.750273 0.0559824 0.197327 0.213468
10 0.460583 0.588027 0.0348145 0.133554 0.209083
10 0.587847 0.957062 0.17693 0.0849091 0.208205
0 0.634771 0.576903 0.0573717 0.115181 0.208017
6 0.0226973 0.962478 0.0462654 0.0765375 0.207942
11 0.259252 0.678181 0.0442058 0.147343 0.197309
6 0.0241104 0.93182 0.0486004 0.137645 0.193749
0 0.647044 0.571375 0.0314384 0.0897805 0.189875
10 0.514442 0.953537 0.264594 0.0923108 0.186994
11 0.26756 0.696788 0.0676653 0.18667 0.179888
10 0.148176 0.702097 0.0497283 0.297866 0.178194
6 0.0343015 0.941631 0.0695608 0.117256 0.174327
6 0.0335312 0.917227 0.0676052 0.166793 0.173617
7 0.27765 0.257501 0.0218712 0.0430973 0.172089
0 0.635052 0.574963 0.0570111 0.117416 0.16927
0 0.737571 0.495658 0.0196707 0.0711783 0.160155
10 0.144627 0.581706 0.0329326 0.089564 0.160062
10 0.227113 0.606993 0.0406961 0.186819 0.152827
7 0.276611 0.257818 0.0255783 0.0464391 0.148944
6 0.290943 0.671062 0.0411273 0.116835 0.147801
6 0.035985 0.955877 0.0727076 0.0890221 0.145702
6 0.950054 0.933524 0.099333 0.101664 0.141437
10 0.559882 0.959922 0.210601 0.0807184 0.14083
6 0.197304 0.676268 0.0453318 0.161586 0.138082
7 0.386989 0.740952 0.0329948 0.128517 0.136206
10 0.406248 0.63096 0.061599 0.172285 0.135798
10 0.203159 0.636157 0.0573985 0.239725 0.133466
10 0.430128 0.591366 0.0265013 0.115088 0.133202
11 0.356308 0.756613 0.0868194 0.217782 0.132165
0 0.64195 0.543836 0.0415973 0.143647 0.130447
10 0.501468 0.959053 0.202841 0.0822651 0.129419
8 0.199592 0.709475 0.0455121 0.10034 0.12635
6 0.0565208 0.956371 0.114172 0.0878292 0.122798
10 0.145167 0.781295 0.0446074 0.13751 0.12239
10 0.255492 0.562284 0.0316544 0.114395 0.121964
2 0.0108574 0.926062 0.0224993 0.146753 0.121126
11 0.351689 0.759063 0.0670016 0.212767 0.12004
10 0.84613 0.369964 0.0130175 0.0736896 0.119794
10 0.868916 0.37036 0.0108255 0.0605287 0.119168
0 0.631739 0.536363 0.06315 0.19875 0.115786
10 0.188672 0.636885 0.0515776 0.239393 0.112111
7 0.204906 0.0199499 0.0399714 0.0401005 0.110356
6 0.630937 0.495462 0.0434193 0.126115 0.10848
7 0.302652 0.277563 0.0215609 0.0273237 0.108069
10 0.553967 0.60295 0.0569344 0.221567 0.107105
8 0.205232 0.723752 0.0293017 0.0645269 0.105822
7 0.386156 0.704214 0.0281441 0.0525598 0.104284
11 0.226029 0.662641 0.0242546 0.0387193 0.104189
7 0.966139 0.679869 0.0243397 0.0839574 0.102876
10 0.151353 0.767317 0.0361296 0.156601 0.102152
10 0.869603 0.377244 0.00942764 0.0452123 0.101779
6 0.405342 0.666001 0.0615093 0.101935 0.101297
10 0.842535 0.5341 0.0186548 0.140128 0.101035
10 0.14113 0.635048 0.0248152 0.0784054 0.100825
6 0.226666 0.652339 0.0387207 0.118228 0.0997913
10 0.168216 0.570166 0.0293246 0.0874863 0.0989799
10 0.159393 0.744308 0.0473951 0.123698 0.0955188
10 0.142345 0.686684 0.0294652 0.0973916 0.0954466
11 0.257547 0.636693 0.0429093 0.0707153 0.0951286
6 0.0269427 0.860131 0.0542362 0.279113 0.0943397
7 0.301464 0.270892 0.0256608 0.043193 0.0928051
7 0.268984 0.274927 0.0467463 0.0361299 0.0926992
10 0.84528 0.536323 0.0170753 0.145547 0.092694
10 0.538461 0.669742 0.0257168 0.0840579 0.0908807
11 0.194857 0.644477 0.0364896 0.0998552 0.0908333
11 0.22723 0.679479 0.028517 0.0792346 0.0884911
7 0.259186 0.276323 0.0270107 0.0315369 0.0875812
10 0.407713 0.64762 0.0589755 0.139643 0.0865552
10 0.141015 0.693258 0.032984 0.122404 0.0861317
3 0.982206 0.421648 0.0345812 0.177626 0.0859349
10 0.850901 0.539238 0.0213575 0.146208 0.0855818
10 0.867168 0.537095 0.0294889 0.147592 0.0846043
10 0.848319 0.537845 0.014629 0.145414 0.0844877
10 0.168251 0.592832 0.0322491 0.130034 0.0842028
0 0.647927 0.588722 0.020092 0.0484504 0.0838582
10 0.177923 0.584773 0.0488629 0.130506 0.0826503
10 0.225979 0.56439 0.0375076 0.097082 0.0790225
3 0.019167 0.731479 0.0387046 0.538239 0.0786449
10 0.865481 0.481154 0.0149467 0.0314257 0.0762978
4 0.879927 0.352236 0.0384993 0.0422366 0.07626
0 0.739405 0.50556 0.0158517 0.0529733 0.0759147
10 0.175285 0.64002 0.0887197 0.236447 0.0752853
7 0.268046 0.273959 0.0313315 0.0314561 0.075165
10 0.847594 0.53772 0.0168253 0.145034 0.074349
10 0.291142 0.659626 0.0351461 0.0818899 0.0741451
10 0.171842 0.609003 0.0359414 0.155989 0.0739242
6 0.289545 0.699002 0.050891 0.177806 0.0737691
7 0.268751 0.263186 0.0440697 0.0555019 0.070963
10 0.855841 0.540882 0.0252316 0.147009 0.0707678
6 0.226951 0.675542 0.0406443 0.160761 0.0707565
2 0.0124977 0.845093 0.0265559 0.304727 0.0689712
10 0.848109 0.538283 0.0135071 0.145428 0.0688844
10 0.870593 0.531216 0.0175341 0.133433 0.0684193
7 0.0498093 0.0467268 0.0689105 0.0931752 0.0680565
3 0.976359 0.489567 0.0460741 0.320633 0.0678603
10 0.150047 0.697657 0.0817273 0.314788 0.0676088
10 0.569511 0.968456 0.0740805 0.0646103 0.0669623
6 0.0213238 0.845511 0.0430206 0.311677 0.0648495
6 0.639976 0.500267 0.0290409 0.101336 0.0638253
6 0.353079 0.786706 0.0575031 0.159543 0.0634791
10 0.983261 0.656535 0.0333881 0.617831 0.063173
10 0.893372 0.545598 0.0226757 0.140018 0.0618371
6 0.641918 0.49359 0.0239231 0.0753352 0.0614156
6 0.22204 0.638484 0.0332911 0.0916809 0.0613632
4 0.910997 0.350515 0.0544703 0.0632233 0.0611981
10 0.874188 0.541368 0.0194532 0.154719 0.061057
11 0.195642 0.624389 0.0347451 0.0556225 0.0610166
7 0.294852 0.272088 0.0274397 0.0389316 0.0604964
10 0.440155 0.588984 0.0354396 0.127423 0.0590059
10 0.168262 0.566667 0.0261881 0.0754191 0.0589308
11 0.262501 0.6456 0.028131 0.0478093 0.0585035
6 0.00799519 0.745739 0.0159245 0.0747069 0.0580666
7 0.233149 0.275511 0.044652 0.0403828 0.0578792
2 0.0110608 0.850179 0.023758 0.29556 0.0577446
10 0.180867 0.56265 0.0544223 0.111764 0.0575672
7 0.969753 0.68018 0.0154676 0.077386 0.0575005
6 0.266066 0.712733 0.0336679 0.141112 0.0572884
10 0.301266 0.664292 0.023879 0.0848365 0.0569577
10 0.556176 0.618024 0.0649707 0.291589 0.0566175
6 0.0263962 0.947118 0.0530831 0.105996 0.0565826
6 0.225454 0.645493 0.0397202 0.111091 0.0565158
11 0.233795 0.678907 0.142949 0.173886 0.0563959
10 0.170039 0.644544 0.0240965 0.0964286 0.0560985
11 0.350772 0.687257 0.0642951 0.0905706 0.0555037
7 0.485368 0.615545 0.0147314 0.0652151 0.0554898
3 0.976457 0.648136 0.046759 0.63308 0.0551615
10 0.406135 0.590972 0.0294275 0.104112 0.0545035
6 0.400859 0.690986 0.0337584 0.0505874 0.0544402
10 0.982758 0.758275 0.0344028 0.344336 0.053912
11 0.355893 0.680523 0.0527806 0.0737614 0.0535318
10 0.560837 0.636799 0.0368942 0.249918 0.0534185
10 0.167814 0.553644 0.0239507 0.0509081 0.0530757
10 0.431065 0.567281 0.0176551 0.0660704 0.0529444
10 0.845568 0.382157 0.0118898 0.0499164 0.052305
6 0.950659 0.790296 0.0988741 0.395651 0.0519981
8 0.895299 0.498832 0.0159693 0.042726 0.0519028
7 0.299687 0.278125 0.028563 0.0332487 0.0516358
10 0.498357 0.646137 0.0402816 0.218065 0.0515904
10 0.132343 0.782846 0.035012 0.132196 0.0510905
10 0.528399 0.958105 0.138609 0.0834391 0.0505576
10 0.830432 0.532988 0.0100822 0.129352 0.0505081
6 0.0173603 0.98681 0.0352868 0.0268833 0.0498457
8 0.206375 0.722027 0.024765 0.0632426 0.0498326
0 0.724872 0.496941 0.0139505 0.0766298 0.0496168
10 0.875765 0.544387 0.0319492 0.148099 0.0495546
7 0.276478 0.274927 0.0707777 0.0417329 0.04891
10 0.165683 0.587524 0.026078 0.11243 0.048662
2 0.00715422 0.876666 0.0152979 0.142515 0.0486203
3 0.985119 0.471415 0.0299204 0.282733 0.0484497
6 0.269235 0.697103 0.022538 0.0732331 0.0481866
10 0.232049 0.527373 0.024176 0.0560933 0.0478015
2 0.960425 0.776638 0.0168764 0.0632511 0.0471759
0 0.619385 0.528242 0.039248 0.188242 0.0467854
10 0.171558 0.734223 0.0244184 0.0638688 0.0458076
10 0.877526 0.51244 0.0264032 0.0720487 0.0455287
10 0.404261 0.590945 0.0253685 0.0992809 0.0449901
5 0.853218 0.453055 0.0194332 0.0189963 0.0448574
10 0.986647 0.783614 0.0271698 0.402164 0.044689
4 0.892612 0.356589 0.0204456 0.0345983 0.0446442
6 0.23968 0.690357 0.0349862 0.178041 0.0444249
6 0.259132 0.671301 0.0322217 0.112464 0.0440009
10 0.989185 0.860834 0.0226233 0.255441 0.0439157
2 0.00827338 0.712777 0.0164429 0.216752 0.0435539
7 0.294314 0.276906 0.0330956 0.033293 0.0434496
10 0.15358 0.770502 0.0289929 0.129255 0.0431639
10 0.251586 0.526612 0.0180679 0.0562673 0.0426171
7 0.205886 0.0189389 0.0313338 0.0380011 0.042288
7 0.265825 0.273843 0.0219651 0.0282981 0.0420837
6 0.0204677 0.68473 0.0380105 0.19416 0.0417709
10 0.50619 0.607751 0.0481917 0.113089 0.041579
10 0.170876 0.649682 0.0229692 0.105314 0.0411729
7 0.291745 0.27359 0.0220812 0.0382018 0.0409787
2 0.0108322 0.798238 0.0216303 0.203554 0.0407046
10 0.880417 0.339074 0.0172724 0.0344134 0.0403859
10 0.193889 0.583678 0.0300034 0.0614664 0.0394278
11 0.216204 0.699541 0.188056 0.230535 0.039414
10 0.172374 0.771103 0.0233308 0.0962644 0.0394091
6 0.974583 0.780422 0.0503441 0.430685 0.0392645
10 0.153058 0.726546 0.0288188 0.0796053 0.0391465
10 0.844557 0.478752 0.0115849 0.0305859 0.0387942
10 0.869817 0.484222 0.0245802 0.0432251 0.0386612
6 0.362562 0.767301 0.0778868 0.206717 0.0385199
10 0.191595 0.598242 0.0349623 0.0733102 0.0381921
6 0.620822 0.502853 0.0370295 0.142796 0.0375392
10 0.845582 0.347722 0.00986137 0.0326408 0.0371111
10 0.248354 0.588228 0.0197281 0.0652781 0.0368056
10 0.852481 0.492775 0.0124954 0.0266715 0.0366707
3 0.98157 0.51595 0.0359045 0.373646 0.0366534
0 0.624757 0.470124 0.025539 0.075615 0.0366063
10 0.539271 0.666661 0.0143572 0.0647081 0.0363693
10 0.221844 0.604085 0.0281793 0.133589 0.0363357
6 0.40553 0.706505 0.0661171 0.171378 0.0362395
10 0.988227 0.84657 0.0245455 0.157313 0.0361453
10 0.859881 0.353167 0.00681267 0.0342167 0.0357168
10 0.985404 0.738821 0.0304739 0.363324 0.0349816
10 0.864798 0.354863 0.00902653 0.0295112 0.0347356
6 0.19165 0.657342 0.0359428 0.0927828 0.0346461
10 0.845005 0.353374 0.00888081 0.0462556 0.0345255
10 0.905935 0.713153 0.0482439 0.229057 0.0342231
6 0.270095 0.710618 0.0197741 0.0460334 0.034063
10 0.83313 0.509576 0.0095911 0.0508294 0.0340599
10 0.860896 0.532584 0.0954302 0.124835 0.0338392
4 0.977846 0.415101 0.0232277 0.0488254 0.0333882
4 0.900983 0.358925 0.0191898 0.0356277 0.0332753
10 0.241603 0.53921 0.0134259 0.0346195 0.0330502
6 0.0169276 0.748218 0.0345006 0.506627 0.0329926
7 0.00883596 0.954204 0.0137007 0.0482675 0.0329412
10 0.925127 0.361289 0.0230183 0.0443527 0.0328514
6 0.0104737 0.990064 0.0193393 0.0183085 0.0325702
10 0.215651 0.576558 0.0200399 0.065783 0.0325326
10 0.2405 0.528435 0.0184986 0.0547883 0.0324544
10 0.133907 0.703062 0.0260448 0.0896579 0.0319807
10 0.315403 0.786815 0.0608011 0.167575 0.0316917
6 0.0112173 0.993441 0.0215148 0.0114054 0.0316808
6 0.963921 0.756134 0.0318853 0.245759 0.0316442
4 0.919431 0.34615 0.0347275 0.0529257 0.031626
10 0.855594 0.488223 0.0123255 0.0291101 0.0313015
10 0.98683 0.649577 0.0272881 0.602454 0.0312648
10 0.869824 0.485306 0.0218281 0.0543758 0.0311785
10 0.142342 0.783857 0.0266366 0.10087 0.0309715
10 0.173778 0.779827 0.0201118 0.0929288 0.0308484
10 0.15136 0.745041 0.0255063 0.0611569 0.0308113
10 0.568122 0.656127 0.0397504 0.203915 0.0307106
10 0.815962 0.531243 0.0416113 0.140477 0.0304246
10 0.541526 0.676692 0.016715 0.060296 0.0295932
6 0.148533 0.807538 0.0381577 0.0928946 0.0294302
6 0.386283 0.766676 0.0451721 0.10178 0.0290626
10 0.296846 0.645162 0.0298954 0.0782324 0.02851
10 0.859264 0.511147 0.0266722 0.0583234 0.0282831
10 0.55509 0.540016 0.0301392 0.154856 0.0278044
6 0.724029 0.527755 0.0346142 0.0585335 0.0276629
10 0.173975 0.788549 0.0193558 0.0802284 0.027152
10 0.878297 0.697616 0.0285299 0.182621 0.026798
10 0.842619 0.589212 0.0117334 0.0686911 0.0266867
10 0.872323 0.367454 0.0147606 0.0258469 0.0264271
6 0.457356 0.628581 0.0194151 0.0693411 0.0261799
10 0.539221 0.711704 0.0372755 0.138406 0.0260252
10 0.526765 0.726798 0.0293606 0.0827626 0.0259189
10 0.487628 0.697675 0.0180538 0.0958335 0.0256154
10 0.837392 0.507645 0.0138378 0.0465786 0.0255204
3 0.452049 0.548454 0.680414 0.61126 0.0243256
10 0.831523 0.526214 0.00671635 0.0345373 0.0242095
4 0.988441 0.210537 0.0232553 0.415246 0.0241453
10 0.14115 0.598267 0.0230073 0.0558099 0.0241305
2 0.607153 0.100831 0.054771 0.205233 0.0240716
10 0.860728 0.400271 0.0217699 0.0608869 0.024022
10 0.858808 0.47954 0.0154655 0.0477816 0.0239975
6 0.162487 0.803075 0.0238705 0.0845477 0.0235036
10 0.169233 0.618629 0.0179313 0.0485105 0.0229098
10 0.248118 0.589477 0.017558 0.0604525 0.0227647
10 0.231009 0.545293 0.0180507 0.0160689 0.0227481
6 0.197238 0.87043 0.0293655 0.04085 0.0224666
6 0.1631 0.834333 0.0456352 0.0787088 0.0223889
6 0.260543 0.725579 0.0197517 0.0396754 0.0223861
10 0.489883 0.615946 0.0104971 0.0305719 0.02232
6 0.258356 0.86387 0.0704162 0.142375 0.0219655
10 0.500864 0.606542 0.0413627 0.0836329 0.0217299
10 0.830342 0.612574 0.00942116 0.0415367 0.0214047
10 0.723226 0.538569 0.0110024 0.0381051 0.0211579
7 0.150306 0.833264 0.0244723 0.0413664 0.0211122
10 0.134049 0.955667 0.0487125 0.0910857 0.0205836
6 0.209665 0.960365 0.0626508 0.0638473 0.0204687
7 0.90502 0.657337 0.016366 0.0369176 0.0199929
10 0.424076 0.723861 0.0187694 0.0379102 0.0197646
10 0.168133 0.831034 0.0215546 0.03786 0.0194583
10 0.230372 0.55529 0.0157887 0.0119364 0.0193925
6 0.247167 0.779707 0.0218198 0.0287848 0.0193599
6 0.296782 0.960861 0.0774486 0.0769857 0.0188088
10 0.884863 0.658923 0.0119801 0.0329104 0.0187498
10 0.569914 0.787955 0.0478404 0.118089 0.0187197
10 0.130337 0.490924 0.0160473 0.0457528 0.0180764
6 0.238411 0.835515 0.0435102 0.0578957 0.0180136
6 0.382211 0.792966 0.018425 0.0246208 0.0174025
10 0.573121 0.840198 0.0393509 0.07374 0.0172958
7 0.275823 0.323617 0.0123641 0.0179384 0.0171602
0 0.600132 0.882743 0.0844439 0.0557535 0.0168994
10 0.351602 0.918521 0.0306351 0.0485969 0.0168449
8 0.491395 0.785285 0.0248118 0.0323969 0.0168275
8 0.216757 0.931172 0.0385968 0.0419981 0.0167218
10 0.622446 0.936903 0.0974299 0.0769621 0.0165633
11 0.295475 0.976718 0.109927 0.0372761 0.0165054
8 0.571873 0.881179 0.0519602 0.0541121 0.0160534
8 0.406747 0.937184 0.0250953 0.0285398 0.0154867
