10 0.875155 0.615691 0.0391645 0.178157 0.880343
10 0.568436 0.634124 0.0498839 0.263831 0.870177
10 0.468517 0.616015 0.0381022 0.220577 0.865208
10 0.890452 0.457758 0.0181604 0.0970879 0.814506
10 0.906428 0.458103 0.018783 0.0951996 0.793229
10 0.924899 0.46744 0.0186619 0.0919402 0.723059
10 0.153692 0.743636 0.0572137 0.20855 0.417134
10 0.50944 0.600921 0.0301942 0.122703 0.388542
0 0.73327 0.4962 0.0279044 0.08035 0.305358
0 0.63311 0.534665 0.0570492 0.190541 0.265987
10 0.155187 0.756947 0.0534344 0.180605 0.264056
6 0.0272496 0.956231 0.0552272 0.0884436 0.206939
6 0.619047 0.500906 0.0366856 0.139074 0.19983
10 0.874114 0.378398 0.0112875 0.0561295 0.197901
7 0.277391 0.257339 0.0209689 0.0430454 0.192422
6 0.0255849 0.929986 0.0516511 0.140981 0.177892
10 0.144962 0.743681 0.0374225 0.209395 0.170544
6 0.0220528 0.962669 0.0449554 0.0759371 0.166453
0 0.648632 0.573143 0.0272698 0.0831924 0.165528
10 0.167994 0.753792 0.0324759 0.13737 0.163921
0 0.634357 0.57422 0.0574965 0.117228 0.159333
6 0.0337882 0.913595 0.068148 0.174322 0.151224
10 0.440091 0.586747 0.0291056 0.126427 0.145859
10 0.166027 0.751988 0.0351692 0.146525 0.141486
10 0.95363 0.401107 0.0146212 0.0676237 0.141125
0 0.642437 0.533163 0.0363154 0.160979 0.140422
7 0.275319 0.25871 0.0276734 0.0485595 0.136531
10 0.509776 0.619823 0.0283368 0.0808518 0.135911
6 0.640624 0.502371 0.02476 0.0931995 0.133107
0 0.738893 0.496992 0.0175093 0.0681675 0.128617
6 0.630737 0.493734 0.0450006 0.129734 0.124827
10 0.412943 0.59045 0.043395 0.115261 0.124287
6 0.386651 0.740083 0.0331953 0.128396 0.12395
10 0.51001 0.622252 0.0316623 0.0959565 0.122599
11 0.262652 0.695405 0.0569891 0.182682 0.120894
6 0.637403 0.507546 0.033382 0.111811 0.120738
6 0.0318872 0.950804 0.0651297 0.0988586 0.118391
10 0.142431 0.690751 0.0289685 0.103421 0.115166
10 0.89801 0.457053 0.0130182 0.0930282 0.114727
10 0.143387 0.648344 0.0364375 0.217838 0.114515
7 0.259936 0.275858 0.0276963 0.0321748 0.113237
6 0.622092 0.470819 0.0268935 0.0760179 0.111793
10 0.151961 0.69897 0.049499 0.123473 0.108747
10 0.144362 0.60813 0.0355319 0.14178 0.106475
7 0.204674 0.2834 0.0225792 0.0306928 0.105684
10 0.294586 0.661372 0.0358976 0.114807 0.10477
4 0.949888 0.93278 0.0996716 0.100671 0.099609
10 0.177162 0.651813 0.029787 0.109608 0.0989757
10 0.927288 0.463765 0.013517 0.0927186 0.0988715
6 0.0288385 0.92386 0.0586708 0.155502 0.0977803
6 0.026383 0.854999 0.0533571 0.289401 0.0967595
7 0.20536 0.0203072 0.0347909 0.0414268 0.0954013
10 0.173021 0.638491 0.0207143 0.0822656 0.0950632
2 0.00998414 0.926702 0.0211629 0.146389 0.0941085
6 0.406414 0.667738 0.0604265 0.0976621 0.0940736
11 0.264695 0.672836 0.0432918 0.127622 0.0936157
7 0.386554 0.7042 0.0279747 0.0528789 0.0931974
6 0.618367 0.529024 0.0405737 0.194277 0.0922505
7 0.302858 0.277613 0.0203754 0.0256816 0.0907966
0 0.633499 0.576871 0.0605367 0.1197 0.0906969
6 0.0609915 0.957432 0.122848 0.0853929 0.0906828
10 0.150464 0.740054 0.0480456 0.19766 0.0874646
7 0.298816 0.278108 0.0301041 0.0321647 0.0856291
10 0.914327 0.458956 0.0131907 0.0957287 0.0847234
6 0.225517 0.677241 0.0243901 0.0709458 0.0846341
7 0.0507989 0.0466107 0.0663862 0.0935479 0.0835481
7 0.26918 0.275207 0.04913 0.0364839 0.0833793
11 0.342561 0.763517 0.108953 0.221221 0.0823849
10 0.508981 0.603725 0.0314878 0.124161 0.0817162
6 0.965737 0.681691 0.0250519 0.0950114 0.0813686
7 0.234065 0.276316 0.0433007 0.0398862 0.0809586
7 0.30109 0.271027 0.0260128 0.0423179 0.0803812
6 0.0267235 0.934475 0.0540978 0.134434 0.0800268
6 0.950932 0.785552 0.0980019 0.399607 0.079335
7 0.267798 0.26305 0.043782 0.0552967 0.077441
10 0.157182 0.61983 0.062909 0.180366 0.0759415
10 0.172925 0.641849 0.0242445 0.0948054 0.0758749
10 0.141441 0.636088 0.0259006 0.0828811 0.0754326
6 0.352837 0.785498 0.0573565 0.161091 0.0753452
0 0.64784 0.589226 0.0184355 0.0469142 0.0746565
6 0.149348 0.773741 0.0744464 0.162445 0.0740594
6 0.00788344 0.747224 0.0153362 0.0744353 0.0736822
7 0.171474 0.282475 0.0239206 0.0317823 0.0729595
10 0.927787 0.438147 0.0122242 0.0386643 0.0727055
7 0.296957 0.272586 0.0304533 0.0379118 0.0724453
10 0.917991 0.463488 0.0124189 0.0996583 0.0722501
10 0.892078 0.455759 0.0121548 0.095244 0.0718016
11 0.35358 0.7591 0.063751 0.211897 0.0708532
10 0.907816 0.458569 0.0133823 0.0912768 0.0703773
0 0.703388 0.525326 0.0111006 0.0310598 0.0701462
0 0.62942 0.569208 0.084054 0.140039 0.0693951
7 0.202666 0.0208362 0.0495486 0.0418796 0.0679258
10 0.877232 0.613781 0.0351803 0.170238 0.0655016
10 0.407864 0.627982 0.0603756 0.175202 0.0648363
10 0.953428 0.449955 0.015419 0.087807 0.0646617
4 0.879227 0.349059 0.0399351 0.0419799 0.0644379
6 0.980948 0.744696 0.0371149 0.292569 0.0642301
10 0.430378 0.567605 0.0173877 0.0680453 0.0638029
7 0.231645 0.276479 0.0680584 0.0432298 0.0636356
10 0.503831 0.568104 0.0166794 0.0555888 0.0636221
10 0.177005 0.650205 0.0224045 0.0898926 0.0630819
6 0.00725811 0.701503 0.0147224 0.166873 0.0626975
6 0.985608 0.795636 0.0289398 0.392783 0.0623209
10 0.260278 0.564135 0.037754 0.114426 0.0621543
6 0.0210145 0.837332 0.0427784 0.327273 0.0617303
10 0.419409 0.578119 0.020427 0.0863664 0.0616979
10 0.141604 0.637629 0.0276688 0.0869976 0.0615157
10 0.915681 0.334059 0.0154669 0.0320442 0.0601706
6 0.364299 0.769204 0.0782927 0.193029 0.0600766
10 0.920601 0.478537 0.0173563 0.0703215 0.0597257
10 0.397398 0.584362 0.0255192 0.0855126 0.05842
11 0.3531 0.755269 0.107875 0.21706 0.0583391
10 0.950686 0.466861 0.0236006 0.122659 0.0578118
0 0.740695 0.49743 0.0128251 0.0584725 0.0575298
10 0.294707 0.653277 0.0275263 0.0886719 0.0571885
10 0.466082 0.612 0.0344234 0.209292 0.0570728
6 0.228924 0.660004 0.0450974 0.13438 0.0569302
10 0.171987 0.764261 0.0237434 0.112456 0.0569218
10 0.577682 0.566114 0.0401872 0.13591 0.0568524
6 0.149597 0.781748 0.0373747 0.131519 0.0567073
6 0.402626 0.689443 0.0334937 0.0535489 0.0564957
7 0.223087 0.277047 0.0231553 0.0360281 0.0563908
6 0.0109457 0.840689 0.0235334 0.317703 0.0556647
11 0.0190869 0.986429 0.038971 0.0277087 0.0542994
10 0.953483 0.442837 0.0137804 0.0783991 0.0539486
2 0.51261 0.463131 0.0238941 0.0824807 0.0538209
10 0.468322 0.568094 0.0305583 0.110629 0.0537139
7 0.277448 0.275909 0.0680564 0.0392409 0.0536358
6 0.0193146 0.73822 0.0385755 0.52494 0.0535709
10 0.933012 0.343212 0.0101612 0.0313937 0.0533889
10 0.560943 0.632849 0.0429089 0.255556 0.0533042
10 0.980445 0.580996 0.038262 0.44945 0.0521803
10 0.419466 0.591496 0.0241691 0.106604 0.0519371
10 0.898997 0.458945 0.008428 0.0930504 0.0518872
11 0.361152 0.751312 0.0838534 0.204349 0.0516915
6 0.010266 0.848303 0.0221977 0.296956 0.0510784
4 0.98346 0.431755 0.0324183 0.194103 0.0508548
11 0.362555 0.745997 0.0830235 0.186506 0.050493
10 0.930723 0.463919 0.0107269 0.0904738 0.0504142
7 0.293211 0.278358 0.0370919 0.0331991 0.0495811
6 0.614031 0.53197 0.087235 0.212269 0.0488146
2 0.467855 0.469701 0.0208945 0.0444668 0.0487325
10 0.978218 0.637884 0.042329 0.571023 0.0485943
6 0.386908 0.754306 0.0288733 0.0988911 0.048476
10 0.994092 0.492161 0.0130022 0.241111 0.0479202
10 0.232665 0.526972 0.024243 0.0548144 0.0475746
10 0.974178 0.667679 0.0514923 0.647093 0.0474173
10 0.576881 0.568332 0.0413069 0.133352 0.0470845
11 0.263616 0.645093 0.0311735 0.0516087 0.046644
10 0.171714 0.619025 0.0168889 0.0464285 0.045795
6 0.964176 0.717899 0.0305626 0.182679 0.0457938
10 0.99247 0.497255 0.0150803 0.247435 0.0457817
2 0.270079 0.680756 0.0249712 0.0416474 0.0457399
4 0.917967 0.345695 0.0415064 0.0569303 0.0457224
0 0.7245 0.499283 0.012927 0.0739394 0.0454082
7 0.267795 0.274576 0.0253901 0.0289253 0.0453608
2 0.432876 0.478201 0.0253222 0.0502473 0.0452395
10 0.565117 0.560175 0.0323262 0.122371 0.0451367
6 0.223769 0.68739 0.0254301 0.0867065 0.0450643
10 0.574822 0.566235 0.0386147 0.134123 0.0447621
10 0.140702 0.707892 0.0322811 0.124781 0.0439386
7 0.265093 0.27423 0.0207254 0.0273094 0.0437428
3 0.899608 0.349609 0.0783615 0.0647391 0.0436618
10 0.880193 0.332133 0.013567 0.0256138 0.0435167
2 0.00642383 0.657032 0.0136492 0.251464 0.043442
10 0.14064 0.573582 0.0253333 0.0761982 0.0433364
6 0.0251874 0.678491 0.0357126 0.190279 0.0431109
10 0.953507 0.422291 0.0123606 0.0369764 0.0430375
4 0.977476 0.415502 0.0247198 0.0500239 0.0422463
10 0.171578 0.759401 0.0220909 0.125467 0.0421236
10 0.253898 0.52671 0.0193912 0.0513103 0.0418886
10 0.983017 0.53872 0.0322741 0.382887 0.0417047
10 0.892589 0.430687 0.0103174 0.0373419 0.041696
10 0.164311 0.714957 0.0247289 0.0636736 0.0416112
10 0.84556 0.34843 0.0102978 0.0356148 0.0414521
6 0.962534 0.729145 0.0349701 0.206285 0.0412098
7 0.286626 0.275575 0.0214666 0.0324027 0.0411505
10 0.954437 0.423646 0.0120899 0.0398257 0.0408194
10 0.920263 0.435235 0.0115782 0.0472167 0.0407994
10 0.275286 0.690568 0.025689 0.0798167 0.0407188
2 0.961653 0.777728 0.0149288 0.0642838 0.0406547
10 0.139194 0.750782 0.0312613 0.194026 0.0406432
11 0.269657 0.710841 0.0319948 0.0498093 0.0402947
7 0.301544 0.257988 0.0268013 0.0650913 0.0402151
10 0.403037 0.4867 0.0210377 0.0517261 0.0395002
7 0.468283 0.60282 0.0204308 0.0372776 0.0392223
10 0.919065 0.468361 0.0108839 0.0349603 0.0388401
6 0.0191633 0.786711 0.0401998 0.446449 0.0387643
6 0.17271 0.774599 0.0227382 0.0918285 0.0387499
10 0.480869 0.593424 0.0224042 0.172616 0.0386065
7 0.230783 0.278907 0.0391067 0.0331316 0.0381948
6 0.181384 0.669089 0.0243716 0.0693335 0.0377837
2 0.4448 0.475909 0.0186751 0.0485938 0.0377607
10 0.437296 0.597526 0.0184765 0.107786 0.0377245
6 0.97049 0.663994 0.0426003 0.138573 0.0377158
6 0.228407 0.694051 0.0390747 0.172601 0.0376112
4 0.987866 0.375069 0.0233541 0.0904832 0.0375124
10 0.481956 0.592336 0.0244412 0.174879 0.0374677
10 0.20107 0.520937 0.0183949 0.0355596 0.0373486
10 0.193618 0.529879 0.0285925 0.0594916 0.0372957
3 0.96322 0.655762 0.0733726 0.670133 0.0371683
4 0.881154 0.339349 0.0241259 0.0265446 0.0369991
10 0.316061 0.790777 0.0576725 0.158985 0.0369356
10 0.414621 0.573248 0.0183111 0.0697064 0.0364646
10 0.907907 0.482207 0.0104216 0.0600882 0.0363965
6 0.0081732 0.772427 0.0160701 0.141939 0.0362073
6 0.641047 0.47712 0.0209774 0.0423147 0.0359451
2 0.854091 0.860729 0.0253456 0.086554 0.0359249
10 0.208327 0.523484 0.0162475 0.0342795 0.0356376
6 0.182446 0.676891 0.0212497 0.0549426 0.0354609
7 0.23001 0.287359 0.0211076 0.0185501 0.0354115
10 0.414019 0.556555 0.0616632 0.196126 0.0353447
7 0.213745 0.278051 0.0156485 0.0300535 0.0346973
11 0.270681 0.719537 0.103094 0.241751 0.0343331
10 0.879658 0.595061 0.0294142 0.0996225 0.0342044
4 0.988918 0.348149 0.0226858 0.0450125 0.0341755
2 0.252707 0.704258 0.0127885 0.0671167 0.0336178
10 0.406373 0.621831 0.0247324 0.0808391 0.0335933
6 0.0107195 0.990304 0.0203757 0.016838 0.0335368
10 0.871728 0.372482 0.0102098 0.0666794 0.0334667
6 0.0112108 0.992032 0.0219606 0.0141898 0.0334325
2 0.241896 0.537453 0.0126215 0.0336716 0.0334267
10 0.17213 0.62123 0.0149374 0.0426485 0.03291
6 0.593835 0.536449 0.0525784 0.192231 0.0326968
4 0.982337 0.394004 0.0316608 0.118865 0.0326146
10 0.389445 0.585118 0.0193235 0.0801484 0.0323718
10 0.926977 0.437766 0.00853348 0.0348881 0.0323274
10 0.291408 0.623919 0.0382551 0.158361 0.0322523
7 0.298916 0.287423 0.0261176 0.0206132 0.0320501
4 0.87649 0.352093 0.0413754 0.0451023 0.0319166
10 0.214085 0.525944 0.0159668 0.0333878 0.0316793
10 0.8914 0.438245 0.0120054 0.0328725 0.0315432
10 0.589738 0.592045 0.0243772 0.0811456 0.0314972
10 0.906457 0.442804 0.0146229 0.03883 0.0313645
10 0.502718 0.599993 0.0371721 0.154279 0.0313144
6 0.27512 0.714632 0.0221927 0.0350026 0.0312781
6 0.98553 0.844505 0.0291119 0.290603 0.031256
10 0.240933 0.528763 0.0174317 0.0510817 0.0307555
6 0.406406 0.625809 0.0532737 0.0848095 0.0302591
7 0.975277 0.93808 0.0313517 0.0431497 0.0301314
7 0.612622 0.485982 0.0112112 0.037851 0.0301177
10 0.855759 0.347997 0.0109015 0.0439181 0.0300609
10 0.426948 0.574972 0.00996494 0.0525663 0.0300352
10 0.447839 0.554394 0.0198305 0.0657291 0.0294048
2 0.259985 0.718448 0.016533 0.0337169 0.0292242
7 0.00888646 0.958116 0.015207 0.0625917 0.0285816
2 0.609557 0.0884602 0.0519828 0.177662 0.0283159
10 0.887835 0.442206 0.0115046 0.0335541 0.0279821
10 0.135862 0.573732 0.013712 0.0500509 0.0277718
2 0.252254 0.69063 0.0131213 0.0581444 0.0277451
10 0.870385 0.389413 0.0100214 0.0447151 0.0271826
4 0.902953 0.356981 0.0246944 0.0401763 0.0271611
3 0.987819 0.219673 0.0248558 0.436526 0.026864
0 0.732086 0.514184 0.0119221 0.0536096 0.026836
10 0.964176 0.447662 0.0302793 0.106348 0.0267716
10 0.172727 0.743398 0.0222561 0.0586411 0.0262685
6 0.0348339 0.982593 0.0386811 0.033635 0.0262429
10 0.141179 0.591198 0.026784 0.061995 0.0261783
10 0.441069 0.609885 0.015231 0.0719739 0.0257809
3 0.443727 0.598351 0.737239 0.665592 0.025545
10 0.468243 0.678412 0.0275272 0.0950997 0.0249995
4 0.865454 0.347961 0.0207008 0.040414 0.0247098
10 0.92846 0.431171 0.020413 0.0436131 0.0240693
2 0.6528 0.609102 0.0133598 0.049507 0.0240523
0 0.717619 0.533606 0.0123269 0.046756 0.0231981
10 0.8946 0.419021 0.00881329 0.0351443 0.0230315
10 0.59312 0.569275 0.042346 0.13302 0.0228843
0 0.506998 0.609914 0.0129772 0.0309662 0.0226951
6 0.631297 0.520701 0.0166422 0.0557904 0.0226721
6 0.233927 0.729146 0.0190241 0.0486922 0.0224608
0 0.626395 0.610884 0.0264215 0.0523055 0.0222694
6 0.15215 0.786541 0.0313288 0.0558566 0.0220571
0 0.614909 0.585241 0.0316257 0.0692577 0.0216859
6 0.990316 0.756038 0.0181385 0.126001 0.0215998
10 0.873687 0.401268 0.00862427 0.0302066 0.0206461
6 0.962554 0.726237 0.0157578 0.0414281 0.0199834
10 0.596115 0.700961 0.0289228 0.0710097 0.0198871
10 0.60349 0.674325 0.0482123 0.132377 0.0196205
10 0.977113 0.430169 0.0151815 0.0302572 0.0195293
0 0.65346 0.779922 0.0297761 0.0595956 0.0192932
10 0.131244 0.51736 0.0201628 0.046431 0.019168
6 0.278153 0.836117 0.038548 0.0820234 0.0189665
7 0.383057 0.673994 0.0136842 0.027164 0.0186482
10 0.988222 0.220803 0.0208406 0.313582 0.0185863
6 0.258491 0.894966 0.056146 0.0859281 0.0181893
6 0.624183 0.740245 0.0730582 0.118227 0.0181133
8 0.545715 0.804365 0.0211318 0.0341184 0.0178692
10 0.273666 0.342485 0.0107764 0.017172 0.0172114
10 0.66598 0.96356 0.0314472 0.0463495 0.0166181
6 0.405482 0.863417 0.0456307 0.0528682 0.0163034
2 0.2446 0.40856 0.0169103 0.0207229 0.0161445
6 0.234998 0.952271 0.0300556 0.0449747 0.0160532
7 0.22929 0.418903 0.0306199 0.020197 0.0159007
10 0.951528 0.848906 0.0176111 0.0347289 0.0157131
8 0.413285 0.933696 0.0245352 0.0310641 0.0154802
8 0.900219 0.872787 0.0184048 0.0296774 0.0151158
10 0.242575 0.492505 0.0167813 0.0195414 0.014786
10 0.443391 0.871433 0.0219029 0.0511502 0.0144415
2 0.622849 0.843298 0.0739555 0.0490343 0.0141088
10 0.201417 0.486615 0.0253407 0.0206288 0.0136901
