10 0.601269 0.719712 0.0497713 0.279641 0.863668
10 0.475362 0.747589 0.0609358 0.299621 0.863364
10 0.516598 0.723039 0.0421458 0.266122 0.861899
10 0.914187 0.489094 0.0222429 0.106282 0.837411
10 0.912888 0.411768 0.0153299 0.078595 0.732137
3 0.914644 0.354023 0.0660799 0.0881727 0.681346
10 0.89665 0.417346 0.0148273 0.0691863 0.671289
10 0.942453 0.571197 0.0272608 0.14865 0.629475
4 0.92952 0.381416 0.0379976 0.039506 0.428032
0 0.732841 0.49566 0.0304865 0.0845474 0.414605
10 0.155988 0.762446 0.0492222 0.166631 0.407479
10 0.901921 0.413624 0.014039 0.0746659 0.398687
0 0.636376 0.540321 0.0532448 0.172209 0.370037
0 0.637102 0.573849 0.0504779 0.106376 0.351485
4 0.952172 0.363686 0.0230782 0.0450569 0.337785
10 0.866448 0.369278 0.0111858 0.0509289 0.333031
10 0.869241 0.367155 0.00959129 0.0477274 0.311848
10 0.153281 0.741972 0.0571935 0.211715 0.286374
10 0.146912 0.742839 0.0421443 0.214363 0.278136
10 0.463511 0.586176 0.0330817 0.126835 0.256322
6 0.0233237 0.962106 0.0474227 0.0771189 0.249892
10 0.162562 0.753039 0.0405427 0.144762 0.245174
10 0.168521 0.754794 0.0317666 0.136584 0.244374
4 0.888751 0.35342 0.0190779 0.0565353 0.233996
10 0.953353 0.404415 0.012615 0.0600203 0.226475
0 0.635897 0.550616 0.0523122 0.152333 0.223959
3 0.961034 0.340625 0.0403574 0.0920519 0.218196
0 0.73779 0.494115 0.0200307 0.070203 0.210648
6 0.40666 0.668707 0.0600807 0.096651 0.205663
6 0.022433 0.932122 0.0452981 0.136791 0.194924
7 0.276672 0.257321 0.0228875 0.0448436 0.192924
6 0.0321727 0.959601 0.0653682 0.0819523 0.18829
6 0.0340681 0.923268 0.0686613 0.154131 0.187059
4 0.88912 0.339371 0.0165045 0.0281757 0.18322
6 0.0341422 0.935048 0.0693222 0.13129 0.179097
10 0.434482 0.590334 0.026405 0.117572 0.17569
6 0.0341552 0.954706 0.0689265 0.091482 0.170972
10 0.919147 0.378205 0.0134439 0.0324227 0.167893
4 0.889511 0.371562 0.0130352 0.0330816 0.161404
10 0.154817 0.712448 0.055421 0.229818 0.16038
6 0.386766 0.739778 0.0321401 0.12703 0.156996
3 0.966787 0.364715 0.051771 0.143858 0.155956
10 0.141955 0.668778 0.0312667 0.151579 0.155213
10 0.84568 0.376679 0.0119221 0.0612542 0.152333
7 0.205463 0.0204914 0.0347683 0.0406025 0.148122
10 0.298544 0.671019 0.0284257 0.082707 0.142048
0 0.647869 0.573945 0.0291444 0.0816902 0.136131
10 0.876291 0.359792 0.00962315 0.0368138 0.135702
6 0.25942 0.686168 0.0460666 0.160713 0.134504
10 0.14093 0.635303 0.0251714 0.0834215 0.133491
10 0.905393 0.413603 0.0114817 0.0724704 0.133196
4 0.978528 0.387349 0.0292908 0.0996012 0.131437
4 0.94325 0.380981 0.0182844 0.0395227 0.12666
11 0.358769 0.75604 0.0830096 0.21745 0.12659
10 0.892138 0.398657 0.0158344 0.104797 0.125608
10 0.141533 0.691326 0.0300634 0.1142 0.125553
10 0.949269 0.399828 0.0134157 0.0630491 0.124402
10 0.916574 0.377631 0.00892353 0.0311885 0.123913
6 0.949947 0.932778 0.0994213 0.0995257 0.121263
10 0.142398 0.68746 0.0277002 0.0954163 0.121158
6 0.00744699 0.746701 0.0149974 0.0756124 0.11844
6 0.353591 0.786172 0.0565464 0.162629 0.118303
10 0.293683 0.663654 0.038518 0.108423 0.117691
4 0.869114 0.354962 0.016284 0.0315122 0.11718
7 0.0511453 0.0463929 0.063282 0.0929286 0.114777
4 0.846454 0.345784 0.0103199 0.030042 0.114456
11 0.261315 0.699209 0.0644287 0.190385 0.113237
6 0.225346 0.67901 0.0251179 0.0733703 0.111502
6 0.353009 0.761153 0.0598058 0.211639 0.111395
7 0.301291 0.277889 0.0245316 0.0306669 0.108566
11 0.0257624 0.859286 0.0517979 0.280369 0.106177
10 0.867044 0.357962 0.0090786 0.0297494 0.105871
7 0.204913 0.283404 0.0227387 0.032422 0.104322
7 0.967074 0.680125 0.0236471 0.0845442 0.103375
0 0.9444 0.41621 0.0206255 0.0299137 0.0988986
6 0.144224 0.78739 0.0373739 0.122065 0.0985212
10 0.151476 0.76781 0.0331125 0.15396 0.0982436
7 0.526903 0.658684 0.0176987 0.0547349 0.0971797
4 0.9528 0.385985 0.0226669 0.0892063 0.0965308
10 0.415834 0.589428 0.0414429 0.108498 0.096131
2 0.00838096 0.926263 0.0175124 0.142218 0.0958841
10 0.173098 0.644049 0.0218437 0.0947203 0.0941165
10 0.478401 0.589206 0.058413 0.128228 0.0935888
10 0.89388 0.421997 0.0108883 0.0575187 0.0933531
3 0.962248 0.325917 0.0356037 0.0542062 0.0932809
4 0.944889 0.387252 0.01383 0.0309432 0.0918628
6 0.00780786 0.75047 0.0154821 0.0675753 0.0909785
10 0.915973 0.404636 0.00963535 0.0732618 0.0902618
10 0.862942 0.374688 0.00912991 0.0485691 0.0901931
4 0.967489 0.384592 0.0515667 0.103367 0.0898556
0 0.846001 0.391207 0.0138185 0.0335882 0.0885956
0 0.637212 0.553268 0.0474889 0.140672 0.0873544
7 0.278106 0.25634 0.0165586 0.040102 0.0871186
10 0.861416 0.36065 0.0068243 0.0281991 0.0856004
6 0.364743 0.772502 0.0725076 0.193889 0.0848051
7 0.386645 0.704731 0.0278868 0.05469 0.0846306
10 0.944939 0.537164 0.0204317 0.0624528 0.083307
6 0.401232 0.690087 0.0310562 0.0518865 0.081829
4 0.993857 0.321865 0.0118843 0.0488754 0.079638
6 0.00759619 0.699359 0.0152482 0.171054 0.079521
10 0.915598 0.395228 0.00958805 0.0549561 0.0793238
7 0.301981 0.267827 0.0238746 0.0458951 0.0789665
10 0.916473 0.487561 0.0163029 0.101324 0.0787649
7 0.259361 0.276108 0.02655 0.0313416 0.0786317
6 0.953795 0.784288 0.0914557 0.408448 0.0784062
6 0.401562 0.712484 0.0626569 0.181082 0.0775391
4 0.88059 0.327987 0.0102961 0.0247482 0.0763463
11 0.350402 0.686108 0.0564139 0.0836197 0.0760622
6 0.373859 0.752305 0.0557313 0.143762 0.0760341
10 0.882196 0.364114 0.00841293 0.0321861 0.0755319
6 0.405581 0.706172 0.0627648 0.176755 0.0753872
10 0.446034 0.587078 0.0198384 0.120191 0.0743858
10 0.43063 0.568605 0.0176998 0.0649147 0.073704
6 0.223646 0.66038 0.0338087 0.121679 0.0734402
10 0.956397 0.403884 0.0151577 0.0624376 0.0730801
0 0.933029 0.413657 0.0225815 0.0246314 0.0729691
10 0.860727 0.359938 0.00656071 0.0277487 0.0726809
6 0.183344 0.680973 0.0234714 0.0672578 0.0726358
2 0.00767243 0.900662 0.0156836 0.0983261 0.0716195
4 0.977922 0.411151 0.0252609 0.0506943 0.0707435
3 0.912394 0.353524 0.0602306 0.0838611 0.0703272
6 0.0492073 0.969449 0.0990186 0.0628301 0.0701164
10 0.516819 0.719528 0.0389339 0.257716 0.0696726
6 0.270087 0.694831 0.0235146 0.0758771 0.0691629
4 0.985392 0.331811 0.0169588 0.0317628 0.0688795
6 0.446739 0.613153 0.0304626 0.0762424 0.0688623
6 0.0189622 0.848635 0.0387504 0.301159 0.0687642
10 0.944318 0.567762 0.0238836 0.152013 0.0687445
4 0.944555 0.356929 0.0125973 0.0301426 0.0684393
7 0.299734 0.274101 0.0275217 0.0360934 0.06834
10 0.871766 0.373075 0.00793076 0.0355345 0.0682694
6 0.968309 0.748217 0.0614977 0.326937 0.0681586
4 0.937264 0.382636 0.0215734 0.0358179 0.0678997
4 0.989767 0.33491 0.0199154 0.064294 0.0676785
0 0.897288 0.423231 0.0132505 0.055208 0.0675788
6 0.434681 0.618674 0.0274341 0.0681998 0.0671635
11 0.22529 0.667445 0.0236873 0.0497642 0.0670314
6 0.00989285 0.85724 0.0216482 0.279511 0.0658642
4 0.904153 0.389579 0.0151497 0.03566 0.0658397
4 0.918985 0.393384 0.0689188 0.0783269 0.0655282
0 0.647517 0.590275 0.0203034 0.0458248 0.0653605
11 0.260792 0.643597 0.0305204 0.0531412 0.0639533
10 0.173428 0.639896 0.0166165 0.0691482 0.0638225
10 0.516674 0.639584 0.0357359 0.09914 0.0637992
6 0.987489 0.791704 0.0255919 0.380821 0.0632522
10 0.143036 0.608414 0.0319567 0.132188 0.0628209
11 0.318796 0.757637 0.129067 0.226719 0.0620277
10 0.923794 0.378432 0.011027 0.0289558 0.0612048
7 0.17182 0.28407 0.0246711 0.033483 0.0607974
10 0.469709 0.743702 0.0489603 0.294224 0.0600025
10 0.503511 0.584181 0.019443 0.0890389 0.0599271
7 0.223482 0.277664 0.0222439 0.0352732 0.0597584
10 0.150877 0.739493 0.0490183 0.199723 0.0595542
6 0.359524 0.679933 0.0455299 0.0731147 0.0588072
6 0.0150362 0.98685 0.0300023 0.0268978 0.0584267
10 0.173128 0.765371 0.0217739 0.108198 0.0580753
6 0.00958451 0.787938 0.0189588 0.153999 0.057879
4 0.871681 0.339497 0.0180813 0.0275186 0.0577089
4 0.989576 0.373779 0.0202574 0.0853486 0.0573806
10 0.408493 0.582714 0.0223023 0.0898185 0.0565553
6 0.504044 0.566903 0.0154222 0.0534976 0.0564487
11 0.262245 0.663946 0.0326898 0.0876786 0.0563654
10 0.957691 0.411182 0.00986595 0.0482431 0.0556796
4 0.929404 0.328387 0.0180859 0.025517 0.0555693
7 0.205301 0.0191834 0.0274301 0.0386821 0.0553597
7 0.240698 0.274761 0.0567628 0.0436726 0.0550587
10 0.904719 0.392882 0.012006 0.0350231 0.0547799
4 0.917316 0.326166 0.0385935 0.0291776 0.0536975
11 0.423513 0.610486 0.0313113 0.0553091 0.0533451
0 0.16744 0.556452 0.0252953 0.0399323 0.0532326
10 0.853813 0.378954 0.00972633 0.0543941 0.0527637
10 0.257289 0.563736 0.0309968 0.115235 0.052659
10 0.292088 0.681576 0.0494904 0.130292 0.0522975
4 0.956325 0.364732 0.0144613 0.0345417 0.0522972
10 0.496155 0.729296 0.0428228 0.263154 0.0517197
6 0.988724 0.812908 0.0236576 0.359782 0.0515959
6 0.268515 0.710965 0.0230889 0.0447709 0.0514927
11 0.0115504 0.832133 0.023468 0.22947 0.0512942
3 0.0187151 0.739763 0.0372724 0.520176 0.0511811
7 0.235063 0.276667 0.0436551 0.0406969 0.0511061
6 0.459129 0.611514 0.0165671 0.0730958 0.0505245
10 0.171628 0.619174 0.0171202 0.0475901 0.0497383
10 0.169514 0.76059 0.0207073 0.125746 0.0491427
4 0.942291 0.38026 0.0140728 0.0412702 0.0481612
10 0.469726 0.612461 0.029275 0.07717 0.0474602
10 0.899573 0.390278 0.00934467 0.03235 0.04745
6 0.0226971 0.957052 0.044162 0.0820872 0.0473717
10 0.910132 0.42054 0.011982 0.0615732 0.0469737
6 0.0170935 0.846765 0.0356707 0.307461 0.0469536
6 0.181531 0.669347 0.0235454 0.0704369 0.046742
0 0.631154 0.58812 0.0484005 0.0822441 0.046047
6 0.26833 0.679624 0.0205337 0.0410916 0.0458663
4 0.934865 0.3459 0.015185 0.0273806 0.0452061
6 0.173322 0.777202 0.0223833 0.0880092 0.0451869
7 0.22752 0.275095 0.0276598 0.0362587 0.0449148
10 0.497991 0.705338 0.0330197 0.245537 0.0448752
7 0.266702 0.262232 0.0491424 0.0559804 0.0447707
10 0.90079 0.349197 0.00792522 0.0365256 0.0445995
10 0.50572 0.73391 0.0248794 0.223884 0.0436774
6 0.0121296 0.975682 0.0241816 0.0486202 0.0436047
10 0.915194 0.421368 0.0110008 0.0629536 0.043471
10 0.920766 0.385819 0.00525608 0.0292294 0.0428153
10 0.887528 0.37565 0.00882854 0.0577076 0.0426517
10 0.135535 0.753552 0.0300985 0.191246 0.0426516
6 0.0129489 0.98722 0.0260884 0.0228262 0.042434
10 0.461327 0.715123 0.0338204 0.222267 0.0424297
7 0.267374 0.272832 0.0233977 0.0283646 0.041999
10 0.487653 0.618143 0.0459493 0.0836591 0.0418644
6 0.225657 0.69397 0.0348156 0.158872 0.0417618
10 0.986327 0.654698 0.0275473 0.650758 0.04175
0 0.722488 0.499424 0.0128009 0.075168 0.0414285
4 0.899969 0.34557 0.00710735 0.0321667 0.0409914
10 0.945248 0.534073 0.0204449 0.0745595 0.0397166
0 0.641243 0.553623 0.0365883 0.13829 0.0395005
10 0.967604 0.358457 0.0107092 0.0506318 0.0392082
10 0.597373 0.72147 0.0358796 0.258646 0.039164
6 0.632075 0.494298 0.0394358 0.106741 0.039105
6 0.962374 0.719511 0.0337873 0.177759 0.0386962
10 0.171365 0.736179 0.0236938 0.0612432 0.0385759
6 0.259889 0.708303 0.0215263 0.05974 0.0381223
2 0.944543 0.548229 0.0179474 0.0408225 0.0378235
6 0.384546 0.730784 0.0431242 0.144066 0.0372689
10 0.464568 0.706272 0.0244227 0.196074 0.036535
10 0.989333 0.61828 0.0231764 0.513829 0.0363112
10 0.991336 0.642417 0.0187708 0.593788 0.0360819
6 0.268616 0.733633 0.0289994 0.0963641 0.0360143
9 0.895264 0.379933 0.00931969 0.0270994 0.0357891
10 0.451914 0.615253 0.0181694 0.0906172 0.0354517
10 0.412479 0.596665 0.0593174 0.144632 0.0354493
10 0.505262 0.784678 0.0251662 0.128484 0.0353773
10 0.298042 0.668555 0.0150677 0.0463843 0.035263
10 0.949844 0.386103 0.00817604 0.0453549 0.0347917
10 0.482904 0.672274 0.0399062 0.120142 0.0345889
10 0.993683 0.503901 0.0130056 0.309311 0.0345516
10 0.140165 0.633835 0.0178026 0.0585979 0.0342887
10 0.446125 0.608782 0.0173667 0.0908294 0.0337588
3 0.988802 0.221261 0.0220175 0.437193 0.0335524
0 0.712917 0.509717 0.0199577 0.0621663 0.0332982
0 0.731586 0.502518 0.0145104 0.0658318 0.0331722
7 0.245488 0.275535 0.128106 0.060886 0.0323277
0 0.647228 0.595379 0.0243288 0.0586222 0.0323173
4 0.950552 0.359943 0.0132465 0.0254966 0.0319344
10 0.287969 0.641866 0.0302807 0.0764498 0.0318099
4 0.956174 0.386804 0.0103449 0.0292715 0.0316717
3 0.490033 0.502209 0.999979 0.999625 0.0315412
10 0.137138 0.563237 0.0241451 0.0638394 0.0313378
6 0.386431 0.742497 0.0244058 0.0513467 0.030256
10 0.495329 0.786662 0.0257993 0.129542 0.0302372
10 0.315543 0.788297 0.060405 0.169836 0.0298615
7 0.00896306 0.954724 0.0159433 0.0619545 0.0291629
10 0.918792 0.476782 0.0135326 0.0462336 0.0290586
7 0.383349 0.701244 0.0156869 0.0254589 0.0290129
10 0.45143 0.548428 0.0222335 0.0563569 0.0289709
10 0.479448 0.6187 0.0375599 0.0859178 0.0289486
4 0.887774 0.340311 0.0129684 0.0223765 0.0286488
10 0.142048 0.591555 0.026537 0.0607079 0.0286316
10 0.502266 0.783711 0.0239166 0.132251 0.0285
4 0.875943 0.356542 0.00913143 0.0223541 0.0279206
10 0.429917 0.567584 0.0111182 0.0338072 0.0273242
10 0.899928 0.402511 0.0157568 0.0322116 0.0271761
10 0.515188 0.660801 0.0350957 0.0731349 0.0271503
10 0.890925 0.383665 0.0112095 0.0227851 0.0266541
10 0.945509 0.518509 0.0154387 0.0413285 0.0260649
10 0.5212 0.801827 0.0207683 0.0563604 0.025794
8 0.946092 0.573359 0.0189487 0.0701082 0.0256637
4 0.991716 0.473808 0.0157301 0.140862 0.025397
4 0.928774 0.322072 0.0189981 0.0375181 0.0252455
6 0.253831 0.861425 0.0599658 0.141767 0.0249715
10 0.145616 0.681798 0.0259415 0.0543729 0.024887
11 0.237345 0.730768 0.0184148 0.0316737 0.0245183
10 0.495517 0.782731 0.018623 0.115183 0.0240847
6 0.179393 0.670751 0.012544 0.0323339 0.0236559
10 0.429312 0.705871 0.0194264 0.0625116 0.0228681
6 0.337091 0.82696 0.0315472 0.104765 0.0226116
10 0.515352 0.826104 0.0354981 0.0626864 0.0217355
0 0.752747 0.593466 0.011156 0.033289 0.0211295
6 0.40467 0.79138 0.0589049 0.0612806 0.0209019
6 0.92334 0.644866 0.0194139 0.0398529 0.0208032
6 0.269959 0.828083 0.0294426 0.0641751 0.0206016
6 0.950183 0.758627 0.0218111 0.0520784 0.0202846
10 0.602997 0.828249 0.0743676 0.0881002 0.0193678
6 0.931502 0.577876 0.0614544 0.0830216 0.0189345
10 0.367134 0.903903 0.0263757 0.0509266 0.018768
6 0.246463 0.907493 0.0208631 0.0378947 0.0186483
6 0.926778 0.801197 0.0192711 0.04727 0.0186055
6 0.342556 0.934927 0.0788182 0.102621 0.0184557
6 0.386832 0.935701 0.0936711 0.112082 0.0184164
10 0.925944 0.601913 0.0482712 0.060035 0.0183993
10 0.625368 0.802162 0.076614 0.0978049 0.0182321
3 0.431351 0.678643 0.652105 0.527421 0.0182212
6 0.978241 0.501979 0.0192913 0.0344286 0.0180992
10 0.230892 0.55136 0.019449 0.0239854 0.0178561
8 0.542927 0.860142 0.0124345 0.0296627 0.0177027
11 0.296855 0.975048 0.0576757 0.0567686 0.0173244
10 0.47923 0.929657 0.0258937 0.0252243 0.0173038
6 0.299616 0.875017 0.016692 0.0301944 0.0172941
0 0.844623 0.440055 0.0117048 0.0337461 0.016769
10 0.231921 0.537216 0.0155307 0.0165118 0.0156012
8 0.40587 0.946151 0.0253749 0.0286623 0.0154435
10 0.208386 0.471038 0.021188 0.019139 0.0140824
