8 0.398094 0.615601 0.252124 0.170368 0.897248
11 0.735492 0.479957 0.110836 0.238148 0.851088
8 0.167888 0.514943 0.117758 0.124224 0.836865
6 0.869358 0.548955 0.261001 0.521941 0.778081
6 0.644506 0.212327 0.0293969 0.11709 0.261655
6 0.87069 0.5956 0.257725 0.410835 0.219752
6 0.875283 0.634678 0.24767 0.319955 0.203073
5 0.527152 0.0997926 0.0498094 0.0547438 0.197504
6 0.71981 0.960795 0.46596 0.0791216 0.183603
6 0.679468 0.959901 0.445477 0.0806291 0.167166
6 0.519506 0.194995 0.0465682 0.0518699 0.167137
6 0.646465 0.168886 0.0386016 0.210628 0.163084
5 0.526549 0.146042 0.0573295 0.150558 0.149151
6 0.664721 0.941431 0.480385 0.117263 0.144468
6 0.629372 0.961594 0.38215 0.0770799 0.136993
6 0.520494 0.229457 0.050355 0.1271 0.135255
6 0.662636 0.171278 0.0710242 0.215359 0.124364
6 0.535929 0.227534 0.08004 0.121303 0.122974
6 0.66987 0.961894 0.23644 0.0772787 0.121292
6 0.71573 0.953554 0.549479 0.0930845 0.113405
6 0.524132 0.200202 0.035117 0.0405038 0.11279
4 0.537951 0.200663 0.0832438 0.0635364 0.11016
6 0.5171 0.962582 0.601296 0.075416 0.106168
6 0.697845 0.938695 0.550021 0.122609 0.0953934
6 0.533524 0.196606 0.0739804 0.0554578 0.0948603
2 0.351844 0.357863 0.0492629 0.0365854 0.0925145
6 0.761519 0.966608 0.459185 0.0671457 0.0914405
5 0.573167 0.21989 0.0146978 0.0244276 0.090457
6 0.685987 0.218754 0.0289396 0.117144 0.0859199
4 0.557745 0.191635 0.0251223 0.0383577 0.0857887
6 0.642276 0.1987 0.0230782 0.065627 0.0843206
6 0.867783 0.552131 0.262399 0.513352 0.0804843
6 0.690804 0.201569 0.0188457 0.0804872 0.080288
6 0.650234 0.227039 0.02763 0.0866944 0.0792251
5 0.505442 0.19546 0.0194542 0.043424 0.0784644
6 0.465705 0.956737 0.771466 0.0863178 0.0779071
6 0.528022 0.197959 0.0302939 0.0454939 0.0774945
5 0.540063 0.0939375 0.0230532 0.0403676 0.0758343
6 0.685304 0.222145 0.0272859 0.114863 0.0753102
4 0.650762 0.256946 0.0254098 0.0262512 0.0752628
6 0.527379 0.179475 0.0600695 0.229623 0.0749829
4 0.613631 0.257579 0.0184984 0.0228481 0.0696378
6 0.633694 0.96564 0.233303 0.0701053 0.0680992
6 0.643552 0.222815 0.0182904 0.0938169 0.0680342
6 0.690533 0.184389 0.0169129 0.0396213 0.0656551
5 0.537767 0.152841 0.0821496 0.167262 0.0652541
6 0.642776 0.181801 0.0245514 0.0523921 0.0652271
4 0.626306 0.272056 0.0455463 0.0586783 0.0645461
4 0.61289 0.252455 0.0210509 0.0373856 0.0625965
10 0.317802 0.127119 0.0284875 0.101972 0.062217
8 0.445606 0.579925 0.154213 0.0962476 0.0619074
4 0.690898 0.281884 0.0120422 0.0418285 0.0601563
6 0.542326 0.194256 0.0542998 0.0490461 0.0585897
8 0.445075 0.599721 0.156291 0.13816 0.0579944
2 0.19808 0.39403 0.0290255 0.0546421 0.0579374
8 0.169009 0.518208 0.119332 0.130743 0.057669
6 0.64356 0.223728 0.0166514 0.0912663 0.0567117
2 0.360158 0.356758 0.0294635 0.0315448 0.0532549
6 0.833516 0.417873 0.142635 0.258025 0.053195
6 0.641042 0.204072 0.0153444 0.0716905 0.0527044
8 0.400301 0.554172 0.0602863 0.0391848 0.0523965
8 0.444835 0.600273 0.158287 0.140543 0.0520037
6 0.606957 0.216825 0.0129018 0.0287931 0.0514153
6 0.834561 0.41114 0.139713 0.245451 0.0501919
4 0.690806 0.291998 0.0120509 0.0569563 0.0496529
2 0.361104 0.35633 0.0252834 0.0292702 0.0491284
8 0.167958 0.516175 0.111643 0.119019 0.0489497
6 0.858499 0.346972 0.0872652 0.107953 0.0486234
10 0.786971 0.144248 0.0226488 0.0474708 0.0484806
6 0.982283 0.747095 0.0353441 0.502743 0.0482801
8 0.396536 0.618226 0.253591 0.168245 0.0482781
6 0.824311 0.499861 0.183984 0.428761 0.0479122
6 0.698953 0.972867 0.220315 0.0541757 0.0471676
6 0.357133 0.963949 0.457494 0.072226 0.0464507
2 0.925415 0.478598 0.0416376 0.149992 0.0462288
5 0.31365 0.638411 0.0779397 0.121272 0.0462212
6 0.848587 0.41744 0.167712 0.260575 0.0461996
5 0.526054 0.122586 0.0492331 0.101213 0.0461319
6 0.174391 0.543582 0.142432 0.184177 0.0461092
4 0.589437 0.216862 0.0485949 0.0288613 0.0448497
6 0.33015 0.968579 0.283702 0.0636453 0.0447195
4 0.632653 0.268397 0.058712 0.0675729 0.0440126
6 0.642677 0.196545 0.0193153 0.0884192 0.0437628
7 0.746456 0.391624 0.0607218 0.0561272 0.0436966
8 0.351239 0.617662 0.156777 0.164016 0.0436697
11 0.734789 0.455849 0.0919559 0.186236 0.0430812
4 0.637998 0.273233 0.0201615 0.055923 0.0424587
6 0.823031 0.510338 0.180317 0.449955 0.0423266
6 0.825961 0.437072 0.157745 0.312622 0.041814
6 0.84176 0.536178 0.210206 0.437207 0.0416165
2 0.341858 0.358093 0.0260967 0.0279786 0.0410734
2 0.838165 0.112347 0.0620171 0.18501 0.0410108
6 0.388504 0.98885 0.318412 0.0242235 0.0409614
2 0.188759 0.251209 0.0166391 0.0656796 0.040884
6 0.540358 0.964211 0.297453 0.0729721 0.0399044
6 0.782884 0.47549 0.0469732 0.17484 0.0396857
4 0.490377 0.194866 0.123412 0.0561015 0.0394654
6 0.016604 0.906341 0.032894 0.188123 0.0392742
6 0.814088 0.54066 0.170001 0.382546 0.0392226
6 0.820776 0.531548 0.207315 0.423657 0.0391501
4 0.809387 0.152487 0.100051 0.116478 0.0391338
4 0.970059 0.0475599 0.0608309 0.0957113 0.0389923
4 0.665571 0.257936 0.0613936 0.0370856 0.0386969
8 0.353612 0.618174 0.158643 0.164185 0.0386899
3 0.962653 0.119842 0.0742657 0.238688 0.0381085
10 0.779805 0.145502 0.0421938 0.0668851 0.0380553
6 0.13155 0.985479 0.141299 0.0301502 0.0378666
5 0.577204 0.149675 0.152466 0.166321 0.0377252
6 0.344896 0.991057 0.200479 0.0196086 0.0375041
4 0.681167 0.262034 0.0311067 0.0349677 0.0371257
4 0.594198 0.238215 0.0598044 0.0678269 0.0369068
4 0.646522 0.0925473 0.0351248 0.0578856 0.0368647
4 0.56178 0.204089 0.0350041 0.0609399 0.0367557
4 0.661709 0.293334 0.0685373 0.112296 0.0366655
2 0.340309 0.357773 0.0245944 0.0285182 0.0366355
6 0.835141 0.561606 0.325945 0.487193 0.036614
6 0.835609 0.582223 0.329218 0.519872 0.0364355
6 0.782435 0.544375 0.0984227 0.337847 0.0360443
2 0.200284 0.379543 0.0187429 0.0321206 0.0357935
8 0.347619 0.654212 0.160338 0.0951364 0.0355101
6 0.579459 0.204653 0.156081 0.0556461 0.0353905
6 0.817292 0.544472 0.215547 0.41303 0.035204
8 0.400022 0.55489 0.0644473 0.0458303 0.0347324
6 0.678753 0.169042 0.0446894 0.216686 0.0347134
5 0.530809 0.100918 0.0375236 0.0506552 0.0343221
4 0.637115 0.28439 0.0171762 0.0342262 0.0342504
10 0.529185 0.185237 0.030339 0.0677182 0.0341261
8 0.304748 0.659675 0.0775694 0.0761467 0.0340685
6 0.650974 0.226423 0.0163444 0.0866201 0.03389
2 0.222046 0.381168 0.022526 0.0384766 0.0338345
6 0.812819 0.547402 0.16145 0.386152 0.033779
4 0.968433 0.0578424 0.0644012 0.114863 0.0337617
6 0.158878 0.714242 0.322608 0.57777 0.0335981
8 0.310039 0.658601 0.0918764 0.0803549 0.0332639
4 0.594508 0.255796 0.0724444 0.0463631 0.0332181
6 0.989494 0.880866 0.0211523 0.238484 0.0331079
2 0.922579 0.512748 0.0377773 0.0792611 0.0330395
4 0.830035 0.175755 0.0560921 0.0679056 0.0329399
4 0.783174 0.154619 0.0544228 0.0744529 0.0328575
10 0.974762 0.111002 0.0502056 0.221358 0.0321922
6 0.980941 0.68928 0.0386654 0.619825 0.0320393
6 0.840617 0.629165 0.28511 0.216955 0.0317281
6 0.695551 0.218766 0.0154444 0.0505075 0.0316502
6 0.839059 0.554522 0.320231 0.508068 0.0313399
6 0.529864 0.207625 0.0193933 0.0308843 0.0312543
6 0.794045 0.583431 0.123987 0.273632 0.0311667
6 0.646206 0.115269 0.0362803 0.107008 0.0310673
4 0.982071 0.0576401 0.0362587 0.116617 0.0308323
6 0.82057 0.5362 0.110413 0.0737435 0.0307818
5 0.302266 0.604085 0.0467381 0.0455989 0.0306694
6 0.879586 0.411103 0.210398 0.252193 0.0306617
10 0.969368 0.0801406 0.0611629 0.159126 0.029718
10 0.642388 0.257829 0.0124509 0.0248989 0.0296681
6 0.803782 0.487306 0.112913 0.374688 0.0295827
8 0.356885 0.578631 0.152006 0.0940154 0.0294474
6 0.799507 0.559964 0.0656486 0.226339 0.02937
8 0.432732 0.584999 0.180788 0.0865115 0.0292864
8 0.17032 0.53903 0.142384 0.21586 0.0289801
11 0.712833 0.449617 0.056804 0.184341 0.0288229
4 0.842003 0.0509378 0.047262 0.0587413 0.0286448
7 0.769853 0.401841 0.0188542 0.0329263 0.0285355
6 0.834703 0.448232 0.31177 0.322644 0.0283496
4 0.613204 0.259579 0.015436 0.0188144 0.0282345
11 0.755423 0.529747 0.11312 0.292645 0.0280861
8 0.406448 0.56575 0.0892524 0.0685573 0.0280835
10 0.993056 0.584711 0.015506 0.376703 0.0280662
8 0.180054 0.536597 0.0348667 0.04583 0.0279883
6 0.744574 0.476947 0.0792612 0.171839 0.0277786
7 0.730279 0.397587 0.0231623 0.0285329 0.027679
7 0.739366 0.38305 0.0308414 0.030364 0.0274704
6 0.783539 0.468873 0.0456358 0.187268 0.0274394
6 0.753421 0.570936 0.147277 0.409247 0.027293
6 0.139605 0.869245 0.270079 0.283067 0.0272663
8 0.160007 0.502747 0.0810716 0.0617648 0.0272492
6 0.510807 0.203033 0.0296157 0.0627287 0.0272133
6 0.798564 0.518391 0.102105 0.208699 0.0270238
10 0.51143 0.203025 0.0179221 0.0323037 0.027004
8 0.143337 0.53608 0.0663255 0.0788993 0.0268792
7 0.752343 0.386113 0.0258788 0.0215219 0.0266609
6 0.0462269 0.580746 0.0930668 0.365858 0.0264887
7 0.0364305 0.480495 0.0247431 0.0801976 0.0263688
6 0.778263 0.466046 0.0589342 0.198034 0.0260352
6 0.861817 0.928011 0.2683 0.156522 0.0260314
6 0.298259 0.992357 0.189155 0.0157553 0.0258303
7 0.749058 0.399348 0.0439583 0.0334465 0.0258079
7 0.729904 0.390055 0.0327831 0.0494728 0.0257679
5 0.508186 0.107696 0.0152928 0.0450002 0.0257221
4 0.70483 0.198877 0.0525672 0.0825193 0.0255873
6 0.839439 0.683241 0.326653 0.63655 0.0255616
6 0.975289 0.867817 0.0481503 0.297914 0.0255368
8 0.30139 0.673466 0.0406491 0.0477203 0.0254368
10 0.642472 0.262761 0.012592 0.0270579 0.0251979
8 0.328829 0.735243 0.627104 0.545044 0.025181
6 0.865954 0.833259 0.26504 0.354769 0.0250978
6 0.0203502 0.507745 0.0406439 0.986404 0.0250543
10 0.204827 0.492718 0.0378025 0.0647652 0.0247027
10 0.204535 0.503123 0.0427468 0.0844585 0.024671
6 0.568209 0.991804 0.147183 0.0178207 0.0245623
8 0.321727 0.684783 0.117731 0.0587801 0.0244277
8 0.332552 0.75379 0.629923 0.512644 0.0243804
8 0.177328 0.536542 0.0269507 0.0405354 0.0242798
6 0.987328 0.925116 0.024876 0.149825 0.0242245
6 0.528277 0.123545 0.0419322 0.0261693 0.0241513
2 0.848302 0.115586 0.03997 0.188531 0.0238338
6 0.751539 0.454957 0.0710642 0.18132 0.023698
10 0.776928 0.15155 0.0479105 0.0741857 0.0235166
6 0.971391 0.59158 0.0577641 0.43011 0.0235092
6 0.95795 0.585231 0.0858793 0.504692 0.0234539
6 0.83434 0.546677 0.330181 0.800612 0.023412
2 0.00918097 0.722241 0.0186986 0.460388 0.0233988
8 0.19588 0.507387 0.0576322 0.0983945 0.023189
7 0.784581 0.392411 0.0270875 0.048524 0.0230616
8 0.136884 0.547252 0.0455913 0.0591136 0.0228145
10 0.207493 0.516032 0.0376499 0.0750126 0.0226933
2 0.771119 0.537828 0.0239079 0.0601703 0.0226135
10 0.130608 0.514234 0.0497986 0.126607 0.0225328
7 0.765233 0.391625 0.022117 0.0202271 0.0222949
10 0.202193 0.506567 0.0465776 0.094076 0.0221072
7 0.782297 0.401417 0.0214928 0.0518199 0.0219888
8 0.489907 0.607991 0.0640358 0.0965415 0.0213346
6 0.519846 0.201818 0.054179 0.0639624 0.0212781
6 0.179854 0.717879 0.130137 0.127142 0.0212259
10 0.630418 0.342584 0.016391 0.0204393 0.0205903
8 0.198898 0.528473 0.0408078 0.0471166 0.0204985
6 0.532516 0.283628 0.0598203 0.0863414 0.0203289
8 0.565563 0.653809 0.59835 0.195068 0.0198571
6 0.85736 0.693977 0.078093 0.111897 0.0196466
7 0.78326 0.412994 0.029308 0.0740955 0.019433
10 0.694703 0.653273 0.0270012 0.0445026 0.0191567
2 0.200867 0.426581 0.0437445 0.0869588 0.0190982
8 0.506793 0.564437 0.0419035 0.054551 0.0190573
10 0.198786 0.566162 0.0384673 0.0464939 0.0189323
6 0.794542 0.95689 0.37331 0.15653 0.0187934
2 0.881829 0.730026 0.0720818 0.0904939 0.0187547
6 0.178923 0.700549 0.106753 0.0884497 0.0187504
10 0.502642 0.625259 0.06446 0.142279 0.0186092
10 0.765234 0.971643 0.0909826 0.0491983 0.0185975
10 0.16462 0.631241 0.0626044 0.0460159 0.01857
10 0.569521 0.264718 0.0222737 0.0428973 0.0178935
6 0.698616 0.224473 0.0143117 0.0271823 0.0178226
10 0.684363 0.353038 0.0109673 0.0211926 0.0178007
10 0.732938 0.563085 0.0654926 0.0569918 0.0177849
2 0.928032 0.904402 0.0353914 0.0530935 0.0177787
10 0.561675 0.28542 0.0173719 0.0298486 0.0177001
8 0.524895 0.55853 0.999533 0.824128 0.0174714
10 0.483437 0.387802 0.0120413 0.0147477 0.0174632
10 0.538226 0.141323 0.0195434 0.0207398 0.0173645
10 0.781391 0.784733 0.104692 0.142816 0.0173584
10 0.356437 0.745178 0.0153165 0.00558429 0.0172675
8 0.228339 0.48578 0.0236819 0.0291405 0.0172182
10 0.384426 0.786121 0.0460965 0.0457779 0.0171629
10 0.368827 0.788955 0.0479623 0.0438922 0.0171345
6 0.169952 0.870974 0.120059 0.090439 0.0170057
11 0.752763 0.402725 0.0616183 0.0661241 0.0170011
10 0.227929 0.715786 0.0317415 0.0386025 0.0169534
10 0.731161 0.770174 0.0695328 0.0821578 0.0168533
2 0.731317 0.551659 0.0286362 0.0301141 0.016852
8 0.218638 0.393622 0.0484907 0.0420707 0.0166865
10 0.779447 0.813114 0.173137 0.203716 0.0166704
2 0.910772 0.876733 0.0534136 0.101644 0.0166666
10 0.757754 0.828816 0.141658 0.245437 0.0166245
10 0.799865 0.805284 0.18543 0.229921 0.0165989
10 0.671793 0.580606 0.0152997 0.0331497 0.0164314
10 0.849335 0.886798 0.10781 0.123353 0.0163083
10 0.368992 0.889894 0.0502771 0.0274478 0.016289
10 0.842608 0.895686 0.0736494 0.0769554 0.0162719
10 0.547846 0.625433 0.0285318 0.0205427 0.0161871
2 0.851413 0.878335 0.0971046 0.0877313 0.0161333
5 0.309686 0.72045 0.0872123 0.082431 0.0160949
10 0.229287 0.430814 0.0263177 0.0301066 0.0160662
10 0.361283 0.541494 0.0395235 0.0236137 0.0160268
10 0.185476 0.757299 0.0576188 0.0481402 0.01598
6 0.83574 0.962734 0.276705 0.126847 0.015928
10 0.862177 0.796372 0.0484615 0.0451053 0.0159192
10 0.543705 0.632272 0.0376827 0.0545213 0.0159067
11 0.741743 0.793902 0.131091 0.203616 0.0158252
10 0.641102 0.542292 0.0379223 0.0367476 0.015776
2 0.886202 0.877093 0.119078 0.110678 0.0157731
4 0.569206 0.532422 0.0467077 0.0226329 0.0157377
10 0.774365 0.826406 0.0532121 0.0779825 0.0156591
10 0.80468 0.878844 0.0749508 0.108047 0.015649
10 0.751976 0.869293 0.12319 0.148311 0.0156482
10 0.481359 0.874963 0.0883217 0.0624069 0.0156435
5 0.278013 0.89381 0.0819502 0.0526928 0.015571
4 0.25714 0.92209 0.0441396 0.0432835 0.0155574
10 0.58927 0.528419 0.0146952 0.0175752 0.0154935
2 0.911886 0.786411 0.0523703 0.0717294 0.0153817
0 0.631102 0.644472 0.036666 0.0655945 0.0153423
2 0.87224 0.873425 0.057254 0.0588858 0.015307
2 0.844648 0.909986 0.113446 0.110594 0.015243
6 0.876702 0.960709 0.20571 0.0940987 0.0152282
0 0.749675 0.277559 0.0176287 0.0208426 0.0151953
10 0.669526 0.607328 0.0237157 0.0792633 0.0151598
10 0.498677 0.416882 0.0429749 0.0294295 0.0150793
5 0.277344 0.929648 0.0861688 0.0543335 0.0149585
10 0.331946 0.834956 0.0584146 0.0352634 0.0148631
8 0.305382 0.807607 0.0630738 0.0411746 0.0148193
10 0.17071 0.923113 0.101611 0.0750772 0.0146011
4 0.155294 0.929768 0.100311 0.0771172 0.0145084
4 0.394391 0.807019 0.192722 0.0514551 0.0143114
