8 0.384194 0.498912 0.230839 0.306498 0.903891
8 0.473581 0.633084 0.205869 0.295262 0.884316
11 0.736674 0.48103 0.116462 0.242592 0.826126
6 0.868567 0.554539 0.262248 0.524946 0.746134
6 0.173067 0.53808 0.130515 0.199652 0.277529
6 0.869953 0.582073 0.259814 0.449092 0.194497
4 0.518784 0.193662 0.0464542 0.0515776 0.190913
6 0.873166 0.628357 0.252146 0.353079 0.181188
4 0.532205 0.191541 0.072067 0.0566888 0.177973
6 0.645141 0.212258 0.0313939 0.115953 0.175007
6 0.715066 0.959178 0.479847 0.0819788 0.171099
6 0.675434 0.958731 0.437811 0.0825651 0.169298
6 0.667207 0.941132 0.464002 0.117587 0.143185
6 0.66658 0.961485 0.244274 0.0776897 0.134821
6 0.162859 0.491411 0.153573 0.298403 0.124428
6 0.644833 0.225962 0.0355187 0.153035 0.122928
5 0.527633 0.0973787 0.0482259 0.0457223 0.118253
6 0.748545 0.963077 0.491744 0.075244 0.113343
6 0.625437 0.960263 0.41399 0.079821 0.112648
6 0.662351 0.172406 0.0726987 0.21659 0.110642
2 0.924478 0.481028 0.0367416 0.145665 0.099623
6 0.515894 0.959072 0.606905 0.0819683 0.0992773
4 0.556896 0.190395 0.0264224 0.0414536 0.0958039
6 0.56899 0.941643 0.631671 0.11731 0.0896048
5 0.528704 0.146872 0.0606421 0.149113 0.0896039
4 0.504601 0.194231 0.0186541 0.044118 0.0876531
6 0.688025 0.936091 0.565394 0.128313 0.0859817
6 0.0949819 0.679826 0.188917 0.648664 0.08338
6 0.646492 0.170065 0.0398682 0.211159 0.083258
4 0.545073 0.192434 0.0496105 0.0484972 0.0815872
2 0.351303 0.357978 0.0489024 0.037888 0.08136
6 0.0638926 0.713648 0.126662 0.579373 0.0766474
6 0.130283 0.709834 0.26627 0.589012 0.0757769
6 0.519966 0.227695 0.0489249 0.129588 0.0727499
4 0.626944 0.273392 0.0466912 0.0559128 0.0726272
6 0.870913 0.561527 0.25758 0.527579 0.068383
6 0.463463 0.954647 0.768875 0.0906529 0.0671567
6 0.685773 0.179317 0.027894 0.19716 0.0666556
6 0.0842813 0.715193 0.171722 0.586079 0.0665985
6 0.684391 0.213823 0.0303269 0.127619 0.0659636
6 0.524911 0.20009 0.0320371 0.0407195 0.0658981
6 0.0908952 0.720912 0.189355 0.578047 0.0658866
2 0.361761 0.356031 0.0233606 0.0292622 0.0628076
6 0.205443 0.709245 0.413447 0.585354 0.0618151
6 0.836625 0.56445 0.32547 0.544071 0.0598059
6 0.535053 0.227668 0.07775 0.132829 0.0583984
6 0.6347 0.966626 0.232328 0.0678555 0.0573468
6 0.644249 0.194466 0.0263155 0.0375854 0.0573348
4 0.572917 0.219809 0.0146637 0.0249279 0.0564425
6 0.662777 0.219682 0.0754295 0.166841 0.0558911
6 0.0395075 0.83541 0.0796686 0.333587 0.0554648
10 0.787245 0.143897 0.0205975 0.0469275 0.0549457
6 0.643322 0.180707 0.0265813 0.0542989 0.0540978
2 0.201125 0.379433 0.0149208 0.0281183 0.0532083
6 0.1717 0.541789 0.1291 0.193 0.0525248
11 0.736042 0.455172 0.095393 0.192007 0.0505377
4 0.482882 0.193072 0.123413 0.0590821 0.0502905
5 0.539747 0.0931269 0.0234215 0.0396554 0.0497675
4 0.440404 0.185761 0.0246612 0.0181783 0.0496788
7 0.34039 0.358089 0.0243955 0.0272201 0.0490046
4 0.651056 0.257053 0.023647 0.0250658 0.0488646
4 0.482729 0.194414 0.124527 0.0515346 0.0481328
10 0.318023 0.128821 0.0283801 0.0969276 0.0478976
4 0.690384 0.186331 0.0172451 0.0414234 0.0472883
6 0.020932 0.757798 0.0421923 0.496046 0.0472268
6 0.643676 0.198212 0.0255138 0.087323 0.047024
4 0.440084 0.198524 0.0308014 0.0460735 0.0469275
6 0.689482 0.17429 0.0174452 0.0625126 0.0467856
6 0.837182 0.542184 0.227761 0.412853 0.0459754
4 0.970342 0.0483961 0.0603884 0.0965986 0.0459158
6 0.425029 0.91516 0.837098 0.172504 0.0458895
6 0.641989 0.205515 0.0176731 0.0670529 0.0457532
6 0.018003 0.709709 0.0368742 0.584883 0.0453991
4 0.691183 0.265857 0.0136052 0.0269746 0.0449328
6 0.0225496 0.667286 0.0447299 0.672338 0.0445329
7 0.747374 0.390896 0.0585762 0.0558297 0.0444425
4 0.613973 0.259948 0.0183509 0.0203151 0.0442856
6 0.132127 0.913713 0.269314 0.175821 0.043337
2 0.197601 0.393278 0.0288457 0.0565281 0.0421726
6 0.836588 0.41319 0.145029 0.247411 0.0421607
6 0.828926 0.467299 0.172565 0.360939 0.0419291
6 0.645209 0.224712 0.0175127 0.0863811 0.0415701
4 0.532805 0.169232 0.0755468 0.121478 0.041277
6 0.529241 0.197637 0.0247767 0.0457141 0.041068
10 0.779185 0.146586 0.0426152 0.065904 0.040926
6 0.815278 0.494594 0.194491 0.4181 0.0408797
6 0.846934 0.620306 0.201932 0.259804 0.039911
6 0.982825 0.715012 0.0353827 0.570282 0.039732
8 0.46984 0.630979 0.202296 0.284129 0.0393741
6 0.0949697 0.834892 0.191505 0.332274 0.0393227
6 0.0144833 0.799019 0.0287809 0.399128 0.0392143
4 0.612914 0.254416 0.0228093 0.0373572 0.0389586
2 0.197355 0.381987 0.0198396 0.0333252 0.0386665
4 0.6383 0.27298 0.0218674 0.0559316 0.0386084
6 0.0268781 0.509517 0.05422 0.976582 0.0380447
4 0.626682 0.272721 0.0526565 0.0592489 0.0377913
6 0.777376 0.547108 0.0879724 0.327714 0.0375873
6 0.783538 0.471059 0.0443528 0.168561 0.0374606
6 0.0191242 0.910669 0.0383599 0.181295 0.0369789
4 0.966364 0.0683376 0.0680777 0.13617 0.0369212
4 0.809311 0.152642 0.103172 0.12563 0.0365623
6 0.821437 0.533408 0.196832 0.404582 0.0365222
3 0.961602 0.121357 0.0767527 0.241574 0.0364089
6 0.221181 0.875452 0.447338 0.251753 0.036224
8 0.382232 0.491967 0.219005 0.279346 0.0360872
4 0.674006 0.261484 0.0449903 0.0349094 0.0359144
6 0.809824 0.423026 0.241076 0.275332 0.0357667
6 0.682808 0.171241 0.0357971 0.215412 0.0355202
10 0.9718 0.0674672 0.0240656 0.0644927 0.0355071
6 0.871038 0.427843 0.211058 0.279732 0.0354156
2 0.360083 0.361191 0.02052 0.026681 0.03526
6 0.806304 0.489847 0.183779 0.374034 0.0350117
6 0.855677 0.344714 0.0935017 0.107782 0.0349631
4 0.980454 0.061799 0.0392569 0.123131 0.0348256
6 0.582542 0.194655 0.173421 0.0736819 0.0347981
2 0.837041 0.112516 0.0631781 0.185128 0.0346879
6 0.0542714 0.547014 0.112152 0.424869 0.0345599
6 0.789481 0.541947 0.115283 0.346282 0.0344371
6 0.084667 0.509085 0.162689 0.986589 0.0344335
6 0.833091 0.577001 0.332922 0.470764 0.0339487
6 0.0973668 0.49211 0.0903173 0.28989 0.0338328
4 0.690364 0.265003 0.012512 0.0308418 0.03374
6 0.642697 0.226633 0.0144917 0.086554 0.0337278
6 0.138535 0.501865 0.219609 0.3084 0.0336859
6 0.864694 0.731992 0.271537 0.555161 0.0335436
6 0.0608635 0.550353 0.117122 0.327658 0.0333602
6 0.980196 0.688777 0.0401558 0.624835 0.0332694
10 0.0717001 0.426527 0.0337583 0.149989 0.0331831
6 0.790915 0.52809 0.183209 0.402733 0.0330586
6 0.0858234 0.633815 0.167559 0.767778 0.0328096
6 0.988713 0.883365 0.0222851 0.233908 0.0324311
2 0.921783 0.516293 0.0346539 0.0747309 0.032431
6 0.0809373 0.602212 0.116614 0.238942 0.0315018
7 0.727052 0.391271 0.0292509 0.0488654 0.0314499
6 0.527494 0.201904 0.0224879 0.0379911 0.0314225
10 0.978882 0.0736159 0.0423876 0.144996 0.0310182
8 0.296241 0.490051 0.0625995 0.191058 0.0304197
10 0.992737 0.59374 0.0157158 0.340944 0.0301877
8 0.314293 0.469115 0.0778219 0.172772 0.0299887
6 0.750454 0.555073 0.147319 0.404802 0.0298598
4 0.84247 0.0509793 0.0456738 0.0569539 0.0298063
10 0.993036 0.605881 0.0152525 0.427918 0.029739
6 0.981725 0.888881 0.0346237 0.233514 0.0296946
6 0.643514 0.165103 0.0263721 0.0261521 0.0294959
8 0.450493 0.603111 0.159999 0.264272 0.0293822
6 0.715456 0.45214 0.0608492 0.186047 0.0292637
6 0.279473 0.950777 0.550223 0.101728 0.029247
10 0.529051 0.185795 0.0277046 0.0664549 0.0291907
6 0.794569 0.554065 0.16065 0.395806 0.0291832
7 0.772559 0.403561 0.0155204 0.036145 0.0287984
6 0.220389 0.845831 0.428318 0.341313 0.0287606
8 0.388586 0.55348 0.240349 0.180472 0.028608
6 0.075078 0.52905 0.107374 0.22953 0.0283924
6 0.351027 0.990103 0.221043 0.0211351 0.028379
4 0.502859 0.179738 0.0126503 0.0240642 0.028332
8 0.304296 0.496355 0.429672 0.3073 0.0281571
6 0.781392 0.513888 0.102018 0.29175 0.0280973
4 0.96966 0.0780676 0.061932 0.155927 0.0280951
8 0.332271 0.44884 0.116158 0.153823 0.0277381
6 0.745515 0.46085 0.0797411 0.196099 0.0277157
6 0.520073 0.964913 0.242047 0.0718704 0.0276488
2 0.928594 0.443622 0.01849 0.0496293 0.0275769
6 0.129565 0.545668 0.234806 0.382984 0.0275124
8 0.310784 0.49661 0.066875 0.166884 0.0274997
7 0.747896 0.40146 0.045064 0.0319621 0.0274498
6 0.362417 0.704225 0.711578 0.593399 0.0273119
8 0.28468 0.48828 0.488436 0.333846 0.027265
6 0.978701 0.648244 0.0426136 0.704578 0.0268129
8 0.431309 0.584339 0.1248 0.219285 0.0268029
6 0.780148 0.469108 0.0616959 0.20087 0.0267726
6 0.0183744 0.507138 0.0376518 0.983974 0.0267152
11 0.711959 0.44484 0.0529905 0.159716 0.0266416
8 0.462063 0.679958 0.178441 0.199871 0.0265589
6 0.833131 0.474583 0.324683 0.35048 0.0265309
6 0.349862 0.987882 0.272039 0.0255465 0.0262617
6 0.313622 0.848533 0.603995 0.311148 0.0261475
6 0.778938 0.51312 0.132107 0.300778 0.0261367
6 0.768044 0.540882 0.130088 0.354975 0.0261097
8 0.401967 0.551328 0.214501 0.183361 0.0259705
6 0.866099 0.763155 0.265993 0.417275 0.0259603
8 0.442021 0.618189 0.154977 0.286309 0.0259603
4 0.532528 0.231635 0.0703869 0.115585 0.0258787
4 0.780043 0.162548 0.0571298 0.0635443 0.0256849
6 0.537161 0.254554 0.0736177 0.0973022 0.0255211
5 0.51011 0.103774 0.0128962 0.0309671 0.0253377
6 0.792755 0.524499 0.102956 0.222342 0.0252144
8 0.420149 0.60676 0.103113 0.241633 0.0250378
8 0.45446 0.573338 0.154929 0.217666 0.0250029
4 0.646655 0.10863 0.036595 0.0927456 0.0247632
8 0.315949 0.51148 0.108649 0.277091 0.0247597
6 0.990331 0.855054 0.0199146 0.295936 0.0246237
8 0.507455 0.665737 0.989608 0.663233 0.0246064
8 0.411986 0.425312 0.180723 0.151064 0.0245852
6 0.791112 0.627527 0.0555211 0.107414 0.0245805
7 0.729787 0.427153 0.0243575 0.0345255 0.0245713
7 0.780977 0.409858 0.0245151 0.0572647 0.0244302
6 0.145454 0.782595 0.284234 0.356828 0.0242962
6 0.961407 0.618929 0.0793383 0.522711 0.0241948
10 0.748603 0.983971 0.142513 0.0304062 0.0240944
6 0.988354 0.922905 0.0230158 0.153942 0.0239328
8 0.409366 0.39439 0.184956 0.113883 0.0238792
7 0.779672 0.412179 0.0155553 0.0153598 0.0238568
7 0.738736 0.38317 0.0293092 0.0270475 0.0238331
6 0.108032 0.871673 0.228132 0.244564 0.0237748
6 0.87513 0.412792 0.173744 0.223213 0.0237374
6 0.760639 0.581529 0.169106 0.480615 0.0237103
6 0.74996 0.451002 0.0697771 0.182313 0.023553
6 0.872183 0.899579 0.249377 0.209681 0.0226833
8 0.322044 0.523655 0.093525 0.253257 0.0225444
6 0.0170824 0.357891 0.033567 0.694416 0.022526
5 0.52844 0.098615 0.0388263 0.0414008 0.0224955
6 0.522682 0.209175 0.0206419 0.0273943 0.0223742
2 0.195679 0.393208 0.0270725 0.0538748 0.0222225
6 0.869782 0.864078 0.253561 0.275784 0.0220341
7 0.775572 0.422846 0.0170521 0.0416165 0.021921
8 0.440423 0.56316 0.130085 0.162876 0.0219153
6 0.649421 0.27361 0.0221644 0.0610154 0.0217447
6 0.831866 0.57251 0.33448 0.758806 0.0216939
8 0.412685 0.39504 0.183073 0.113548 0.0215493
2 0.771381 0.532841 0.0270469 0.0722007 0.0213124
10 0.362083 0.52418 0.0339399 0.0203225 0.0212252
6 0.120137 0.980541 0.15165 0.0749151 0.0211539
10 0.118405 0.433833 0.0484064 0.162334 0.021135
8 0.332155 0.400593 0.119711 0.122469 0.0210191
8 0.410036 0.665789 0.0690645 0.0382954 0.0209473
8 0.453454 0.441421 0.0802343 0.150938 0.0208818
8 0.331275 0.383247 0.108516 0.111128 0.0207105
6 0.757121 0.639439 0.041035 0.0521176 0.0205682
6 0.18883 0.973003 0.270148 0.0947287 0.0202465
8 0.47466 0.70753 0.146293 0.142604 0.0201016
10 0.510159 0.219347 0.0115946 0.0224061 0.0200565
10 0.508164 0.1618 0.0288495 0.115662 0.019968
2 0.910538 0.57527 0.0256332 0.0853335 0.019801
10 0.412153 0.555097 0.112182 0.066313 0.0197829
8 0.431589 0.382532 0.136949 0.0959461 0.019608
8 0.456402 0.426748 0.0968413 0.154722 0.0195942
10 0.784916 0.784978 0.0631743 0.147483 0.0195322
8 0.386863 0.653596 0.0591246 0.119898 0.0191883
4 0.645583 0.122921 0.033488 0.120294 0.0189806
8 0.333931 0.413806 0.0215945 0.0198479 0.0189408
10 0.513889 0.250721 0.028126 0.0441116 0.01894
8 0.355198 0.381559 0.0855377 0.0653793 0.0187455
6 0.640907 0.162012 0.0294456 0.0376559 0.018617
10 0.78421 0.725013 0.04445 0.0758388 0.0185825
7 0.748461 0.392046 0.0452729 0.0558543 0.0184495
8 0.435394 0.728855 0.0909095 0.10658 0.0184485
10 0.710886 0.662345 0.0390719 0.091888 0.0184478
6 0.918662 0.581757 0.0334675 0.0642854 0.0184079
7 0.783699 0.411357 0.0277805 0.0742997 0.0183661
2 0.927871 0.815524 0.0299606 0.0547041 0.0183463
8 0.353977 0.373821 0.0764933 0.0633018 0.0183218
10 0.526811 0.152835 0.0189264 0.0177082 0.0183158
6 0.538942 0.672882 0.998646 0.480294 0.0182957
10 0.721489 0.868404 0.0648864 0.11796 0.0181351
2 0.926621 0.817261 0.031176 0.0571003 0.0181095
8 0.541195 0.668324 0.063957 0.0398698 0.0180427
10 0.719828 0.689757 0.0361421 0.0728107 0.018017
10 0.727913 0.938409 0.12171 0.142558 0.017952
6 0.889801 0.726209 0.0860502 0.115502 0.0179489
6 0.786165 0.962337 0.372869 0.172866 0.0179442
8 0.5029 0.427177 0.0609487 0.0459724 0.0178444
10 0.721265 0.736665 0.0665476 0.0942085 0.0177963
8 0.461585 0.504224 0.0985392 0.0849951 0.0177745
2 0.928083 0.763809 0.0255831 0.0727471 0.0174848
10 0.887596 0.694762 0.0560251 0.0893979 0.0173921
10 0.715043 0.923927 0.134385 0.178007 0.0173845
10 0.753489 0.895515 0.0854083 0.10935 0.0173822
10 0.776202 0.969716 0.0839534 0.0508252 0.0173463
10 0.817579 0.723577 0.0692272 0.0507676 0.017338
10 0.743492 0.931342 0.156389 0.15436 0.0172789
10 0.760404 0.69482 0.0507899 0.0562864 0.0171547
2 0.489666 0.470705 0.0644633 0.0873646 0.0170794
8 0.179447 0.490065 0.0345937 0.0452297 0.0169365
4 0.563506 0.295621 0.0147196 0.0229396 0.0168774
10 0.859696 0.851457 0.0586464 0.0586103 0.0168644
10 0.768371 0.731115 0.0808695 0.119285 0.0166657
10 0.861012 0.721975 0.0952787 0.0842194 0.0166378
6 0.798723 0.741587 0.112651 0.147416 0.0165385
10 0.377876 0.775277 0.0945611 0.128361 0.0163534
8 0.500171 0.404358 0.0399272 0.0211142 0.0163298
10 0.724311 0.791221 0.0994903 0.195989 0.0162472
8 0.593929 0.57232 0.0160313 0.023118 0.0162448
4 0.941457 0.387087 0.0228102 0.0536898 0.016097
10 0.841754 0.822316 0.133278 0.154137 0.0159904
10 0.757383 0.911442 0.120207 0.183508 0.0159019
10 0.865685 0.766258 0.0435976 0.03008 0.0158476
10 0.828757 0.873466 0.0766928 0.0822417 0.0157475
10 0.760798 0.250841 0.0167536 0.0195853 0.0156664
6 0.830223 0.783612 0.231616 0.185659 0.0156477
10 0.661075 0.59293 0.0417798 0.0730879 0.0154897
2 0.373186 0.912588 0.0676863 0.0672947 0.0151364
6 0.852674 0.89055 0.110137 0.124438 0.0151071
11 0.812293 0.815827 0.26971 0.268557 0.0150608
10 0.292226 0.802895 0.0708158 0.0464111 0.0150477
6 0.877989 0.945195 0.208993 0.125653 0.0149056
10 0.629409 0.680195 0.0267004 0.0201596 0.0148181
2 0.860752 0.934918 0.13529 0.127119 0.0147931
10 0.848475 0.959517 0.213831 0.0835196 0.0143978
10 0.297826 0.807798 0.0534935 0.0393903 0.0142733
8 0.464428 0.889959 0.261975 0.133418 0.0135666
