8 0.665434 0.561678 0.152724 0.353277 0.874214
8 0.555939 0.70344 0.337927 0.31931 0.871032
6 0.869976 0.549367 0.259716 0.522405 0.857016
11 0.739508 0.457828 0.11451 0.200768 0.67767
6 0.166973 0.500982 0.15597 0.283991 0.544973
6 0.174155 0.537488 0.142259 0.210358 0.444011
6 0.662072 0.176139 0.0715357 0.223567 0.286313
6 0.646296 0.175533 0.0409493 0.222424 0.279378
6 0.644872 0.219519 0.0316116 0.108374 0.243816
6 0.147386 0.496644 0.193105 0.29958 0.195128
6 0.644506 0.233109 0.0349412 0.139038 0.172003
6 0.5185 0.192753 0.0453694 0.0527941 0.144789
6 0.556242 0.191184 0.0255027 0.0410206 0.137671
6 0.876805 0.631209 0.244782 0.336581 0.130378
6 0.87709 0.611574 0.245661 0.361847 0.125121
6 0.662484 0.224599 0.0721816 0.15654 0.122608
4 0.531861 0.190706 0.0706252 0.0564496 0.11273
2 0.359186 0.355611 0.0293818 0.0298315 0.112433
6 0.523582 0.200508 0.0341784 0.0386142 0.111319
2 0.351411 0.357111 0.0469759 0.0337898 0.106383
6 0.686424 0.205276 0.0254529 0.148703 0.105651
11 0.747275 0.533088 0.139399 0.356704 0.103523
6 0.132109 0.701984 0.269084 0.602119 0.102649
6 0.504552 0.195095 0.0191613 0.0421171 0.101368
6 0.870651 0.547498 0.256416 0.497694 0.0974842
6 0.638795 0.961779 0.543857 0.0769942 0.096349
6 0.75557 0.963635 0.477162 0.0734703 0.0931102
6 0.519897 0.227838 0.0473739 0.13412 0.09282
5 0.527605 0.0965473 0.0484261 0.0434166 0.0891961
6 0.14724 0.496601 0.191944 0.292729 0.0891746
2 0.924623 0.4777 0.0386692 0.15233 0.0878495
6 0.693681 0.961277 0.274997 0.0781938 0.0832911
6 0.091796 0.675723 0.182768 0.654245 0.080247
6 0.633365 0.239971 0.0609576 0.130801 0.0800085
2 0.341097 0.3582 0.0254631 0.0262928 0.0798073
6 0.0954934 0.70592 0.192169 0.597593 0.0769031
6 0.52766 0.146078 0.0542782 0.147571 0.0765019
6 0.676734 0.173824 0.045375 0.224456 0.0742865
6 0.104392 0.717622 0.214239 0.582009 0.0726495
6 0.0402207 0.822267 0.0810575 0.358071 0.0704601
6 0.690004 0.183655 0.0170996 0.0509048 0.0665077
6 0.100751 0.808129 0.206847 0.392636 0.0659008
11 0.325009 0.400102 0.107714 0.130038 0.065793
6 0.6426 0.192234 0.0243261 0.0342891 0.062743
10 0.527493 0.186756 0.0295613 0.0645205 0.0619562
6 0.533005 0.196618 0.0697739 0.0459846 0.061549
2 0.1981 0.391468 0.029611 0.0571914 0.0615133
4 0.573029 0.219629 0.0134486 0.0227488 0.0611485
6 0.52892 0.195907 0.0243946 0.0484266 0.0609388
6 0.830807 0.505849 0.166688 0.432865 0.0596005
2 0.197874 0.397418 0.0272773 0.0423546 0.0577929
6 0.225735 0.696971 0.456472 0.613783 0.0566468
6 0.225478 0.698614 0.456386 0.609811 0.0552705
2 0.201169 0.381393 0.015245 0.0340762 0.0547371
6 0.126731 0.856308 0.257832 0.292728 0.0537133
6 0.640911 0.205273 0.0165757 0.0668162 0.0535646
6 0.561313 0.203831 0.0387028 0.0519685 0.0535527
6 0.0526461 0.705107 0.10572 0.604459 0.0529778
6 0.828959 0.552245 0.336115 0.471545 0.052886
11 0.312769 0.394801 0.136611 0.123077 0.0522061
6 0.64445 0.226178 0.0213685 0.0848976 0.0515427
6 0.833496 0.558257 0.331018 0.506089 0.0514203
2 0.200293 0.379613 0.0133168 0.0308548 0.0511774
6 0.0886258 0.635781 0.177489 0.743906 0.0511729
7 0.746596 0.390298 0.0607512 0.0548425 0.0506465
6 0.981395 0.730491 0.0375235 0.536279 0.049985
6 0.836184 0.411969 0.143668 0.246703 0.0499589
6 0.17188 0.554749 0.128558 0.155824 0.0498311
6 0.867579 0.591899 0.265097 0.629649 0.0495297
6 0.626859 0.272559 0.0511978 0.0604562 0.0484551
2 0.203026 0.389931 0.0203868 0.051868 0.0482356
6 0.643272 0.175213 0.0254942 0.0421961 0.048142
10 0.786545 0.143354 0.0208474 0.0467023 0.0472407
6 0.643302 0.224762 0.0158434 0.088277 0.0469026
6 0.0185747 0.910511 0.0376121 0.181069 0.0466424
6 0.606647 0.21624 0.0123418 0.0297285 0.0464662
5 0.61311 0.258422 0.0208133 0.0238422 0.0464086
5 0.538974 0.0935655 0.0252573 0.0396036 0.0463459
5 0.65101 0.257448 0.0248956 0.0269613 0.0458241
2 0.194184 0.398023 0.0188317 0.0447617 0.0457967
6 0.220648 0.717534 0.449981 0.577125 0.0451317
6 0.013237 0.795216 0.0268627 0.408151 0.0449894
8 0.665791 0.483754 0.14435 0.196003 0.0449124
6 0.163351 0.970016 0.325441 0.060699 0.0438934
6 0.857882 0.346136 0.0883965 0.109051 0.0437134
6 0.0210333 0.669181 0.0424163 0.668226 0.04367
6 0.648336 0.229551 0.0229237 0.0828801 0.043663
4 0.808892 0.154089 0.101065 0.110623 0.0423412
6 0.987284 0.741351 0.0270678 0.499506 0.041893
2 0.198768 0.381196 0.0140625 0.0331473 0.0418331
6 0.141565 0.985157 0.132185 0.0305193 0.0418168
6 0.131431 0.737036 0.270147 0.550552 0.0417728
11 0.693906 0.547567 0.210942 0.371283 0.0412813
11 0.738394 0.457034 0.105466 0.194924 0.0411269
6 0.644597 0.224971 0.0145518 0.0877298 0.0410098
6 0.0229236 0.620718 0.0459529 0.759939 0.0409079
4 0.969856 0.0490384 0.0613588 0.0982608 0.0408972
6 0.220083 0.862538 0.449082 0.28252 0.0408874
4 0.830191 0.174237 0.0579039 0.0686821 0.0405478
10 0.778677 0.145728 0.0412799 0.063619 0.0395624
6 0.104404 0.973092 0.134124 0.0549515 0.0395436
6 0.0203372 0.804438 0.0415259 0.412498 0.0393243
2 0.360339 0.35598 0.0223711 0.0282934 0.0392144
10 0.526809 0.176905 0.0215846 0.0420667 0.0386995
6 0.5298 0.201738 0.0197553 0.0366439 0.0385969
6 0.238414 0.899973 0.48711 0.20445 0.0384578
2 0.928093 0.463924 0.0226431 0.065382 0.0383279
6 0.661248 0.28091 0.0743475 0.0805713 0.0383265
6 0.117978 0.50875 0.185616 0.335582 0.0382495
6 0.125129 0.680982 0.243373 0.523161 0.03822
6 0.829613 0.427315 0.149517 0.255309 0.0373519
10 0.317672 0.127393 0.0290574 0.099677 0.0373134
2 0.837868 0.111559 0.0608206 0.182754 0.0372678
3 0.952162 0.157531 0.0961489 0.324464 0.0370965
6 0.643694 0.164581 0.0250116 0.0236359 0.0362618
6 0.0284711 0.50159 0.0560252 0.995516 0.0359077
2 0.220877 0.380649 0.0222754 0.0359995 0.0357795
4 0.690722 0.284289 0.0128551 0.0559227 0.0357721
6 0.645233 0.113995 0.0341105 0.104397 0.0357197
6 0.163139 0.527654 0.102251 0.10423 0.0354458
4 0.612956 0.254491 0.0227894 0.0371088 0.0351155
6 0.987263 0.87615 0.0252474 0.248126 0.0350228
6 0.537767 0.96696 0.264991 0.0681352 0.0349585
4 0.553695 0.185064 0.0197261 0.0408177 0.034929
6 0.439887 0.914752 0.859838 0.173185 0.0349173
6 0.861304 0.603639 0.0857178 0.123156 0.0348131
6 0.833406 0.419924 0.141293 0.266784 0.0346677
6 0.978048 0.688105 0.0437843 0.623725 0.0342556
2 0.922204 0.514247 0.0366211 0.0780983 0.0337779
8 0.549706 0.703696 0.335829 0.312828 0.0337461
6 0.0624573 0.497914 0.090496 0.227929 0.0336352
6 0.510225 0.201938 0.0121963 0.0307906 0.0334378
3 0.962966 0.118979 0.0742062 0.236628 0.0332199
2 0.337997 0.357446 0.0176247 0.0237732 0.0329359
8 0.659563 0.612004 0.152483 0.29129 0.0326454
2 0.337691 0.363145 0.0211144 0.0165333 0.0326
6 0.697985 0.444357 0.0275771 0.0596277 0.0324756
6 0.809682 0.560537 0.161327 0.364795 0.0322015
6 0.808513 0.48741 0.132518 0.424781 0.0318543
6 0.86665 0.41194 0.194415 0.259883 0.0316107
6 0.555044 0.195535 0.0957749 0.0581673 0.0313826
6 0.991941 0.591251 0.0176205 0.342566 0.0313745
6 0.555109 0.990305 0.194627 0.0216948 0.0312412
8 0.601649 0.675654 0.282329 0.385021 0.0312238
7 0.744052 0.390508 0.0686116 0.0616737 0.0311494
2 0.342525 0.360241 0.0334889 0.0257605 0.0310988
5 0.536979 0.0950983 0.0302876 0.0392013 0.0310864
6 0.0906942 0.506775 0.173379 0.994043 0.031071
6 0.0416161 0.572517 0.0862383 0.4765 0.0310271
6 0.401387 0.718289 0.793103 0.568095 0.0309316
10 0.971565 0.109687 0.0562586 0.218692 0.0307121
4 0.979517 0.056628 0.0410658 0.114793 0.0305438
6 0.978198 0.702068 0.0441702 0.597693 0.0302224
6 0.336064 0.69059 0.669336 0.633003 0.0302123
6 0.963663 0.577086 0.0747604 0.531711 0.0301824
10 0.968512 0.0836928 0.0630127 0.165754 0.0300537
10 0.993 0.593974 0.0153223 0.419301 0.0300375
8 0.48747 0.685042 0.206645 0.257204 0.0296494
2 0.929495 0.445082 0.0204266 0.0619543 0.0295732
11 0.742498 0.520103 0.11349 0.374037 0.0293134
8 0.539394 0.718908 0.280322 0.235015 0.0292306
6 0.643804 0.269636 0.0338461 0.0637432 0.0289606
7 0.740744 0.383775 0.0324582 0.0283042 0.0288298
6 0.42327 0.689547 0.830839 0.62607 0.0287409
6 0.813776 0.508893 0.115873 0.170745 0.0285878
6 0.833864 0.45104 0.142339 0.187096 0.0284337
6 0.988791 0.870668 0.0226185 0.261282 0.0282861
4 0.503354 0.183848 0.0153697 0.0219304 0.0282546
8 0.632578 0.484415 0.0892958 0.189497 0.0278002
6 0.9744 0.791682 0.0484549 0.422363 0.0277015
5 0.535674 0.0981881 0.0327938 0.0377534 0.0275645
8 0.476767 0.6774 0.179681 0.235066 0.0272881
6 0.0179102 0.505193 0.037156 0.98622 0.0272342
6 0.787189 0.588595 0.110662 0.335224 0.0271414
4 0.82623 0.170193 0.0388325 0.0497883 0.0271344
7 0.72985 0.388717 0.026003 0.0387497 0.0269775
6 0.782162 0.462652 0.0478453 0.172731 0.0267542
6 0.37032 0.92305 0.70332 0.164328 0.0267175
6 0.804307 0.508787 0.0887266 0.226415 0.0266034
2 0.841628 0.0516879 0.047518 0.0563285 0.026459
6 0.702412 0.571015 0.232832 0.355484 0.0262388
6 0.786521 0.582954 0.0769014 0.24562 0.0262221
7 0.770355 0.397872 0.0190534 0.0349623 0.0261752
11 0.758726 0.534875 0.0938262 0.363655 0.0260949
6 0.965991 0.672276 0.0680281 0.579082 0.0259565
6 0.809829 0.443815 0.090307 0.223472 0.0258501
8 0.522717 0.64231 0.147251 0.180894 0.0258112
6 0.221648 0.602023 0.38606 0.341072 0.0255905
8 0.650379 0.6439 0.137986 0.232515 0.0253915
8 0.638168 0.695773 0.183356 0.329711 0.025222
6 0.891327 0.396986 0.18031 0.223435 0.025175
8 0.516795 0.655245 0.129939 0.165066 0.025125
6 0.121694 0.905096 0.233859 0.201324 0.0250717
6 0.201789 0.500195 0.0257478 0.0388627 0.0249604
11 0.769159 0.549337 0.0733658 0.35399 0.0249474
8 0.639228 0.68893 0.115742 0.113925 0.0245501
6 0.898836 0.557012 0.05513 0.0862852 0.024529
7 0.698902 0.412345 0.022126 0.0243063 0.0243993
6 0.219217 0.878031 0.410587 0.267851 0.0243644
8 0.643181 0.515879 0.0391833 0.0776144 0.0242678
6 0.511639 0.582996 0.957046 0.621208 0.0242505
8 0.460424 0.69627 0.147198 0.207758 0.0241661
6 0.0383767 0.828567 0.0866073 0.384229 0.0241167
6 0.111135 0.961823 0.195032 0.100154 0.0240858
8 0.64608 0.506499 0.0477563 0.107451 0.0239624
8 0.627515 0.702519 0.208139 0.319035 0.023831
8 0.520163 0.67258 0.109126 0.131806 0.0236803
8 0.568338 0.600117 0.264116 0.193241 0.0236548
8 0.456663 0.709066 0.14349 0.193712 0.0236075
6 0.479035 0.670299 0.921544 0.667539 0.0234897
6 0.512316 0.619761 0.999982 0.760883 0.0231699
6 0.621858 0.554598 0.0511914 0.0942592 0.0231545
6 0.0934079 0.971889 0.196059 0.14779 0.0229688
8 0.647962 0.795538 0.154619 0.136706 0.022912
8 0.723453 0.543368 0.533639 0.734412 0.0228709
2 0.920724 0.52594 0.0361252 0.0762239 0.0226823
10 0.727541 0.659899 0.0520916 0.112925 0.0226141
6 0.0167745 0.362704 0.0331852 0.694219 0.0224674
8 0.670471 0.637006 0.0400479 0.0305208 0.0221584
8 0.628121 0.463801 0.0613141 0.049702 0.0220429
6 0.388078 0.906241 0.722486 0.197006 0.0220333
10 0.351904 0.43029 0.0281597 0.0225817 0.0219817
4 0.82482 0.179412 0.0399494 0.0492957 0.0219038
6 0.711198 0.441516 0.0650058 0.108554 0.0218478
8 0.561994 0.61441 0.165267 0.153929 0.0218392
4 0.784635 0.146067 0.0449037 0.0824726 0.0217949
8 0.617819 0.640953 0.0583565 0.109296 0.0216402
8 0.618294 0.781923 0.100909 0.14674 0.0216227
2 0.917946 0.553112 0.0263659 0.0725929 0.021438
2 0.847609 0.116633 0.0404362 0.187822 0.0211626
10 0.783063 0.459062 0.0396711 0.188615 0.021156
8 0.660065 0.730657 0.0982596 0.0907826 0.0210569
8 0.63548 0.661797 0.0750201 0.0804849 0.0210075
8 0.587173 0.655657 0.0722692 0.103777 0.0209201
6 0.77599 0.511702 0.44936 0.840658 0.0205055
11 0.847959 0.381585 0.306608 0.212622 0.0204205
8 0.586252 0.720912 0.0360576 0.029192 0.0201012
6 0.880739 0.888334 0.228071 0.144066 0.0199982
8 0.563958 0.601758 0.123804 0.120061 0.0198509
6 0.855593 0.815133 0.279088 0.391268 0.0197803
8 0.723932 0.60563 0.0602319 0.257704 0.0197173
8 0.968395 0.0855718 0.0599985 0.0779129 0.0196632
6 0.162433 0.382822 0.0647106 0.0836832 0.019558
10 0.523528 0.359976 0.0488163 0.101613 0.0194974
10 0.741601 0.579248 0.0502677 0.251222 0.0194541
6 0.177688 0.415444 0.0347495 0.05383 0.0194237
6 0.17909 0.779699 0.0922602 0.0722575 0.0193769
2 0.932895 0.891043 0.0380234 0.0806198 0.019351
8 0.629446 0.54598 0.440748 0.417632 0.0192668
8 0.670231 0.411665 0.128851 0.0803736 0.0190004
6 0.713882 0.485031 0.0562601 0.121148 0.0189471
6 0.839516 0.807379 0.309325 0.320119 0.0188971
10 0.801667 0.332272 0.0293995 0.0695993 0.0188118
6 0.12598 0.947842 0.203212 0.111194 0.0186537
10 0.744823 0.595976 0.0499548 0.224089 0.0184775
10 0.768479 0.437 0.0274343 0.0199299 0.0184109
6 0.933538 0.65665 0.0276901 0.0951472 0.0183576
2 0.393147 0.613816 0.0163223 0.0190793 0.0179703
8 0.543493 0.454139 0.0598396 0.0828478 0.017948
8 0.687638 0.891546 0.225772 0.228031 0.0178359
6 0.885276 0.673287 0.0336283 0.0407555 0.0177039
10 0.729887 0.935254 0.10742 0.139461 0.0175723
2 0.919283 0.731096 0.035536 0.0595663 0.0175394
8 0.449992 0.737663 0.13175 0.174785 0.0174137
10 0.723624 0.942916 0.128321 0.115659 0.0173054
11 0.741035 0.391995 0.0762135 0.0698496 0.0172925
8 0.676886 0.841867 0.114622 0.144099 0.0171205
6 0.137086 0.968973 0.166484 0.0589203 0.016964
2 0.486472 0.777468 0.076838 0.098021 0.016864
6 0.827471 0.944956 0.309469 0.181391 0.0168358
11 0.280398 0.828175 0.153834 0.0718764 0.0168061
8 0.668037 0.832659 0.111509 0.0863291 0.0167729
8 0.597076 0.409386 0.0134331 0.0185427 0.0166927
6 0.127695 0.968188 0.176579 0.0646689 0.0166783
10 0.884674 0.736253 0.0445099 0.0448626 0.0165332
2 0.469283 0.886532 0.0540892 0.0386688 0.0163358
10 0.754313 0.821653 0.0489974 0.040411 0.0163172
10 0.598764 0.889073 0.0545987 0.056711 0.0163149
10 0.59442 0.949579 0.0671935 0.0476898 0.016236
8 0.532563 0.869803 0.288853 0.167168 0.0161896
6 0.546088 0.97375 0.341293 0.0610723 0.0161628
10 0.570634 0.878194 0.063248 0.0751808 0.0160347
2 0.213076 0.823014 0.0373901 0.024775 0.0160327
10 0.812759 0.733565 0.0685343 0.0475967 0.0159544
10 0.755677 0.236022 0.0188608 0.0264402 0.0159289
6 0.83804 0.959526 0.301029 0.138725 0.0158497
2 0.485108 0.367504 0.0106003 0.0149022 0.0157723
2 0.243548 0.89029 0.0470486 0.0436428 0.0157394
10 0.735847 0.811555 0.0872629 0.202299 0.0157341
10 0.895915 0.786768 0.0582666 0.0744875 0.0155787
10 0.863322 0.777301 0.0877016 0.0783681 0.0155167
6 0.773442 0.910946 0.386744 0.181903 0.0154933
10 0.834838 0.867109 0.0834167 0.0917842 0.0152846
10 0.311993 0.943936 0.0740793 0.0709322 0.0152083
6 0.640193 0.943832 0.578751 0.107058 0.0150033
10 0.851362 0.948927 0.0953165 0.0813379 0.0149153
10 0.496944 0.391365 0.0442658 0.0179513 0.0147911
10 0.839228 0.944766 0.291966 0.253116 0.0147808
10 0.860294 0.902047 0.0920383 0.0910488 0.0146959
8 0.532654 0.83348 0.0763206 0.0594397 0.0144347
