6 0.182776 0.589578 0.363991 0.816651 0.908429
10 0.77205 0.354844 0.113071 0.458551 0.907466
10 0.262852 0.425826 0.25085 0.56569 0.893566
11 0.630908 0.459212 0.158916 0.338385 0.796421
5 0.435805 0.727426 0.0453271 0.168955 0.709716
11 0.586055 0.788852 0.290854 0.420564 0.700576
7 0.975054 0.603741 0.0497129 0.150138 0.51863
2 0.619859 0.616633 0.0329543 0.207824 0.324741
7 0.967466 0.78953 0.0638027 0.263631 0.245603
6 0.961905 0.413641 0.0759966 0.184258 0.19676
7 0.456021 0.308226 0.0201083 0.0492765 0.181448
10 0.964863 0.122129 0.061047 0.239181 0.174547
2 0.592313 0.642586 0.0418126 0.176831 0.170142
7 0.966421 0.825136 0.0662083 0.342879 0.143008
7 0.970081 0.720774 0.0602505 0.421496 0.134081
7 0.519677 0.301359 0.0204108 0.0531187 0.132642
6 0.957948 0.49295 0.0838312 0.352982 0.132488
6 0.962958 0.366515 0.0739777 0.32489 0.132465
6 0.958199 0.462419 0.0835907 0.280505 0.128755
6 0.970889 0.353329 0.0583492 0.301112 0.119603
2 0.624804 0.257528 0.0233208 0.119175 0.117185
10 0.964261 0.251053 0.0694818 0.493903 0.105321
6 0.963076 0.446497 0.0737276 0.489867 0.104523
2 0.622375 0.257141 0.0203427 0.118138 0.102731
2 0.620299 0.640398 0.0324217 0.157157 0.0916069
7 0.39715 0.301227 0.0206442 0.0469096 0.0878686
11 0.343611 0.870787 0.248798 0.257419 0.0877264
2 0.631726 0.257431 0.0375463 0.122162 0.085482
7 0.368795 0.296354 0.0286063 0.061452 0.0795248
10 0.99329 0.598995 0.0141945 0.175984 0.074829
6 0.180663 0.586413 0.362352 0.818076 0.0717096
6 0.0849269 0.414106 0.170179 0.452327 0.070562
7 0.426643 0.296678 0.0524807 0.0759023 0.0666986
11 0.592115 0.642461 0.297373 0.715914 0.0663193
2 0.63231 0.256372 0.040006 0.12368 0.0660897
7 0.470808 0.314355 0.0160426 0.0418187 0.06595
6 0.0190822 0.873661 0.0383172 0.252851 0.0658063
5 0.436733 0.695361 0.0371798 0.103382 0.0655355
6 0.0864483 0.592522 0.170734 0.802655 0.0649123
2 0.666096 0.273804 0.0316046 0.0922581 0.063369
2 0.616198 0.547837 0.0235619 0.0745862 0.0632858
6 0.0286452 0.681852 0.0581068 0.633711 0.0632798
7 0.341707 0.300539 0.0427492 0.0533649 0.0630292
7 0.533152 0.313311 0.0182854 0.0336392 0.062395
7 0.96638 0.648606 0.0675472 0.596638 0.061574
7 0.34125 0.292167 0.046813 0.0697029 0.0614066
6 0.95959 0.571871 0.0825665 0.247362 0.0593077
2 0.618957 0.602056 0.0339757 0.175206 0.0590113
7 0.603002 0.294917 0.0176711 0.0214477 0.0581118
7 0.352238 0.295869 0.0662338 0.0659805 0.0571207
7 0.601812 0.306686 0.0502341 0.0323384 0.0570003
6 0.135083 0.428305 0.269362 0.482911 0.0562441
6 0.960504 0.545904 0.0797169 0.269808 0.0561178
6 0.0237396 0.66678 0.048537 0.664727 0.055393
6 0.983611 0.425858 0.0329895 0.154677 0.0551788
2 0.563201 0.292827 0.0171447 0.0594036 0.0551385
2 0.994514 0.546196 0.0113779 0.0672562 0.0543752
7 0.97504 0.606332 0.0491789 0.145304 0.0533044
6 0.736272 0.47093 0.0517979 0.173343 0.0515799
4 0.256348 0.434306 0.0285268 0.0450872 0.0513463
7 0.491955 0.324053 0.0306715 0.0252085 0.050516
10 0.989205 0.880206 0.0213238 0.0932379 0.0500677
2 0.66577 0.27635 0.0274565 0.0882009 0.0489804
2 0.982862 0.545134 0.0331238 0.0552352 0.0478429
2 0.628327 0.22426 0.0125622 0.0545089 0.0475708
11 0.715336 0.774143 0.561907 0.450869 0.0470945
2 0.621587 0.285871 0.0155332 0.062953 0.0459506
6 0.243925 0.484313 0.253456 0.431896 0.045907
6 0.242053 0.488426 0.25091 0.433212 0.0459052
10 0.306552 0.532727 0.152602 0.285803 0.0458788
6 0.25958 0.518306 0.254597 0.37085 0.045724
7 0.34089 0.276694 0.0338186 0.0358635 0.0447033
6 0.249846 0.543772 0.237064 0.304489 0.0433665
6 0.258839 0.510324 0.259773 0.42753 0.0433334
7 0.467851 0.313817 0.0140093 0.0415625 0.0429184
6 0.0403041 0.595824 0.0813429 0.81127 0.0424584
2 0.636634 0.274975 0.0373288 0.0900654 0.0414613
7 0.657096 0.307247 0.0437526 0.0294065 0.0414561
6 0.0638178 0.783679 0.128795 0.430268 0.041447
10 0.989362 0.914574 0.0220404 0.168072 0.0412708
6 0.0251713 0.596511 0.0510395 0.80846 0.0412592
7 0.98284 0.548261 0.0305641 0.0465726 0.0412572
6 0.0773882 0.405269 0.156509 0.397271 0.0411662
11 0.977919 0.382221 0.0432743 0.0466727 0.0407661
10 0.309757 0.422221 0.155906 0.560706 0.0402496
7 0.390964 0.291462 0.0353427 0.0705883 0.039136
6 0.0855634 0.877714 0.171335 0.246634 0.0390581
10 0.772237 0.358461 0.105753 0.455872 0.0390019
6 0.189975 0.480231 0.38361 0.606024 0.0388593
4 0.544321 0.626135 0.0303181 0.0427834 0.0385853
7 0.471096 0.32441 0.0190722 0.0275962 0.0377776
11 0.236629 0.883444 0.481864 0.230081 0.0370151
6 0.987409 0.339843 0.0259315 0.219598 0.0369849
10 0.31252 0.414134 0.135189 0.543913 0.0368699
7 0.547923 0.317048 0.0212361 0.0298902 0.0367809
6 0.985026 0.500708 0.0311728 0.234007 0.0367251
6 0.229596 0.556528 0.231211 0.320296 0.0362792
7 0.54041 0.31327 0.0405324 0.0377826 0.0359414
2 0.61688 0.6301 0.0284973 0.174736 0.0356469
10 0.992094 0.519039 0.017667 0.358834 0.0353025
11 0.634339 0.403514 0.148067 0.235709 0.0351628
6 0.140722 0.764803 0.272745 0.466814 0.0342882
7 0.45219 0.314462 0.0123425 0.0412043 0.0339991
10 0.991629 0.588958 0.0149881 0.107404 0.0339279
7 0.521749 0.306196 0.0678696 0.0624381 0.0338236
10 0.649909 0.243163 0.0658237 0.156648 0.0336688
6 0.0220615 0.411114 0.0451348 0.450933 0.0335966
6 0.261536 0.55866 0.253387 0.421217 0.0329911
6 0.960339 0.490552 0.0797417 0.162544 0.0329742
10 0.27027 0.486369 0.229452 0.446981 0.0329673
10 0.259053 0.437601 0.247721 0.553372 0.0328772
2 0.608541 0.548141 0.0190597 0.0507554 0.0328338
11 0.35342 0.817891 0.24112 0.363604 0.0327981
2 0.97018 0.547427 0.0204105 0.0491695 0.0326192
2 0.401531 0.267728 0.011687 0.0207233 0.0323959
5 0.383377 0.825937 0.073658 0.171797 0.0323857
7 0.527193 0.769525 0.0196154 0.0373275 0.0321949
7 0.365406 0.311338 0.0279028 0.0318298 0.0321531
10 0.311534 0.479578 0.148174 0.50779 0.0320844
10 0.961525 0.357588 0.0766216 0.690335 0.031523
6 0.424324 0.634783 0.82233 0.739308 0.0313613
6 0.189496 0.522755 0.132482 0.255906 0.0311422
6 0.152771 0.680866 0.308536 0.617487 0.0308053
10 0.784315 0.482043 0.0770762 0.195692 0.0307552
10 0.806048 0.355846 0.0585323 0.455406 0.02991
10 0.972764 0.751005 0.0548807 0.190149 0.029844
8 0.437082 0.734108 0.0424448 0.167213 0.0296655
6 0.0621832 0.74402 0.125051 0.549609 0.0295812
6 0.137871 0.664007 0.22053 0.221774 0.0295756
6 0.0678265 0.646336 0.138037 0.378031 0.0295276
6 0.967748 0.431284 0.0680296 0.0955641 0.0295116
6 0.139538 0.705192 0.275076 0.543403 0.0294885
11 0.42334 0.680021 0.619532 0.644126 0.0294725
10 0.310001 0.564078 0.155233 0.315578 0.0290751
6 0.163262 0.747841 0.330304 0.568891 0.028868
10 0.307044 0.493195 0.127851 0.256424 0.0287449
2 0.635679 0.497411 0.0150277 0.0232269 0.0286594
10 0.982173 0.609174 0.0304031 0.0954463 0.0280768
10 0.772992 0.274892 0.107019 0.180196 0.0280325
6 0.0259897 0.741446 0.0534431 0.572815 0.0279133
2 0.615375 0.6782 0.0359242 0.168594 0.0278278
6 0.205376 0.507246 0.143632 0.239438 0.0276093
6 0.20632 0.453861 0.147085 0.37101 0.0275664
6 0.121639 0.645169 0.194879 0.386847 0.0274477
6 0.1681 0.786226 0.34505 0.459666 0.0274344
6 0.0574774 0.834288 0.116109 0.335094 0.0273631
7 0.518286 0.302439 0.0468742 0.0622905 0.0271274
6 0.229325 0.652509 0.287544 0.713012 0.0271138
6 0.177557 0.688143 0.157472 0.165665 0.0270649
10 0.823831 0.348872 0.0513807 0.465451 0.0269955
10 0.98338 0.775005 0.0332087 0.142369 0.0269945
6 0.0893373 0.819629 0.184836 0.366796 0.0269296
11 0.715429 0.8212 0.555509 0.365434 0.0267502
10 0.820263 0.359098 0.0483892 0.450421 0.0267284
2 0.379067 0.291021 0.0251542 0.0643489 0.0264434
6 0.140049 0.469253 0.08359 0.31256 0.0263291
6 0.974124 0.339346 0.0487738 0.115316 0.0263091
7 0.970811 0.687725 0.0578014 0.0500254 0.0262821
6 0.195747 0.438123 0.14386 0.408003 0.026094
2 0.593504 0.593776 0.0535349 0.273638 0.025862
6 0.171018 0.812892 0.34603 0.451065 0.025715
4 0.0347668 0.00858515 0.0226028 0.0314508 0.0256041
10 0.263091 0.541672 0.26556 0.670355 0.0255979
7 0.614002 0.54015 0.0226927 0.0323089 0.0255386
2 0.97859 0.548984 0.022525 0.052274 0.0254619
10 0.976382 0.759016 0.0465704 0.142374 0.0253123
6 0.958294 0.547635 0.0854321 0.258973 0.0252566
6 0.177344 0.747493 0.346835 0.48683 0.0251566
8 0.959316 0.0423942 0.0420498 0.0850256 0.0250668
11 0.453803 0.433697 0.512519 0.38491 0.0249984
6 0.162746 0.827446 0.324888 0.365119 0.0248172
7 0.353857 0.302628 0.0174777 0.0494716 0.0247988
6 0.0925312 0.745313 0.176818 0.315549 0.0247986
10 0.25385 0.52439 0.22106 0.34773 0.0245952
6 0.247345 0.559351 0.263679 0.646728 0.0244542
6 0.19449 0.468351 0.131916 0.375089 0.0241907
6 0.257787 0.572112 0.26615 0.738271 0.0240893
5 0.406351 0.741788 0.0876211 0.171279 0.0239293
10 0.260095 0.611826 0.25716 0.752095 0.0237973
11 0.639678 0.403435 0.133584 0.181003 0.0237287
6 0.172674 0.858754 0.32676 0.323592 0.0237261
10 0.312722 0.609429 0.125419 0.169769 0.023662
7 0.969723 0.700581 0.0583252 0.089278 0.0236032
2 0.623461 0.629702 0.0415111 0.0595249 0.0234753
6 0.952288 0.937125 0.0903 0.149863 0.0233672
6 0.182934 0.766467 0.256912 0.399706 0.0231791
2 0.610688 0.6449 0.0428139 0.187856 0.0231452
11 0.625742 0.710291 0.19903 0.59583 0.0230685
6 0.0556245 0.938997 0.119321 0.152562 0.0229229
10 0.826881 0.485443 0.0438293 0.19171 0.0229222
6 0.0265132 0.814988 0.0523291 0.416087 0.0228609
6 0.200264 0.427863 0.140659 0.394845 0.0228013
11 0.432672 0.781875 0.572739 0.438965 0.0227539
6 0.162553 0.895523 0.302203 0.302477 0.0227137
2 0.381852 0.885536 0.0575537 0.069088 0.0226711
7 0.634581 0.307027 0.116918 0.0360275 0.0226034
6 0.0315283 0.787701 0.0645781 0.454118 0.0223918
6 0.0376248 0.916423 0.0736731 0.157116 0.0223179
2 0.612995 0.687715 0.0226119 0.0393453 0.0223112
7 0.633431 0.773642 0.0288579 0.0641604 0.0222427
11 0.849605 0.705612 0.298026 0.579452 0.0221545
6 0.23943 0.868119 0.26086 0.346469 0.0220897
8 0.419196 0.803026 0.0300529 0.0687981 0.0220076
10 0.773604 0.166792 0.0618042 0.0801161 0.0219757
10 0.216933 0.393344 0.123436 0.327043 0.0218197
11 0.630675 0.504382 0.157043 0.479024 0.0217686
6 0.305519 0.599302 0.192235 0.290139 0.0217615
11 0.63434 0.463388 0.0670368 0.148904 0.0217498
6 0.168355 0.796245 0.324846 0.38741 0.0216459
10 0.979944 0.69133 0.0298504 0.0489166 0.0214921
10 0.207421 0.513506 0.127121 0.243469 0.0214551
6 0.561283 0.950682 0.310805 0.170965 0.0212917
10 0.978163 0.660599 0.042882 0.0841729 0.0212133
6 0.123924 0.878227 0.143149 0.210806 0.0211571
2 0.986788 0.483736 0.0200897 0.0428142 0.0211402
6 0.9467 0.982486 0.104991 0.117817 0.0210307
5 0.332357 0.700982 0.131529 0.296651 0.0210168
11 0.597968 0.908503 0.253227 0.188644 0.0209894
6 0.641952 0.587367 0.144938 0.242587 0.0209094
11 0.348395 0.865304 0.430884 0.259415 0.0208461
11 0.395068 0.784611 0.318211 0.43034 0.0208069
6 0.593618 0.916526 0.283618 0.189496 0.02075
10 0.677133 0.408376 0.0718709 0.262978 0.0205353
11 0.818317 0.799559 0.349042 0.402866 0.0202799
7 0.619755 0.743276 0.0237678 0.0642117 0.0201814
11 0.590562 0.807734 0.281674 0.374308 0.0201754
6 0.339805 0.808725 0.334304 0.397202 0.0201659
6 0.225373 0.912169 0.257926 0.16155 0.020116
8 0.363209 0.675396 0.0399232 0.0820006 0.0200814
10 0.324255 0.497185 0.0260558 0.0307556 0.0200754
2 0.415462 0.693659 0.0182056 0.0321169 0.0199105
10 0.637063 0.856013 0.036098 0.13311 0.0198048
5 0.39333 0.703328 0.189437 0.58325 0.019796
11 0.467634 0.871992 0.491053 0.275249 0.0195887
6 0.147301 0.88688 0.120554 0.0997957 0.0195644
7 0.519966 0.642613 0.0212206 0.0379844 0.0195183
7 0.558774 0.344769 0.0152357 0.0419792 0.0195054
10 0.94202 0.639409 0.0363485 0.107371 0.0194668
11 0.102205 0.96956 0.135326 0.0734684 0.0193977
6 0.0557788 0.84579 0.107733 0.143966 0.0193732
11 0.429218 0.897471 0.522486 0.228618 0.0193326
2 0.619373 0.712679 0.023173 0.0526489 0.0192756
8 0.418383 0.837896 0.0325428 0.0792489 0.0192548
7 0.613599 0.359598 0.0170167 0.0128195 0.0190113
11 0.680306 0.780243 0.116821 0.385125 0.0189101
8 0.364946 0.701902 0.0350664 0.0971672 0.0188694
10 0.688044 0.41628 0.0535122 0.252335 0.0188658
11 0.374659 0.971708 0.177555 0.06056 0.0188655
10 0.971021 0.894784 0.0515635 0.0947324 0.0188093
7 0.600533 0.349604 0.0405445 0.0187719 0.0187772
6 0.0354511 0.870764 0.0589168 0.11159 0.0186506
7 0.472552 0.79269 0.0388556 0.0348178 0.0186189
10 0.668113 0.858144 0.0955071 0.128787 0.0184893
10 0.9698 0.924281 0.0554842 0.153158 0.0184369
6 0.513523 0.800869 0.986915 0.387636 0.0184337
10 0.664338 0.431402 0.0216315 0.0216565 0.0183364
10 0.680961 0.892784 0.0412332 0.0971683 0.0182454
8 0.445637 0.82049 0.0312164 0.0566282 0.0181264
8 0.266234 0.857658 0.0346822 0.0487619 0.0180603
11 0.497727 0.90856 0.0892713 0.150466 0.0178952
8 0.268058 0.891192 0.149884 0.127371 0.0178051
10 0.576693 0.889608 0.105185 0.183307 0.0175813
7 0.64049 0.800588 0.0308066 0.0940548 0.0174043
7 0.606694 0.706949 0.081877 0.0281392 0.0174033
8 0.274525 0.87928 0.131839 0.154148 0.0173695
2 0.526293 0.767602 0.0336346 0.0327961 0.0173433
10 0.956993 0.979103 0.0771303 0.0640182 0.0173412
10 0.473433 0.51767 0.0118096 0.0345254 0.0170098
10 0.32093 0.753057 0.136405 0.339023 0.0169859
11 0.254611 0.894117 0.144036 0.163839 0.0168457
11 0.684566 0.80134 0.125619 0.37681 0.0166903
10 0.579912 0.939411 0.172452 0.127035 0.0166885
11 0.277086 0.920119 0.14238 0.160921 0.0166768
11 0.305689 0.990382 0.202047 0.0357707 0.0166355
11 0.172923 0.962032 0.313166 0.0885296 0.0166276
6 0.0501007 0.753577 0.0648268 0.0842399 0.0166118
8 0.652113 0.921389 0.02595 0.0849939 0.0164511
6 0.379429 0.947652 0.64578 0.185014 0.0163853
11 0.577771 0.865725 0.12932 0.280495 0.0163386
8 0.130943 0.940378 0.0991477 0.104617 0.0163027
10 0.662479 0.735986 0.0642742 0.100027 0.0162892
10 0.609184 0.894179 0.178994 0.1939 0.0162447
10 0.364331 0.849766 0.0486048 0.0997442 0.0162135
8 0.394508 0.549927 0.0193331 0.036681 0.0161887
11 0.134976 0.958661 0.24671 0.0932543 0.0161708
6 0.585146 0.920687 0.140442 0.145981 0.0161295
11 0.279136 0.925633 0.0974873 0.11669 0.0161134
2 0.462481 0.835169 0.0199149 0.0495773 0.0160966
8 0.607319 0.975987 0.20959 0.055142 0.0157099
10 0.514724 0.389172 0.0261768 0.0234973 0.0156571
11 0.633636 0.314763 0.140548 0.0986759 0.01558
8 0.367157 0.973004 0.0940342 0.0556135 0.0154921
8 0.731576 0.981081 0.500118 0.0725817 0.0154509
10 0.519433 0.426894 0.0146191 0.0285595 0.0153527
8 0.683077 0.652955 0.0728509 0.0297661 0.0151804
2 0.459133 0.871862 0.0213743 0.0346113 0.014916
8 0.713125 0.978254 0.476772 0.0612133 0.0147961
11 0.533354 0.635786 0.290092 0.260506 0.0147937
10 0.58559 0.502158 0.0138579 0.0434224 0.0147506
8 0.693281 0.966897 0.515945 0.107218 0.014579
