3 0.544694 0.415407 0.19675 0.207245 0.827761
6 0.780363 0.474409 0.052597 0.086561 0.625143
6 0.748567 0.452642 0.0351244 0.0700001 0.224228
1 0.786147 0.744509 0.42655 0.510826 0.210678
4 0.319094 0.431371 0.171023 0.171627 0.210041
4 0.265968 0.438859 0.269106 0.191652 0.205983
0 0.972612 0.860086 0.0559647 0.278786 0.201064
4 0.396568 0.393464 0.112202 0.162383 0.201028
10 0.981283 0.92084 0.0384772 0.155576 0.19077
1 0.828934 0.855239 0.343742 0.28998 0.178696
1 0.67925 0.853173 0.645188 0.293664 0.16493
1 0.865602 0.742846 0.269664 0.515482 0.163882
6 0.760033 0.462173 0.0678735 0.0916848 0.143387
0 0.934916 0.745005 0.130299 0.511943 0.13586
4 0.126053 0.459947 0.250151 0.222283 0.127501
1 0.648085 0.742536 0.706211 0.513679 0.127132
4 0.366556 0.394486 0.184264 0.185028 0.123667
6 0.731755 0.453619 0.0674307 0.0712952 0.121783
4 0.168369 0.459733 0.172195 0.185577 0.120858
4 0.390015 0.407326 0.100876 0.143475 0.118881
1 0.776958 0.860533 0.446462 0.276935 0.118365
10 0.895822 0.485843 0.0394339 0.0941024 0.116196
4 0.396306 0.343954 0.104943 0.0876302 0.113995
4 0.205226 0.450337 0.402576 0.228012 0.113766
4 0.199935 0.455526 0.394783 0.232986 0.110986
0 0.938521 0.858884 0.124657 0.283273 0.107903
1 0.49796 0.733019 0.99999 0.537094 0.1059
4 0.317084 0.416594 0.287145 0.2009 0.103218
4 0.185895 0.431167 0.140795 0.13601 0.0997619
4 0.0627016 0.328899 0.12584 0.151366 0.0996949
11 0.768805 0.449657 0.0780025 0.0801282 0.0959746
6 0.780288 0.478123 0.0522944 0.0774034 0.095088
0 0.951374 0.81089 0.0984602 0.377178 0.0939336
4 0.451736 0.36519 0.0544506 0.0980889 0.093885
1 0.495705 0.502097 0.999988 0.999151 0.0927704
6 0.70753 0.460996 0.0197191 0.0405657 0.0925152
4 0.180857 0.460559 0.165843 0.19618 0.0913894
1 0.498489 0.801321 0.99999 0.395221 0.0896545
10 0.899218 0.484334 0.0493421 0.101869 0.0883893
1 0.703132 0.941773 0.586352 0.118397 0.0878824
4 0.164988 0.292804 0.122927 0.135038 0.086809
11 0.760004 0.459676 0.106222 0.094312 0.086425
1 0.496467 0.760533 0.99999 0.482091 0.0855955
1 0.686109 0.89496 0.60575 0.206188 0.0855247
4 0.124945 0.449786 0.248432 0.242183 0.0854155
4 0.259054 0.446945 0.217244 0.179813 0.0845993
10 0.0321222 0.512661 0.0653513 0.144562 0.0845377
4 0.443789 0.394447 0.0825732 0.158362 0.0845225
4 0.374886 0.426012 0.0971847 0.155521 0.0837632
1 0.78296 0.972394 0.42889 0.0574863 0.0826585
1 0.714616 0.971758 0.565161 0.0592229 0.0826485
3 0.194349 0.360948 0.38749 0.411567 0.0805314
1 0.781605 0.768918 0.436133 0.459323 0.0777866
11 0.770165 0.455085 0.0782994 0.0937462 0.0775305
3 0.183539 0.368114 0.367152 0.388498 0.07541
1 0.825796 0.984626 0.344834 0.0325485 0.0746795
1 0.868611 0.831421 0.261666 0.337579 0.074135
1 0.832582 0.983903 0.331587 0.0338802 0.0735114
0 0.944802 0.857145 0.113345 0.285842 0.0716486
4 0.421493 0.348483 0.0648758 0.08259 0.0708223
6 0.778496 0.493396 0.0418943 0.047449 0.0694449
4 0.963549 0.653316 0.073913 0.30549 0.0664248
4 0.218235 0.419831 0.093564 0.118137 0.0660949
1 0.498213 0.745101 0.99999 0.515587 0.0647036
10 0.902043 0.493612 0.024856 0.0781925 0.0645413
10 0.979892 0.774906 0.0412492 0.446243 0.0630312
4 0.272757 0.290443 0.144034 0.109639 0.0625113
6 0.808345 0.473376 0.0290221 0.076894 0.0614515
4 0.176671 0.449494 0.351983 0.246374 0.0614391
4 0.119258 0.395212 0.237179 0.324462 0.061211
10 0.912847 0.512316 0.0741471 0.186618 0.0611625
10 0.981239 0.45076 0.0375214 0.175224 0.0606589
1 0.215956 0.248539 0.245522 0.20777 0.0605876
3 0.492175 0.415909 0.316147 0.233502 0.0593794
4 0.967491 0.642078 0.0664044 0.268397 0.0593782
10 0.982782 0.900672 0.0345794 0.195173 0.0590066
10 0.0390716 0.531778 0.0790111 0.175092 0.0588804
4 0.340632 0.295841 0.0508067 0.0751335 0.058107
0 0.940337 0.640057 0.119075 0.721327 0.0580763
1 0.91411 0.503343 0.172719 0.99645 0.0578385
1 0.640146 0.727561 0.718132 0.546573 0.0576491
6 0.745096 0.472396 0.0287598 0.0438416 0.055695
0 0.978295 0.807475 0.0441868 0.16607 0.0552474
6 0.805538 0.469203 0.0283253 0.0823326 0.0549544
10 0.971036 0.936095 0.0601309 0.129626 0.0546159
1 0.930066 0.503914 0.140665 0.99832 0.054584
4 0.163408 0.207241 0.105243 0.0967057 0.0543358
4 0.211342 0.438604 0.112406 0.152326 0.0542178
1 0.808154 0.519732 0.376804 0.958511 0.0541801
3 0.436604 0.409731 0.417017 0.235162 0.0540032
4 0.113503 0.31908 0.226017 0.190806 0.0536456
4 0.134423 0.0512484 0.269377 0.103097 0.0523892
3 0.196863 0.280268 0.392462 0.548913 0.0519165
1 0.636836 0.96396 0.712908 0.0751993 0.0501527
4 0.247776 0.407968 0.384263 0.245619 0.049846
10 0.920875 0.512211 0.0632646 0.19138 0.0485666
10 0.0302311 0.479986 0.0623667 0.191448 0.0482003
4 0.0503199 0.0473423 0.101996 0.0983476 0.0477759
10 0.929142 0.492659 0.0381554 0.101128 0.0477143
4 0.100246 0.0544344 0.20098 0.110907 0.0475501
10 0.0348046 0.478467 0.0708118 0.263553 0.0471227
3 0.177652 0.199055 0.354689 0.380907 0.0469852
1 0.176489 0.285643 0.353149 0.230567 0.046743
0 0.982309 0.798122 0.0351681 0.152003 0.0460807
10 0.0226261 0.534066 0.0459836 0.148153 0.0457496
4 0.430389 0.419659 0.0771331 0.111417 0.0453392
4 0.445836 0.362069 0.0901187 0.109552 0.0452606
3 0.204099 0.205958 0.187466 0.115597 0.0443312
4 0.331342 0.358918 0.0733839 0.0731494 0.044142
10 0.0200987 0.519486 0.0401705 0.0988747 0.043861
1 0.22434 0.294356 0.278945 0.269 0.0436386
10 0.992254 0.440311 0.0169875 0.157614 0.042509
4 0.213191 0.466134 0.145605 0.213185 0.0424825
4 0.844964 0.39926 0.0927684 0.111386 0.042463
10 0.00878673 0.411096 0.0184055 0.365642 0.0424552
10 0.927759 0.522166 0.0524548 0.157935 0.0423148
6 0.98303 0.953444 0.035334 0.0918508 0.0423125
10 0.903992 0.495283 0.0220003 0.0876771 0.042305
10 0.00903236 0.415214 0.018797 0.357264 0.042281
1 0.852189 0.880547 0.288491 0.245332 0.0420515
4 0.204245 0.04944 0.408039 0.100238 0.0410474
10 0.0384097 0.501827 0.0508349 0.101648 0.0409741
1 0.216838 0.277434 0.271704 0.204392 0.0405472
3 0.541122 0.413401 0.195696 0.214732 0.0401799
10 0.13614 0.300078 0.0395149 0.126911 0.0401753
4 0.342971 0.314183 0.0718466 0.106657 0.0397485
10 0.121472 0.315786 0.0426226 0.109272 0.0396286
3 0.208989 0.35064 0.426961 0.391164 0.0394971
4 0.111782 0.323327 0.227396 0.170406 0.0394633
4 0.213024 0.248202 0.217509 0.189466 0.0393196
4 0.0614896 0.214794 0.123702 0.390425 0.0388602
10 0.894004 0.50131 0.0274099 0.0679843 0.0388549
6 0.780317 0.448924 0.0443639 0.0501154 0.0387757
4 0.170492 0.401689 0.0597221 0.0606352 0.0387683
4 0.368667 0.344347 0.0509285 0.0625412 0.0387455
10 0.980742 0.522506 0.0397661 0.267652 0.0386563
6 0.802826 0.473599 0.0248049 0.079618 0.0385128
0 0.98231 0.843286 0.0362088 0.234431 0.0384489
4 0.27751 0.455715 0.458259 0.222736 0.0383646
3 0.503181 0.0434163 0.999987 0.0885561 0.0381378
4 0.374261 0.338703 0.0605526 0.0662438 0.0380768
10 0.584251 0.472264 0.0378441 0.076062 0.0380682
0 0.979427 0.808103 0.0423646 0.147008 0.0377512
10 0.778521 0.43128 0.0283596 0.036026 0.0377407
4 0.938404 0.482626 0.123119 0.228863 0.0374211
3 0.324822 0.283998 0.658252 0.580911 0.0370781
4 0.290371 0.474418 0.25636 0.170808 0.0367878
10 0.0233332 0.515951 0.0475515 0.192554 0.0367866
0 0.981385 0.812787 0.0378014 0.174682 0.0365567
0 0.950667 0.560849 0.0986208 0.876592 0.0364221
6 0.762111 0.472047 0.0264826 0.079847 0.0363399
1 0.22937 0.83572 0.459882 0.328213 0.0359698
4 0.397413 0.441359 0.0427205 0.0770899 0.0357875
4 0.0672221 0.37163 0.136291 0.20207 0.0357823
4 0.601722 0.458899 0.0681642 0.0795315 0.0356593
10 0.930788 0.776696 0.0859402 0.442544 0.0355113
6 0.80846 0.483983 0.029935 0.0724866 0.0354657
6 0.756126 0.455256 0.0219337 0.0595477 0.0354047
10 0.0143894 0.36064 0.029208 0.149174 0.0351593
4 0.965743 0.704131 0.0703016 0.328671 0.0351376
4 0.206899 0.448968 0.133149 0.127882 0.0350992
4 0.27712 0.350778 0.174076 0.136457 0.0350889
4 0.227519 0.46117 0.116468 0.196099 0.0350301
10 0.0866662 0.163435 0.0787309 0.276845 0.034927
1 0.809611 0.94453 0.36722 0.103638 0.0348689
0 0.979609 0.801837 0.0417461 0.142573 0.0347876
4 0.171563 0.404696 0.061743 0.0662932 0.0346298
4 0.170523 0.269996 0.10385 0.0903799 0.0341778
6 0.982676 0.967331 0.0352118 0.061885 0.0333605
1 0.223285 0.315848 0.274727 0.21659 0.0331377
1 0.608098 0.937245 0.731445 0.114604 0.0323159
4 0.844514 0.431857 0.114858 0.176397 0.0323003
10 0.801407 0.455314 0.0215159 0.0447788 0.0320142
10 0.989527 0.791973 0.0214521 0.200918 0.0319961
4 0.770758 0.37357 0.0422922 0.0554632 0.0319615
4 0.747065 0.326961 0.124715 0.147572 0.0317271
10 0.0719079 0.126044 0.143592 0.235508 0.031661
4 0.249482 0.185935 0.107856 0.135648 0.0315697
4 0.727042 0.361879 0.0331537 0.0593386 0.0315672
4 0.116081 0.286866 0.230963 0.550322 0.0315166
4 0.249787 0.208644 0.0995461 0.108421 0.0314588
10 0.906047 0.5039 0.0214193 0.0610589 0.0314586
1 0.662228 0.958169 0.628186 0.0944263 0.0313402
10 0.984835 0.93233 0.0279941 0.0801254 0.0312498
0 0.956301 0.689644 0.0917179 0.636239 0.0311899
1 0.505224 0.948626 0.99997 0.0442541 0.0311195
3 0.173724 0.163863 0.354874 0.317266 0.0309071
1 0.494412 0.743954 0.999912 0.529733 0.0306287
10 0.0160671 0.384344 0.0325531 0.144954 0.0305899
1 0.345806 0.815381 0.702004 0.378308 0.0302579
4 0.226014 0.492066 0.349975 0.177463 0.0302558
1 0.871777 0.933671 0.250716 0.135914 0.0302327
10 0.988212 0.884287 0.0235125 0.0683247 0.0301206
4 0.441852 0.430528 0.657907 0.241206 0.0295312
0 0.944616 0.835584 0.113815 0.333253 0.0294083
3 0.582676 0.382566 0.11312 0.121995 0.0294004
10 0.979392 0.906413 0.0369113 0.120539 0.0290395
1 0.483145 0.915013 0.999918 0.160064 0.0287181
4 0.480066 0.435715 0.922014 0.25815 0.0286242
4 0.490339 0.344823 0.121045 0.116133 0.0284431
10 0.213744 0.45969 0.0432019 0.0789107 0.0282888
10 0.753597 0.944844 0.085941 0.109015 0.0282465
4 0.0861845 0.474306 0.170254 0.156582 0.0281956
3 0.604222 0.41328 0.0714872 0.16655 0.0277045
3 0.593395 0.419208 0.0878856 0.159382 0.0273283
6 0.773155 0.506508 0.0353962 0.036503 0.027323
4 0.0877113 0.138519 0.176406 0.22441 0.0271939
1 0.495061 0.94811 0.999953 0.0692851 0.0270517
4 0.322838 0.472306 0.139614 0.119263 0.026954
6 0.154786 0.208219 0.0702806 0.0617311 0.0268345
4 0.624048 0.446367 0.024579 0.0495833 0.0268025
4 0.0900286 0.262169 0.186131 0.258966 0.0266572
1 0.505599 0.939198 0.949241 0.112339 0.0260953
6 0.396433 0.444667 0.0368104 0.0657856 0.0257289
4 0.495118 0.357635 0.121789 0.102114 0.0255527
1 0.496625 0.956497 0.999946 0.0414572 0.0253726
10 0.981617 0.961898 0.0316593 0.0687791 0.0251302
4 0.361187 0.305339 0.0920233 0.0767259 0.0244974
4 0.368944 0.40023 0.0736864 0.0825599 0.0243963
10 0.0383024 0.319368 0.0632238 0.0912508 0.0243046
4 0.858888 0.43285 0.207122 0.187956 0.0242698
4 0.855164 0.452977 0.278194 0.291892 0.0242325
4 0.320707 0.483395 0.187199 0.131865 0.0239846
4 0.611935 0.406704 0.0571241 0.148086 0.0239646
6 0.945782 0.884858 0.1027 0.233887 0.0232594
6 0.882177 0.977999 0.222462 0.0330338 0.0230836
6 0.915879 0.99155 0.141333 0.0250664 0.02276
10 0.926568 0.903079 0.0628882 0.198047 0.0227094
10 0.602714 0.452557 0.0679671 0.109671 0.0225772
0 0.93558 0.836955 0.128284 0.383445 0.0219597
4 0.339134 0.315358 0.0384302 0.0488173 0.0218177
8 0.0824911 0.977581 0.168342 0.0452569 0.0215655
10 0.63327 0.430333 0.037125 0.122424 0.0214877
10 0.622188 0.460128 0.0278428 0.056474 0.0213721
4 0.176855 0.483046 0.0966474 0.0819292 0.0210912
10 0.62426 0.411586 0.0418012 0.11396 0.0209089
10 0.141724 0.322238 0.0527452 0.0447524 0.0206408
4 0.635672 0.286735 0.043869 0.0629371 0.0204886
4 0.452636 0.403104 0.0285958 0.0691115 0.0204878
1 0.502122 0.908493 0.999915 0.196451 0.0202858
4 0.337129 0.319611 0.0396093 0.0472002 0.020063
10 0.404425 0.338673 0.0211661 0.0268648 0.0199219
10 0.981928 0.719725 0.0366461 0.106407 0.0198885
10 0.432113 0.431104 0.0404575 0.0523766 0.019728
10 0.950862 0.970671 0.035849 0.0537117 0.0196784
4 0.612026 0.385356 0.0707738 0.110965 0.0196662
10 0.39653 0.455214 0.0398824 0.0488724 0.0196315
10 0.463703 0.466842 0.0292049 0.0581729 0.0196159
10 0.365469 0.425153 0.0283198 0.0305807 0.0191731
4 0.629363 0.378318 0.0547192 0.101861 0.0190906
10 0.647815 0.446007 0.0384586 0.0599398 0.0189727
10 0.375843 0.441484 0.037854 0.0678437 0.0187557
10 0.76377 0.578012 0.0178545 0.0285141 0.0187396
10 0.460282 0.315368 0.0230459 0.0392807 0.018649
4 0.118174 0.262809 0.0712887 0.0936101 0.0183389
10 0.875187 0.630056 0.0220574 0.0485622 0.0181056
10 0.196309 0.509696 0.0420559 0.0464972 0.0180205
4 0.305367 0.600137 0.567302 0.258426 0.0180198
10 0.365283 0.459644 0.0337137 0.0484666 0.0177801
6 0.932504 0.883366 0.107371 0.334037 0.0176903
6 0.739372 0.54782 0.0461129 0.0427824 0.017666
1 0.187157 0.852346 0.381824 0.0517512 0.0174771
4 0.214391 0.918421 0.396676 0.153299 0.0171733
1 0.302435 0.61545 0.0824909 0.0390475 0.0169413
4 0.155672 0.554649 0.153671 0.0895822 0.0167333
6 0.211193 0.802984 0.050834 0.0410477 0.0166925
10 0.735943 0.620316 0.0170516 0.0177197 0.0165577
4 0.557121 0.290711 0.144265 0.074508 0.0165276
6 0.363491 0.475204 0.0439212 0.0552565 0.0161658
4 0.418827 0.561034 0.090732 0.0720364 0.0160233
10 0.346016 0.597767 0.0916206 0.0591667 0.0155374
10 0.490117 0.559404 0.0721644 0.035963 0.0153973
10 0.221843 0.694205 0.0315809 0.0331382 0.0153458
4 0.403766 0.562482 0.0847597 0.0808033 0.0153456
10 0.140625 0.672104 0.0261595 0.0188416 0.0153341
1 0.252896 0.814914 0.260168 0.117328 0.015302
10 0.124867 0.599627 0.0431916 0.0460448 0.0152476
10 0.315449 0.741122 0.0592284 0.0607601 0.0152349
1 0.383765 0.604336 0.0295206 0.0189542 0.0151939
6 0.332011 0.514244 0.0517495 0.045362 0.0151871
10 0.545137 0.566471 0.0720059 0.0449491 0.0151621
6 0.742897 0.748119 0.0607897 0.0347727 0.0151437
1 0.223581 0.833259 0.211455 0.0939378 0.0150173
10 0.425944 0.585241 0.0557443 0.0395197 0.0149055
6 0.752721 0.816154 0.0607233 0.0495813 0.0148242
6 0.414476 0.879141 0.174366 0.152697 0.0146645
10 0.442285 0.522796 0.0262234 0.0288788 0.0145303
4 0.460527 0.602075 0.0858369 0.073082 0.0145299
10 0.0629036 0.729035 0.121403 0.0806046 0.0144652
10 0.446998 0.696636 0.0471269 0.0429108 0.0144553
8 0.417581 0.532956 0.0352535 0.0240602 0.0144085
1 0.314591 0.597265 0.0821851 0.0651755 0.0143444
6 0.372465 0.776374 0.0594416 0.0520699 0.0141831
2 0.189437 0.691133 0.146141 0.0691047 0.0141597
0 0.357808 0.941932 0.459674 0.0646275 0.0141468
2 0.116015 0.737207 0.114914 0.0794529 0.0140413
6 0.457581 0.810022 0.0663465 0.0643483 0.0140412
10 0.383079 0.73627 0.0767387 0.0579041 0.0137231
1 0.313672 0.632413 0.105583 0.056637 0.0136112
6 0.349091 0.815699 0.0670742 0.0448134 0.0134891
