10 0.195217 0.382194 0.244095 0.408663 0.89759
10 0.807939 0.354703 0.0876673 0.408169 0.890137
11 0.630063 0.460811 0.15746 0.332921 0.885946
6 0.183382 0.585879 0.364976 0.825794 0.884196
11 0.589817 0.790931 0.287438 0.414453 0.847806
6 0.729627 0.465427 0.0400841 0.170596 0.333299
6 0.974887 0.607542 0.0499939 0.169626 0.24127
2 0.620064 0.633198 0.0326667 0.175988 0.229664
2 0.61965 0.616088 0.0348887 0.209199 0.204912
6 0.730667 0.450059 0.040697 0.199258 0.201269
7 0.966985 0.785717 0.0646244 0.260723 0.200521
6 0.958197 0.470828 0.0834232 0.292876 0.191851
2 0.592783 0.643954 0.0414953 0.175959 0.182188
6 0.959177 0.512371 0.0822096 0.372787 0.167299
6 0.963118 0.412724 0.0735758 0.178653 0.164504
6 0.959219 0.4282 0.0814142 0.45469 0.16345
10 0.964368 0.121284 0.0620173 0.237773 0.162441
6 0.082313 0.396436 0.164928 0.44688 0.145629
6 0.964422 0.34953 0.0711353 0.302718 0.14498
6 0.731478 0.426746 0.046096 0.252851 0.14379
2 0.61894 0.61286 0.0361143 0.212982 0.139489
7 0.455946 0.308284 0.0212029 0.048523 0.126085
6 0.767886 0.448861 0.0846628 0.196626 0.120122
7 0.970317 0.718885 0.0593372 0.414475 0.11664
6 0.091441 0.507404 0.182226 0.68082 0.103675
6 0.782449 0.452128 0.121117 0.199612 0.103129
7 0.966506 0.819951 0.0661901 0.339798 0.101549
11 0.338386 0.87356 0.247739 0.251223 0.100946
6 0.757801 0.448716 0.0910067 0.219899 0.100457
6 0.175018 0.585549 0.349542 0.806423 0.094303
6 0.157583 0.392866 0.314135 0.431841 0.0930304
7 0.519559 0.300519 0.0199258 0.0532676 0.0929774
6 0.729176 0.479798 0.0363169 0.12774 0.0924261
7 0.752414 0.29443 0.0136232 0.0383734 0.0922433
6 0.0233055 0.873315 0.0470312 0.255426 0.090384
6 0.0874996 0.585499 0.173893 0.821686 0.0887644
2 0.992393 0.603818 0.0157324 0.19534 0.0873823
7 0.434604 0.813602 0.0351301 0.080981 0.0865827
10 0.962785 0.251839 0.0729385 0.494342 0.0851932
6 0.0584863 0.586328 0.116688 0.827799 0.0847213
6 0.0441358 0.847052 0.0888104 0.306651 0.0839329
6 0.0554924 0.582886 0.11082 0.838426 0.0821474
6 0.787605 0.44821 0.12846 0.207038 0.0802912
7 0.396929 0.301045 0.0202534 0.0446597 0.0785886
6 0.0282972 0.686905 0.0572319 0.6243 0.0779336
6 0.0282791 0.683997 0.0572157 0.629894 0.0756825
7 0.426796 0.29689 0.0527887 0.0766685 0.0754845
6 0.0475553 0.520582 0.0955224 0.681771 0.0734456
7 0.533418 0.313505 0.0168725 0.0323825 0.0731796
7 0.752729 0.307484 0.0171563 0.0656037 0.0721875
9 0.953233 0.919742 0.0925707 0.157102 0.0698653
7 0.603849 0.295192 0.0180176 0.0214773 0.0694306
7 0.601475 0.307118 0.0481792 0.0308005 0.0683864
6 0.785557 0.460632 0.149165 0.179239 0.0683448
10 0.206904 0.431731 0.209635 0.30411 0.0656792
2 0.616364 0.625852 0.034448 0.205744 0.0653616
7 0.470907 0.316207 0.0171871 0.0383459 0.0624368
10 0.750155 0.408118 0.0530463 0.276564 0.0620842
6 0.959127 0.503581 0.0818241 0.192886 0.0615253
7 0.561414 0.297552 0.0173668 0.0499889 0.0611193
10 0.770409 0.422461 0.0787592 0.250628 0.0608806
6 0.683941 0.425434 0.135973 0.254525 0.0598767
2 0.621781 0.283382 0.0166826 0.0710644 0.059308
7 0.491714 0.324548 0.0288313 0.0261899 0.0593051
6 0.983343 0.424735 0.0346399 0.146105 0.0592888
6 0.636078 0.457264 0.146831 0.331333 0.0583296
10 0.790181 0.447573 0.0515358 0.191525 0.0572553
11 0.976894 0.380397 0.0448912 0.0419977 0.056483
7 0.658868 0.307405 0.0470868 0.0290383 0.0555737
7 0.465348 0.312704 0.0146184 0.0416301 0.0552368
6 0.959853 0.782395 0.079932 0.218849 0.0551981
2 0.616027 0.548017 0.0243833 0.0753124 0.0551903
10 0.75856 0.385082 0.0610276 0.331136 0.0549609
10 0.129727 0.348874 0.103987 0.344125 0.0548415
6 0.983866 0.462674 0.0328861 0.2067 0.0543671
7 0.974803 0.605534 0.0486895 0.156637 0.0533658
6 0.635134 0.467334 0.136778 0.311658 0.0529819
2 0.756456 0.346912 0.0318652 0.148072 0.0525535
7 0.962773 0.82801 0.0747788 0.337136 0.0523206
5 0.988728 0.884774 0.0226221 0.0951416 0.0519414
9 0.950306 0.904992 0.0990301 0.188414 0.0515431
6 0.312883 0.57677 0.12836 0.306145 0.0509179
6 0.991674 0.526122 0.0182583 0.347121 0.0504148
6 0.0207441 0.674926 0.0427915 0.651622 0.0502812
2 0.995136 0.540177 0.0103735 0.0628563 0.0493985
6 0.182616 0.712838 0.365203 0.572364 0.0493795
2 0.738951 0.394784 0.0255894 0.0841634 0.0493152
6 0.771229 0.464698 0.0809873 0.169721 0.0491792
2 0.627718 0.225279 0.013984 0.0563377 0.048546
11 0.639874 0.421618 0.139347 0.264249 0.0482803
6 0.959806 0.344494 0.0799173 0.674153 0.047783
10 0.989218 0.910301 0.0221201 0.168207 0.0476943
6 0.0209365 0.39985 0.0426169 0.435066 0.0469651
6 0.0568797 0.769479 0.114055 0.461859 0.0463739
7 0.753226 0.328314 0.0158357 0.0211509 0.046134
2 0.991953 0.584298 0.0165604 0.1493 0.0461206
11 0.231218 0.879231 0.468096 0.236767 0.0460441
7 0.470798 0.32343 0.0189673 0.0271932 0.0457813
10 0.757358 0.348033 0.0461985 0.153819 0.0452519
7 0.967626 0.736125 0.0649008 0.155608 0.0451493
2 0.428468 0.767787 0.0574142 0.171001 0.0450853
5 0.732034 0.419361 0.0268609 0.05383 0.0449908
10 0.774865 0.402058 0.0677307 0.294001 0.0448834
6 0.0731961 0.564963 0.146852 0.276827 0.044821
10 0.772879 0.352675 0.0664225 0.395013 0.0446053
11 0.598023 0.638517 0.301091 0.723401 0.0441904
6 0.193088 0.432601 0.168705 0.300785 0.0439035
7 0.975193 0.603078 0.0486065 0.134557 0.0428132
7 0.54424 0.626644 0.0287433 0.0434078 0.0427539
10 0.985803 0.919126 0.0288355 0.159753 0.0426301
6 0.122365 0.766828 0.241748 0.465932 0.0421236
6 0.179839 0.77239 0.36184 0.451043 0.042044
6 0.0160616 0.400507 0.0338125 0.431982 0.0411518
7 0.34293 0.299611 0.0404001 0.054194 0.0409355
11 0.719775 0.782997 0.54997 0.434803 0.040519
6 0.0686765 0.800021 0.139242 0.4004 0.0404359
6 0.159628 0.382942 0.218434 0.407068 0.039839
2 0.984737 0.542425 0.0298971 0.0622323 0.03981
10 0.809478 0.455833 0.0745052 0.199815 0.0396727
7 0.548063 0.318325 0.020156 0.0280597 0.0394855
7 0.753578 0.309059 0.0226349 0.071563 0.0386217
6 0.982479 0.348748 0.0361006 0.161629 0.0383368
7 0.470903 0.322997 0.0300865 0.0294084 0.0379597
6 0.463186 0.638818 0.901593 0.707394 0.0378847
6 0.122415 0.607981 0.247141 0.511873 0.0374686
6 0.959555 0.85211 0.0805159 0.153147 0.0373344
7 0.659517 0.307503 0.0553952 0.0311647 0.0369796
2 0.561622 0.294841 0.0186096 0.0561789 0.0367417
6 0.752607 0.369702 0.05821 0.123965 0.0362972
7 0.528077 0.77116 0.0208057 0.0341497 0.0353358
6 0.122987 0.709494 0.250866 0.266537 0.0352752
6 0.0414572 0.279821 0.085827 0.218793 0.0351854
11 0.390892 0.789619 0.404584 0.422687 0.0351551
7 0.677101 0.30634 0.0208636 0.0281201 0.0347474
11 0.210978 0.300634 0.0865163 0.0433957 0.0345852
7 0.381171 0.834483 0.0647302 0.137352 0.0343994
11 0.354921 0.71519 0.697915 0.564877 0.0340765
7 0.435411 0.81418 0.0300254 0.0798069 0.0332259
6 0.345037 0.524744 0.0781072 0.427803 0.0331074
6 0.964783 0.379672 0.0714645 0.0922964 0.0330597
10 0.272107 0.510569 0.0915637 0.136448 0.0329009
6 0.62791 0.435533 0.0977465 0.22203 0.0328576
10 0.757027 0.372003 0.0607875 0.363159 0.0328255
6 0.327916 0.527499 0.12125 0.424395 0.0324924
6 0.215642 0.496607 0.236845 0.184442 0.0323672
6 0.39697 0.632522 0.798992 0.726932 0.0321697
6 0.342064 0.455175 0.0644962 0.255359 0.0320833
6 0.645185 0.56331 0.110114 0.119222 0.0320461
6 0.136467 0.699777 0.262024 0.237417 0.0318655
6 0.0475042 0.869686 0.097667 0.269402 0.0314069
6 0.631307 0.400224 0.0943776 0.157862 0.0313121
2 0.595878 0.587444 0.0448838 0.065821 0.0309325
6 0.217277 0.498947 0.209701 0.173871 0.0303375
6 0.0213986 0.67285 0.0453261 0.649094 0.0302311
10 0.191232 0.553702 0.287522 0.742357 0.0302198
6 0.59101 0.451879 0.0696816 0.327996 0.0300015
10 0.664894 0.403383 0.0866574 0.304234 0.029928
6 0.224327 0.611592 0.219717 0.156794 0.0298811
10 0.810279 0.250377 0.0764762 0.197705 0.0297243
2 0.949552 0.477253 0.059334 0.130881 0.0293454
6 0.0593877 0.796415 0.122355 0.39814 0.0293125
6 0.277585 0.680632 0.193425 0.521061 0.0292999
6 0.0449576 0.294082 0.0944895 0.195848 0.0292837
7 0.433795 0.809799 0.028655 0.0424981 0.0292364
6 0.122032 0.314324 0.251269 0.201962 0.029176
6 0.266503 0.508883 0.11621 0.14832 0.0291746
2 0.604834 0.591669 0.0657995 0.281236 0.0290808
7 0.451573 0.320023 0.011345 0.0375648 0.0290025
7 0.594399 0.305434 0.0341076 0.0158717 0.0285438
6 0.155996 0.83417 0.300478 0.338949 0.02838
6 0.661734 0.443778 0.0948723 0.343633 0.0282737
6 0.0858081 0.285079 0.175809 0.236595 0.0281513
6 0.206704 0.497464 0.237509 0.320635 0.0280415
6 0.241378 0.741144 0.475689 0.533475 0.0277297
8 0.958621 0.047816 0.0435184 0.093614 0.0276356
6 0.600423 0.371562 0.0515555 0.17572 0.0274155
6 0.150051 0.770867 0.303855 0.433047 0.0273013
11 0.644247 0.665568 0.196284 0.649173 0.0272849
6 0.119098 0.451261 0.124602 0.249172 0.0271761
10 0.959826 0.314708 0.0799299 0.370115 0.0271129
6 0.193465 0.718611 0.254132 0.29418 0.0270961
6 0.132203 0.898127 0.266314 0.209524 0.0270395
6 0.221461 0.709994 0.139358 0.158875 0.0269719
5 0.518301 0.307237 0.0780052 0.060329 0.0266595
7 0.540692 0.310185 0.0379317 0.0420837 0.0264201
7 0.388214 0.887159 0.0678367 0.062177 0.0263494
11 0.511961 0.792352 0.139956 0.403736 0.0262705
11 0.59496 0.642456 0.781445 0.720787 0.0262702
6 0.0190207 0.368737 0.0381672 0.163765 0.0256549
6 0.636728 0.35097 0.132793 0.148292 0.0256218
11 0.336772 0.846798 0.295794 0.317213 0.0250274
6 0.146952 0.770036 0.198538 0.260257 0.0248903
6 0.160931 0.832484 0.32277 0.388834 0.0248391
10 0.133686 0.341784 0.0947676 0.207966 0.0248315
7 0.378555 0.875931 0.0420492 0.0417303 0.0245912
11 0.608304 0.685699 0.240921 0.194875 0.0244779
6 0.16109 0.830324 0.314229 0.362661 0.0242348
2 0.733763 0.423019 0.0206523 0.0437019 0.0241309
2 0.986283 0.558233 0.0205692 0.0371389 0.0241181
6 0.0458817 0.922329 0.113736 0.383873 0.0241063
10 0.317134 0.493294 0.144305 0.507427 0.0240823
6 0.960752 0.844983 0.055427 0.105261 0.0238949
6 0.166141 0.831273 0.331366 0.381448 0.0237855
10 0.658831 0.419522 0.1101 0.252343 0.0235417
6 0.240442 0.746334 0.482555 0.544134 0.0235085
6 0.14814 0.816298 0.298767 0.400365 0.0234105
6 0.670246 0.419258 0.0779227 0.251993 0.023327
11 0.572623 0.662019 0.308608 0.470472 0.0233026
6 0.629668 0.510544 0.150952 0.43532 0.0231779
6 0.144468 0.622619 0.0475841 0.0395309 0.0230864
6 0.172083 0.862308 0.334452 0.324342 0.0230357
11 0.602484 0.830348 0.283394 0.33543 0.0229025
6 0.0269561 0.790166 0.0523705 0.351448 0.0228287
6 0.163389 0.925009 0.350483 0.342415 0.0226962
7 0.62828 0.759946 0.0317093 0.0889749 0.0226703
6 0.0212418 0.905663 0.0467822 0.389889 0.0226285
7 0.625068 0.772657 0.0206345 0.0350504 0.0226067
6 0.320647 0.709286 0.106257 0.203817 0.0226022
6 0.0220319 0.914374 0.0508262 0.364932 0.0224515
10 0.660642 0.380436 0.0865295 0.156982 0.0223513
11 0.619936 0.821548 0.224055 0.316194 0.0222444
6 0.63007 0.50412 0.148497 0.445919 0.0221227
11 0.515677 0.883668 0.12349 0.222103 0.0219458
6 0.970714 0.359098 0.0507391 0.0739921 0.0218557
11 0.603565 0.85849 0.268647 0.278728 0.0217132
10 0.133047 0.244918 0.08318 0.111994 0.021707
6 0.636714 0.531885 0.0776951 0.184648 0.0213808
11 0.717841 0.841527 0.534271 0.337184 0.0213701
11 0.3589 0.907975 0.68352 0.187196 0.0212428
6 0.597542 0.854604 0.290716 0.298679 0.0212303
6 0.163828 0.939063 0.376825 0.354526 0.0211408
10 0.658489 0.881318 0.102165 0.129447 0.0208626
7 0.978422 0.718354 0.0323761 0.0492218 0.0207065
6 0.976752 0.944011 0.0414944 0.0928104 0.0206588
11 0.717799 0.843166 0.54099 0.33247 0.0206257
6 0.160664 0.939818 0.348213 0.30576 0.0206194
7 0.598471 0.382251 0.0410773 0.0193161 0.0204787
2 0.732073 0.406191 0.0142014 0.0285208 0.0203022
6 0.150295 0.807438 0.0750863 0.108881 0.0202673
11 0.565979 0.786422 0.119924 0.343231 0.0201571
6 0.212673 0.798164 0.105391 0.142415 0.0201546
6 0.152056 0.862282 0.294947 0.289487 0.0201243
7 0.666817 0.337815 0.0214801 0.016412 0.020097
11 0.673187 0.784716 0.129171 0.382137 0.0199331
2 0.972887 0.920861 0.0538639 0.149022 0.019774
10 0.741837 0.520464 0.0239153 0.0749755 0.0197011
2 0.454915 0.890753 0.022214 0.0385507 0.0196763
6 0.173514 0.920718 0.324323 0.215395 0.0196732
10 0.743803 0.570773 0.0395334 0.176554 0.0194188
4 0.952562 0.975085 0.0918802 0.0527776 0.0194132
6 0.043471 0.760606 0.0853249 0.209883 0.0193659
10 0.732813 0.84353 0.0404156 0.0978218 0.019357
7 0.598124 0.651251 0.12831 0.217022 0.0191384
10 0.679384 0.793437 0.129961 0.359114 0.01906
7 0.525066 0.77791 0.0334678 0.0255431 0.0190148
6 0.16797 0.952567 0.349273 0.230135 0.018673
6 0.329467 0.77444 0.109956 0.25962 0.0184714
10 0.57359 0.916517 0.0426503 0.0678418 0.0184079
10 0.60752 0.835614 0.0874668 0.121888 0.0184015
6 0.0842759 0.878537 0.126001 0.201305 0.0183942
6 0.719553 0.908199 0.0622184 0.112314 0.0183449
10 0.7483 0.786713 0.0541962 0.0965611 0.0182834
10 0.969459 0.957984 0.0545811 0.112 0.0182499
11 0.28017 0.899392 0.130136 0.194769 0.0182294
2 0.598669 0.666535 0.113162 0.149523 0.0182175
7 0.54072 0.320376 0.0144522 0.0236795 0.0181435
6 0.315164 0.77474 0.118418 0.209659 0.0181422
11 0.126484 0.938053 0.240188 0.13778 0.0180916
6 0.282671 0.973664 0.463304 0.0931333 0.017974
6 0.175903 0.933596 0.320637 0.153259 0.0178549
11 0.107081 0.976933 0.0823904 0.0563156 0.0176771
10 0.602469 0.922101 0.138064 0.155816 0.0175988
2 0.416856 0.525683 0.0134366 0.031287 0.0174116
10 0.47525 0.416476 0.0113952 0.0271768 0.0173619
11 0.29492 0.98916 0.211094 0.0339962 0.0173535
6 0.0790629 0.869795 0.0885714 0.152148 0.0172979
11 0.243725 0.887327 0.124138 0.0928978 0.0172459
10 0.578052 0.932598 0.141839 0.155651 0.017015
11 0.225022 0.953866 0.1652 0.102994 0.0169251
11 0.586945 0.552599 0.173584 0.207737 0.0169071
10 0.972013 0.960811 0.0466833 0.0819132 0.016899
11 0.188227 0.958078 0.184954 0.0943843 0.0168781
2 0.394865 0.92835 0.0655873 0.0426442 0.0168757
8 0.757596 0.810899 0.0289109 0.06889 0.0168533
6 0.602292 0.468689 0.019959 0.0201408 0.016807
11 0.175183 0.984256 0.259559 0.0439911 0.016763
8 0.750555 0.808573 0.021653 0.037191 0.0167597
6 0.576352 0.936439 0.257374 0.246181 0.0166492
11 0.408025 0.902139 0.657366 0.212327 0.0165869
10 0.649358 0.93437 0.0333666 0.0960222 0.0165708
11 0.212168 0.937275 0.102487 0.0926167 0.0163787
6 0.772636 0.736776 0.125581 0.129914 0.0161853
6 0.730864 0.95081 0.475529 0.107566 0.0160778
10 0.644455 0.824638 0.0269735 0.0836397 0.0155696
8 0.179521 0.986537 0.234689 0.0597273 0.0152506
11 0.171027 0.975951 0.240589 0.085352 0.0151351
11 0.689055 0.977455 0.347923 0.0569641 0.0148239
8 0.676941 0.983952 0.318944 0.0460766 0.0148129
6 0.706159 0.973701 0.432246 0.0803166 0.0145552
10 0.729322 0.970383 0.403154 0.0782689 0.01413
