10 0.782128 0.347726 0.0859175 0.417627 0.872949
11 0.630388 0.461411 0.158266 0.329876 0.829702
6 0.167607 0.593057 0.333265 0.811803 0.747504
6 0.154489 0.59177 0.309334 0.817602 0.705276
10 0.2154 0.43059 0.181069 0.309871 0.54043
11 0.587695 0.780083 0.285646 0.436084 0.529025
2 0.621226 0.615698 0.0317582 0.207776 0.491057
5 0.754026 0.687773 0.097182 0.136219 0.331647
6 0.729212 0.447042 0.0401576 0.195346 0.328304
7 0.966886 0.78812 0.0652754 0.257471 0.316714
6 0.958889 0.440277 0.0821051 0.480723 0.311312
7 0.975003 0.60351 0.0497553 0.158994 0.29535
5 0.754879 0.657851 0.0982852 0.200534 0.286586
6 0.958119 0.451711 0.0842234 0.505257 0.260887
7 0.594913 0.643953 0.0406363 0.173136 0.252529
6 0.962766 0.368488 0.0742426 0.337592 0.239536
10 0.964815 0.12158 0.0606428 0.238804 0.227907
6 0.0979731 0.404281 0.195078 0.432415 0.18501
6 0.96244 0.421399 0.0751179 0.197599 0.183329
6 0.969382 0.343671 0.0612232 0.292649 0.171967
6 0.309172 0.51311 0.147635 0.16558 0.161796
10 0.964369 0.198353 0.0675917 0.390465 0.138775
6 0.32421 0.494859 0.116522 0.1228 0.138089
7 0.968452 0.71998 0.0629921 0.423324 0.137113
10 0.760779 0.411262 0.052692 0.28083 0.136055
11 0.720468 0.777362 0.551948 0.444944 0.135274
10 0.962635 0.272848 0.0726307 0.537136 0.131554
6 0.961993 0.56203 0.075893 0.718206 0.128784
6 0.169052 0.406057 0.33711 0.422929 0.126456
6 0.146766 0.768279 0.293941 0.462591 0.126422
7 0.969062 0.721685 0.0621145 0.406403 0.124061
6 0.249975 0.440671 0.243653 0.291734 0.122487
7 0.966136 0.825899 0.0671721 0.338753 0.121658
6 0.24568 0.438369 0.289124 0.320972 0.109224
6 0.959105 0.494035 0.0821688 0.287819 0.107824
10 0.991995 0.605978 0.0162323 0.18765 0.107117
7 0.454886 0.307806 0.0188098 0.0478545 0.10701
11 0.595414 0.648292 0.301704 0.699318 0.106438
6 0.75732 0.445231 0.095523 0.224373 0.106128
7 0.455816 0.308116 0.0227321 0.0508141 0.105723
7 0.618874 0.548686 0.0227034 0.0774106 0.103264
6 0.0988929 0.591031 0.197051 0.812844 0.102617
6 0.30923 0.507518 0.144262 0.153866 0.100837
6 0.95969 0.488845 0.0805567 0.304905 0.0963927
6 0.0833734 0.484194 0.165282 0.620057 0.0936334
6 0.729542 0.482598 0.0462531 0.267907 0.0935351
6 0.229666 0.597689 0.461677 0.807044 0.0927664
7 0.752841 0.295287 0.0126964 0.0362958 0.0926657
6 0.252818 0.508526 0.262757 0.178766 0.0905966
7 0.752725 0.310735 0.0158727 0.068666 0.0877583
7 0.437011 0.870064 0.0492445 0.117807 0.0869937
7 0.51939 0.300487 0.0203433 0.052821 0.0797349
11 0.719836 0.6476 0.553185 0.701829 0.0780503
6 0.156871 0.430561 0.31335 0.374574 0.0779906
6 0.341792 0.741618 0.152441 0.23636 0.0764309
6 0.0606036 0.591643 0.120569 0.817464 0.07642
10 0.758916 0.436668 0.0558286 0.221728 0.0755984
6 0.332904 0.397765 0.0458515 0.109409 0.0753964
6 0.751988 0.448997 0.0924046 0.21025 0.0742877
7 0.533415 0.313731 0.0163754 0.0315812 0.0741028
6 0.0279388 0.738651 0.0567338 0.521073 0.0738767
2 0.618733 0.558209 0.023809 0.0976762 0.0721444
10 0.799314 0.347288 0.0537161 0.404563 0.0712813
6 0.961514 0.570163 0.0784092 0.623141 0.0692873
6 0.244303 0.497562 0.295592 0.194955 0.0691949
10 0.799983 0.346772 0.0523986 0.407462 0.0668142
6 0.0295334 0.593855 0.0598002 0.811301 0.0666049
6 0.0226095 0.68297 0.0463357 0.631518 0.0665516
6 0.333207 0.655428 0.194508 0.452588 0.0662855
2 0.621569 0.284343 0.0154483 0.0626539 0.0653678
6 0.19851 0.612842 0.401389 0.783203 0.0644953
10 0.253972 0.542752 0.250815 0.534962 0.0640716
2 0.621658 0.640548 0.0328716 0.150203 0.0631112
6 0.0234733 0.594989 0.0487198 0.79885 0.0627786
10 0.794704 0.34632 0.0661576 0.407973 0.062605
6 0.98057 0.443368 0.0397482 0.206633 0.0615995
6 0.727898 0.480786 0.0341928 0.107325 0.0613694
6 0.14523 0.800545 0.292177 0.409995 0.060728
6 0.212534 0.751614 0.426862 0.497691 0.0601325
2 0.994724 0.543613 0.0109167 0.0658785 0.0599701
10 0.741187 0.407424 0.050769 0.272464 0.0599429
6 0.740136 0.441766 0.0261312 0.19517 0.0592803
6 0.776585 0.438469 0.0948385 0.224496 0.0587094
6 0.0270014 0.441912 0.0555693 0.505988 0.0584274
2 0.312281 0.409478 0.0275165 0.096118 0.0582902
6 0.0389303 0.591546 0.0791793 0.8168 0.0577283
10 0.748716 0.409904 0.0699863 0.277871 0.0567695
7 0.602087 0.307385 0.0500871 0.0312206 0.0564974
2 0.628152 0.224678 0.0128429 0.0542918 0.0564305
7 0.39604 0.30004 0.0214125 0.0470865 0.0557847
2 0.751194 0.33948 0.0200343 0.121526 0.0553913
6 0.0772216 0.767843 0.155202 0.46643 0.0550486
11 0.593211 0.685737 0.264846 0.207037 0.0543932
6 0.983019 0.392625 0.0337261 0.219371 0.0538147
5 0.774442 0.653512 0.0594879 0.206566 0.0531728
6 0.291807 0.601149 0.585292 0.785966 0.0521736
5 0.772579 0.695809 0.0563624 0.123616 0.0521395
7 0.491211 0.323821 0.0303413 0.023813 0.0520408
7 0.975166 0.606506 0.0488386 0.135621 0.0519909
10 0.99166 0.590539 0.0163456 0.133251 0.0513771
7 0.658964 0.307815 0.0452995 0.0293741 0.0512488
6 0.990731 0.525608 0.0203981 0.350078 0.0511999
2 0.599802 0.579884 0.0337755 0.0460445 0.0510616
6 0.264937 0.612479 0.312343 0.689647 0.0510594
6 0.13968 0.654718 0.283142 0.735449 0.0510187
7 0.470308 0.319764 0.0176314 0.0332591 0.0509154
2 0.618655 0.608875 0.030277 0.201565 0.0488506
10 0.754683 0.34821 0.0493479 0.15928 0.0484419
6 0.982903 0.497576 0.0349064 0.277652 0.0472388
6 0.219295 0.778874 0.444302 0.441553 0.0464718
11 0.662221 0.636877 0.437094 0.723109 0.0456003
10 0.98968 0.882129 0.020496 0.10491 0.045549
6 0.0881207 0.880173 0.177534 0.240843 0.0452759
10 0.799733 0.348533 0.0540531 0.395245 0.0452411
7 0.466346 0.312715 0.0156245 0.0442472 0.044639
6 0.738112 0.404135 0.0241364 0.109366 0.0446171
6 0.264218 0.626363 0.530695 0.747591 0.0438172
2 0.619676 0.635845 0.0323121 0.163408 0.0434496
2 0.616906 0.618801 0.0316361 0.20276 0.0431858
6 0.0262542 0.667066 0.0555326 0.719586 0.0426315
6 0.0272395 0.870647 0.0557744 0.277484 0.0424661
5 0.778667 0.664102 0.156986 0.219929 0.0418151
7 0.548227 0.317713 0.0199047 0.028232 0.0416492
6 0.209291 0.674781 0.424307 0.709492 0.0415254
6 0.0190332 0.391531 0.0393093 0.422652 0.0412508
6 0.410759 0.625744 0.810238 0.750501 0.0411738
6 0.739295 0.388819 0.0198043 0.0760749 0.0406638
6 0.147016 0.756325 0.304062 0.48475 0.0405357
6 0.134408 0.738919 0.276835 0.578477 0.0404584
10 0.987911 0.916479 0.0248976 0.164377 0.0401073
6 0.383241 0.630201 0.772889 0.748425 0.0398958
7 0.751795 0.329993 0.0123395 0.0249602 0.0397565
6 0.157348 0.791175 0.30753 0.309635 0.0387593
11 0.977911 0.379853 0.0437569 0.045923 0.0386691
6 0.144712 0.904358 0.294908 0.192291 0.0384005
8 0.769944 0.716329 0.0576982 0.0796188 0.038213
7 0.469521 0.325397 0.0193023 0.0260001 0.0379719
7 0.540237 0.313122 0.0341366 0.0353056 0.0378072
6 0.727028 0.474159 0.0336712 0.1366 0.0378039
6 0.0137802 0.401923 0.0292529 0.425894 0.0374421
6 0.0568342 0.836111 0.114882 0.336244 0.037332
6 0.137957 0.888284 0.280264 0.232548 0.0372622
6 0.967555 0.397008 0.0686461 0.112279 0.0372193
10 0.814362 0.415955 0.0587275 0.273363 0.037004
11 0.356772 0.758607 0.712536 0.484085 0.0370005
7 0.975939 0.602679 0.0470877 0.117325 0.0367243
7 0.974721 0.602216 0.0471777 0.119888 0.0366257
6 0.294559 0.754438 0.276859 0.36856 0.0365676
11 0.637159 0.461491 0.147522 0.317027 0.0363764
6 0.0529241 0.534763 0.106813 0.223096 0.0359628
6 0.727062 0.492147 0.026565 0.0797556 0.0358487
6 0.627386 0.46516 0.105746 0.280193 0.0356894
7 0.509409 0.324722 0.0673554 0.0316389 0.0355186
7 0.760712 0.375005 0.039699 0.103321 0.0352793
6 0.0936192 0.896217 0.183503 0.212033 0.034835
6 0.145351 0.419535 0.107747 0.263648 0.0346766
6 0.959724 0.842328 0.0771772 0.143341 0.034228
7 0.550449 0.625527 0.0310793 0.0441822 0.0337132
7 0.763919 0.340914 0.030862 0.0363039 0.0335973
7 0.617996 0.530132 0.022587 0.034613 0.0335633
7 0.967362 0.720937 0.0626543 0.109595 0.0333279
11 0.632263 0.509805 0.155894 0.457007 0.0327272
10 0.803912 0.421617 0.0537881 0.345752 0.0327028
6 0.0644556 0.730657 0.126855 0.268256 0.0323661
6 0.159587 0.830407 0.322592 0.339348 0.0322862
10 0.803834 0.425944 0.0435938 0.282314 0.0320178
2 0.975248 0.546332 0.0323048 0.0537511 0.0319948
6 0.348908 0.639119 0.704257 0.727264 0.0313348
6 0.352557 0.768698 0.190592 0.322799 0.0312304
2 0.591849 0.637149 0.042347 0.170586 0.031187
7 0.648944 0.309392 0.0266196 0.0234853 0.0309854
7 0.676353 0.306437 0.0221923 0.0290484 0.0306476
10 0.779631 0.338315 0.0761163 0.176649 0.0303871
8 0.76679 0.702004 0.0633614 0.11352 0.0302398
6 0.730709 0.477433 0.0353763 0.145023 0.0302078
6 0.139535 0.445827 0.103492 0.279097 0.0298368
6 0.0349153 0.384616 0.0662934 0.218 0.0297021
2 0.58634 0.666985 0.0369936 0.115953 0.0296578
10 0.795464 0.201882 0.0532045 0.125964 0.0293355
8 0.766898 0.724096 0.0477583 0.0642104 0.0292409
5 0.782457 0.780864 0.143819 0.242582 0.028824
11 0.63903 0.373145 0.128868 0.1763 0.0281217
6 0.0500069 0.891094 0.0961686 0.20344 0.0281105
6 0.962441 0.374164 0.0637627 0.0903672 0.0280717
7 0.965863 0.743025 0.0610157 0.107506 0.0277536
6 0.127462 0.934186 0.254952 0.240591 0.0277401
6 0.969121 0.845257 0.0613138 0.193775 0.0275734
11 0.495537 0.434066 0.426154 0.322932 0.0275393
6 0.627856 0.375619 0.0977792 0.149663 0.0274396
6 0.0253471 0.803471 0.0525123 0.496088 0.0273579
11 0.43166 0.643567 0.604522 0.691444 0.0272425
6 0.964368 0.800132 0.068313 0.235663 0.0270039
8 0.75983 0.712328 0.0243922 0.0545243 0.0262291
6 0.0177664 0.428472 0.0341607 0.177342 0.0259663
2 0.749809 0.359515 0.0194984 0.0881561 0.0257419
4 0.347266 0.737521 0.0348106 0.037876 0.0253978
6 0.506219 0.63222 0.99964 0.712781 0.0252981
8 0.958305 0.0355779 0.0356455 0.0703302 0.0252345
6 0.947587 0.970421 0.0992939 0.234857 0.0245798
6 0.0681982 0.312241 0.108539 0.0874589 0.024569
2 0.970408 0.687283 0.0576817 0.0516582 0.0245584
6 0.0296248 0.878119 0.0588558 0.163249 0.0239798
6 0.141297 0.93567 0.283178 0.133618 0.0239333
6 0.0960961 0.432735 0.0956063 0.129692 0.0238307
5 0.730933 0.428194 0.0288571 0.0627037 0.0238304
10 0.68269 0.332202 0.062669 0.20197 0.0237222
10 0.796714 0.560262 0.047625 0.237782 0.023585
11 0.530124 0.748333 0.895222 0.498329 0.0228895
6 0.0227361 0.229374 0.0414501 0.0978188 0.0227414
10 0.971001 0.835977 0.0564566 0.115132 0.022648
6 0.642616 0.387703 0.126379 0.156691 0.0223633
6 0.063353 0.414457 0.0619326 0.096649 0.0222159
8 0.175339 0.585378 0.0893756 0.105677 0.0220461
6 0.841699 0.539928 0.357234 0.282412 0.021732
8 0.775242 0.776027 0.0667454 0.07432 0.0217134
6 0.59255 0.953957 0.280784 0.127667 0.021701
6 0.301831 0.909455 0.535611 0.297124 0.0213413
7 0.599598 0.737122 0.0392673 0.0375071 0.0213111
10 0.684232 0.371838 0.0636443 0.203148 0.0212109
2 0.616305 0.714864 0.0194111 0.059674 0.0210958
11 0.488058 0.759419 0.378026 0.447815 0.0210575
6 0.208113 0.843271 0.409882 0.391206 0.0209148
11 0.642445 0.319732 0.138011 0.0785096 0.0207426
7 0.653882 0.623688 0.0386126 0.0312885 0.0206537
10 0.627445 0.86855 0.0437335 0.121655 0.020569
6 0.276688 0.805169 0.0859123 0.0642131 0.0204371
7 0.600005 0.76057 0.0405605 0.0773877 0.0204363
11 0.588484 0.883011 0.137258 0.19992 0.0199447
6 0.253146 0.925592 0.419763 0.254757 0.0198806
11 0.596315 0.784159 0.289543 0.42443 0.0197842
11 0.645172 0.80933 0.147564 0.175298 0.0194669
8 0.773581 0.788451 0.0680521 0.065751 0.0194344
10 0.967945 0.966861 0.0581568 0.123341 0.0194069
10 0.971483 0.68922 0.0482803 0.0744142 0.0192505
6 0.370842 0.915331 0.589014 0.197459 0.0192261
6 0.308642 0.932746 0.563231 0.24698 0.0192198
7 0.58944 0.370253 0.0262386 0.0138776 0.0190758
10 0.535553 0.864696 0.0760112 0.176373 0.0188716
11 0.614761 0.842579 0.166178 0.28751 0.0186927
2 0.740901 0.516752 0.0109183 0.0182738 0.0186751
10 0.679935 0.862727 0.0908424 0.108397 0.0186421
10 0.628287 0.918536 0.0466134 0.164466 0.0186415
6 0.68422 0.397488 0.0571992 0.202982 0.0186343
6 0.964856 0.933129 0.0653467 0.140441 0.0185524
6 0.22853 0.929274 0.428414 0.274667 0.018458
6 0.261285 0.913972 0.201938 0.156616 0.0184318
10 0.959312 0.96274 0.0736614 0.0865509 0.0182618
6 0.280161 0.875739 0.165555 0.11437 0.0182378
2 0.985753 0.508833 0.0252089 0.037928 0.0180991
6 0.225639 0.944425 0.406909 0.247729 0.0180612
11 0.636123 0.306033 0.127362 0.038778 0.0179652
6 0.245405 0.940382 0.479947 0.20423 0.0179337
8 0.232953 0.88563 0.109286 0.118313 0.0179255
10 0.626326 0.860851 0.0277985 0.113909 0.0178515
6 0.347661 0.688903 0.0718148 0.0553744 0.0178399
6 0.253726 0.937499 0.101166 0.101165 0.0178226
10 0.727245 0.891776 0.0426764 0.128944 0.0177877
7 0.580166 0.663391 0.0995329 0.210802 0.017635
7 0.557787 0.64317 0.0264141 0.0293783 0.0176004
6 0.0332284 0.812843 0.065519 0.14011 0.0175156
10 0.969477 0.917804 0.0566971 0.107099 0.0174749
8 0.336311 0.838548 0.0528861 0.0596228 0.0174586
10 0.6279 0.834674 0.0436246 0.165246 0.0174576
6 0.570938 0.897072 0.253184 0.220122 0.0174502
7 0.550103 0.701829 0.0402169 0.0483736 0.0173813
6 0.104781 0.966685 0.199004 0.0782465 0.0173718
11 0.631532 0.861185 0.218455 0.235266 0.0173673
10 0.702712 0.792074 0.0577776 0.089477 0.017281
6 0.301304 0.954478 0.134702 0.10817 0.0170838
6 0.588095 0.931738 0.149477 0.143025 0.0169854
11 0.163838 0.986741 0.230921 0.0496191 0.016977
6 0.230044 0.856205 0.0548133 0.0582825 0.0168175
10 0.575326 0.928559 0.0665494 0.100383 0.0166424
8 0.37747 0.963728 0.640402 0.084881 0.0166167
6 0.123989 0.981334 0.209548 0.0622653 0.0166114
8 0.727877 0.989538 0.467948 0.0464745 0.0165048
2 0.413427 0.348522 0.0144528 0.0297998 0.0164841
2 0.43198 0.925242 0.0498034 0.0841452 0.0164512
2 0.543716 0.340345 0.0136916 0.0224114 0.0164381
11 0.605528 0.918511 0.240823 0.177387 0.016394
4 0.71862 0.912544 0.529279 0.198252 0.0163671
2 0.470831 0.380253 0.0127133 0.0279754 0.0162874
2 0.417513 0.948729 0.0406026 0.0553284 0.0162239
8 0.304494 0.977327 0.0947838 0.0523042 0.0158319
8 0.700221 0.682665 0.519538 0.288173 0.015751
11 0.569268 0.954839 0.333451 0.247028 0.0156729
10 0.69385 0.729703 0.056433 0.131649 0.0156052
6 0.221193 0.956573 0.428392 0.19383 0.0155712
10 0.705637 0.825735 0.0429261 0.0854342 0.0155561
6 0.497129 0.920224 0.836317 0.16124 0.0154671
10 0.576021 0.944829 0.143246 0.118609 0.015411
11 0.723776 0.98271 0.478559 0.0593132 0.0153695
10 0.606214 0.928031 0.188854 0.139988 0.0153017
10 0.754197 0.891626 0.0687538 0.0838031 0.0152945
10 0.63606 0.813437 0.023511 0.0419514 0.015275
8 0.628005 0.962088 0.139757 0.0783148 0.0150509
11 0.508021 0.977811 0.264795 0.0765572 0.0149843
11 0.703214 0.981832 0.452867 0.0681679 0.0146919
8 0.704723 0.984799 0.519554 0.0697264 0.0145262
11 0.693058 0.978107 0.541187 0.103202 0.0142546
