11 0.572574 0.80165 0.35174 0.395288 0.916945
10 0.689458 0.521389 0.207338 0.283363 0.840237
10 0.759145 0.624298 0.0848098 0.383688 0.40153
10 0.534957 0.341232 0.0516669 0.26498 0.400007
7 0.0572385 0.85393 0.115148 0.290779 0.381416
10 0.757791 0.555876 0.0855408 0.243691 0.292327
6 0.766286 0.756719 0.0482602 0.271063 0.219808
6 0.765245 0.744978 0.0457503 0.244989 0.20817
7 0.494834 0.618998 0.067582 0.131796 0.193394
11 0.886427 0.91695 0.227829 0.16591 0.190223
11 0.871121 0.916577 0.257956 0.166717 0.188729
10 0.984862 0.77396 0.0300871 0.455593 0.187406
6 0.764279 0.796941 0.0524627 0.357785 0.171812
10 0.985414 0.516165 0.0293148 0.963648 0.169229
2 0.985589 0.814614 0.029044 0.37281 0.165213
6 0.763551 0.722053 0.0452577 0.195635 0.152421
10 0.982276 0.510155 0.034919 0.976066 0.124313
10 0.59197 0.315289 0.0270929 0.0948219 0.1238
6 0.885252 0.840546 0.228059 0.3201 0.122805
10 0.733718 0.603519 0.1419 0.445269 0.120508
2 0.985943 0.913113 0.0285133 0.174049 0.115897
6 0.868115 0.875579 0.263563 0.250751 0.113403
6 0.900205 0.809667 0.198434 0.38237 0.10973
10 0.739338 0.572096 0.123844 0.387893 0.108759
6 0.0571524 0.748166 0.114705 0.500772 0.106723
6 0.0565299 0.736833 0.114096 0.526144 0.106234
10 0.719935 0.378543 0.0301419 0.0474888 0.102113
6 0.869044 0.851203 0.259946 0.300379 0.102076
7 0.58639 0.626129 0.0285297 0.0396678 0.0989245
11 0.923107 0.919255 0.15376 0.162181 0.0984163
6 0.0566519 0.792749 0.115288 0.422498 0.0982672
10 0.774782 0.636994 0.0525733 0.405513 0.0974741
6 0.0544944 0.854583 0.109856 0.29256 0.0968542
2 0.592497 0.615985 0.0187233 0.0503023 0.0961535
10 0.776317 0.55125 0.0491308 0.229698 0.0907188
7 0.58938 0.616946 0.0256925 0.0545019 0.0901646
10 0.977803 0.194619 0.043679 0.386006 0.0890295
10 0.747677 0.536709 0.111359 0.275504 0.0861267
10 0.992347 0.215941 0.0159258 0.347736 0.0852611
6 0.763662 0.866132 0.0568148 0.257424 0.0840085
10 0.0247822 0.520073 0.0501268 0.951628 0.0838029
2 0.578427 0.592076 0.0137224 0.047817 0.0837459
6 0.121697 0.854283 0.245703 0.292189 0.0835261
7 0.439443 0.595481 0.0368589 0.118849 0.082512
11 0.917001 0.921992 0.164434 0.156186 0.0823638
6 0.0527326 0.747125 0.107066 0.505566 0.0822187
10 0.990043 0.203657 0.0202991 0.381943 0.0790656
10 0.982965 0.518582 0.033868 0.964829 0.0771395
7 0.593394 0.62534 0.0171643 0.0331495 0.0744364
10 0.698774 0.61174 0.207499 0.46092 0.0741216
7 0.548869 0.634334 0.0534976 0.101098 0.0741192
7 0.447294 0.62985 0.0475573 0.0831571 0.0725159
6 0.751093 0.734166 0.0715122 0.223202 0.0720043
10 0.0264961 0.554761 0.0533761 0.884694 0.0709487
10 0.755956 0.539146 0.0928402 0.286561 0.0701201
7 0.558591 0.574153 0.0221782 0.0315194 0.0696131
10 0.0132263 0.791731 0.0274096 0.412479 0.0692662
10 0.950971 0.594698 0.0250389 0.0727391 0.0690755
6 0.465296 0.780398 0.13081 0.380374 0.0687634
6 0.0498262 0.817204 0.100784 0.218426 0.0683391
6 0.45956 0.791862 0.117343 0.399258 0.0679865
7 0.558472 0.5743 0.0205257 0.0309387 0.0677101
10 0.7739 0.643739 0.0533964 0.417792 0.0672828
6 0.0477001 0.781152 0.0966246 0.151368 0.0667514
10 0.982224 0.51206 0.0348894 0.978475 0.0661289
10 0.0165488 0.713627 0.0336265 0.56808 0.0658373
6 0.472658 0.79613 0.147878 0.404522 0.0655121
6 0.021521 0.676434 0.0432836 0.641051 0.065127
10 0.0085455 0.736656 0.018156 0.520814 0.0648511
10 0.0165585 0.513701 0.0335891 0.961088 0.063841
7 0.446 0.629091 0.0442905 0.0834879 0.0638061
6 0.0406717 0.721323 0.082174 0.556569 0.0629258
7 0.434306 0.613756 0.0223459 0.0504694 0.060592
10 0.771823 0.648562 0.0556934 0.418806 0.0598362
11 0.906294 0.986844 0.186037 0.0286972 0.0593187
10 0.743415 0.37815 0.0216617 0.0595137 0.0588261
2 0.986124 0.908685 0.0279913 0.184122 0.0587595
6 0.0165 0.839185 0.0353316 0.320112 0.0579438
7 0.585445 0.603527 0.0193417 0.0288525 0.0576249
6 0.767858 0.851998 0.0785929 0.275464 0.0574294
10 0.717009 0.533365 0.172057 0.312387 0.0570546
6 0.760922 0.897834 0.0464642 0.127547 0.0562809
10 0.77296 0.491571 0.052829 0.112587 0.0550213
10 0.740939 0.545913 0.122668 0.223421 0.0549431
6 0.760588 0.865377 0.0453489 0.196828 0.0548152
10 0.0169531 0.508333 0.0345614 0.971637 0.0541375
10 0.993799 0.598713 0.0117382 0.107331 0.0541057
6 0.440207 0.747081 0.082803 0.302566 0.0539388
10 0.0167031 0.493356 0.0335684 0.933361 0.0530052
10 0.543043 0.341033 0.0341931 0.25024 0.0527918
10 0.180832 0.567258 0.0426132 0.131128 0.0527064
10 0.697061 0.653969 0.207196 0.541556 0.0525415
6 0.016125 0.856941 0.0342044 0.284942 0.0514291
7 0.60268 0.577895 0.0247206 0.0641315 0.0514281
7 0.551415 0.678338 0.0384398 0.0166204 0.0512258
7 0.49662 0.559894 0.031138 0.0147582 0.0511336
7 0.691473 0.466145 0.0281223 0.0517912 0.0508671
7 0.912877 0.621298 0.0170046 0.0572073 0.0504607
10 0.984936 0.773624 0.0292633 0.463046 0.0504049
10 0.716496 0.514154 0.125784 0.27759 0.0502771
6 0.0735822 0.950798 0.149202 0.0994764 0.0502599
10 0.975495 0.326676 0.0478859 0.647452 0.050063
10 0.533705 0.260371 0.0489456 0.104785 0.0499635
6 0.498413 0.7606 0.16409 0.376025 0.0497481
6 0.471133 0.740443 0.13588 0.33142 0.0497258
10 0.430354 0.646451 0.0841668 0.49027 0.0496635
6 0.0211766 0.768679 0.0456829 0.491112 0.0495326
10 0.770297 0.468615 0.0412295 0.0585197 0.0495297
6 0.753682 0.745688 0.0212831 0.134992 0.0491585
10 0.00674488 0.775005 0.0148492 0.42511 0.0476984
10 0.693286 0.385441 0.0188842 0.0498184 0.0472655
6 0.0418781 0.726238 0.0855775 0.256195 0.0465634
6 0.440624 0.754412 0.0834833 0.334321 0.0461295
10 0.714385 0.382447 0.062385 0.0638664 0.0451575
6 0.488593 0.754585 0.168476 0.362661 0.044358
2 0.985941 0.942353 0.0290163 0.117876 0.0440537
6 0.766473 0.750003 0.0630745 0.157803 0.0439419
2 0.00720042 0.154645 0.0146164 0.294754 0.0437324
10 0.427877 0.531503 0.0840676 0.255817 0.0434823
10 0.978936 0.0945571 0.0425053 0.190446 0.043374
10 0.756109 0.627873 0.078894 0.211933 0.0433125
10 0.00769961 0.2457 0.0157712 0.471466 0.0432272
6 0.00645438 0.769776 0.0138948 0.236286 0.0430315
6 0.493659 0.787968 0.176356 0.415925 0.0428084
7 0.0568833 0.932634 0.114837 0.135922 0.0426804
6 0.0474352 0.784098 0.0964263 0.146339 0.0424327
6 0.758742 0.9315 0.0520517 0.164539 0.0419801
10 0.00688393 0.660928 0.0143152 0.181286 0.0419486
6 0.060333 0.966728 0.120256 0.0680345 0.0419035
6 0.488867 0.773759 0.134465 0.429339 0.041889
7 0.664393 0.608473 0.043169 0.0278938 0.0413826
10 0.988881 0.774206 0.0211056 0.456837 0.0410999
10 0.753856 0.610571 0.0759135 0.181785 0.0404985
7 0.431962 0.620193 0.0232289 0.067839 0.0402071
10 0.539965 0.24018 0.0236396 0.0602825 0.0401727
7 0.491697 0.643867 0.068792 0.080132 0.0391503
6 0.0459519 0.781758 0.0941423 0.143133 0.0387223
6 0.0987184 0.735972 0.198448 0.527459 0.0385022
6 0.874348 0.967694 0.251844 0.0681537 0.0383935
10 0.00669976 0.0961108 0.0136012 0.183677 0.0377159
2 0.987998 0.888692 0.0249926 0.234876 0.0376001
10 0.995676 0.621902 0.00849953 0.194993 0.037455
6 0.979564 0.973435 0.0366409 0.0705566 0.0372571
10 0.00677629 0.219189 0.014401 0.424525 0.0372027
6 0.443843 0.833354 0.061339 0.133999 0.0371881
6 0.425334 0.744351 0.0608103 0.279162 0.0370638
10 0.00816842 0.453499 0.0159211 0.560128 0.0369867
7 0.979323 0.063139 0.0423714 0.125357 0.0367773
10 0.682065 0.637562 0.181772 0.30465 0.0367143
6 0.762158 0.828257 0.041854 0.100167 0.0365792
10 0.710684 0.580225 0.137879 0.137953 0.0364391
7 0.979797 0.0543689 0.0417107 0.107699 0.0361487
7 0.602483 0.65403 0.0481866 0.0334549 0.0360463
6 0.437682 0.729649 0.0800312 0.319504 0.0360253
10 0.76681 0.477771 0.0667519 0.128112 0.0356182
10 0.00807802 0.454291 0.0158507 0.559622 0.0354782
10 0.989055 0.125813 0.021084 0.199925 0.0354119
6 0.0212909 0.833541 0.0434713 0.246484 0.0350646
2 0.764633 0.625539 0.0184173 0.0565742 0.0346984
2 0.764947 0.616772 0.0170821 0.0632195 0.0345544
6 0.458583 0.850515 0.114983 0.29383 0.0343882
10 0.534143 0.251605 0.0448441 0.0836486 0.0343379
10 0.718064 0.378826 0.0195035 0.0390016 0.0342136
10 0.637788 0.550075 0.110586 0.203149 0.0338541
6 0.578768 0.794349 0.34674 0.395779 0.0338303
7 0.575131 0.604372 0.0113604 0.0427087 0.0337221
6 0.729933 0.779474 0.113145 0.402402 0.0337138
10 0.958952 0.609519 0.0587902 0.109751 0.0336146
6 0.754296 0.778204 0.0188807 0.0726702 0.0335513
7 0.451281 0.652717 0.0442021 0.0385388 0.0334755
10 0.989567 0.817268 0.02027 0.371745 0.0328573
10 0.973412 0.589189 0.0537825 0.135146 0.0327555
2 0.592776 0.596537 0.0224197 0.0922531 0.0327233
10 0.597358 0.320426 0.0146268 0.08295 0.0325752
6 0.466815 0.719876 0.109881 0.342851 0.0323126
10 0.0149045 0.279096 0.0290513 0.542056 0.0315959
6 0.758935 0.819337 0.0364504 0.0553645 0.0315352
6 0.896845 0.983239 0.1917 0.0409514 0.0314799
6 0.984312 0.867103 0.0295803 0.263137 0.0313527
10 0.717181 0.382543 0.0709213 0.077686 0.0313201
2 0.585338 0.584939 0.0198342 0.0661899 0.0312326
6 0.667232 0.803914 0.17988 0.381684 0.0309769
6 0.781756 0.751428 0.024551 0.169749 0.0307667
10 0.00827238 0.565928 0.016893 0.467095 0.0306855
10 0.54031 0.233206 0.0172393 0.0463324 0.030454
6 0.766867 0.673429 0.0327103 0.0894539 0.0303576
10 0.634561 0.546908 0.0991255 0.198846 0.0303563
6 0.858105 0.987455 0.245799 0.035119 0.030295
7 0.598837 0.639404 0.0538003 0.0628682 0.0302213
7 0.589258 0.631915 0.0232346 0.0279691 0.0299574
7 0.458158 0.656234 0.0290491 0.0255964 0.0296395
2 0.750309 0.440774 0.0175067 0.0344506 0.0295218
2 0.762896 0.611799 0.0314659 0.15796 0.0291968
10 0.527258 0.308022 0.0344685 0.15795 0.0289656
6 0.887171 0.973972 0.22629 0.067033 0.0287514
10 0.00639042 0.448053 0.0124388 0.359092 0.0285802
10 0.00576673 0.245671 0.0113942 0.123825 0.0284749
7 0.592019 0.620402 0.01669 0.0280992 0.028465
7 0.45068 0.654348 0.0441387 0.0364574 0.028401
7 0.536773 0.638254 0.190464 0.124887 0.0283858
10 0.692745 0.450149 0.029953 0.0798589 0.0283712
11 0.9112 0.977115 0.175699 0.0501573 0.0283008
10 0.671541 0.580204 0.154363 0.147516 0.0280917
7 0.589443 0.612578 0.0135433 0.0255015 0.0280087
6 0.433965 0.708561 0.0776501 0.375547 0.0279557
7 0.0246452 0.7875 0.0491418 0.0650089 0.0275933
6 0.313749 0.105366 0.12094 0.212465 0.0275568
11 0.629014 0.701307 0.246433 0.0757623 0.0272422
10 0.722459 0.403451 0.0194293 0.029454 0.0267142
7 0.0343415 0.755148 0.0723158 0.0476467 0.0265389
7 0.486119 0.664536 0.0510517 0.0583395 0.0263749
10 0.00810538 0.919252 0.0170724 0.173299 0.0262377
6 0.484469 0.789133 0.100532 0.240666 0.0261763
6 0.755686 0.763888 0.0224957 0.0640761 0.0260644
7 0.528462 0.253042 0.0178242 0.0298053 0.0259136
7 0.618969 0.633373 0.0823354 0.0828712 0.0258582
11 0.577577 0.651469 0.349414 0.105794 0.0258439
10 0.722076 0.382096 0.0551272 0.0768773 0.0256832
7 0.568564 0.688225 0.0214702 0.0329605 0.0256293
6 0.875255 0.995473 0.207566 0.0175908 0.0253894
6 0.0596775 0.982224 0.120556 0.0367256 0.0253004
10 0.0415886 0.104799 0.0832569 0.206287 0.0250927
6 0.986307 0.969027 0.0291315 0.0604012 0.0249149
6 0.985954 0.971439 0.0292233 0.0591551 0.0248621
11 0.0369906 0.735882 0.0764723 0.0800181 0.0247217
6 0.142787 0.980774 0.289267 0.040136 0.0246625
6 0.985177 0.952501 0.030521 0.105902 0.0246075
10 0.747807 0.451837 0.0237333 0.0614284 0.0245633
7 0.545916 0.636532 0.0752924 0.100481 0.0245034
11 0.586783 0.655323 0.324323 0.0855582 0.0241604
7 0.623851 0.645872 0.0815112 0.0447567 0.0241092
7 0.65212 0.66263 0.020053 0.0283664 0.0239651
7 0.0240735 0.908008 0.0441993 0.153079 0.023299
6 0.985956 0.916553 0.028249 0.173484 0.0232579
10 0.650824 0.778695 0.197177 0.383619 0.023149
6 0.758748 0.806658 0.0335172 0.041338 0.0228746
6 0.732513 0.70655 0.0563753 0.135553 0.0227275
6 0.709285 0.857045 0.212707 0.264657 0.0226211
6 0.10218 0.960757 0.195757 0.0959291 0.0224747
6 0.306862 0.12816 0.0706782 0.167471 0.0224676
10 0.97775 0.275803 0.0354822 0.172883 0.0224582
6 0.427973 0.912809 0.0599244 0.15144 0.022338
11 0.590568 0.862043 0.195721 0.0702215 0.0222194
10 0.569829 0.69035 0.0937074 0.272386 0.0220625
11 0.668414 0.848531 0.150653 0.265064 0.0219334
6 0.759871 0.77683 0.0455744 0.0655476 0.0219279
6 0.618275 0.724396 0.0970879 0.216122 0.0219222
6 0.41524 0.749907 0.0315031 0.0780604 0.0217215
10 0.552829 0.396402 0.0293884 0.117659 0.0216117
6 0.736018 0.787986 0.0796209 0.121347 0.0213962
10 0.72835 0.752681 0.0835757 0.118543 0.0212014
7 0.618487 0.64402 0.0875848 0.0472807 0.0210981
7 0.551877 0.702954 0.0129069 0.0147842 0.02087
7 0.56694 0.73747 0.0402719 0.0162844 0.0207982
11 0.43426 0.174043 0.466343 0.0812871 0.0207197
7 0.719435 0.640438 0.0193826 0.0255376 0.0205994
7 0.0515717 0.925996 0.0758132 0.0988548 0.0204882
11 0.64541 0.651435 0.216407 0.0876206 0.020308
11 0.599325 0.807432 0.0789115 0.0525395 0.0200805
7 0.683511 0.647224 0.0372029 0.0184137 0.0199305
7 0.0453321 0.950806 0.0809489 0.0805554 0.0198536
6 0.57873 0.882867 0.170841 0.0632898 0.0197075
11 0.95469 0.940751 0.05669 0.110144 0.0196367
10 0.0110112 0.99109 0.0194077 0.0315514 0.0192653
6 0.760059 0.95948 0.0869523 0.0933744 0.0192093
2 0.901242 0.674773 0.0140894 0.0336897 0.0191065
11 0.666172 0.645924 0.216657 0.0974137 0.0190853
10 0.762398 0.901564 0.0600603 0.137003 0.0190049
7 0.475321 0.703667 0.0373558 0.0289154 0.0187825
7 0.0248943 0.946087 0.0446556 0.0524954 0.0186536
6 0.385482 0.924533 0.0526097 0.166653 0.0186079
6 0.744586 0.973172 0.0364881 0.0606806 0.0185557
6 0.781876 0.976457 0.0947018 0.0743774 0.0184805
7 0.714195 0.792345 0.0186327 0.0332517 0.0183989
10 0.377377 0.978805 0.0697574 0.0612072 0.0183947
11 0.982017 0.993797 0.0334814 0.0239356 0.018314
7 0.662952 0.724941 0.029213 0.0220212 0.018293
6 0.471026 0.884945 0.0327641 0.0283902 0.0182783
6 0.390729 0.904712 0.0556391 0.117102 0.0181871
7 0.620807 0.672038 0.099319 0.143101 0.0177163
6 0.491858 0.967195 0.0473017 0.0770222 0.0176517
7 0.65445 0.742661 0.0247857 0.0201451 0.0175902
10 0.357311 0.984682 0.063643 0.0489145 0.0175605
11 0.539156 0.788296 0.0412222 0.044258 0.0174924
10 0.359206 0.977095 0.059057 0.0628128 0.0174597
10 0.791393 0.559897 0.0162186 0.0228205 0.017398
10 0.729778 0.804399 0.0421809 0.0655363 0.0173739
6 0.392661 0.927074 0.0578251 0.102805 0.0171175
10 0.729802 0.976326 0.0276294 0.0394068 0.0168555
6 0.0610695 0.98515 0.113181 0.0441042 0.0167443
6 0.384194 0.0638325 0.257652 0.137162 0.0164973
7 0.558447 0.876894 0.0163299 0.0288284 0.0164156
6 0.381863 0.971382 0.063966 0.0626486 0.0163275
10 0.980773 0.423939 0.0316936 0.114267 0.0162257
6 0.400123 0.96312 0.0738307 0.0873533 0.0161375
10 0.771596 0.977065 0.0509069 0.0495807 0.0161331
10 0.753979 0.858281 0.0470311 0.0454681 0.0159711
6 0.0698004 0.987648 0.116474 0.0379812 0.0159575
6 0.780199 0.987722 0.0622423 0.0425937 0.0156673
10 0.729809 0.985175 0.0257264 0.0381607 0.0153691
