11 0.574171 0.803674 0.353466 0.390409 0.916429
10 0.704696 0.498024 0.220017 0.304082 0.838508
10 0.809537 0.647499 0.209788 0.455078 0.817706
10 0.534436 0.34144 0.0523695 0.266525 0.446251
2 0.0568506 0.853786 0.114732 0.290839 0.409455
7 0.492871 0.618693 0.0651629 0.131725 0.315285
10 0.98318 0.506926 0.0333813 0.982722 0.182601
10 0.985029 0.762183 0.0298227 0.479107 0.182506
10 0.984732 0.518454 0.0304321 0.963747 0.182378
11 0.870261 0.917798 0.258971 0.164295 0.166892
2 0.985371 0.810378 0.0293636 0.380442 0.15477
11 0.888702 0.917579 0.222294 0.164619 0.143458
10 0.759506 0.61234 0.316553 0.533665 0.136805
10 0.983831 0.595349 0.0325851 0.808563 0.134127
10 0.5916 0.315985 0.0272191 0.0939942 0.13375
7 0.602638 0.588695 0.0232394 0.0552983 0.133029
10 0.982518 0.594892 0.0349533 0.81243 0.129486
7 0.546698 0.635133 0.0587729 0.102074 0.121589
10 0.180208 0.569627 0.0399814 0.128483 0.119007
10 0.983484 0.521757 0.0329361 0.958139 0.118727
2 0.986143 0.912745 0.0283588 0.174665 0.11288
7 0.590745 0.624787 0.0334737 0.037896 0.111108
7 0.442829 0.6034 0.0422934 0.132165 0.104028
7 0.602389 0.581206 0.0254866 0.0704636 0.103569
10 0.977997 0.193175 0.0433743 0.383642 0.101095
11 0.914758 0.922064 0.169642 0.155999 0.0977392
7 0.446726 0.629128 0.0480357 0.0853114 0.0943288
10 0.982482 0.505284 0.0345671 0.988794 0.0936668
6 0.0540197 0.854435 0.109194 0.293765 0.0915566
7 0.585444 0.604138 0.0199097 0.0274417 0.0911278
6 0.870288 0.840919 0.258742 0.31851 0.0906399
6 0.903508 0.818355 0.192178 0.363731 0.085046
2 0.986202 0.873526 0.0283104 0.255275 0.0798488
10 0.986481 0.770211 0.027877 0.468365 0.0785393
2 0.0561661 0.749286 0.113499 0.502448 0.0764221
7 0.55754 0.574355 0.0200562 0.0308034 0.0757109
10 0.71757 0.384145 0.0270884 0.0556928 0.0741604
10 0.992238 0.209702 0.01628 0.39258 0.0733435
10 0.694665 0.386764 0.0176159 0.0492541 0.0724666
7 0.697635 0.591863 0.0218042 0.0423711 0.070776
10 0.0271907 0.509678 0.0551596 0.975263 0.0701988
10 0.994412 0.596464 0.0108583 0.109749 0.0698611
2 0.0571126 0.755996 0.114518 0.486209 0.0694186
7 0.440057 0.572527 0.0350141 0.0682284 0.0690815
6 0.808618 0.710489 0.20965 0.329414 0.0670444
10 0.97885 0.32814 0.0412821 0.642577 0.0661086
10 0.0121179 0.787999 0.0253291 0.418549 0.0652442
7 0.497215 0.559903 0.0316089 0.0156985 0.0650703
7 0.691252 0.467663 0.0254308 0.0539945 0.0643961
10 0.00794891 0.796847 0.0168719 0.401263 0.0639045
10 0.770175 0.64518 0.121704 0.448049 0.0637969
10 0.0137775 0.736918 0.0282497 0.520889 0.0633808
6 0.0476369 0.77869 0.096436 0.153772 0.062596
10 0.979568 0.0966044 0.0410101 0.194055 0.0624332
6 0.0559746 0.782788 0.114031 0.443534 0.0615401
11 0.715388 0.917605 0.552083 0.165404 0.0614197
2 0.0474034 0.772026 0.0974778 0.45751 0.0609184
10 0.987372 0.238221 0.0250158 0.458522 0.0604228
11 0.913586 0.961539 0.171133 0.0776096 0.059896
10 0.731012 0.614472 0.257916 0.538947 0.059067
2 0.985583 0.929792 0.0289658 0.137251 0.0585077
10 0.0163791 0.505803 0.0332157 0.974661 0.0576865
10 0.983103 0.561892 0.033285 0.895287 0.0574062
7 0.754972 0.765094 0.0225262 0.0961589 0.0568536
6 0.911813 0.884546 0.175424 0.238189 0.0562388
10 0.0246724 0.583105 0.0496964 0.826192 0.0554571
10 0.778895 0.93119 0.0816724 0.13694 0.0551614
7 0.613668 0.59837 0.019493 0.0278432 0.0548773
7 0.0610374 0.9655 0.1214 0.0704365 0.0540538
7 0.780824 0.492733 0.0803163 0.133221 0.0537607
11 0.867215 0.820206 0.263321 0.36512 0.0530406
7 0.433386 0.613316 0.0205031 0.0512257 0.0529794
10 0.756213 0.535155 0.309352 0.379526 0.0528104
10 0.0138146 0.38251 0.0277435 0.749721 0.0522709
6 0.464346 0.765924 0.131471 0.359064 0.0520126
10 0.00722874 0.163326 0.0145312 0.307542 0.0514768
6 0.764911 0.691735 0.13127 0.346507 0.051384
11 0.881913 0.824366 0.232153 0.354102 0.0511978
10 0.00574531 0.69932 0.0124091 0.105989 0.0511915
6 0.0238118 0.73395 0.0482486 0.531396 0.051132
10 0.00662612 0.723856 0.0142441 0.28338 0.0507923
10 0.543498 0.340719 0.0345909 0.254935 0.0505589
6 0.0135754 0.856504 0.0283123 0.285781 0.0504305
10 0.0168986 0.506208 0.0343746 0.973819 0.0503365
10 0.0162416 0.49512 0.0326805 0.934774 0.050116
10 0.980883 0.394673 0.0367907 0.78985 0.0499354
10 0.587446 0.300947 0.0161033 0.06025 0.0495917
10 0.532799 0.259061 0.0498319 0.101742 0.0495827
10 0.711428 0.617094 0.214506 0.547629 0.0491878
6 0.0225184 0.826338 0.0488724 0.338739 0.048923
2 0.503658 0.504193 0.0207159 0.0486347 0.0485961
10 0.769187 0.652697 0.132384 0.446699 0.0484984
2 0.576559 0.595066 0.0126204 0.0434852 0.048037
7 0.481983 0.612699 0.102277 0.144712 0.0477915
6 0.47084 0.780095 0.142682 0.405179 0.0474297
10 0.743776 0.376947 0.0246206 0.0609434 0.0473963
10 0.993967 0.603115 0.0117758 0.126401 0.0467241
10 0.76663 0.543217 0.127579 0.240421 0.0464885
10 0.428384 0.534256 0.0842195 0.262423 0.0463807
6 0.010984 0.83311 0.022711 0.328737 0.0456526
6 0.472918 0.724178 0.132906 0.363885 0.0454479
10 0.995016 0.309029 0.0104956 0.161824 0.0450194
2 0.578376 0.594861 0.0157046 0.0437133 0.0441839
6 0.112758 0.846998 0.226395 0.306958 0.0441557
6 0.0190123 0.723503 0.0381991 0.530373 0.0440806
10 0.00694721 0.649208 0.0142378 0.222279 0.0436884
10 0.532872 0.25108 0.0474307 0.0840268 0.0435302
10 0.763892 0.542569 0.133236 0.237691 0.0434717
6 0.498185 0.759279 0.166554 0.401041 0.0433146
6 0.441332 0.752212 0.0786354 0.284382 0.0432023
10 0.989238 0.161317 0.0200747 0.244277 0.043118
11 0.924321 0.943741 0.15241 0.117601 0.0430816
6 0.0320262 0.713377 0.0656531 0.227401 0.0427512
6 0.984341 0.83113 0.0316605 0.356867 0.0424665
7 0.589568 0.605688 0.0148292 0.0241102 0.0422042
7 0.489983 0.655483 0.0623486 0.0608256 0.0421015
7 0.584667 0.608783 0.0221378 0.0243942 0.0421
6 0.863079 0.956651 0.259913 0.113286 0.0417132
6 0.982628 0.965018 0.0316809 0.098544 0.0414501
7 0.551561 0.677995 0.0438917 0.0193712 0.0412884
7 0.433301 0.627497 0.0257893 0.085194 0.0407957
7 0.678952 0.60622 0.0581706 0.0335234 0.0402035
10 0.00839191 0.448641 0.0162516 0.566759 0.0401908
7 0.913074 0.625339 0.0225546 0.0699682 0.0401869
6 0.495442 0.717453 0.158908 0.315869 0.0397276
6 0.483076 0.711386 0.147681 0.304052 0.0397049
10 0.705333 0.384109 0.0446315 0.0652157 0.0395384
10 0.0148382 0.248931 0.0295185 0.481197 0.0393522
7 0.803848 0.511371 0.0239416 0.0707147 0.0393364
7 0.752688 0.789947 0.0170332 0.128161 0.0390233
6 0.492347 0.789682 0.187956 0.4085 0.0388676
6 0.0300193 0.910289 0.0580409 0.177634 0.0386356
7 0.443851 0.605479 0.0378866 0.0330752 0.0384601
6 0.484641 0.788738 0.159643 0.414578 0.0384324
10 0.772968 0.649175 0.106296 0.444225 0.0378466
7 0.491657 0.620553 0.082182 0.126794 0.0377559
10 0.596671 0.3214 0.0153975 0.0813588 0.0377466
6 0.868621 0.973127 0.253319 0.0640623 0.0375677
6 0.804377 0.667234 0.220186 0.420875 0.0375026
10 0.759979 0.639855 0.113196 0.459783 0.0375026
7 0.595208 0.612114 0.0331244 0.05702 0.0373293
10 0.00818947 0.446011 0.0160278 0.579651 0.0373093
10 0.994164 0.56662 0.011673 0.158403 0.0372444
10 0.987859 0.80205 0.0233578 0.424395 0.0370306
6 0.00693665 0.748771 0.0146507 0.150237 0.0365949
10 0.00663067 0.0888069 0.0132711 0.167595 0.0358149
10 0.765582 0.558926 0.12966 0.277996 0.0357885
10 0.00683291 0.323524 0.0140687 0.283393 0.0356235
10 0.00852027 0.42145 0.0167385 0.571007 0.0354308
7 0.514085 0.637964 0.170041 0.107522 0.0354079
10 0.71647 0.383442 0.0195585 0.053151 0.0353582
11 0.70671 0.795415 0.567173 0.407774 0.0352621
6 0.473519 0.773793 0.124073 0.398157 0.0346462
10 0.00691743 0.114061 0.0140227 0.208017 0.0341753
6 0.436147 0.74628 0.0715816 0.334905 0.0340868
7 0.768605 0.78658 0.0556537 0.172383 0.0339944
10 0.761775 0.569434 0.13026 0.232121 0.0335797
10 0.541174 0.246542 0.0265396 0.0741257 0.033545
10 0.756117 0.523648 0.150302 0.242946 0.0331984
7 0.603541 0.653414 0.0438685 0.0333951 0.0331524
6 0.57521 0.796254 0.344576 0.38364 0.0331366
11 0.0307183 0.732566 0.0621169 0.060118 0.0329341
6 0.48933 0.784394 0.175316 0.419686 0.0326332
6 0.0454999 0.783403 0.0942576 0.129197 0.0325549
10 0.780077 0.60844 0.0869968 0.369843 0.0323202
10 0.98038 0.056809 0.0402201 0.115796 0.0319244
11 0.607139 0.910981 0.745498 0.179358 0.0317869
7 0.459086 0.656029 0.0298882 0.0281578 0.0316896
10 0.746647 0.63395 0.13451 0.439276 0.0314745
6 0.436219 0.710667 0.0591486 0.372485 0.0309438
6 0.443969 0.790026 0.0898704 0.261626 0.03093
6 0.768004 0.701751 0.117737 0.356827 0.0307794
10 0.863293 0.669877 0.113995 0.402582 0.0307223
10 0.86153 0.638537 0.11178 0.479526 0.0304042
11 0.264917 0.184691 0.109241 0.109879 0.0302581
10 0.864323 0.669872 0.112849 0.409039 0.0301279
10 0.764097 0.398055 0.0731139 0.111538 0.0300042
10 0.78833 0.546745 0.0848293 0.252823 0.0297039
11 0.5772 0.653304 0.341282 0.0944619 0.0296712
2 0.903021 0.693232 0.0426262 0.211789 0.0294954
7 0.587324 0.630316 0.0252721 0.0227628 0.0294902
10 0.719166 0.399751 0.0674632 0.0981381 0.0292567
11 0.578298 0.64785 0.338142 0.105222 0.0290122
6 0.115299 0.762297 0.231005 0.471597 0.0288744
10 0.73391 0.403082 0.0500916 0.112965 0.0287749
7 0.451028 0.654446 0.0426787 0.0386236 0.0286156
2 0.79042 0.42983 0.019807 0.0303343 0.02853
7 0.826946 0.634711 0.0439152 0.0280958 0.0284896
7 0.517491 0.659021 0.189307 0.0994418 0.0280777
11 0.90591 0.978985 0.178897 0.0474548 0.0279967
6 0.986071 0.95838 0.0288136 0.0848968 0.0279619
2 0.803457 0.510007 0.0242113 0.0741097 0.0276807
7 0.803555 0.488115 0.0375908 0.120448 0.0276755
11 0.701757 0.845833 0.592348 0.305687 0.027567
6 0.794803 0.798181 0.247393 0.331609 0.0273103
6 0.819339 0.787898 0.21904 0.430613 0.0271632
10 0.541185 0.232486 0.0172678 0.0455755 0.0270426
10 0.764326 0.707473 0.14406 0.355522 0.0270217
7 0.650765 0.663874 0.0203168 0.0305765 0.0269199
7 0.603329 0.628196 0.0316148 0.0352825 0.0268643
7 0.0188215 0.948298 0.0386759 0.104194 0.0266558
10 0.00594209 0.515319 0.0117231 0.358333 0.0265362
6 0.877766 0.989736 0.185913 0.0476248 0.0264661
10 0.525032 0.325842 0.0283007 0.147803 0.0264626
6 0.986 0.969806 0.0292027 0.062796 0.0264438
10 0.847176 0.766045 0.181849 0.471221 0.0263859
10 0.677499 0.716875 0.165076 0.331919 0.0263541
6 0.865791 0.783049 0.128284 0.390703 0.0263381
6 0.670215 0.808402 0.175848 0.374122 0.0259741
6 0.0617742 0.968706 0.120432 0.0759634 0.025918
6 0.985612 0.943559 0.0279299 0.123881 0.0257464
10 0.767981 0.410824 0.0733519 0.125942 0.0255972
6 0.765777 0.767048 0.0690419 0.234894 0.025003
10 0.845164 0.553856 0.0809835 0.179499 0.024652
7 0.643124 0.657607 0.0490485 0.0310863 0.0244893
10 0.765239 0.397768 0.0706692 0.107972 0.0242184
6 0.308957 0.101346 0.148767 0.204465 0.0239927
6 0.437626 0.763249 0.0396352 0.0800564 0.0237953
10 0.800466 0.528175 0.0666018 0.220766 0.0236843
10 0.804312 0.488358 0.0383112 0.123565 0.0236612
6 0.127933 0.982626 0.258526 0.0361156 0.0236263
11 0.589946 0.65375 0.31901 0.0899125 0.0234692
7 0.48264 0.611866 0.0558212 0.11634 0.0232875
10 0.702052 0.562753 0.10837 0.151317 0.0231564
7 0.650712 0.641568 0.130938 0.0543045 0.0226496
10 0.769538 0.647804 0.337239 0.311001 0.0225817
2 0.038088 0.912859 0.0547365 0.110587 0.0225419
6 0.68868 0.75793 0.147142 0.272854 0.0224996
7 0.616162 0.640503 0.0187327 0.0215909 0.0223336
10 0.554382 0.348743 0.0287356 0.112258 0.0219743
7 0.578838 0.678347 0.0163421 0.0156535 0.0219144
7 0.0598927 0.983485 0.12043 0.0342465 0.0218841
7 0.724581 0.792558 0.0167313 0.0195814 0.0217221
10 0.638258 0.54472 0.0967258 0.186798 0.0216186
10 0.76662 0.774174 0.287591 0.379602 0.0216067
6 0.98434 0.969876 0.0299454 0.0699411 0.0215951
7 0.697414 0.604174 0.0144438 0.0325572 0.0215506
11 0.621233 0.683853 0.222499 0.0598241 0.0214655
11 0.661152 0.635829 0.17406 0.0885039 0.0213628
10 0.838857 0.589158 0.058651 0.17619 0.0213216
7 0.630196 0.587294 0.0971876 0.104927 0.0212806
7 0.567542 0.789685 0.0235763 0.0270384 0.0211486
6 0.569476 0.91617 0.325735 0.170845 0.0210764
6 0.732935 0.797561 0.197772 0.148901 0.0209594
10 0.696469 0.495164 0.0292549 0.0478354 0.0209143
2 0.0839267 0.884634 0.0491562 0.200633 0.0208929
7 0.0458296 0.962223 0.0963172 0.0711592 0.0208249
7 0.562988 0.782924 0.0182357 0.0272987 0.0206402
7 0.0555913 0.952264 0.11416 0.0946075 0.0205832
10 0.818518 0.538338 0.023637 0.068313 0.0205724
7 0.655426 0.635218 0.114021 0.0489428 0.020523
7 0.569003 0.639527 0.091764 0.16384 0.0203751
2 0.0837676 0.822734 0.0513818 0.224241 0.0202611
11 0.397127 0.81431 0.0436 0.108874 0.0201086
10 0.725494 0.561743 0.037223 0.070533 0.0198855
7 0.619181 0.624823 0.0963786 0.0992719 0.0198841
7 0.510143 0.687697 0.0298649 0.0403645 0.0198034
10 0.743658 0.943601 0.0131358 0.0342775 0.0197876
11 0.555914 0.87758 0.182229 0.0676686 0.0197679
10 0.662862 0.614781 0.164481 0.118036 0.0196043
2 0.857597 0.950467 0.0373066 0.0566031 0.0195905
6 0.429807 0.834391 0.025176 0.0386859 0.0191817
6 0.779185 0.990243 0.102818 0.0273087 0.0191428
7 0.602556 0.703842 0.0161784 0.0165194 0.0187561
6 0.379775 0.952486 0.0727262 0.0938208 0.0186074
6 0.392966 0.9701 0.0883779 0.0828833 0.0185676
10 0.0104023 0.988201 0.0189091 0.0380568 0.018543
10 0.643871 0.625852 0.124471 0.135586 0.018216
10 0.979997 0.381546 0.0336824 0.140373 0.0180047
2 0.549351 0.905647 0.0199203 0.0447529 0.0179303
7 0.606296 0.756881 0.0204097 0.0204076 0.0179111
6 0.466107 0.761618 0.029823 0.0317346 0.0178906
11 0.383367 0.874292 0.0409651 0.164441 0.017753
6 0.489323 0.766811 0.0356312 0.0313174 0.0177505
11 0.76693 0.978085 0.193973 0.0911606 0.0177373
11 0.556675 0.802775 0.0348817 0.0315374 0.0174749
11 0.982974 0.98985 0.0297237 0.0331523 0.0172262
10 0.775504 0.967136 0.0619967 0.0653668 0.0171737
10 0.585569 0.961483 0.0561355 0.0484968 0.0170484
10 0.77553 0.948696 0.0667927 0.0869782 0.0168368
11 0.739524 0.953149 0.343757 0.112742 0.0168295
6 0.445942 0.973266 0.0859433 0.0655172 0.0168253
6 0.0691082 0.997324 0.104493 0.0131724 0.0168109
11 0.594532 0.894417 0.0809351 0.0748661 0.0166821
10 0.484041 0.97382 0.0478657 0.0659977 0.0166622
2 0.70334 0.58323 0.0140902 0.0240428 0.0165968
6 0.386718 0.916533 0.0601326 0.167112 0.0164385
10 0.643804 0.963941 0.140014 0.0856445 0.0164347
10 0.327304 0.0576957 0.350832 0.121391 0.0164258
10 0.978722 0.408491 0.0301411 0.157522 0.0163139
10 0.606968 0.483286 0.0119948 0.054121 0.0162181
6 0.902099 0.786649 0.0291258 0.0614458 0.0162009
10 0.76535 0.898125 0.0416806 0.0784262 0.0161699
10 0.705631 0.941955 0.0817924 0.106175 0.0160271
10 0.758009 0.948412 0.059176 0.0689764 0.015962
10 0.607116 0.933344 0.0326771 0.0322705 0.0158521
10 0.582702 0.866698 0.0430479 0.0409201 0.0158074
6 0.497284 0.938368 0.076386 0.0671346 0.0157716
6 0.638773 0.783975 0.0221123 0.0179257 0.0154473
6 0.429043 0.963648 0.0832758 0.077491 0.0149943
