11 0.57359 0.795993 0.352499 0.40703 0.909627
6 0.832187 0.788355 0.145403 0.37629 0.856554
10 0.739047 0.557781 0.124848 0.673981 0.835178
10 0.53475 0.341999 0.0495073 0.266732 0.584475
7 0.0577175 0.854259 0.116304 0.290195 0.457398
7 0.491838 0.618367 0.0610813 0.131256 0.336289
7 0.601851 0.579824 0.0226161 0.0669556 0.215127
2 0.985669 0.798233 0.028195 0.404538 0.199565
10 0.98324 0.511971 0.0330706 0.974785 0.197919
7 0.577191 0.588091 0.0199932 0.0556185 0.197486
2 0.986298 0.771955 0.0271732 0.458435 0.163511
10 0.591712 0.315556 0.0256068 0.0927663 0.158943
7 0.566642 0.585425 0.040123 0.0569276 0.141058
11 0.869335 0.916154 0.258873 0.167323 0.138275
10 0.98483 0.630455 0.0295309 0.738831 0.137269
2 0.98558 0.747902 0.0289192 0.511035 0.130578
2 0.985288 0.7721 0.0286669 0.45859 0.117143
7 0.440821 0.602019 0.0393773 0.126829 0.113458
10 0.179808 0.57042 0.0369951 0.130217 0.113334
6 0.901409 0.916811 0.197124 0.16704 0.113087
6 0.835863 0.705697 0.140974 0.547907 0.112644
7 0.054246 0.856174 0.109423 0.290427 0.112545
6 0.986272 0.911725 0.0280848 0.176518 0.104304
7 0.557577 0.574529 0.022366 0.0328115 0.103531
7 0.547712 0.634077 0.0573359 0.102431 0.0967009
10 0.984586 0.540027 0.0306412 0.924859 0.0955771
10 0.978192 0.194221 0.0428442 0.385941 0.091322
7 0.618344 0.599512 0.0190639 0.0238353 0.0853725
11 0.920325 0.918947 0.158871 0.162849 0.0852413
7 0.447136 0.628882 0.0469031 0.0857156 0.0840502
7 0.847607 0.477139 0.0672661 0.0900524 0.0774082
7 0.582573 0.628891 0.0174112 0.0382759 0.0773349
6 0.985964 0.896967 0.02834 0.208729 0.0721033
2 0.895872 0.728517 0.0203943 0.103396 0.0688587
10 0.58738 0.301413 0.0160177 0.0622397 0.0681941
6 0.938737 0.82501 0.118922 0.347754 0.0672873
10 0.543068 0.341464 0.0329094 0.260494 0.0660572
7 0.497073 0.559599 0.0308468 0.0158979 0.0644047
2 0.0528325 0.704643 0.106497 0.589718 0.063779
6 0.474478 0.795213 0.15358 0.406671 0.0599807
10 0.982413 0.513644 0.0338768 0.964393 0.0592577
6 0.463442 0.773927 0.127942 0.373365 0.0576842
7 0.580819 0.636994 0.0175038 0.0554935 0.0574874
2 0.0228217 0.516709 0.0459294 0.957084 0.0569271
2 0.0376987 0.701803 0.0762688 0.595534 0.0567957
10 0.990966 0.244033 0.0186937 0.460533 0.0567648
2 0.0110673 0.765087 0.0229362 0.466165 0.0558623
7 0.0596089 0.963861 0.120184 0.0737946 0.0546225
10 0.73708 0.445601 0.117931 0.430422 0.0536016
7 0.552082 0.678508 0.0390797 0.0171145 0.0535586
7 0.0473083 0.780135 0.095978 0.149847 0.0524277
7 0.439154 0.573642 0.033989 0.074373 0.0520737
2 0.504247 0.504013 0.0210767 0.0479774 0.0501718
7 0.0576306 0.930212 0.116164 0.141278 0.0500248
6 0.842032 0.687581 0.084915 0.132716 0.0498688
10 0.597025 0.320343 0.014985 0.0822511 0.0488021
7 0.43547 0.612568 0.0253928 0.0551878 0.0477394
6 0.492046 0.773941 0.176798 0.434545 0.0477036
2 0.019757 0.698697 0.0396494 0.592563 0.047457
6 0.986093 0.93283 0.0287294 0.13537 0.0473435
6 0.495691 0.737266 0.167662 0.337944 0.0469721
2 0.00808843 0.15408 0.0163737 0.299732 0.0467261
7 0.786768 0.681763 0.0326333 0.108136 0.0467162
10 0.0146862 0.395284 0.0291485 0.772643 0.0466616
6 0.983104 0.961116 0.0314466 0.102434 0.0462556
6 0.829827 0.794772 0.140604 0.348575 0.0455355
7 0.585114 0.605294 0.0226786 0.0348038 0.0453124
10 0.979249 0.0953633 0.0417976 0.192225 0.0450444
7 0.0115468 0.843444 0.0246991 0.310672 0.0448282
10 0.533166 0.259351 0.0470016 0.103771 0.0446399
6 0.442116 0.753444 0.0833921 0.306514 0.0444256
10 0.987489 0.245184 0.0247019 0.416091 0.0441657
10 0.0104571 0.798798 0.0221477 0.400042 0.043966
10 0.00948588 0.241015 0.0192063 0.466593 0.0438991
7 0.491105 0.644566 0.0686758 0.0798363 0.043701
10 0.799806 0.592265 0.0880466 0.628936 0.0431557
6 0.852669 0.59101 0.0977449 0.319208 0.0431427
2 0.00779397 0.730028 0.01658 0.522765 0.0431255
6 0.829496 0.716443 0.124117 0.192455 0.0430214
6 0.495196 0.712543 0.160327 0.314186 0.0427672
6 0.459021 0.785522 0.120368 0.420046 0.0427414
6 0.466545 0.725813 0.127969 0.336491 0.042212
10 0.987027 0.17962 0.025219 0.336133 0.0421424
6 0.986352 0.79963 0.0273607 0.405258 0.0420617
7 0.0684682 0.948307 0.13748 0.104418 0.0416005
7 0.994313 0.598213 0.0107767 0.105234 0.0415903
10 0.0132645 0.851257 0.0284046 0.295673 0.041467
6 0.493624 0.785283 0.180848 0.421433 0.0414639
7 0.60131 0.659804 0.0513522 0.0373469 0.0411516
6 0.873341 0.883765 0.250777 0.238859 0.0409118
2 0.428503 0.533528 0.0828371 0.260776 0.0407638
10 0.988304 0.784566 0.0226551 0.439464 0.0406251
7 0.0571248 0.947695 0.115054 0.105657 0.0405567
10 0.803944 0.525857 0.0668831 0.387471 0.0403414
6 0.472506 0.758214 0.124992 0.410618 0.0395469
7 0.0257494 0.825832 0.0533623 0.227757 0.0391724
7 0.0055914 0.717434 0.0121575 0.128351 0.0389294
2 0.126275 0.853399 0.253512 0.292318 0.0389104
10 0.533279 0.252522 0.0455605 0.0873308 0.038806
11 0.986156 0.636773 0.0252134 0.0303249 0.0386548
10 0.0168075 0.533734 0.0339798 0.934381 0.0382705
10 0.0167859 0.505876 0.0338643 0.961766 0.0382317
6 0.501671 0.746595 0.159701 0.380116 0.0375248
7 0.00627854 0.0948294 0.0126112 0.183041 0.0374813
7 0.43602 0.625598 0.0305215 0.0895927 0.0374457
6 0.0195938 0.67308 0.0410304 0.696193 0.0374336
6 0.0298055 0.864566 0.06285 0.281968 0.0372017
10 0.596101 0.318678 0.016117 0.0880956 0.0370688
2 0.988881 0.820187 0.0234056 0.366059 0.0369822
6 0.578196 0.801704 0.350648 0.385405 0.0368153
2 0.788406 0.692842 0.0222172 0.080293 0.036204
6 0.451749 0.815983 0.124937 0.36171 0.0361365
10 0.98751 0.804585 0.0236893 0.416214 0.0358577
10 0.540222 0.235986 0.0185632 0.05223 0.0356182
2 0.00623346 0.748266 0.0133154 0.357513 0.0356111
7 0.00666493 0.685986 0.013929 0.221538 0.0354385
6 0.869313 0.980543 0.240873 0.0637355 0.034958
10 0.523388 0.255463 0.0296689 0.0462457 0.0347969
7 0.895829 0.702931 0.0133829 0.0382345 0.0344595
6 0.665143 0.808985 0.182236 0.372257 0.0342817
2 0.767381 0.525778 0.0269632 0.049893 0.0337536
7 0.519413 0.636141 0.129875 0.106598 0.0337379
11 0.256258 0.918701 0.50802 0.162836 0.0331867
6 0.442468 0.736692 0.0764469 0.308819 0.0329942
6 0.768996 0.726657 0.0694636 0.363878 0.0328095
7 0.637496 0.661958 0.043852 0.0355313 0.0324488
10 0.433259 0.655687 0.0835059 0.510463 0.0324412
6 0.525037 0.771836 0.144908 0.430366 0.0321382
10 0.538721 0.242064 0.0241551 0.0649593 0.0319972
11 0.570504 0.646517 0.328428 0.096883 0.0319654
7 0.577391 0.655149 0.0206024 0.0457694 0.0318643
2 0.788473 0.700155 0.0217498 0.0678294 0.0318489
6 0.0397757 0.769545 0.080768 0.236999 0.0316707
7 0.454537 0.653891 0.0345574 0.0310915 0.0313933
7 0.0458425 0.788282 0.0942682 0.144305 0.031307
6 0.82618 0.906198 0.139274 0.15516 0.0311713
10 0.015439 0.305329 0.0299494 0.567984 0.0311486
11 0.322276 0.112022 0.174292 0.229775 0.0311136
7 0.761335 0.988293 0.0474266 0.0237111 0.0310167
6 0.876766 0.984564 0.211805 0.0609274 0.0309074
4 0.662422 0.605735 0.0454399 0.0305328 0.0307995
10 0.00833826 0.860796 0.0181399 0.272352 0.0307899
6 0.788031 0.781583 0.0764375 0.407771 0.0306057
6 0.781458 0.746087 0.0564787 0.289414 0.0305645
10 0.00731579 0.20748 0.0148593 0.296302 0.0304676
6 0.447308 0.784559 0.090155 0.249866 0.0304384
2 0.787137 0.717094 0.0176213 0.0360596 0.0303786
2 0.788231 0.715979 0.0216678 0.0396715 0.0303361
7 0.485393 0.662278 0.0619984 0.080652 0.0302531
7 0.609524 0.653165 0.0332743 0.0261502 0.0299061
10 0.803311 0.487997 0.0751188 0.476256 0.0297926
6 0.0926727 0.850708 0.187054 0.299991 0.0296366
10 0.181208 0.67369 0.0517071 0.34973 0.0295756
6 0.985954 0.967583 0.029143 0.0679581 0.0295238
6 0.986444 0.958062 0.0286596 0.0863573 0.0294563
6 0.839346 0.852377 0.114565 0.214646 0.0292897
6 0.74695 0.801267 0.328795 0.355905 0.0292591
6 0.831406 0.832541 0.124326 0.247169 0.0292327
10 0.989742 0.796712 0.0183676 0.418456 0.0292322
10 0.00627054 0.13007 0.0127104 0.191 0.0292179
7 0.0284202 0.806571 0.0580112 0.0996185 0.0291618
7 0.578745 0.598228 0.0226231 0.0579756 0.0290884
7 0.550978 0.680055 0.0436745 0.018063 0.029033
6 0.716758 0.765508 0.415817 0.435785 0.0290071
6 0.42507 0.797794 0.0642973 0.251135 0.0289675
6 0.981966 0.817472 0.0324001 0.323081 0.0288801
7 0.58795 0.607952 0.0177456 0.028019 0.0287254
7 0.0194057 0.948641 0.0402572 0.10371 0.0286662
10 0.00887454 0.509078 0.0176064 0.507604 0.0284271
7 0.527191 0.253341 0.0179114 0.0301701 0.0282504
7 0.57862 0.629621 0.0228118 0.042016 0.0280175
10 0.527384 0.307743 0.0350731 0.155875 0.0279072
6 0.69092 0.782269 0.601823 0.431303 0.0278867
11 0.661823 0.777611 0.177947 0.346233 0.0275919
10 0.77448 0.56756 0.0475871 0.154757 0.0273857
6 0.812894 0.602294 0.103678 0.53009 0.0272424
11 0.452848 0.17772 0.443334 0.0806596 0.0271382
7 0.449157 0.653969 0.0426557 0.0385414 0.0270507
6 0.831141 0.678738 0.115124 0.172891 0.0269962
7 0.446586 0.649374 0.0496268 0.0498951 0.0269423
10 0.0243463 0.854223 0.0489149 0.290489 0.02689
6 0.796195 0.66445 0.0720365 0.390129 0.0268719
6 0.514523 0.852649 0.226721 0.286536 0.0268498
11 0.633115 0.63028 0.114509 0.0688841 0.0267509
6 0.511294 0.715797 0.191625 0.293992 0.0266331
11 0.630483 0.615789 0.112598 0.05541 0.0265789
6 0.802135 0.821979 0.0457369 0.0793774 0.0265444
7 0.537368 0.666872 0.0211336 0.031879 0.0264025
6 0.863565 0.713153 0.0839041 0.180406 0.0260455
11 0.574922 0.641675 0.336383 0.10703 0.0260151
11 0.524198 0.8544 0.203148 0.0616163 0.0259745
6 0.43932 0.855926 0.0591779 0.0773771 0.0259656
7 0.574122 0.666086 0.0165568 0.0294664 0.0258592
7 0.830458 0.47975 0.0301598 0.0694514 0.0258436
11 0.450151 0.210749 0.317257 0.081546 0.0258161
7 0.0289003 0.836091 0.0559294 0.0802077 0.0256721
11 0.631533 0.62603 0.111477 0.05416 0.0253683
7 0.581098 0.600977 0.0138966 0.0383965 0.0253629
6 0.443743 0.884647 0.0698611 0.141386 0.0252933
6 0.829177 0.658213 0.155538 0.67313 0.0252812
7 0.624611 0.648983 0.0765859 0.0346757 0.0252264
6 0.782299 0.722522 0.0473917 0.215473 0.0250941
11 0.1307 0.98203 0.267957 0.037109 0.0248682
10 0.0215261 0.908132 0.0447888 0.180764 0.0248272
6 0.734466 0.729438 0.129765 0.371738 0.024292
7 0.57957 0.701844 0.0161891 0.0322125 0.024135
11 0.281444 0.262776 0.388264 0.243955 0.0240903
2 0.786798 0.708389 0.0245037 0.0805533 0.0240394
10 0.800072 0.528206 0.0668909 0.39608 0.0238574
6 0.78671 0.700643 0.293658 0.57576 0.023855
10 0.00706804 0.522375 0.0136298 0.362398 0.0236875
11 0.673182 0.727735 0.179324 0.148439 0.0235368
6 0.843234 0.698398 0.0981501 0.139487 0.0234082
6 0.985454 0.95111 0.0280535 0.107453 0.0234017
7 0.613112 0.659748 0.0839733 0.0355154 0.0233334
6 0.79517 0.855315 0.0657594 0.0761464 0.0230736
10 0.738383 0.390937 0.116501 0.151522 0.0230485
10 0.044737 0.106076 0.0893627 0.209216 0.0229342
11 0.0338357 0.730775 0.0694279 0.0801186 0.0229335
6 0.892315 0.7119 0.0375755 0.170306 0.0228005
6 0.892582 0.781286 0.0561237 0.292063 0.022732
7 0.484639 0.679247 0.0526415 0.035527 0.0225801
6 0.555849 0.79766 0.0393681 0.0509839 0.0223373
6 0.784348 0.681271 0.0325783 0.111272 0.0222018
7 0.0459749 0.962572 0.0980984 0.0699903 0.0221519
11 0.631165 0.733863 0.114697 0.269484 0.02212
10 0.812119 0.433421 0.0579792 0.208783 0.021999
6 0.786375 0.686684 0.0526421 0.119888 0.0219069
7 0.0427744 0.934729 0.0797729 0.135314 0.0217522
6 0.832211 0.66913 0.118545 0.199639 0.0217275
6 0.699471 0.760416 0.120393 0.103318 0.0215435
7 0.568668 0.652834 0.0209735 0.0608937 0.0214256
10 0.0111419 0.968221 0.0224291 0.0824947 0.0213881
10 0.812746 0.45619 0.0531034 0.239762 0.0213659
7 0.057037 0.984118 0.114689 0.0335905 0.0213595
6 0.785864 0.660081 0.0438375 0.159872 0.0211893
6 0.51532 0.699267 0.114751 0.289702 0.0210025
6 0.732813 0.632823 0.124104 0.314981 0.0208861
6 0.827796 0.905934 0.146106 0.145997 0.0207651
11 0.553972 0.894351 0.214116 0.0779959 0.0205387
11 0.6318 0.683029 0.115084 0.180935 0.0204149
7 0.616166 0.663891 0.0839665 0.046307 0.0202763
2 0.0869307 0.830346 0.0494947 0.247015 0.0202415
7 0.624943 0.734425 0.021292 0.0159114 0.0201328
7 0.632812 0.655832 0.0903328 0.0367079 0.0199397
6 0.896213 0.81909 0.0484354 0.226174 0.019762
10 0.982614 0.307733 0.030751 0.146829 0.0197161
11 0.983641 0.983664 0.0299158 0.0402672 0.0197157
11 0.795533 0.956044 0.125761 0.0985733 0.0196882
6 0.43903 0.888488 0.0638656 0.10045 0.019552
6 0.133898 0.927014 0.262926 0.161739 0.0194099
6 0.735657 0.641849 0.121115 0.241014 0.0194054
2 0.85707 0.512003 0.0743631 0.312706 0.0192033
6 0.816702 0.922526 0.108399 0.129251 0.0191078
2 0.88509 0.804994 0.0166775 0.0572191 0.0190323
6 0.473145 0.846464 0.0305263 0.047422 0.0190141
10 0.0556876 0.950421 0.116989 0.105134 0.018992
6 0.812458 0.960428 0.141735 0.135343 0.0189722
7 0.0633288 0.940311 0.0849769 0.105633 0.0189273
6 0.983582 0.980278 0.028828 0.0517912 0.0189035
10 0.530001 0.447234 0.0196249 0.0956686 0.0187761
11 0.811185 0.955963 0.138174 0.136478 0.0186692
2 0.858351 0.554467 0.0124229 0.0228797 0.0185322
2 0.786237 0.74701 0.0229044 0.0521734 0.0184153
7 0.523797 0.748764 0.0387397 0.0319576 0.01831
6 0.418913 0.827401 0.0250255 0.0576281 0.0182494
6 0.826323 0.949209 0.136029 0.10867 0.0180833
10 0.352595 0.951531 0.0510481 0.0892885 0.0178236
2 0.865882 0.748819 0.0367363 0.0314524 0.01747
6 0.0792873 0.749155 0.0529909 0.146605 0.0174532
10 0.360518 0.955538 0.0482853 0.0839211 0.0174257
10 0.366649 0.975752 0.0813871 0.0580195 0.0171297
10 0.352551 0.979545 0.0585136 0.0545719 0.0170933
10 0.595881 0.483036 0.00966959 0.0378541 0.0170409
10 0.905194 0.79929 0.0516438 0.248102 0.0169863
7 0.049804 0.99058 0.0931941 0.0251744 0.01688
11 0.370687 0.972189 0.0757184 0.0642679 0.0168093
11 0.528728 0.951423 0.193945 0.0617401 0.0166632
7 0.583503 0.783869 0.020982 0.0322279 0.0166382
0 0.0617029 0.983582 0.125945 0.0338364 0.0165559
10 0.889213 0.683213 0.0167307 0.0155299 0.0165019
7 0.40434 0.873621 0.0270757 0.0376314 0.016445
11 0.0542267 0.997128 0.0829343 0.0127505 0.0164246
6 0.733281 0.659755 0.107385 0.0784699 0.0161524
11 0.0631367 0.986015 0.110315 0.0331984 0.0161019
10 0.852283 0.947752 0.0633921 0.0751356 0.0160851
10 0.469266 0.983913 0.061321 0.0409514 0.0160658
6 0.0786412 0.739207 0.0377169 0.0830401 0.016057
8 0.805073 0.980475 0.048479 0.0289955 0.0159162
10 0.649079 0.830694 0.0193765 0.0286797 0.0159112
7 0.548007 0.805436 0.017984 0.0377485 0.015788
8 0.391361 0.917743 0.0567684 0.0925444 0.0157827
10 0.643922 0.778943 0.0223086 0.0182367 0.0156259
10 0.549378 0.901502 0.0194689 0.0477468 0.0151333
7 0.590876 0.816915 0.0192773 0.0217488 0.0150314
10 0.89949 0.941365 0.0114437 0.0337675 0.0149906
8 0.39292 0.907218 0.0546758 0.104695 0.0149565
10 0.899603 0.623009 0.0176983 0.0704109 0.0149475
10 0.897573 0.634075 0.0241978 0.0713279 0.0148531
7 0.529239 0.587736 0.0897492 0.220347 0.0145357
