11 0.573546 0.794679 0.352263 0.409564 0.919708
6 0.817758 0.745081 0.161098 0.506849 0.902931
10 0.755496 0.502098 0.130864 0.566026 0.826407
10 0.534441 0.341319 0.0495393 0.265659 0.562418
7 0.492368 0.618413 0.0627017 0.132382 0.354009
6 0.0572192 0.851371 0.115518 0.296923 0.346299
7 0.601712 0.57996 0.0229486 0.0670274 0.219938
7 0.577056 0.588073 0.0228564 0.0567996 0.177386
10 0.983646 0.519553 0.0324923 0.959853 0.164942
6 0.816108 0.674706 0.150503 0.351807 0.151777
10 0.985326 0.763611 0.0291706 0.474937 0.14473
6 0.0566962 0.742607 0.114564 0.513997 0.14307
2 0.985631 0.803014 0.0285545 0.394768 0.136664
7 0.547196 0.634436 0.0588998 0.10219 0.131366
7 0.567146 0.585762 0.0396673 0.0573784 0.129195
6 0.0552331 0.83188 0.111574 0.337747 0.127997
6 0.0500342 0.766469 0.101418 0.467971 0.126843
6 0.0592174 0.790887 0.120288 0.427008 0.125547
10 0.591746 0.315271 0.0258008 0.0930348 0.121542
6 0.867465 0.917127 0.260534 0.167045 0.120276
2 0.69676 0.581947 0.0159242 0.066705 0.118069
6 0.053673 0.78562 0.109212 0.432543 0.114644
6 0.806926 0.888642 0.140299 0.223245 0.11152
6 0.0569784 0.850731 0.117025 0.300507 0.11068
10 0.9856 0.750708 0.0289396 0.501794 0.109348
11 0.918848 0.916126 0.161477 0.167047 0.108605
7 0.557922 0.574474 0.0220637 0.0321341 0.108313
6 0.986181 0.913295 0.0283117 0.174348 0.101439
10 0.179986 0.569248 0.0378798 0.128349 0.0999671
6 0.0497676 0.55797 0.0994392 0.881678 0.0977994
6 0.0464361 0.637251 0.0940851 0.724464 0.0974682
7 0.583007 0.633242 0.0177157 0.0477773 0.0945924
10 0.985389 0.687298 0.0292805 0.628978 0.0922499
6 0.109501 0.850304 0.220132 0.299769 0.0915182
6 0.0458261 0.730923 0.0927769 0.539348 0.0894771
7 0.618568 0.59922 0.0190272 0.0233595 0.0892169
7 0.440592 0.595163 0.0404988 0.1296 0.088822
6 0.907902 0.91689 0.181472 0.165624 0.0858726
6 0.0485132 0.780284 0.0978033 0.157377 0.0855131
7 0.447049 0.629486 0.047576 0.084913 0.084524
6 0.0302612 0.518841 0.0613265 0.957243 0.0831382
10 0.0182144 0.509533 0.0367638 0.974741 0.0813458
6 0.920694 0.810394 0.154615 0.376294 0.0803723
6 0.848 0.669017 0.0992844 0.346477 0.0772911
10 0.985547 0.186638 0.0291035 0.362495 0.0763182
6 0.986187 0.865173 0.0289387 0.271631 0.0759287
6 0.0585473 0.509306 0.117299 0.978693 0.0754272
10 0.987195 0.767565 0.0263353 0.473394 0.0723943
6 0.0154822 0.715288 0.0317037 0.565476 0.071969
6 0.777275 0.804651 0.0881476 0.387239 0.0707427
6 0.781312 0.705388 0.0934308 0.360845 0.0706509
7 0.723365 0.579793 0.0232327 0.0895699 0.0691296
7 0.583008 0.627206 0.0169959 0.03339 0.0682703
6 0.782095 0.680957 0.0921948 0.336343 0.0671037
6 0.806095 0.746333 0.144555 0.503967 0.0670544
6 0.806412 0.82711 0.139543 0.348743 0.0668233
6 0.0360132 0.613113 0.0735372 0.820963 0.0652708
6 0.812391 0.754918 0.150514 0.49011 0.0645889
6 0.020183 0.546748 0.0409459 0.902292 0.0644772
6 0.0146845 0.853311 0.0309647 0.293061 0.062384
6 0.0085974 0.78544 0.0178107 0.42773 0.0619687
7 0.496989 0.559426 0.031413 0.0160183 0.0601631
6 0.901557 0.947177 0.193285 0.110705 0.0585824
6 0.772348 0.80485 0.0760208 0.38804 0.0585448
2 0.503809 0.504195 0.0201302 0.0486677 0.0575429
10 0.984907 0.572207 0.0303898 0.84987 0.0572995
6 0.779613 0.809424 0.0911915 0.376432 0.055992
6 0.84197 0.737332 0.0856142 0.210502 0.0548233
6 0.986369 0.912667 0.0287334 0.178438 0.0537641
10 0.993716 0.598011 0.0114281 0.107563 0.0529008
6 0.479409 0.783145 0.154613 0.429089 0.0528982
6 0.0594792 0.934704 0.119866 0.131957 0.0527116
6 0.0701003 0.949504 0.140672 0.102158 0.0515508
7 0.55128 0.677963 0.0402002 0.0176537 0.0511602
7 0.434463 0.618978 0.0247631 0.0715922 0.0511187
10 0.987144 0.777806 0.0262882 0.453484 0.0508428
6 0.787913 0.640247 0.0851639 0.272421 0.0502886
10 0.982034 0.522696 0.0352262 0.955768 0.0498504
7 0.705439 0.593524 0.0189935 0.0405073 0.0492621
10 0.988288 0.773324 0.0236608 0.46103 0.0483784
10 0.992091 0.273523 0.0168608 0.494509 0.0483137
6 0.0603104 0.965069 0.119706 0.0708786 0.0478217
6 0.00736656 0.741797 0.0153958 0.327473 0.0473435
6 0.00684484 0.74667 0.0142005 0.21276 0.0472962
6 0.463987 0.788909 0.128002 0.408095 0.0471946
6 0.814813 0.738097 0.154763 0.512998 0.0467597
6 0.76902 0.898923 0.0659651 0.203284 0.0465677
7 0.43872 0.571797 0.034339 0.0765279 0.0462103
10 0.58765 0.301268 0.0155986 0.0625425 0.0460916
6 0.00832698 0.668464 0.0167519 0.277727 0.0459515
6 0.805625 0.864662 0.14022 0.276012 0.0451767
6 0.494137 0.787995 0.1947 0.419318 0.0446836
7 0.584849 0.605278 0.0225498 0.036323 0.0443936
6 0.808197 0.968121 0.143326 0.0661453 0.0443208
6 0.780018 0.648662 0.104734 0.403176 0.0443075
6 0.472588 0.722551 0.134772 0.350841 0.0441776
6 0.0261691 0.83514 0.0547026 0.24431 0.0439717
7 0.49118 0.651249 0.0680013 0.0701481 0.0436375
6 0.0511751 0.863969 0.104337 0.263138 0.0435415
10 0.533445 0.339096 0.0432604 0.232587 0.0433643
6 0.0467408 0.783409 0.0950197 0.145506 0.0429632
10 0.0169625 0.509887 0.0340998 0.933663 0.042565
6 0.781422 0.768609 0.0859684 0.257945 0.0423839
6 0.436644 0.746508 0.0826057 0.31029 0.0423428
10 0.533205 0.261296 0.0467489 0.107351 0.0418639
2 0.00751387 0.159601 0.015078 0.302367 0.041779
10 0.545914 0.341368 0.0288576 0.245529 0.0414972
10 0.987654 0.793153 0.0243561 0.423302 0.0411488
2 0.429222 0.531917 0.0856093 0.25563 0.0410876
6 0.792658 0.65089 0.0807436 0.293284 0.0409801
7 0.515228 0.636478 0.141792 0.10937 0.040752
6 0.982165 0.976178 0.0319258 0.0672278 0.0405498
4 0.672444 0.57954 0.0664125 0.0763353 0.0400342
10 0.594026 0.367605 0.0322543 0.209091 0.0397915
6 0.846564 0.735607 0.104071 0.422134 0.0397458
10 0.978639 0.100225 0.0432657 0.202005 0.039406
11 0.0384231 0.734857 0.0782403 0.0678088 0.0390674
6 0.803772 0.675691 0.0953304 0.323347 0.0386409
7 0.571408 0.5813 0.0317918 0.0448671 0.0385268
6 0.0155863 0.695915 0.0333085 0.73864 0.0384289
7 0.638409 0.659604 0.045892 0.0321625 0.0382846
7 0.50975 0.639614 0.149636 0.104543 0.0379984
6 0.823132 0.677814 0.15727 0.580597 0.0378069
7 0.452829 0.652717 0.0416472 0.0382831 0.0377693
6 0.848631 0.591189 0.0845407 0.189734 0.0377093
10 0.00865272 0.2539 0.017339 0.490694 0.037588
6 0.0597922 0.965468 0.1201 0.0773276 0.0370954
10 0.00708863 0.199593 0.0145476 0.383973 0.036974
6 0.769228 0.955969 0.0666142 0.0903168 0.03638
10 0.992044 0.301318 0.0154312 0.362978 0.0359956
6 0.500127 0.706525 0.156877 0.301198 0.0358193
7 0.433627 0.612445 0.0231526 0.0536338 0.0357859
7 0.00659247 0.0902326 0.013058 0.171653 0.0345398
10 0.987552 0.806755 0.0245432 0.392882 0.0345184
7 0.459396 0.655424 0.028861 0.0273091 0.0344662
10 0.540066 0.241899 0.0233206 0.064239 0.0343379
7 0.581212 0.646475 0.0162265 0.0368788 0.0342833
6 0.770891 0.785483 0.116902 0.306923 0.0340399
11 0.575062 0.64374 0.331166 0.104705 0.033663
10 0.00896764 0.485762 0.0179356 0.59115 0.0336106
7 0.60206 0.657189 0.0526843 0.0375503 0.033268
7 0.719127 0.606086 0.0280691 0.0394792 0.0332629
10 0.864695 0.587287 0.0296209 0.0774237 0.0330766
7 0.575157 0.649901 0.0220388 0.0443545 0.0324567
7 0.703241 0.595159 0.0139231 0.0401223 0.0323381
7 0.725129 0.588717 0.0165249 0.0557562 0.0321462
2 0.648758 0.448456 0.101993 0.128901 0.0320496
6 0.57675 0.78641 0.350899 0.412898 0.0320217
6 0.770344 0.929504 0.0757737 0.163286 0.0319889
6 0.102033 0.68771 0.206001 0.624356 0.0319079
6 0.795955 0.770721 0.0761968 0.148161 0.0318786
6 0.441324 0.793511 0.0826723 0.265654 0.0315417
6 0.120572 0.931549 0.23955 0.144592 0.0314802
10 0.695 0.386208 0.0212569 0.0622399 0.0311766
6 0.852792 0.933839 0.233491 0.142059 0.0311166
10 0.594983 0.318466 0.0159361 0.0855202 0.030816
6 0.803516 0.833469 0.125818 0.186122 0.0307985
7 0.721413 0.555439 0.0220866 0.0377966 0.0305259
6 0.805206 0.835185 0.157639 0.321783 0.0305207
7 0.585298 0.606927 0.0191999 0.0281657 0.0304805
10 0.0173778 0.311935 0.033632 0.60564 0.0299536
10 0.772098 0.651373 0.141543 0.680857 0.0298912
7 0.4435 0.597028 0.057366 0.149981 0.0298081
11 0.659247 0.793335 0.185069 0.396617 0.029559
10 0.723146 0.470882 0.0631195 0.335988 0.0293541
6 0.794226 0.933428 0.114067 0.150713 0.0293001
6 0.488894 0.786713 0.164546 0.41859 0.0292506
7 0.577198 0.633724 0.0214044 0.0379195 0.0291194
6 0.78418 0.718239 0.0416055 0.111751 0.0290502
6 0.0568431 0.952002 0.113097 0.0957508 0.0289644
10 0.532228 0.253808 0.0443933 0.0899609 0.0284939
11 0.656802 0.643718 0.164052 0.0962191 0.0277933
6 0.453971 0.732993 0.106958 0.311817 0.0275974
10 0.540776 0.235001 0.0174566 0.0493914 0.027318
6 0.859113 0.578138 0.058819 0.132296 0.0272621
6 0.985785 0.969564 0.0298794 0.0621897 0.0271914
2 0.68774 0.468374 0.0385517 0.123536 0.0271203
10 0.805902 0.501416 0.0705875 0.543385 0.027053
7 0.623288 0.65142 0.079997 0.0369473 0.0269927
7 0.55069 0.679038 0.0439795 0.0163136 0.0269355
6 0.51994 0.701078 0.131365 0.29088 0.026911
6 0.927564 0.982951 0.127246 0.0564136 0.026909
6 0.831811 0.659094 0.0660984 0.351412 0.0267
10 0.850575 0.576053 0.0256504 0.102847 0.026626
7 0.606724 0.655011 0.0406375 0.0306987 0.0266026
7 0.474786 0.677841 0.0344355 0.0458337 0.0264144
11 0.651766 0.801214 0.201756 0.38551 0.0263915
10 0.758337 0.423853 0.119817 0.22916 0.0263844
10 0.693595 0.431247 0.048549 0.209689 0.0261471
10 0.762805 0.281424 0.0929311 0.119352 0.0261323
6 0.826077 0.616548 0.0552555 0.155963 0.026126
6 0.573085 0.872777 0.342887 0.260173 0.0261259
10 0.596463 0.322574 0.013952 0.0751973 0.0260546
6 0.783181 0.809776 0.0902593 0.208051 0.0260506
2 0.00660161 0.576464 0.013628 0.422071 0.0258556
7 0.579737 0.627442 0.0135406 0.0324894 0.0257196
10 0.86489 0.598686 0.0304596 0.083958 0.0254746
11 0.930769 0.959691 0.130495 0.0843762 0.025474
11 0.586827 0.76834 0.278605 0.086731 0.0254663
6 0.0610121 0.981613 0.121287 0.0378754 0.0254259
7 0.575823 0.664811 0.0170048 0.0415056 0.025389
6 0.805016 0.832577 0.218791 0.323134 0.0250585
6 0.858819 0.807916 0.0863306 0.334484 0.0248866
6 0.768999 0.955093 0.0684625 0.103413 0.0248312
6 0.427437 0.790702 0.0522516 0.240824 0.0247669
6 0.828556 0.582815 0.0861351 0.529032 0.0246648
7 0.724599 0.601337 0.0220644 0.0592493 0.0245048
6 0.747381 0.672198 0.303984 0.658307 0.0241281
10 0.00608113 0.197927 0.0119716 0.123416 0.0239584
6 0.487034 0.863033 0.0794135 0.212912 0.0237279
7 0.53276 0.634348 0.0197157 0.0282779 0.0236517
6 0.853691 0.585739 0.0769072 0.167917 0.0235721
7 0.575493 0.652831 0.0180722 0.0513568 0.0233719
7 0.636355 0.670913 0.0212079 0.0135339 0.0232297
11 0.662703 0.824097 0.186154 0.338185 0.0231909
6 0.857691 0.799735 0.0758133 0.176389 0.0229911
6 0.0299678 0.925091 0.0579909 0.0730797 0.022863
6 0.82733 0.935479 0.1028 0.0964392 0.0227753
6 0.83914 0.591475 0.0663088 0.172293 0.0227352
7 0.526491 0.670124 0.221224 0.163633 0.0227202
6 0.828641 0.935479 0.10076 0.101672 0.02261
7 0.636633 0.624136 0.0756143 0.028638 0.0225373
11 0.652593 0.610434 0.156856 0.042807 0.0224285
10 0.720846 0.489381 0.0507267 0.206695 0.022174
7 0.716597 0.59947 0.0482347 0.132553 0.0221562
6 0.845409 0.861387 0.0679071 0.125296 0.0218918
7 0.633523 0.619827 0.112187 0.0451388 0.0218175
6 0.834956 0.588269 0.0634289 0.350242 0.0215912
6 0.816467 0.713241 0.0474413 0.129605 0.021553
6 0.5661 0.694573 0.0986488 0.278769 0.021544
6 0.985052 0.979822 0.0294134 0.0424471 0.0213198
6 0.863376 0.581923 0.0447489 0.125852 0.0210065
6 0.794092 0.992365 0.128565 0.0452704 0.0209766
6 0.73918 0.931293 0.0498311 0.127759 0.0209563
6 0.814043 0.943033 0.142987 0.106514 0.0208959
6 0.0745404 0.993418 0.114337 0.0272934 0.0208615
7 0.64163 0.662806 0.0607697 0.0307779 0.0208419
7 0.571417 0.747634 0.0153764 0.033168 0.0207719
6 0.788541 0.994235 0.132216 0.0349237 0.0207261
7 0.553519 0.699901 0.0154705 0.0291666 0.0207152
6 0.0213346 0.938322 0.0403652 0.131779 0.0205657
11 0.724158 0.9596 0.0371309 0.0687786 0.0205238
6 0.870781 0.576939 0.0344007 0.123016 0.0203104
10 0.980213 0.254671 0.0359259 0.153542 0.0195533
6 0.427147 0.942301 0.0793537 0.128911 0.0195522
7 0.589932 0.676543 0.0170085 0.0192402 0.0193752
11 0.69973 0.976105 0.05856 0.0498359 0.0192593
6 0.811283 0.977845 0.129203 0.0833462 0.0192589
7 0.688497 0.710587 0.0135829 0.0373863 0.0192115
6 0.87735 0.590291 0.0398136 0.195639 0.0191272
11 0.703608 0.984284 0.0480489 0.0312778 0.0190451
11 0.625478 0.696967 0.106249 0.183323 0.0190109
7 0.646842 0.729258 0.0197659 0.0220785 0.0189093
7 0.522429 0.740414 0.0524691 0.0690793 0.0188289
7 0.541136 0.73734 0.0408761 0.0397875 0.0187355
10 0.379332 0.981314 0.0792051 0.0469872 0.0182895
11 0.702267 0.97611 0.0550025 0.0476334 0.0182693
10 0.716166 0.569316 0.0477855 0.196357 0.018238
11 0.722849 0.966248 0.041028 0.0610878 0.01822
6 0.0345763 0.928958 0.064882 0.0533339 0.0181831
11 0.693651 0.99081 0.047692 0.032221 0.0180944
11 0.704915 0.984642 0.0566584 0.0295656 0.0180271
11 0.603278 0.909319 0.151285 0.0627597 0.0179623
7 0.0402063 0.95884 0.0778186 0.0814113 0.017937
6 0.854833 0.973919 0.0688957 0.0721586 0.0179332
7 0.639282 0.623777 0.132365 0.056614 0.0179245
6 0.817002 0.996911 0.118222 0.0184868 0.0178003
10 0.768211 0.336074 0.077295 0.0739015 0.017799
6 0.595961 0.713611 0.0431132 0.111946 0.0176415
6 0.8496 0.964956 0.0601973 0.0765455 0.0175434
11 0.415471 0.19516 0.355649 0.103781 0.0175296
6 0.393899 0.91486 0.0681441 0.16773 0.0174571
11 0.389334 0.88964 0.0459831 0.203029 0.0174431
7 0.59677 0.760042 0.0200601 0.0338254 0.0173605
6 0.462941 0.760653 0.0368134 0.0284762 0.0173567
6 0.833831 0.863585 0.0317617 0.0405045 0.0173513
11 0.734019 0.972535 0.0450548 0.0512093 0.0171559
7 0.497934 0.761794 0.0381489 0.0392601 0.0170141
11 0.731419 0.980376 0.0787477 0.0343619 0.016978
7 0.69476 0.66288 0.0494859 0.0452234 0.0169579
10 0.605826 0.88761 0.0303933 0.0418053 0.0169515
6 0.744761 0.978933 0.0588676 0.0455563 0.0168798
11 0.555536 0.92165 0.142127 0.0556732 0.0168687
2 0.841146 0.764701 0.0280867 0.0427495 0.0168283
6 0.369974 0.967641 0.0748101 0.0709805 0.0167644
6 0.0324373 0.948451 0.057084 0.0596176 0.0167173
6 0.467736 0.765891 0.0343418 0.0358418 0.0166471
6 0.389315 0.936014 0.0751547 0.116598 0.0166156
6 0.479527 0.945888 0.0848818 0.0851341 0.0166056
7 0.565667 0.78249 0.0187267 0.0364389 0.0162566
6 0.884252 0.716299 0.0302597 0.0960944 0.0162546
10 0.652642 0.866562 0.0505787 0.0528879 0.0162295
8 0.77306 0.992856 0.0844372 0.0294096 0.0162239
7 0.519656 0.781724 0.0208274 0.049037 0.0159418
10 0.719298 0.990172 0.0653867 0.015674 0.0156926
10 0.739806 0.983837 0.0387869 0.0288385 0.0156343
11 0.750545 0.980435 0.0805567 0.0506141 0.0156021
7 0.417565 0.855536 0.0244257 0.0488513 0.0154302
6 0.750982 0.984011 0.0504704 0.0295236 0.0153477
7 0.703032 0.634977 0.0217991 0.0355195 0.0146215
