11 0.574549 0.796746 0.353702 0.405583 0.920171
6 0.810297 0.744798 0.141571 0.51027 0.859864
10 0.734073 0.390233 0.15641 0.560421 0.755146
10 0.53543 0.341012 0.0489112 0.267362 0.529985
6 0.0565163 0.85165 0.113923 0.296543 0.373757
6 0.827657 0.660355 0.110225 0.341106 0.331064
7 0.492736 0.619416 0.062512 0.132209 0.271211
10 0.73711 0.548302 0.163256 0.878165 0.176774
6 0.985924 0.808313 0.0276241 0.384002 0.175402
6 0.870182 0.917549 0.257679 0.165582 0.157564
10 0.981542 0.503638 0.0367134 0.988106 0.155046
7 0.549027 0.635228 0.055988 0.101565 0.152028
6 0.0560375 0.748502 0.112788 0.503245 0.151814
10 0.985071 0.768847 0.0291157 0.464777 0.140067
10 0.984698 0.526141 0.0306301 0.944793 0.140038
10 0.98527 0.612862 0.0285458 0.772825 0.136763
6 0.879531 0.843193 0.236563 0.311552 0.133449
6 0.0562988 0.741032 0.113349 0.51872 0.126158
6 0.800946 0.812061 0.136892 0.377521 0.125803
6 0.986395 0.912887 0.027739 0.174645 0.124545
10 0.985619 0.751251 0.0285563 0.501822 0.122883
10 0.591649 0.313888 0.025497 0.0939979 0.122655
6 0.054072 0.846845 0.108576 0.306294 0.122053
6 0.895443 0.917414 0.207483 0.165682 0.120695
6 0.8049 0.67404 0.148191 0.368507 0.118908
11 0.917439 0.917679 0.164166 0.164346 0.115985
6 0.806082 0.871698 0.134126 0.259171 0.108468
6 0.866298 0.859476 0.260794 0.285946 0.108354
6 0.829459 0.742568 0.107266 0.503007 0.100729
6 0.777272 0.810199 0.0966439 0.376092 0.0996086
10 0.977925 0.193668 0.0436243 0.384005 0.0973903
10 0.179543 0.567215 0.0349932 0.125193 0.096448
6 0.806061 0.850348 0.13095 0.301708 0.0938456
6 0.777129 0.756707 0.11174 0.486413 0.0933419
6 0.927892 0.817462 0.141098 0.364071 0.0927018
7 0.577967 0.58951 0.0166843 0.0533802 0.0919968
6 0.039303 0.737609 0.0800045 0.525073 0.0875811
6 0.781958 0.817444 0.10502 0.367074 0.0873084
6 0.0554742 0.881981 0.112332 0.238261 0.0837224
10 0.986129 0.185368 0.0273817 0.354638 0.0835041
6 0.827188 0.630531 0.111332 0.458302 0.0828121
10 0.0332153 0.525886 0.066545 0.943393 0.082472
10 0.0179712 0.516656 0.0362437 0.958893 0.0820215
7 0.439389 0.600292 0.0386068 0.124836 0.0806198
7 0.58033 0.637255 0.0218457 0.0579954 0.0790492
6 0.122549 0.852834 0.245441 0.295134 0.0775444
6 0.0476024 0.863831 0.0983773 0.273234 0.0768085
6 0.986092 0.903206 0.0280077 0.1951 0.0765775
6 0.0284803 0.673331 0.057324 0.652531 0.0761729
7 0.446861 0.629961 0.0484574 0.0854317 0.0758691
6 0.0484026 0.796739 0.0978722 0.184891 0.0735736
7 0.731759 0.570773 0.0211099 0.0705045 0.0733581
6 0.801346 0.749312 0.142302 0.5006 0.0729285
6 0.465369 0.777796 0.129591 0.375412 0.0727745
10 0.979997 0.514946 0.0380566 0.954641 0.0723214
6 0.0486712 0.779334 0.0981267 0.156579 0.0721501
6 0.804967 0.951015 0.13174 0.0992276 0.0715634
7 0.61821 0.599598 0.0197931 0.0244059 0.0712812
6 0.986495 0.900073 0.0277859 0.202634 0.0691887
6 0.0363284 0.713321 0.0732265 0.311332 0.0690972
6 0.0390527 0.562102 0.0784106 0.873181 0.0670259
10 0.990586 0.239391 0.0188215 0.442312 0.0661338
10 0.00837009 0.773286 0.0175915 0.450292 0.0647537
10 0.0172708 0.513393 0.0350641 0.964325 0.0645928
6 0.0143058 0.723659 0.0295105 0.548119 0.063823
7 0.751941 0.593303 0.0197931 0.0878754 0.0635181
10 0.987074 0.233077 0.0259226 0.445035 0.0634478
7 0.751565 0.577564 0.0170057 0.0536603 0.0631667
6 0.0136535 0.85451 0.0286637 0.290958 0.0630568
10 0.986693 0.772179 0.0263567 0.457871 0.0626868
6 0.825777 0.74462 0.111736 0.509404 0.0618864
10 0.542928 0.339591 0.0343072 0.261909 0.0613938
7 0.55766 0.574226 0.0207262 0.0309647 0.0609045
6 0.494751 0.771912 0.187221 0.425041 0.0600989
7 0.557615 0.574236 0.0219127 0.0312996 0.0589987
7 0.581846 0.62504 0.0218002 0.0336854 0.0584732
7 0.493456 0.6519 0.065616 0.0694887 0.0583716
6 0.0531651 0.858423 0.106505 0.277162 0.058087
7 0.435065 0.613045 0.0247862 0.049466 0.0572991
6 0.0446061 0.755859 0.0889788 0.512412 0.0561313
7 0.548626 0.67835 0.0385699 0.0184041 0.0551395
10 0.978943 0.0966635 0.0424541 0.194149 0.0544618
11 0.919198 0.960812 0.160803 0.0816014 0.0535555
7 0.602269 0.585668 0.0224168 0.0586562 0.0522067
2 0.504149 0.50416 0.0210685 0.0495519 0.0517048
6 0.496549 0.789049 0.194468 0.413454 0.0516572
6 0.123755 0.861273 0.249919 0.282001 0.051289
10 0.0177883 0.514075 0.0358085 0.941256 0.0510375
6 0.0586909 0.931954 0.118571 0.137423 0.0509639
6 0.826038 0.959422 0.18623 0.0837323 0.0505622
10 0.994599 0.598251 0.0101915 0.10665 0.0503508
6 0.466385 0.758096 0.123845 0.392904 0.0503072
10 0.00699786 0.166317 0.0144201 0.313416 0.0502142
10 0.76915 0.557942 0.228983 0.87998 0.0494896
6 0.00695152 0.743267 0.0146281 0.263473 0.0489202
7 0.585948 0.604538 0.0215073 0.0283113 0.0476287
7 0.496992 0.559839 0.0315788 0.0152918 0.0472389
6 0.0480654 0.783354 0.0972378 0.148483 0.0471696
7 0.605781 0.655717 0.0431681 0.0331804 0.046903
7 0.738582 0.590803 0.0373852 0.111995 0.0465866
10 0.988723 0.778989 0.0217175 0.451149 0.0462233
6 0.500579 0.764397 0.172033 0.413189 0.045901
10 0.988178 0.777437 0.0232479 0.453802 0.0457633
6 0.437835 0.77968 0.0763459 0.349674 0.0452044
6 0.763757 0.665272 0.05767 0.238227 0.0439235
6 0.753615 0.67304 0.0448352 0.148503 0.0436774
6 0.0604169 0.966129 0.120164 0.0686974 0.0436532
10 0.0066309 0.208208 0.014078 0.395214 0.0435417
4 0.670508 0.581499 0.062155 0.0713754 0.0434572
6 0.78135 0.961808 0.08646 0.0780626 0.0428087
6 0.756334 0.64383 0.0528473 0.231989 0.0425041
10 0.533896 0.262542 0.0469803 0.111946 0.0422015
6 0.00705996 0.744528 0.0149923 0.342994 0.0416499
6 0.485443 0.731511 0.152788 0.35693 0.0415379
2 0.429319 0.532868 0.0831738 0.260577 0.0412758
6 0.466177 0.790177 0.127849 0.406714 0.041156
6 0.770985 0.950522 0.0653799 0.0997404 0.0407465
6 0.0233173 0.836245 0.0478836 0.253482 0.0407181
6 0.752803 0.634453 0.0481157 0.224104 0.0405947
10 0.990403 0.785119 0.0185455 0.435741 0.0405653
6 0.481667 0.766792 0.130462 0.436348 0.0398658
10 0.990118 0.779124 0.0189209 0.449294 0.0395013
6 0.839628 0.580144 0.0788931 0.172163 0.0394169
2 0.44344 0.600651 0.0517904 0.144684 0.0393817
6 0.823603 0.731786 0.0865404 0.181846 0.0388061
2 0.75643 0.70614 0.0231136 0.0683691 0.0385103
10 0.533895 0.251855 0.0453661 0.0899684 0.0379337
4 0.985774 0.636481 0.0247097 0.0259249 0.0369781
7 0.551318 0.640397 0.0356555 0.0785482 0.0367583
6 0.0575794 0.943756 0.115228 0.113818 0.0367211
6 0.461526 0.748539 0.115236 0.40502 0.0367024
10 0.00754797 0.649309 0.0154182 0.244192 0.0366147
6 0.434416 0.74637 0.0755669 0.42653 0.0365837
6 0.76012 0.664127 0.052383 0.265176 0.0365432
6 0.654268 0.811114 0.204156 0.369809 0.0359391
7 0.512652 0.640456 0.170056 0.114539 0.0358992
2 0.75669 0.709028 0.0240645 0.0667209 0.0355491
6 0.888838 0.980099 0.208386 0.0628102 0.0354724
10 0.0171104 0.270578 0.033504 0.517526 0.035437
6 0.00768044 0.7107 0.0159992 0.358298 0.0353706
7 0.5722 0.59966 0.0114439 0.0361678 0.0352611
6 0.692735 0.808924 0.14407 0.372813 0.0351456
6 0.827111 0.753692 0.0957003 0.203854 0.0350099
10 0.54026 0.237104 0.0191188 0.0555798 0.0345256
10 0.539749 0.240838 0.0228275 0.0632454 0.0343416
6 0.769588 0.705481 0.231217 0.590058 0.0342693
6 0.503228 0.781852 0.192502 0.425242 0.0341942
6 0.577183 0.794029 0.348117 0.400963 0.0341747
2 0.75471 0.598027 0.0147305 0.0473031 0.0341724
10 0.00679775 0.0915746 0.0135514 0.174938 0.0341244
7 0.636542 0.660703 0.0481407 0.0339302 0.0340978
10 0.596979 0.31716 0.0146331 0.0896127 0.0338431
6 0.528172 0.764796 0.134218 0.407493 0.033788
7 0.572766 0.603348 0.0115461 0.039814 0.0336523
6 0.433599 0.759693 0.0766634 0.39393 0.0333869
11 0.0360283 0.73518 0.0734619 0.0709658 0.0330276
6 0.0338512 0.800624 0.0724899 0.0969936 0.0330084
6 0.446775 0.835361 0.0991677 0.321879 0.0328148
6 0.436031 0.721576 0.0686803 0.394754 0.0324337
10 0.979969 0.0579068 0.0411064 0.117229 0.0323474
6 0.981579 0.784054 0.0301184 0.345281 0.0322614
6 0.756491 0.904493 0.0852331 0.188572 0.0320237
6 0.982209 0.986336 0.0303146 0.0458266 0.031546
7 0.585702 0.607402 0.0211728 0.0299619 0.0315303
10 0.0116002 0.443867 0.0230509 0.590436 0.0313451
6 0.660057 0.798138 0.184946 0.388555 0.0311618
11 0.575176 0.644727 0.335181 0.106212 0.0311006
7 0.62436 0.653222 0.0688793 0.0308216 0.0310677
6 0.800476 0.899337 0.1431 0.205211 0.030856
11 0.939827 0.921606 0.126292 0.161563 0.0302842
7 0.456521 0.65419 0.0340299 0.031041 0.0302765
6 0.433953 0.809716 0.0642718 0.304988 0.0302433
7 0.620751 0.660835 0.0221974 0.0226711 0.0299677
7 0.593719 0.603709 0.0173413 0.0305101 0.0299017
7 0.734937 0.58799 0.0235162 0.0871349 0.0298814
10 0.995236 0.583728 0.00928936 0.154436 0.0297842
2 0.758026 0.699153 0.0241109 0.0917975 0.0297438
6 0.802528 0.982549 0.131441 0.0365576 0.0296439
10 0.734433 0.26516 0.147893 0.294081 0.0296071
6 0.903378 0.978728 0.183074 0.0523254 0.0295487
10 0.00596349 0.112204 0.0118659 0.181572 0.0293433
6 0.105351 0.702764 0.213312 0.595691 0.0289049
6 0.672816 0.788638 0.548596 0.428256 0.0286274
6 0.768639 0.847217 0.223088 0.356294 0.0284342
6 0.0412016 0.847996 0.0793015 0.0872064 0.0283761
6 0.985632 0.970826 0.0296019 0.0590662 0.0279988
10 0.858411 0.591992 0.0244495 0.0725049 0.0277522
10 0.857234 0.577728 0.0282953 0.10133 0.0277096
11 0.641693 0.604059 0.133654 0.0414959 0.0276727
6 0.817172 0.920505 0.107646 0.180971 0.0275327
7 0.615294 0.656698 0.026062 0.0207669 0.0273228
6 0.0567953 0.981103 0.110378 0.0581535 0.0263729
10 0.533148 0.342927 0.0281878 0.124136 0.0263331
6 0.817774 0.976982 0.124964 0.0494632 0.0262298
7 0.625073 0.665124 0.0237176 0.0234231 0.0261999
6 0.83768 0.636352 0.072537 0.127628 0.0261574
6 0.757122 0.934255 0.076991 0.130065 0.0259419
11 0.648158 0.63206 0.14942 0.0731286 0.0257055
6 0.797371 0.949337 0.134504 0.118731 0.0256561
10 0.73575 0.263362 0.14153 0.274621 0.0256513
6 0.796777 0.953009 0.133157 0.120708 0.0254694
6 0.768588 0.925083 0.0561542 0.148176 0.0250544
7 0.449294 0.653619 0.042518 0.0384952 0.0250028
6 0.0611459 0.979395 0.121853 0.0422524 0.024918
7 0.576606 0.621579 0.0100456 0.030631 0.0247955
11 0.587181 0.685668 0.312347 0.0878169 0.0246198
11 0.67305 0.605856 0.0674868 0.0259839 0.0246076
7 0.527015 0.253854 0.0192422 0.0315033 0.0245082
2 0.750264 0.635633 0.0198507 0.0322841 0.0244968
7 0.434456 0.57443 0.0350039 0.0684493 0.0243435
6 0.674889 0.833173 0.543979 0.335469 0.0239767
10 0.854253 0.571386 0.0268059 0.114882 0.0238621
6 0.785171 0.930242 0.124297 0.14613 0.0237999
6 0.747213 0.904928 0.0569585 0.147951 0.0236596
2 0.742822 0.598906 0.0354249 0.102046 0.0235113
6 0.754026 0.937684 0.219713 0.217617 0.0233767
10 0.00632985 0.632001 0.0131611 0.277747 0.0230393
6 0.0349069 0.944701 0.0694194 0.118583 0.0229927
11 0.924903 0.982667 0.145833 0.0413568 0.0229677
7 0.50484 0.68576 0.0520436 0.0639999 0.0229356
11 0.422787 0.187459 0.419077 0.0937875 0.0229133
6 0.686529 0.628122 0.155865 0.160088 0.0228026
6 0.879685 0.988886 0.130726 0.0396912 0.0227585
11 0.42924 0.154759 0.42278 0.0885771 0.0227544
6 0.74353 0.942372 0.081446 0.109388 0.0227149
6 0.462639 0.900544 0.110032 0.187318 0.0223064
6 0.746806 0.946453 0.0851166 0.105966 0.022287
6 0.672286 0.704546 0.191638 0.14449 0.0222763
11 0.542431 0.883751 0.258477 0.0753732 0.0220861
10 0.0222578 0.923184 0.0437451 0.167793 0.0218969
7 0.628154 0.624656 0.0436324 0.0238625 0.0216147
6 0.845529 0.861399 0.0812164 0.257187 0.0213249
6 0.801577 0.698204 0.0299419 0.0703253 0.0211935
7 0.424471 0.692343 0.032481 0.0696914 0.0209334
7 0.587394 0.679003 0.0194858 0.0229234 0.0209324
2 0.748761 0.645633 0.0307501 0.072994 0.0208592
11 0.434531 0.179693 0.48405 0.10218 0.0208335
6 0.546185 0.929207 0.333518 0.157861 0.0206584
10 0.689804 0.17982 0.0626508 0.125634 0.0203238
6 0.757176 0.811274 0.0247396 0.0444937 0.0203159
10 0.985451 0.31249 0.0269623 0.134343 0.0202649
6 0.765951 0.971859 0.0551291 0.0562689 0.0201447
6 0.0714688 0.99394 0.106568 0.0237071 0.0201309
11 0.387114 0.171053 0.564693 0.0899227 0.0198701
10 0.719458 0.877941 0.0722204 0.239721 0.019835
11 0.64979 0.619831 0.145429 0.0482681 0.0197999
6 0.789771 0.992218 0.116923 0.0486921 0.0197221
10 0.862093 0.62271 0.0298862 0.103464 0.0196703
6 0.746044 0.973984 0.139227 0.0849934 0.0195558
6 0.502017 0.908232 0.0826211 0.0890516 0.019482
6 0.543968 0.726834 0.081566 0.170559 0.019344
6 0.789443 0.993099 0.0971557 0.0316652 0.0193323
6 0.396933 0.967169 0.077553 0.0903795 0.0193244
10 0.740199 0.762321 0.0242035 0.0665513 0.0192874
2 0.612345 0.39869 0.01084 0.0645646 0.0192322
6 0.876997 0.659503 0.0340525 0.165377 0.0189092
0 0.802984 0.976927 0.0607454 0.0458835 0.0188147
10 0.68783 0.947368 0.129537 0.111142 0.0188099
11 0.715716 0.966199 0.0441992 0.0572527 0.0187698
6 0.7209 0.565525 0.0902831 0.202346 0.0187696
10 0.861008 0.530546 0.0152071 0.0523766 0.0187445
6 0.412216 0.866291 0.0382433 0.0998967 0.0186966
7 0.626286 0.674103 0.111003 0.161979 0.0186785
6 0.419742 0.823702 0.0240395 0.06789 0.0186582
7 0.616593 0.711096 0.0229564 0.0154715 0.0185689
6 0.807724 0.97997 0.111972 0.0883962 0.0185256
0 0.3545 0.0608119 0.692052 0.121052 0.0184663
11 0.761454 0.979847 0.169382 0.0771647 0.018412
10 0.537311 0.441678 0.0211104 0.0990375 0.0183939
6 0.765308 0.811847 0.0210922 0.0473668 0.0183514
11 0.389816 0.172187 0.594832 0.101842 0.0182794
4 0.484799 0.282927 0.764904 0.38013 0.0179426
10 0.432895 0.963071 0.100876 0.0772095 0.0178526
7 0.673956 0.714823 0.0632137 0.0337581 0.0175153
10 0.6956 0.989102 0.0581832 0.0245761 0.017466
11 0.722332 0.975953 0.0526382 0.0444889 0.0174325
11 0.545606 0.772611 0.0359417 0.0417389 0.0173819
10 0.6434 0.942118 0.0700933 0.0454675 0.0173675
7 0.689752 0.658854 0.0489077 0.0192358 0.0172466
10 0.336082 0.959446 0.0387506 0.075076 0.0170799
6 0.768395 0.944746 0.055995 0.082687 0.0170226
11 0.520079 0.78122 0.0220572 0.0159303 0.0169703
6 0.576961 0.845888 0.038633 0.0526215 0.0169657
11 0.633272 0.653395 0.136961 0.11534 0.0168625
11 0.770028 0.97854 0.126017 0.0532205 0.0166203
11 0.353679 0.293643 0.413144 0.237565 0.0165914
10 0.0402731 0.965129 0.0618284 0.0639232 0.0164375
6 0.0389272 0.984158 0.081771 0.0352414 0.0164147
10 0.422869 0.922888 0.0406184 0.0664057 0.0163516
11 0.780404 0.983242 0.145554 0.0784969 0.0163174
10 0.852918 0.673802 0.0342222 0.0389825 0.0161136
11 0.82644 0.983867 0.0787037 0.0607702 0.0160139
10 0.717308 0.996332 0.0694239 0.0135542 0.0159512
6 0.494523 0.91755 0.0565034 0.0371118 0.0159226
2 0.872495 0.69027 0.0222729 0.0645067 0.0158897
10 0.753672 0.980044 0.058356 0.0554672 0.0158659
11 0.493401 0.16508 0.833496 0.149479 0.0158653
6 0.827164 0.982157 0.0759324 0.0460135 0.015747
11 0.555067 0.876182 0.0332026 0.0127756 0.0155233
6 0.648888 0.81939 0.0211117 0.032353 0.0154983
