11 0.505171 0.670527 0.351358 0.363313 0.859736
6 0.619268 0.874483 0.160466 0.251459 0.851726
6 0.354953 0.677211 0.125311 0.300139 0.832752
8 0.185773 0.44164 0.0913348 0.140705 0.819748
6 0.476246 0.874057 0.152652 0.250832 0.817783
11 0.923268 0.618421 0.0804014 0.180381 0.814125
10 0.216794 0.312611 0.0676619 0.23494 0.807598
6 0.678552 0.66177 0.137081 0.322831 0.760573
6 0.56257 0.473652 0.0930694 0.0883552 0.677194
11 0.461974 0.155473 0.0366135 0.0431808 0.507925
6 0.934873 0.483773 0.122934 0.185662 0.492423
6 0.927238 0.879261 0.144462 0.241816 0.453778
6 0.474478 0.732898 0.127459 0.122094 0.408246
6 0.951157 0.465348 0.0967539 0.209911 0.331839
6 0.464668 0.494044 0.0799644 0.076239 0.330057
10 0.980883 0.642937 0.0382235 0.409666 0.319124
6 0.474939 0.767321 0.140228 0.189786 0.304516
6 0.936153 0.471545 0.12607 0.209144 0.29874
6 0.114546 0.750417 0.229505 0.485453 0.289037
6 0.446242 0.482855 0.137341 0.108117 0.236772
6 0.959211 0.721606 0.0813686 0.553263 0.23559
6 0.919575 0.727112 0.159813 0.542689 0.233904
6 0.24012 0.975624 0.288197 0.0493563 0.222694
6 0.916505 0.797321 0.166379 0.402195 0.222529
6 0.952822 0.4397 0.0934011 0.160309 0.213766
11 0.0356088 0.886384 0.071635 0.225235 0.211806
6 0.94056 0.729276 0.118814 0.539556 0.211513
6 0.463952 0.665023 0.158524 0.34658 0.204892
6 0.868691 0.857043 0.260036 0.287989 0.203885
6 0.300549 0.166114 0.0329607 0.0541944 0.201631
6 0.0216984 0.601287 0.043501 0.277078 0.200305
6 0.192001 0.972501 0.381619 0.0566954 0.191773
6 0.0380391 0.821865 0.0767378 0.356868 0.188091
6 0.0333112 0.720461 0.0674415 0.556951 0.187112
10 0.983567 0.619506 0.0325025 0.350419 0.18452
10 0.979547 0.715314 0.0415401 0.56175 0.18222
10 0.981724 0.621779 0.036083 0.370116 0.180189
10 0.983671 0.616555 0.0322208 0.368421 0.175933
6 0.474322 0.475649 0.0828579 0.0889803 0.175391
6 0.471102 0.664894 0.138029 0.305966 0.174223
4 0.652091 0.182462 0.0217978 0.0337762 0.171925
6 0.620506 0.166791 0.0450146 0.0403527 0.16333
6 0.205262 0.974295 0.409341 0.0524544 0.159585
6 0.680179 0.735776 0.138721 0.467608 0.156742
6 0.935486 0.55916 0.127057 0.355337 0.149505
6 0.111512 0.646964 0.220822 0.276646 0.149344
6 0.141525 0.970041 0.284689 0.0612698 0.148988
6 0.878261 0.746434 0.241474 0.50345 0.14886
6 0.22567 0.977595 0.228632 0.0443778 0.147514
6 0.677795 0.786156 0.134547 0.318431 0.147295
6 0.921826 0.555885 0.101421 0.319841 0.146976
6 0.0690222 0.814635 0.138237 0.370057 0.1467
6 0.572771 0.762301 0.0841401 0.191681 0.143696
6 0.959461 0.885372 0.0812157 0.229143 0.143071
6 0.0224458 0.595762 0.0447176 0.427239 0.141583
6 0.985862 0.548249 0.0285601 0.20406 0.137521
6 0.40434 0.161792 0.0372521 0.038692 0.135833
6 0.318676 0.974275 0.486302 0.0517369 0.135415
6 0.562626 0.562658 0.10047 0.261919 0.132619
6 0.03747 0.811273 0.0760451 0.378523 0.131671
6 0.0229709 0.712126 0.0470408 0.563249 0.131259
6 0.0228544 0.659142 0.0460515 0.445648 0.130732
6 0.465557 0.157437 0.0305171 0.0384636 0.130062
6 0.0207743 0.718566 0.0422795 0.491891 0.129849
6 0.268989 0.968338 0.306383 0.0636292 0.127929
6 0.0343346 0.786068 0.0685734 0.259171 0.12612
6 0.0215342 0.694086 0.0440767 0.412092 0.125807
4 0.499802 0.154696 0.0215933 0.0334223 0.125199
6 0.198311 0.909242 0.395714 0.181822 0.124932
6 0.646 0.749176 0.213724 0.498783 0.124788
6 0.475638 0.722076 0.115266 0.0968163 0.122888
6 0.641341 0.761699 0.197848 0.235468 0.122739
6 0.392539 0.671863 0.198553 0.334865 0.12126
6 0.673165 0.731952 0.123971 0.171193 0.120914
11 0.033603 0.838943 0.0674259 0.130846 0.118935
6 0.641815 0.767711 0.19638 0.234392 0.11835
6 0.922714 0.479315 0.0933289 0.171593 0.118138
10 0.984666 0.591156 0.0292389 0.294112 0.117882
6 0.065244 0.874951 0.130986 0.250004 0.117556
6 0.596045 0.676669 0.157086 0.376197 0.116462
6 0.647314 0.684864 0.224157 0.382374 0.113227
6 0.199825 0.983562 0.20818 0.034062 0.113217
6 0.637439 0.819851 0.192909 0.358598 0.11278
6 0.814182 0.86977 0.369046 0.259682 0.110172
6 0.834574 0.857132 0.19111 0.283912 0.108199
10 0.983601 0.716138 0.0328577 0.251446 0.10796
6 0.12747 0.856526 0.256708 0.286232 0.107669
6 0.86633 0.772973 0.264928 0.452412 0.107566
6 0.608999 0.764243 0.144499 0.203234 0.107484
6 0.702994 0.587371 0.0775457 0.162946 0.107111
6 0.69754 0.587382 0.0927999 0.166779 0.106994
6 0.152837 0.92225 0.309126 0.15565 0.105151
6 0.739999 0.633792 0.237127 0.293975 0.104453
6 0.644669 0.696816 0.200339 0.395255 0.103296
6 0.0611782 0.788198 0.122774 0.291181 0.103184
6 0.766226 0.743311 0.31384 0.507172 0.102721
6 0.624029 0.795389 0.156252 0.154145 0.102205
6 0.263992 0.917007 0.334117 0.164885 0.102089
10 0.98408 0.641547 0.0318485 0.388726 0.101961
6 0.0962181 0.96827 0.194243 0.0638373 0.101588
6 0.565116 0.48813 0.0738841 0.0551169 0.101535
6 0.967887 0.61185 0.0643623 0.477977 0.10132
6 0.714074 0.576338 0.163261 0.177458 0.100191
6 0.14162 0.983117 0.282404 0.0364239 0.0989957
10 0.980637 0.447517 0.0389022 0.854737 0.0987316
6 0.745102 0.706439 0.269996 0.43448 0.0966735
6 0.0328637 0.783792 0.065788 0.238859 0.0955837
5 0.439829 0.169364 0.0115121 0.0167231 0.0954534
6 0.802515 0.743397 0.391688 0.510653 0.0947295
6 0.265355 0.982168 0.219471 0.0363843 0.0944615
6 0.426221 0.669334 0.225964 0.365322 0.094279
6 0.537759 0.153641 0.0354971 0.0411704 0.0932093
6 0.566319 0.164227 0.0413179 0.0416699 0.09282
11 0.0337745 0.840998 0.0680183 0.12692 0.092386
6 0.984788 0.493598 0.0308823 0.287434 0.0917124
6 0.105182 0.976323 0.212128 0.0487906 0.0897563
6 0.686821 0.531316 0.111054 0.0910604 0.08704
6 0.0927048 0.756229 0.185661 0.485589 0.0844801
6 0.971632 0.747668 0.0566015 0.449041 0.0843192
6 0.190938 0.986255 0.187376 0.0296256 0.0839518
6 0.972579 0.511064 0.0551343 0.139496 0.0837717
11 0.332578 0.147704 0.0373175 0.0491408 0.0826013
6 0.474841 0.670806 0.119961 0.224493 0.0818687
6 0.473198 0.792527 0.135912 0.0990268 0.0818428
6 0.917359 0.889976 0.16435 0.221472 0.0814803
6 0.563596 0.474421 0.0894985 0.0833559 0.0794715
8 0.185554 0.441792 0.090077 0.135345 0.0792061
6 0.014417 0.756479 0.0296894 0.26851 0.0780133
6 0.468935 0.643403 0.123394 0.248771 0.0778536
6 0.405429 0.165152 0.0311294 0.0303432 0.0778214
6 0.687745 0.595567 0.112507 0.189916 0.0776473
6 0.475624 0.768533 0.108468 0.0443253 0.0765586
6 0.186909 0.981845 0.381625 0.0418359 0.0756654
6 0.472319 0.816884 0.138085 0.134562 0.0756
6 0.805891 0.741213 0.381218 0.517391 0.0752569
11 0.566546 0.168423 0.0398848 0.0311742 0.0751466
6 0.325343 0.152436 0.0223864 0.0460589 0.074989
6 0.989367 0.497047 0.0233303 0.319236 0.0748814
11 0.522576 0.589998 0.305469 0.214405 0.0748399
6 0.752067 0.743824 0.422535 0.506294 0.0748002
6 0.163 0.97374 0.255837 0.0536522 0.0742784
6 0.44744 0.153828 0.021549 0.0466381 0.071778
6 0.10898 0.94954 0.224872 0.103604 0.0716357
4 0.622827 0.175928 0.0238247 0.0229059 0.0712744
6 0.607702 0.165166 0.0193684 0.0367984 0.0711709
6 0.0208738 0.530228 0.0418901 0.585323 0.0710198
6 0.576235 0.712638 0.0747467 0.0849838 0.0705002
6 0.924736 0.88841 0.151203 0.225924 0.0703689
6 0.308135 0.166836 0.0223572 0.0377698 0.0696187
6 0.932233 0.859345 0.135731 0.29166 0.0693984
6 0.444475 0.731121 0.0746329 0.103216 0.068223
4 0.0796147 0.179671 0.067553 0.0748015 0.0679677
6 0.0223049 0.836021 0.0460734 0.123781 0.0669794
6 0.344044 0.607504 0.0884441 0.162492 0.0664614
6 0.327017 0.149617 0.0220523 0.0390795 0.0649306
6 0.551739 0.165748 0.00983887 0.0208383 0.0649163
6 0.351697 0.674035 0.116974 0.291691 0.0647909
6 0.0160532 0.893311 0.0322958 0.212453 0.0647455
6 0.119154 0.630843 0.23857 0.737338 0.064443
6 0.609799 0.891428 0.144192 0.215385 0.0644309
6 0.472055 0.861035 0.143841 0.228541 0.0643486
6 0.678594 0.71803 0.137996 0.210398 0.0643422
6 0.651696 0.188954 0.0192738 0.0224398 0.0637699
10 0.0206015 0.535802 0.0410135 0.594184 0.0627372
6 0.616471 0.874499 0.153389 0.242833 0.0618215
4 0.580956 0.1703 0.0140423 0.0287722 0.0613299
6 0.398242 0.73868 0.658142 0.532432 0.0602396
7 0.490931 0.704741 0.0297142 0.0358615 0.0600647
6 0.992435 0.437767 0.0165585 0.204999 0.0597736
4 0.743905 0.219253 0.0296979 0.0395752 0.0590767
6 0.303889 0.180189 0.0504141 0.0834624 0.0576814
6 0.457333 0.799932 0.135073 0.0816381 0.0570194
6 0.654138 0.641808 0.0902456 0.257602 0.0562386
6 0.46927 0.166261 0.026973 0.0218081 0.0562092
6 0.504888 0.721729 0.0573388 0.0939896 0.0558758
6 0.654105 0.637673 0.0892366 0.258391 0.0555185
6 0.453161 0.138317 0.0142131 0.0211501 0.0537978
6 0.429157 0.75623 0.0550039 0.151117 0.0536871
6 0.144958 0.979677 0.138224 0.0416382 0.0528045
6 0.462099 0.497688 0.0665537 0.057443 0.051973
6 0.595025 0.166311 0.0957802 0.0417496 0.0516383
6 0.524452 0.916017 0.255363 0.178104 0.051573
6 0.36729 0.760575 0.743162 0.482249 0.0512548
4 0.064997 0.189612 0.0264945 0.0335861 0.050758
6 0.50388 0.480581 0.0207425 0.0703417 0.0499207
6 0.667457 0.578179 0.0752856 0.164882 0.0491975
6 0.43139 0.765565 0.0631104 0.187593 0.0483546
6 0.857336 0.974993 0.279036 0.0611156 0.0480183
6 0.556271 0.766952 0.096813 0.197299 0.0476212
6 0.616954 0.171433 0.0858554 0.0551906 0.0474858
10 0.0141298 0.500681 0.0282493 0.294699 0.0471775
6 0.671342 0.737987 0.734574 0.531811 0.0470978
6 0.712253 0.691185 0.0727671 0.236574 0.0454884
6 0.472426 0.803081 0.133981 0.153858 0.0454182
7 0.375158 0.589527 0.0267515 0.0352438 0.0452842
6 0.0396961 0.979859 0.0823717 0.0487715 0.0447358
6 0.516548 0.672115 0.33308 0.379097 0.0442541
6 0.678855 0.624839 0.106322 0.126372 0.0435304
6 0.431551 0.777332 0.0718628 0.141006 0.0434081
6 0.629185 0.851954 0.118149 0.100004 0.0433396
6 0.0460641 0.936092 0.0947149 0.132404 0.0427527
6 0.464563 0.939786 0.111779 0.125832 0.0426072
6 0.988606 0.794235 0.0216324 0.163553 0.0424396
6 0.793427 0.98203 0.280884 0.0730154 0.0423079
6 0.0345986 0.977617 0.0699167 0.0595865 0.0422946
6 0.37301 0.74138 0.0780147 0.0440907 0.0421226
6 0.047777 0.933217 0.0972311 0.146728 0.0419011
6 0.454029 0.771546 0.0975527 0.0390156 0.0413311
6 0.652377 0.18341 0.0180195 0.0260351 0.0405393
6 0.0562117 0.98 0.117685 0.0464142 0.0399371
6 0.107199 0.993815 0.207734 0.0180489 0.0398952
6 0.941098 0.805566 0.116647 0.174433 0.0392987
11 0.926176 0.583954 0.0713501 0.115703 0.0392661
6 0.562851 0.843979 0.086295 0.298705 0.0388673
6 0.925237 0.613658 0.073535 0.170975 0.0387255
6 0.217607 0.974429 0.129006 0.0438396 0.0381476
6 0.468154 0.940457 0.159932 0.122735 0.0381062
6 0.457426 0.716046 0.0416926 0.0518863 0.0374258
6 0.613204 0.926764 0.172718 0.193645 0.0373288
10 0.205293 0.367805 0.0950835 0.35477 0.0365094
6 0.951845 0.524136 0.091984 0.103539 0.0361727
6 0.479064 0.956058 0.163755 0.102215 0.0358945
6 0.67799 0.581132 0.0675521 0.173373 0.0354198
4 0.0720435 0.184749 0.0443053 0.0419312 0.0353632
10 0.201086 0.32051 0.0510162 0.184305 0.0350034
6 0.564856 0.674325 0.0998532 0.38657 0.034874
6 0.511163 0.682631 0.273831 0.287349 0.034745
6 0.502346 0.896638 0.233902 0.204127 0.0340202
6 0.907133 0.485311 0.18162 0.239267 0.0335006
6 0.537627 0.881357 0.227952 0.0941303 0.0334009
6 0.368115 0.759416 0.0883308 0.110141 0.033088
6 0.120195 0.974426 0.230893 0.0742596 0.0327903
6 0.603618 0.162382 0.0143564 0.0263529 0.0327199
6 0.288057 0.16983 0.0150837 0.0567688 0.0326755
6 0.484385 0.768917 0.163886 0.189999 0.0321524
6 0.467902 0.155604 0.0749929 0.0450114 0.0319155
6 0.0882707 0.920147 0.182351 0.179828 0.0316668
6 0.704046 0.817151 0.117197 0.110007 0.0314174
6 0.910709 0.976544 0.174252 0.0453726 0.030169
6 0.213688 0.992439 0.135183 0.0147807 0.0300009
6 0.415851 0.43631 0.0907199 0.0591495 0.0298718
6 0.477623 0.154072 0.0826569 0.0473597 0.0294708
6 0.0770162 0.947731 0.160031 0.122727 0.0292712
6 0.171755 0.988797 0.109253 0.0200322 0.0292357
6 0.326736 0.832512 0.175412 0.209448 0.0291932
6 0.929687 0.788315 0.114507 0.119702 0.0286137
10 0.19396 0.301647 0.0387773 0.161417 0.0285867
6 0.396428 0.740378 0.0484738 0.0417323 0.0282085
6 0.989308 0.673464 0.0203966 0.120041 0.0281531
6 0.967594 0.849857 0.0640783 0.0873094 0.0279294
6 0.350178 0.850167 0.129372 0.190617 0.0278499
6 0.602125 0.884289 0.097856 0.080002 0.0276829
6 0.478672 0.7885 0.1433 0.0441996 0.0274052
11 0.505071 0.154628 0.127226 0.055159 0.0272598
6 0.655752 0.914096 0.079058 0.0901389 0.0272495
6 0.365736 0.785511 0.0638757 0.0918469 0.0269167
6 0.690986 0.887888 0.0849349 0.22397 0.0267401
6 0.986454 0.929278 0.0244049 0.129829 0.0267341
6 0.413289 0.9658 0.103023 0.0841969 0.0266509
6 0.653293 0.713057 0.0530259 0.0430944 0.0265178
6 0.551924 0.950965 0.0949127 0.100441 0.0264438
11 0.926997 0.576922 0.0695024 0.109968 0.0260661
6 0.6092 0.976441 0.167532 0.123758 0.0258758
6 0.464317 0.939377 0.0994329 0.109236 0.0257602
6 0.910494 0.926195 0.101287 0.155943 0.0251194
6 0.950186 0.815181 0.0903797 0.0752937 0.0248868
6 0.327573 0.577337 0.0582106 0.116952 0.024131
6 0.606803 0.871565 0.0652528 0.0591207 0.023715
6 0.538315 0.920303 0.0733272 0.172946 0.023693
6 0.471092 0.948504 0.0790515 0.0423607 0.0228946
6 0.547408 0.963733 0.0811928 0.0797358 0.0223812
6 0.457111 0.970908 0.142175 0.0764941 0.0222921
6 0.611518 0.971204 0.161081 0.0696062 0.0222637
6 0.526331 0.940496 0.0826048 0.152907 0.0220457
6 0.923757 0.868698 0.0620975 0.0884373 0.0220172
8 0.15954 0.506685 0.0596939 0.0932305 0.021737
6 0.442739 0.946037 0.0890611 0.0554161 0.0217054
6 0.457741 0.978447 0.144079 0.0559809 0.0216578
6 0.599064 0.945225 0.112044 0.0547863 0.0214111
6 0.532328 0.871501 0.0550544 0.0697534 0.0211148
2 0.924325 0.913906 0.0365654 0.0711454 0.0209606
6 0.592909 0.943129 0.106348 0.0717746 0.0206046
6 0.559877 0.893215 0.0513056 0.0378624 0.0205212
2 0.540617 0.936668 0.0354019 0.0753328 0.0204337
6 0.44413 0.971953 0.107563 0.0588556 0.0202536
2 0.698696 0.825253 0.0304666 0.0175756 0.0194148
8 0.17017 0.507451 0.0637569 0.0806329 0.0192382
6 0.442217 0.929077 0.0439789 0.0237101 0.0188881
5 0.492743 0.256279 0.0474881 0.0392572 0.0185337
6 0.465452 0.974671 0.267433 0.0632034 0.0180955
6 0.458959 0.949445 0.0682093 0.0488824 0.017505
6 0.930364 0.649751 0.0272272 0.0212439 0.0174066
2 0.903691 0.96207 0.0440853 0.0468302 0.017246
10 0.894193 0.914376 0.0394764 0.0560931 0.0171638
10 0.710888 0.971743 0.0607972 0.056255 0.0170648
2 0.525648 0.863132 0.0348387 0.0153193 0.0170553
6 0.529523 0.974726 0.0721021 0.0660938 0.0166437
2 0.386805 0.901587 0.0352959 0.0446163 0.0164713
10 0.649306 0.239509 0.0239022 0.016067 0.0157154
10 0.414353 0.212704 0.0266075 0.0249692 0.0149374
