1 0.202487 0.191848 0.403147 0.377229 0.778062
1 0.270171 0.201651 0.274626 0.368497 0.510649
1 0.208544 0.449372 0.414242 0.889481 0.258308
1 0.221817 0.500688 0.440012 0.999674 0.245173
1 0.500314 0.28167 0.999384 0.5584 0.185314
1 0.121612 0.159129 0.242009 0.284922 0.183236
1 0.606189 0.260599 0.78502 0.518468 0.182515
10 0.289048 0.102518 0.094844 0.206417 0.182401
10 0.270668 0.105826 0.149687 0.210983 0.176387
1 0.206424 0.536799 0.409887 0.756198 0.176331
1 0.207815 0.412319 0.412054 0.789228 0.167213
3 0.9125 0.1204 0.17555 0.240589 0.1664
1 0.501656 0.502364 0.99999 0.99999 0.160583
4 0.909007 0.152458 0.18173 0.30402 0.148258
4 0.974339 0.101025 0.0511896 0.200496 0.139165
4 0.973704 0.145064 0.0524557 0.287091 0.138713
10 0.460036 0.0278144 0.056297 0.0554605 0.131224
1 0.1001 0.161879 0.199448 0.279767 0.128544
1 0.399069 0.502164 0.802614 0.999855 0.127768
1 0.624333 0.291515 0.750588 0.578714 0.121271
4 0.952352 0.153161 0.0957293 0.303297 0.118284
1 0.146392 0.137722 0.290971 0.273119 0.116539
1 0.0877818 0.569476 0.173978 0.860573 0.11274
1 0.247389 0.665309 0.493046 0.670537 0.112695
1 0.0796129 0.566819 0.158396 0.868872 0.111697
1 0.269974 0.192461 0.268933 0.381935 0.111103
1 0.373321 0.503195 0.754102 0.999979 0.109941
4 0.905661 0.205928 0.188805 0.408335 0.10974
1 0.0863426 0.592143 0.171583 0.814727 0.108087
3 0.68665 0.125095 0.61827 0.248589 0.106818
10 0.185089 0.033219 0.0968412 0.0671823 0.102357
3 0.65615 0.117783 0.67621 0.230534 0.10052
1 0.0840522 0.569226 0.166879 0.864279 0.0996243
10 0.212097 0.0353804 0.0626862 0.0714941 0.0992147
10 0.473804 0.0274996 0.0258138 0.0505576 0.0966057
4 0.911422 0.0612666 0.170312 0.122204 0.0965898
10 0.974213 0.0527855 0.0491611 0.109225 0.0950624
4 0.982095 0.145633 0.0362017 0.153747 0.0949124
1 0.0932652 0.694019 0.186145 0.610066 0.0930169
1 0.0303822 0.367789 0.0607432 0.679717 0.0929756
10 0.266129 0.0428056 0.150922 0.0843862 0.0916407
3 0.828111 0.117797 0.340673 0.235357 0.0915115
10 0.811378 0.0637747 0.0623606 0.122997 0.08727
1 0.0110285 0.362535 0.0223527 0.280493 0.0870549
1 0.0411323 0.523516 0.0817259 0.942319 0.0869375
3 0.686252 0.103579 0.616965 0.20559 0.0868565
1 0.208568 0.605026 0.398782 0.523757 0.0860269
1 0.100668 0.768665 0.201565 0.461761 0.085868
4 0.424671 0.0175465 0.0773194 0.0353774 0.0857748
4 0.915851 0.0456912 0.166595 0.0908732 0.0853126
1 0.498915 0.180647 0.999232 0.359243 0.0832641
1 0.619204 0.262657 0.758074 0.521404 0.0830387
4 0.962912 0.115954 0.0740459 0.229835 0.0826117
1 0.0361837 0.578151 0.0720302 0.842799 0.0819918
4 0.414956 0.0172032 0.0960114 0.0353656 0.0818876
1 0.211978 0.670802 0.419704 0.659145 0.0812727
1 0.385493 0.57702 0.781212 0.858955 0.0806978
1 0.0818107 0.507188 0.16231 0.992235 0.079294
10 0.461408 0.0550588 0.0660843 0.110015 0.0789236
1 0.264717 0.802703 0.530119 0.394162 0.0789015
4 0.956818 0.22107 0.0861622 0.436177 0.0782478
10 0.214406 0.0193614 0.0388478 0.038654 0.0778818
10 0.23393 0.0373835 0.101041 0.0750437 0.0769159
10 0.449483 0.0175329 0.0297004 0.0357275 0.0762508
1 0.196355 0.372903 0.38818 0.715427 0.0762053
6 0.135766 0.0282764 0.180496 0.0575235 0.075534
10 0.288737 0.0392729 0.0754945 0.0794806 0.0754031
4 0.916866 0.287742 0.166989 0.566398 0.0751681
1 0.500966 0.50069 0.980699 0.99999 0.0748156
1 0.569181 0.274085 0.865267 0.537164 0.0747713
10 0.187211 0.0182872 0.08891 0.0376079 0.0745816
1 0.248748 0.743881 0.497815 0.513425 0.074076
4 0.985937 0.167512 0.027817 0.115566 0.073872
1 0.249611 0.843929 0.497297 0.312318 0.0725616
10 0.354371 0.0119309 0.0707334 0.0255818 0.0724928
1 0.0991099 0.8352 0.198632 0.329146 0.0724164
10 0.431706 0.0272118 0.146268 0.0541048 0.0719179
1 0.24779 0.854502 0.495396 0.290324 0.0711921
1 0.276762 0.30107 0.258123 0.186461 0.070299
1 0.200247 0.205135 0.391364 0.334516 0.0689438
10 0.239766 0.0595511 0.106698 0.118182 0.0688126
1 0.250602 0.821786 0.500332 0.35766 0.0684928
1 0.276022 0.717255 0.553298 0.572217 0.068284
1 0.0299805 0.451254 0.0594658 0.486884 0.0677656
10 0.280904 0.107316 0.26 0.211932 0.0674119
1 0.571833 0.25961 0.859313 0.508998 0.0669907
4 0.858717 0.175197 0.0473736 0.0665703 0.0666768
10 0.455822 0.0246452 0.0444551 0.0501175 0.0666552
10 0.45052 0.0161655 0.029213 0.0327642 0.0656976
3 0.631636 0.0662243 0.722448 0.134195 0.0648154
1 0.2208 0.598704 0.442112 0.849068 0.0646938
3 0.758929 0.149874 0.471282 0.300619 0.0632663
10 0.227514 0.0727556 0.0972491 0.142976 0.0626218
1 0.501816 0.701629 0.998137 0.597029 0.0624244
1 0.145028 0.83657 0.29104 0.325387 0.062352
1 0.167993 0.856623 0.33702 0.285338 0.062191
4 0.162867 0.0337227 0.295766 0.0690304 0.0620054
1 0.0268272 0.483429 0.0531397 0.647712 0.0616579
4 0.373544 0.0182074 0.205852 0.0382181 0.0615774
1 0.0932919 0.308656 0.18592 0.56845 0.061268
1 0.642145 0.503151 0.724277 0.999989 0.061214
3 0.67594 0.0706636 0.628642 0.143668 0.0609473
10 0.29843 0.014816 0.194799 0.0316169 0.060726
1 0.0823192 0.30602 0.164264 0.596881 0.0606071
10 0.260231 0.0631765 0.137235 0.124703 0.0604933
10 0.358799 0.0342321 0.0914327 0.0689604 0.0596198
10 0.842016 0.076066 0.038987 0.111992 0.0593634
1 0.498374 0.337261 0.999967 0.664167 0.0587563
1 0.0194964 0.587272 0.0393433 0.790923 0.058696
10 0.141387 0.0169547 0.176592 0.0351993 0.0583669
10 0.9742 0.0826684 0.0501217 0.160281 0.0577825
10 0.842432 0.0620831 0.0298096 0.0927851 0.057519
1 0.275494 0.294748 0.249214 0.225173 0.0573609
10 0.459799 0.0224906 0.0481656 0.0420877 0.0568839
1 0.175371 0.0957618 0.349027 0.192049 0.0568315
2 0.783085 0.259665 0.015647 0.0517458 0.0566221
1 0.0147342 0.228985 0.0306427 0.441026 0.0562208
1 0.2013 0.667381 0.395435 0.657978 0.055809
3 0.58326 0.0658918 0.819667 0.132871 0.0552679
1 0.283893 0.855199 0.436655 0.288344 0.0551379
1 0.248274 0.616327 0.325995 0.44936 0.0550642
1 0.116928 0.21499 0.230468 0.417113 0.0545155
6 0.147136 0.0358513 0.209279 0.0717909 0.0543039
1 0.021401 0.475942 0.0424918 0.592882 0.0536838
1 0.0120039 0.297856 0.024301 0.261374 0.0536436
1 0.0247551 0.452753 0.0493105 0.452557 0.0536214
1 0.129365 0.0787055 0.258263 0.157334 0.0527649
3 0.600014 0.0591217 0.658525 0.117021 0.0524899
1 0.0226387 0.158102 0.0460794 0.285789 0.0524155
10 0.335133 0.0113102 0.107941 0.0251029 0.0519712
1 0.38031 0.209134 0.0393795 0.0600902 0.0516758
10 0.495404 0.0311854 0.164601 0.0623621 0.0514832
1 0.0279384 0.399549 0.0556188 0.255105 0.0514519
10 0.985274 0.227461 0.0301878 0.341253 0.0511107
4 0.987962 0.169493 0.0237141 0.0573909 0.0499996
10 0.353472 0.0600278 0.0970297 0.11988 0.0499767
1 0.645535 0.199147 0.693096 0.387869 0.0497353
10 0.277208 0.011663 0.155805 0.0254407 0.048399
6 0.130906 0.0156412 0.0854328 0.0319733 0.0479006
1 0.381603 0.193422 0.0450365 0.0914278 0.0473272
1 0.201059 0.185057 0.394658 0.361958 0.0470531
1 0.176355 0.540827 0.34554 0.630159 0.0468257
1 0.243234 0.699557 0.494118 0.917742 0.0466677
10 0.329444 0.112077 0.123345 0.223738 0.0465042
4 0.80579 0.0958219 0.0482861 0.0583132 0.0464623
1 0.815602 0.263237 0.366305 0.50793 0.0464154
1 0.146219 0.604212 0.289802 0.795903 0.0462657
1 0.199773 0.306358 0.396633 0.589597 0.0462234
1 0.934798 0.501865 0.130167 0.995432 0.0459342
4 0.230129 0.0393344 0.44632 0.0804075 0.0456613
1 0.352211 0.118928 0.18105 0.236863 0.0456561
1 0.28669 0.170958 0.582727 0.346982 0.0455388
1 0.254586 0.862835 0.512147 0.278623 0.0452783
10 0.47504 0.0243142 0.0179215 0.0383802 0.044725
1 0.347997 0.788279 0.700727 0.42181 0.0446601
1 0.00684485 0.344371 0.0144937 0.185583 0.0443743
10 0.794293 0.0967117 0.0227063 0.0458879 0.0443263
1 0.825269 0.245425 0.347095 0.473852 0.0441132
10 0.299953 0.144484 0.0615882 0.154298 0.0436234
10 0.828962 0.067237 0.0965435 0.134462 0.0435547
1 0.966139 0.638716 0.0676197 0.712591 0.0433895
4 0.138989 0.0353671 0.26786 0.0716255 0.0432635
4 0.978137 0.257559 0.044038 0.37706 0.0431968
10 0.211739 0.0169958 0.0370151 0.0348921 0.0426641
1 0.79956 0.234098 0.395263 0.453491 0.0425742
10 0.473863 0.0234474 0.0172659 0.0358016 0.0425614
1 0.90895 0.261777 0.181193 0.267313 0.0417441
1 0.37935 0.119307 0.259546 0.239449 0.0414137
10 0.984593 0.350366 0.0316263 0.140617 0.0402921
4 0.758024 0.0843025 0.074294 0.0776244 0.0401192
1 0.388495 0.200126 0.0610447 0.107317 0.0400652
1 0.958739 0.299504 0.0827223 0.275267 0.0400249
10 0.306346 0.150605 0.277127 0.300482 0.0397887
3 0.788562 0.16403 0.397503 0.330787 0.0394723
10 0.955288 0.50265 0.0899035 0.984989 0.0390303
1 0.936658 0.229453 0.125239 0.201513 0.0387935
1 0.116214 0.0307903 0.221287 0.0632751 0.0387061
10 0.814087 0.267816 0.032934 0.0666334 0.0385195
1 0.960506 0.256659 0.0791908 0.188367 0.0383663
4 0.959297 0.259701 0.0811962 0.234083 0.0382815
1 0.60604 0.150862 0.699868 0.293917 0.0382093
1 0.55905 0.359458 0.83261 0.575708 0.0381344
10 0.474774 0.0410996 0.0242629 0.0432755 0.037917
4 0.983507 0.134639 0.0323688 0.0707769 0.0376734
3 0.651359 0.0570994 0.598337 0.116194 0.0376354
4 0.816237 0.0975881 0.0300779 0.0476111 0.0374967
4 0.972466 0.227567 0.0555983 0.280847 0.036483
1 0.360037 0.097076 0.380618 0.195198 0.0364098
10 0.924327 0.0650041 0.153223 0.11895 0.0363119
1 0.49914 0.274764 0.999136 0.404044 0.0362558
1 0.101732 0.823238 0.206946 0.362118 0.0362123
4 0.917014 0.195873 0.0733019 0.110969 0.0358689
1 0.016115 0.213303 0.0325918 0.223539 0.0358362
1 0.107779 0.295928 0.22452 0.570165 0.0355248
1 0.231927 0.788675 0.462486 0.426126 0.0351988
10 0.843806 0.0494537 0.0208597 0.0460036 0.035126
10 0.135687 0.143252 0.0370331 0.0778165 0.0348332
4 0.195875 0.180783 0.107034 0.20178 0.0345273
1 0.318836 0.574176 0.651499 0.996166 0.0342306
10 0.174821 0.0131334 0.0587549 0.0271686 0.0339985
10 0.463519 0.0313085 0.296544 0.0644318 0.0338787
1 0.26779 0.218538 0.392148 0.374829 0.0338693
1 0.830462 0.338776 0.333935 0.528177 0.0338127
6 0.972074 0.356463 0.0562107 0.176775 0.033673
6 0.0809237 0.0125667 0.0765163 0.0265773 0.0336492
1 0.505328 0.124512 0.441467 0.246462 0.0336283
4 0.946864 0.148826 0.0259527 0.0399664 0.0328665
10 0.225892 0.0196009 0.0507978 0.035432 0.0326911
1 0.193198 0.7477 0.399563 0.482074 0.0321891
4 0.988584 0.165994 0.0211546 0.0594118 0.0320943
1 0.579527 0.430111 0.860606 0.530695 0.0319253
6 0.0894856 0.014307 0.101198 0.0293642 0.0319196
10 0.137338 0.139201 0.0275668 0.0559443 0.0317984
4 0.843839 0.110143 0.0307661 0.0464392 0.031521
10 0.232894 0.145364 0.0394173 0.103861 0.0312451
6 0.977054 0.316607 0.0465153 0.221935 0.0311105
10 0.831567 0.102936 0.0560669 0.0720008 0.0309792
10 0.237589 0.156429 0.118467 0.13589 0.0308513
1 0.233781 0.275307 0.135238 0.129234 0.0305741
4 0.7706 0.0938854 0.0368081 0.0495952 0.0304976
4 0.197391 0.179141 0.107032 0.198298 0.0301091
10 0.98342 0.434799 0.033671 0.268686 0.029779
1 0.194661 0.925511 0.395265 0.147153 0.0295875
1 0.64643 0.156902 0.688545 0.252269 0.0290734
1 0.119084 0.541315 0.244642 0.522784 0.0289015
1 0.83164 0.504464 0.337294 0.998185 0.0287538
1 0.116335 0.713283 0.238266 0.582998 0.0283806
11 0.0950243 0.0940345 0.190182 0.1383 0.0282645
1 0.104445 0.538876 0.214578 0.483065 0.0279505
10 0.0774256 0.111403 0.0275785 0.0527075 0.0276155
1 0.504547 0.440432 0.999613 0.448538 0.0274502
1 0.723303 0.163103 0.513516 0.260482 0.027225
1 0.304664 0.922154 0.394735 0.159164 0.0271337
4 0.919199 0.220899 0.159369 0.161114 0.0264361
10 0.168523 0.0829827 0.142882 0.182702 0.0263766
1 0.515762 0.213529 0.996134 0.176918 0.0260267
1 0.508289 0.611325 0.996639 0.999798 0.0256229
1 0.256967 0.22554 0.210414 0.254705 0.0255746
1 0.120581 0.742213 0.247596 0.531372 0.0255125
1 0.176734 0.893867 0.320382 0.191676 0.0250572
4 0.916202 0.448283 0.162372 0.280334 0.0250173
1 0.417803 0.131672 0.342804 0.233946 0.0249848
1 0.0580657 0.789099 0.111489 0.519494 0.0244699
1 0.779247 0.563734 0.441938 0.999907 0.0239936
10 0.130906 0.181847 0.117625 0.11769 0.0237529
1 0.194321 0.812944 0.378399 0.348081 0.023629
1 0.224811 0.987982 0.272293 0.0344606 0.0231675
1 0.381157 0.212385 0.0469042 0.051362 0.023012
1 0.195527 0.868705 0.3728 0.233254 0.022892
10 0.0706259 0.129519 0.127523 0.147662 0.0227883
1 0.261487 0.912495 0.491564 0.181642 0.022713
10 0.27563 0.128808 0.0572954 0.0685869 0.0226887
1 0.247429 0.686696 0.269465 0.188898 0.0225935
6 0.211774 0.967136 0.288934 0.0738094 0.0225394
1 0.26546 0.740262 0.260544 0.1499 0.0224981
10 0.902415 0.17123 0.0347902 0.0633055 0.0221806
6 0.282929 0.63187 0.253551 0.185561 0.0220932
1 0.250228 0.975547 0.256731 0.0809169 0.0219
10 0.198922 0.156292 0.0780648 0.1038 0.021745
1 0.191891 0.754022 0.370666 0.441253 0.0217306
10 0.0378328 0.894788 0.074441 0.419991 0.0215826
10 0.481124 0.11065 0.05171 0.0593298 0.0214871
1 0.508779 0.480741 0.932084 0.382032 0.0214223
1 0.792713 0.45215 0.403398 0.389217 0.021079
1 0.0951765 0.508931 0.185263 0.236721 0.0206771
1 0.533243 0.381046 0.999886 0.161056 0.0204965
10 0.111214 0.8751 0.212584 0.217805 0.0204856
10 0.256928 0.181733 0.0515203 0.0775984 0.0204554
6 0.91719 0.335367 0.146546 0.138175 0.0203892
10 0.872118 0.275681 0.0245985 0.0312953 0.0203368
1 0.659466 0.987101 0.196305 0.0388722 0.0201499
6 0.238057 0.221559 0.102855 0.110543 0.0200854
6 0.188715 0.81225 0.364538 0.422298 0.0200223
6 0.0625197 0.63211 0.123178 0.15646 0.0195288
1 0.148699 0.767039 0.202602 0.250652 0.0191103
1 0.591576 0.515206 0.713601 0.400079 0.0190865
6 0.140705 0.553655 0.0691708 0.0762104 0.0190644
6 0.115137 0.580585 0.074267 0.0740343 0.0189323
1 0.669091 0.471474 0.597749 0.402368 0.0188596
6 0.159065 0.928888 0.282931 0.164542 0.0188572
4 0.831609 0.184198 0.0315498 0.0465234 0.0187846
1 0.525586 0.598136 0.99996 0.428628 0.0187631
1 0.128799 0.90899 0.157288 0.194777 0.0186111
6 0.17909 0.84356 0.27332 0.272816 0.0184804
1 0.219908 0.359772 0.0549256 0.0749485 0.0183324
10 0.194845 0.248572 0.0930485 0.0997694 0.0182425
10 0.885642 0.353148 0.0245502 0.031023 0.0178585
1 0.524021 0.606152 0.999883 0.339542 0.0176733
6 0.177504 0.889255 0.314141 0.40961 0.0173881
1 0.48744 0.837087 0.99997 0.999608 0.0170366
10 0.784188 0.539283 0.0186234 0.0387535 0.0168903
10 0.851943 0.622733 0.0436708 0.0455435 0.0166055
1 0.489504 0.879166 0.999967 0.999401 0.0165636
1 0.502598 0.88382 0.999911 0.999362 0.0155877
10 0.491782 0.860748 0.999893 0.999415 0.0151974
10 0.490511 0.864001 0.999922 0.999521 0.0151816
1 0.489178 0.627549 0.992109 0.146774 0.0148448
11 0.502792 0.753695 0.98352 0.342863 0.0146641
1 0.88144 0.535275 0.098465 0.100153 0.0144714
10 0.553873 0.466103 0.293605 0.11416 0.0139179
