0 0.95585 0.841925 0.0893112 0.3176 0.392055
4 0.758988 0.461467 0.0833479 0.120298 0.313804
0 0.907182 0.838975 0.186388 0.322922 0.30199
4 0.699829 0.390207 0.09832 0.122085 0.247747
4 0.566761 0.368649 0.115008 0.144835 0.235473
4 0.449904 0.38732 0.206832 0.155236 0.216193
10 0.973639 0.915202 0.0531974 0.170287 0.206645
4 0.262452 0.437619 0.243231 0.190458 0.202613
0 0.930459 0.734962 0.13898 0.530368 0.20051
0 0.909963 0.839718 0.181943 0.321628 0.19395
0 0.929298 0.850339 0.148726 0.298808 0.192539
4 0.415006 0.398521 0.149416 0.14847 0.174017
0 0.940779 0.753097 0.119838 0.492602 0.164736
0 0.826403 0.843324 0.349139 0.315131 0.163624
10 0.965093 0.91305 0.0701344 0.175058 0.16305
0 0.960555 0.729146 0.0787215 0.540192 0.161161
4 0.46373 0.384578 0.19195 0.150154 0.160645
0 0.869143 0.759889 0.262172 0.481732 0.154834
4 0.507428 0.377934 0.110655 0.142083 0.152802
4 0.121595 0.465621 0.240779 0.214031 0.14479
4 0.0309407 0.47525 0.0635495 0.223247 0.142218
0 0.975733 0.857502 0.049324 0.285113 0.134219
4 0.770111 0.47326 0.0583979 0.100088 0.129173
4 0.196558 0.454256 0.387787 0.240684 0.125083
10 0.981453 0.909343 0.037199 0.172843 0.124941
4 0.297698 0.440534 0.167006 0.170344 0.124229
4 0.596635 0.350396 0.187293 0.164151 0.123452
4 0.0587827 0.338425 0.117794 0.146182 0.121378
4 0.618353 0.367504 0.266972 0.189011 0.116077
0 0.729277 0.841025 0.541115 0.318519 0.113614
0 0.936254 0.900596 0.129054 0.199145 0.10836
4 0.443996 0.405063 0.285933 0.201205 0.107384
10 0.881301 0.492749 0.042544 0.0999433 0.104747
4 0.629876 0.347118 0.0976892 0.148217 0.102378
4 0.485356 0.381897 0.271393 0.164592 0.101312
4 0.435212 0.377357 0.102858 0.101891 0.100306
4 0.552111 0.372849 0.269783 0.173375 0.0981215
4 0.709879 0.354594 0.145881 0.197222 0.0972233
0 0.767696 0.777081 0.462728 0.444185 0.0951331
4 0.754629 0.42941 0.0921317 0.178414 0.0905401
4 0.433014 0.364297 0.11921 0.0939421 0.0903895
4 0.726764 0.424983 0.146098 0.188328 0.0896533
4 0.809855 0.417264 0.188805 0.215248 0.0876824
10 0.805711 0.947407 0.0644541 0.0978891 0.0864621
4 0.815895 0.442341 0.190264 0.170396 0.083835
4 0.0596117 0.418076 0.120037 0.280312 0.0832802
4 0.195319 0.452149 0.38321 0.228757 0.0814007
4 0.164163 0.294922 0.11326 0.126677 0.0801434
4 0.718735 0.394364 0.0561286 0.107882 0.077956
10 0.986796 0.918499 0.0268481 0.156849 0.0759816
0 0.834456 0.842511 0.326153 0.316084 0.0733014
0 0.973317 0.724395 0.0537321 0.548892 0.0718901
1 0.498789 0.842111 0.99962 0.312841 0.0713427
4 0.202628 0.431347 0.128764 0.13931 0.0695623
10 0.963202 0.937 0.0745352 0.128809 0.0694895
4 0.105631 0.453288 0.212376 0.215656 0.0691433
4 0.155004 0.472673 0.180605 0.183758 0.0674513
4 0.792563 0.445725 0.166563 0.182026 0.0673487
4 0.785561 0.929521 0.178005 0.140617 0.0671169
4 0.0234724 0.443541 0.0486444 0.266987 0.0670945
10 0.985375 0.902738 0.0295965 0.142436 0.0662518
4 0.635307 0.366153 0.0758409 0.119747 0.0656823
0 0.946455 0.510972 0.107416 0.97486 0.0651606
4 0.720725 0.335602 0.159852 0.234021 0.0647903
0 0.985331 0.780987 0.0306757 0.432937 0.0645588
4 0.788682 0.93642 0.234703 0.127189 0.0640341
4 0.0349327 0.46321 0.0704757 0.364247 0.0639817
4 0.280061 0.314198 0.166343 0.129555 0.0638837
4 0.156349 0.317974 0.139468 0.17388 0.06307
10 0.984088 0.850789 0.0329863 0.297587 0.0626103
10 0.960814 0.952596 0.0795885 0.0970801 0.0621203
4 0.402516 0.355505 0.125346 0.0877835 0.061258
4 0.62784 0.304466 0.0649024 0.0784246 0.0611394
4 0.513483 0.349635 0.0754351 0.0869092 0.0609957
4 0.182889 0.455557 0.157229 0.190537 0.0604477
0 0.95674 0.86552 0.0801132 0.272869 0.0595004
4 0.269655 0.435616 0.53128 0.240469 0.0593463
4 0.634706 0.347108 0.143641 0.158789 0.058487
1 0.190151 0.804152 0.38495 0.398975 0.0584427
4 0.369731 0.426782 0.151908 0.167993 0.0583737
0 0.760822 0.724721 0.476256 0.550261 0.0580197
1 0.650947 0.953896 0.686839 0.0938311 0.0576588
1 0.60517 0.850738 0.784756 0.296521 0.0563057
4 0.185469 0.390277 0.371591 0.360642 0.0557975
4 0.370916 0.42979 0.163661 0.174981 0.0557721
4 0.387164 0.355134 0.0992831 0.0840322 0.054353
4 0.254484 0.406183 0.214599 0.13333 0.0543216
4 0.758174 0.425123 0.0780067 0.146031 0.0534275
4 0.386487 0.423193 0.121052 0.166746 0.0533003
4 0.281037 0.352443 0.173966 0.163277 0.0529376
4 0.168367 0.437344 0.124413 0.124279 0.0528963
4 0.616006 0.348047 0.17127 0.15913 0.0524253
4 0.932282 0.485421 0.135816 0.191028 0.0522864
10 0.761037 0.936796 0.0991778 0.123839 0.052017
10 0.889463 0.489395 0.0317749 0.104877 0.0505717
4 0.387834 0.409372 0.768811 0.321563 0.0504413
1 0.718188 0.968101 0.554288 0.0661722 0.0503288
10 0.897582 0.484813 0.074391 0.151161 0.0494837
4 0.395404 0.375403 0.101586 0.100594 0.0492877
4 0.175933 0.370534 0.353838 0.372013 0.0492787
4 0.335784 0.306663 0.0472789 0.0687186 0.0492573
1 0.233027 0.807722 0.470996 0.384143 0.0489867
10 0.737824 0.455963 0.0402233 0.0882782 0.0488146
4 0.27162 0.344708 0.197465 0.206722 0.0486633
4 0.835656 0.420078 0.102246 0.133528 0.0485595
4 0.259238 0.294162 0.124712 0.096895 0.0478649
10 0.876907 0.499267 0.0292549 0.0839842 0.0478066
10 0.984214 0.788012 0.0328312 0.418462 0.0477739
4 0.389922 0.381919 0.0845787 0.104435 0.0472562
8 0.0280368 0.513568 0.0572014 0.106422 0.0472504
1 0.499336 0.744663 0.99999 0.514237 0.0463664
4 0.565354 0.304071 0.104745 0.0929909 0.0461505
4 0.0268672 0.479609 0.054552 0.230947 0.0461056
4 0.0297741 0.523576 0.0609651 0.153952 0.045989
4 0.169432 0.39271 0.0920754 0.092058 0.0454345
4 0.0537239 0.365983 0.10189 0.0981816 0.0453855
1 0.793822 0.9527 0.405813 0.0961233 0.0452353
10 0.983093 0.961281 0.0344511 0.0785059 0.04431
4 0.397518 0.351322 0.116994 0.0806933 0.0439406
4 0.137029 0.394056 0.131915 0.0961508 0.0432884
1 0.499672 0.822418 0.99997 0.350855 0.0431694
0 0.970637 0.792181 0.0605955 0.185997 0.0431234
4 0.662962 0.242661 0.0608013 0.0811774 0.0430757
4 0.268941 0.354514 0.205379 0.241806 0.0427613
4 0.408381 0.37034 0.0434511 0.0603872 0.0417357
1 0.500542 0.746764 0.99999 0.509944 0.0416388
1 0.500678 0.756461 0.99999 0.488309 0.0414302
3 0.187759 0.30274 0.376329 0.552218 0.0413664
4 0.32763 0.368566 0.0791305 0.0772401 0.0406714
4 0.709955 0.420211 0.0690811 0.0808279 0.0405811
10 0.907203 0.487924 0.0490124 0.14192 0.0405662
4 0.206845 0.411772 0.0919565 0.0924676 0.0405048
4 0.716754 0.415489 0.0550674 0.0754171 0.0400741
10 0.971881 0.939585 0.0517727 0.113948 0.0398591
10 0.981312 0.855805 0.0375542 0.286598 0.03977
10 0.0105995 0.448897 0.0218051 0.298413 0.0396106
10 0.88254 0.504398 0.0277945 0.0718552 0.0395197
10 0.870824 0.48464 0.0269815 0.10099 0.0388773
0 0.970075 0.788992 0.0620562 0.18762 0.0388658
4 0.719543 0.410651 0.0511695 0.0763201 0.0386699
4 0.160937 0.408354 0.0494282 0.0616979 0.0383568
4 0.757253 0.389912 0.0489389 0.0739647 0.0380834
10 0.891836 0.500501 0.0269404 0.0879958 0.0379003
10 0.971767 0.915866 0.0571375 0.170409 0.0376279
0 0.971802 0.795356 0.0583153 0.155145 0.0373704
1 0.195533 0.296258 0.321939 0.251961 0.0371599
1 0.500309 0.637961 0.999977 0.726986 0.0365475
4 0.414797 0.425877 0.165452 0.114659 0.03611
4 0.716103 0.361022 0.0571128 0.054859 0.0360868
3 0.656878 0.0381998 0.680946 0.0759225 0.0359786
10 0.00828127 0.397859 0.0171264 0.257418 0.0358392
10 0.870068 0.491957 0.0213238 0.0940833 0.0357793
10 0.871155 0.493171 0.026341 0.0917135 0.0357383
4 0.130943 0.467633 0.251111 0.178624 0.0346561
4 0.0535941 0.224164 0.108133 0.333843 0.0346447
1 0.166089 0.286675 0.335092 0.222826 0.0346431
4 0.640419 0.299103 0.0325794 0.0508329 0.0346235
4 0.0748207 0.468709 0.153978 0.166814 0.0345676
4 0.374365 0.34941 0.0782192 0.0774696 0.0344911
3 0.425135 0.30756 0.838066 0.573659 0.0343637
6 0.768066 0.485144 0.0489263 0.0774453 0.0342495
4 0.455456 0.400059 0.0570391 0.0736984 0.0338664
4 0.156861 0.243491 0.134079 0.149668 0.0338044
1 0.728771 0.978937 0.523901 0.0444208 0.0334474
4 0.329988 0.373131 0.0824922 0.087092 0.0334018
1 0.347184 0.80214 0.700665 0.40239 0.0326218
4 0.678234 0.377591 0.0548276 0.0918083 0.0325989
10 0.964324 0.958169 0.0451025 0.0837228 0.0325454
0 0.691247 0.928549 0.587367 0.139315 0.0324042
4 0.757115 0.457497 0.0772886 0.107191 0.0318171
4 0.564017 0.324828 0.0967585 0.0842495 0.0317742
4 0.592748 0.404386 0.047063 0.0845378 0.0312773
0 0.596118 0.847488 0.767485 0.307712 0.0312612
4 0.474027 0.36006 0.0674622 0.0857944 0.0312209
3 0.687437 0.0290431 0.618103 0.0593319 0.0311272
4 0.626622 0.297024 0.0529499 0.05618 0.0310091
0 0.498905 0.819215 0.999984 0.379758 0.0307639
4 0.0182467 0.371418 0.0367085 0.11344 0.0305203
4 0.0943351 0.42093 0.0652806 0.0595783 0.0305039
4 0.190436 0.248173 0.220815 0.180216 0.0303591
4 0.158709 0.214603 0.109639 0.0923137 0.0301775
4 0.287267 0.303721 0.58914 0.558238 0.0298573
4 0.50164 0.397788 0.0961745 0.0942598 0.0296707
6 0.945213 0.963512 0.110382 0.0744482 0.0294092
4 0.391387 0.455817 0.0727429 0.104186 0.0293946
4 0.515304 0.354408 0.0655002 0.0845195 0.0291383
4 0.590416 0.317568 0.0490515 0.0741792 0.028921
4 0.0184656 0.401153 0.0372224 0.0940084 0.0284117
0 0.94374 0.831928 0.0681601 0.221503 0.0284033
4 0.725211 0.377861 0.0813042 0.106589 0.0283318
4 0.407513 0.367621 0.0352538 0.0480425 0.0281985
0 0.985993 0.771711 0.0294116 0.195267 0.0280432
10 0.264737 0.410364 0.0812219 0.121499 0.027715
4 0.148194 0.210199 0.301492 0.295127 0.0275364
4 0.0379962 0.378724 0.0729821 0.0898829 0.0274564
1 0.629375 0.98583 0.716533 0.0292179 0.0267946
4 0.216033 0.426919 0.0759134 0.101313 0.0267419
4 0.335219 0.310692 0.051279 0.0849564 0.0260118
4 0.56251 0.366403 0.0730336 0.0714842 0.0260021
6 0.944993 0.976821 0.108204 0.0475189 0.0259147
10 0.0634756 0.361071 0.054144 0.0860277 0.0258542
4 0.39415 0.374853 0.0591874 0.0617897 0.0258466
4 0.52498 0.435808 0.166918 0.1168 0.0254595
10 0.969018 0.960457 0.0431697 0.0796381 0.0253071
4 0.143433 0.43799 0.0849513 0.103238 0.0252691
4 0.694719 0.330817 0.089009 0.123746 0.0251506
4 0.0205007 0.42833 0.04057 0.107928 0.0250959
4 0.478102 0.39917 0.0806582 0.0814085 0.025055
6 0.763838 0.500773 0.0406156 0.0582707 0.0248917
4 0.032469 0.62035 0.066286 0.120939 0.0246471
4 0.203851 0.930105 0.412684 0.120504 0.02445
8 0.0774253 0.977565 0.155398 0.0459624 0.0243444
10 0.0651568 0.383182 0.037452 0.0505788 0.0240957
4 0.467949 0.417745 0.14313 0.103031 0.0240284
1 0.256707 0.324667 0.105991 0.0578022 0.0238818
6 0.812675 0.984818 0.34069 0.0358332 0.0238542
10 0.985994 0.802744 0.029393 0.16927 0.0234808
4 0.743044 0.48478 0.125743 0.125089 0.0233969
1 0.359952 0.979044 0.130636 0.042156 0.0233926
4 0.0335156 0.43424 0.0677999 0.127492 0.0233808
4 0.459722 0.455046 0.0978704 0.0917251 0.0231435
10 0.914181 0.678808 0.0473602 0.108548 0.0224719
10 0.763963 0.479571 0.0354915 0.0434469 0.0218
10 0.674094 0.388033 0.0456082 0.0619153 0.021494
4 0.211207 0.469227 0.0446478 0.0753928 0.0214017
8 0.194162 0.974414 0.376126 0.0428521 0.021343
4 0.177605 0.471599 0.0967288 0.0764589 0.0210749
4 0.725333 0.32103 0.0570873 0.0877568 0.0210116
4 0.720243 0.395172 0.0547577 0.0558136 0.0208226
10 0.38914 0.421092 0.0522735 0.0714388 0.020628
4 0.260135 0.502568 0.166262 0.109591 0.020475
10 0.181659 0.42601 0.030444 0.0460636 0.0202251
4 0.131955 0.380572 0.0633156 0.0583381 0.0200683
4 0.121464 0.380329 0.0392403 0.0483954 0.0196679
10 0.8958 0.923309 0.0418724 0.062084 0.0195738
10 0.768864 0.497651 0.0598189 0.092856 0.0195052
10 0.607779 0.354914 0.0217628 0.0275205 0.0193262
4 0.680607 0.420996 0.0634143 0.0737992 0.0192756
0 0.495555 0.94096 0.999907 0.114903 0.0192613
1 0.516734 0.967519 0.999965 0.0523578 0.0191872
10 0.777681 0.59476 0.0466366 0.0545268 0.0191184
4 0.73609 0.548855 0.158497 0.117498 0.0190954
10 0.67795 0.482767 0.0548684 0.0554269 0.019006
4 0.226791 0.691488 0.451027 0.177465 0.0188848
4 0.132493 0.430902 0.0522111 0.0702236 0.0186755
10 0.36553 0.426849 0.0419408 0.0716077 0.0185456
1 0.53369 0.962263 0.999896 0.0616902 0.0183152
4 0.612294 0.419939 0.0780387 0.0488851 0.0181782
10 0.198777 0.626761 0.034754 0.0257465 0.0177954
10 0.589083 0.459317 0.0402185 0.0403271 0.0177655
4 0.357661 0.459897 0.0580016 0.0724328 0.0177481
10 0.537265 0.488954 0.0323209 0.0240327 0.0177185
10 0.186773 0.63345 0.0330724 0.0271164 0.0174072
10 0.648975 0.477526 0.0414282 0.0347708 0.0173093
4 0.171224 0.371389 0.0542909 0.0437893 0.0172907
4 0.45828 0.429159 0.0460993 0.0504695 0.0172798
10 0.187511 0.818899 0.0500468 0.0513403 0.0171396
10 0.115515 0.533734 0.0424007 0.0421484 0.0171126
4 0.0549435 0.731481 0.110817 0.130766 0.0169219
6 0.739501 0.767987 0.0386761 0.0348984 0.0168943
6 0.766047 0.52306 0.0365303 0.0334991 0.016741
10 0.78157 0.652837 0.0368404 0.0465852 0.0166152
10 0.37566 0.48436 0.0474123 0.0488481 0.0165159
10 0.159623 0.775764 0.0420674 0.0463267 0.0163777
10 0.243767 0.823436 0.0314878 0.040101 0.0162975
10 0.156468 0.769197 0.04935 0.0518107 0.0162914
4 0.167311 0.802647 0.324013 0.160966 0.016265
10 0.455633 0.506226 0.0680317 0.0579793 0.0160669
10 0.176127 0.766572 0.0451887 0.0444695 0.0159842
2 0.420007 0.861246 0.103247 0.0630253 0.0159759
10 0.633089 0.619813 0.0432106 0.0481912 0.0159078
10 0.731208 0.531908 0.0372298 0.0429084 0.0158747
8 0.739378 0.757149 0.0413316 0.0385042 0.015859
4 0.188501 0.665226 0.179802 0.0871598 0.0157816
10 0.232196 0.693304 0.0439278 0.0360832 0.0155771
6 0.16511 0.569459 0.0513067 0.0403358 0.0153723
4 0.606287 0.52245 0.0488864 0.0439966 0.0153065
2 0.714626 0.762019 0.0435108 0.0461437 0.0152582
10 0.688886 0.618905 0.0800136 0.0862327 0.0152259
10 0.159949 0.549428 0.0376481 0.0446926 0.0150836
10 0.608851 0.616516 0.050995 0.0452684 0.0150478
2 0.40768 0.6027 0.0443744 0.0356978 0.0150011
10 0.485224 0.533892 0.0677101 0.056357 0.0150005
0 0.41245 0.943087 0.478494 0.121634 0.0148568
10 0.381334 0.643171 0.0579049 0.0483008 0.0148415
1 0.260745 0.877121 0.283557 0.0739878 0.0148105
10 0.474823 0.725 0.0570602 0.044097 0.0148077
10 0.359734 0.637444 0.0561661 0.0470919 0.0147899
8 0.170221 0.58521 0.0797793 0.045914 0.0147489
2 0.0350552 0.741204 0.0715063 0.0934228 0.0147323
10 0.497052 0.633096 0.0498568 0.0329138 0.0146727
6 0.0990505 0.79444 0.146084 0.0794617 0.0146178
10 0.672644 0.54968 0.0287997 0.0191234 0.0145343
10 0.461064 0.654311 0.0424658 0.0305673 0.0142944
10 0.636051 0.741654 0.0488612 0.0606157 0.0142695
2 0.658718 0.558336 0.0327469 0.0371955 0.014201
0 0.654857 0.554847 0.0396175 0.033202 0.0141597
6 0.292676 0.734884 0.160514 0.0793823 0.0140448
4 0.655427 0.723893 0.194823 0.0792487 0.0138809
8 0.299942 0.716621 0.101879 0.0433233 0.0134865
