11 0.511692 0.670353 0.332865 0.364932 0.860822
6 0.618936 0.875039 0.160711 0.250605 0.852581
8 0.218622 0.450005 0.111674 0.134994 0.838815
6 0.47491 0.874378 0.149118 0.250136 0.838299
11 0.923624 0.617228 0.0794443 0.179899 0.803496
6 0.678053 0.661748 0.137271 0.321299 0.748616
6 0.358325 0.678544 0.127176 0.293322 0.73615
6 0.562211 0.473433 0.0941891 0.0896769 0.631723
6 0.113583 0.749723 0.22752 0.484023 0.593702
6 0.936755 0.47137 0.125075 0.212721 0.438144
11 0.461915 0.15545 0.0379883 0.042867 0.416454
6 0.927544 0.880978 0.144108 0.23833 0.407804
6 0.478692 0.724699 0.113746 0.104165 0.37544
5 0.312687 0.210944 0.0273977 0.037484 0.372332
6 0.477168 0.733749 0.125091 0.123533 0.342497
6 0.465915 0.492884 0.0816205 0.0775918 0.297278
10 0.981217 0.641505 0.0378809 0.411086 0.291088
6 0.953158 0.466066 0.0934637 0.211119 0.28882
6 0.926419 0.48137 0.108796 0.182574 0.288334
5 0.316841 0.213275 0.0188821 0.0328273 0.281984
11 0.0338888 0.890326 0.0677752 0.217614 0.252346
10 0.983707 0.634626 0.0323565 0.379723 0.243298
6 0.240531 0.974943 0.309408 0.0507434 0.240296
6 0.929535 0.801987 0.141442 0.392369 0.238078
6 0.95871 0.721384 0.0828983 0.553668 0.234953
6 0.920717 0.726193 0.157624 0.545123 0.227527
6 0.47166 0.479037 0.0879004 0.0952059 0.224263
6 0.196267 0.972475 0.391296 0.0563852 0.2138
6 0.913706 0.797056 0.171866 0.403262 0.208135
11 0.0331531 0.841429 0.0663425 0.121621 0.203561
6 0.953164 0.439223 0.0931124 0.161273 0.200639
6 0.476005 0.772308 0.142473 0.199275 0.198141
6 0.0217861 0.584482 0.0434463 0.292519 0.195916
6 0.470908 0.64778 0.132588 0.27337 0.195865
6 0.895593 0.742922 0.207414 0.510607 0.194669
6 0.198197 0.974493 0.394515 0.0524634 0.192511
4 0.652282 0.18212 0.0218117 0.034476 0.187982
6 0.940188 0.73827 0.120089 0.52237 0.185207
6 0.0286224 0.718996 0.058318 0.560287 0.182796
6 0.869224 0.874904 0.25948 0.251645 0.177375
6 0.677376 0.735805 0.13788 0.466234 0.17615
6 0.11193 0.647249 0.222582 0.280035 0.175217
6 0.934781 0.552236 0.128303 0.346639 0.173982
10 0.978379 0.715826 0.0438255 0.561025 0.173054
6 0.920073 0.554513 0.097241 0.318869 0.172312
4 0.301009 0.164892 0.032655 0.0508329 0.167788
6 0.0339214 0.818963 0.0684252 0.361607 0.165108
6 0.676933 0.790404 0.133354 0.312142 0.160973
6 0.0260432 0.681427 0.0524764 0.506325 0.159998
10 0.985176 0.608496 0.0288301 0.320467 0.159108
6 0.25597 0.97875 0.24554 0.0426511 0.157898
6 0.305465 0.973279 0.496796 0.0538223 0.152498
6 0.959136 0.88684 0.0817074 0.226656 0.151825
6 0.0336161 0.767826 0.0685956 0.459467 0.151702
6 0.142071 0.971383 0.285767 0.0584071 0.1513
6 0.0234746 0.654284 0.0472196 0.447751 0.147305
0 0.215121 0.224134 0.0329719 0.0614783 0.147114
6 0.0215271 0.635405 0.0429423 0.230001 0.142047
6 0.204956 0.918947 0.409578 0.162449 0.139802
10 0.984336 0.610747 0.03069 0.37222 0.138045
6 0.26666 0.971431 0.265622 0.0575387 0.135538
6 0.0207017 0.671151 0.0420569 0.378744 0.135173
6 0.673339 0.732378 0.124835 0.174925 0.134325
6 0.1918 0.982471 0.211592 0.0368187 0.13407
10 0.986884 0.54675 0.0266477 0.199705 0.133971
6 0.571159 0.762643 0.0839951 0.193538 0.133606
6 0.20184 0.9209 0.403503 0.158636 0.133152
6 0.619196 0.166501 0.0439793 0.0399828 0.132291
6 0.562378 0.561064 0.101297 0.25978 0.131557
6 0.310052 0.60956 0.0861485 0.168326 0.131309
6 0.23597 0.977957 0.216045 0.0437283 0.129493
6 0.462916 0.645462 0.144198 0.296383 0.128075
0 0.499752 0.154851 0.0213481 0.0331852 0.127913
6 0.404262 0.162536 0.0380815 0.0391755 0.127276
6 0.272052 0.612586 0.153913 0.174698 0.127024
6 0.4445 0.480786 0.144206 0.113151 0.125993
6 0.267688 0.746867 0.130495 0.220932 0.124182
6 0.639735 0.778363 0.189707 0.224635 0.121016
4 0.622257 0.17554 0.0237866 0.022448 0.118046
6 0.115432 0.981829 0.231522 0.038481 0.11538
6 0.11307 0.761852 0.226267 0.472801 0.114998
6 0.983477 0.719964 0.0331612 0.249734 0.112929
6 0.743047 0.741974 0.271255 0.502263 0.112795
6 0.818349 0.877123 0.359554 0.244868 0.110831
6 0.62434 0.796222 0.158002 0.154699 0.110774
6 0.106245 0.978201 0.21325 0.0448509 0.109567
6 0.478787 0.605107 0.105434 0.344765 0.108949
6 0.64376 0.805027 0.208408 0.391146 0.108801
6 0.167818 0.923971 0.338968 0.153385 0.107794
6 0.259155 0.928368 0.334707 0.142185 0.106682
6 0.362453 0.677857 0.147916 0.290206 0.105437
6 0.108603 0.962204 0.219149 0.0761046 0.105249
4 0.606414 0.167908 0.0632913 0.0394045 0.105017
11 0.0193569 0.8918 0.0388795 0.21596 0.104991
6 0.465903 0.157602 0.0309769 0.0375253 0.104625
11 0.034545 0.859386 0.0687225 0.153307 0.103144
6 0.964852 0.61095 0.0700962 0.481074 0.102709
6 0.208481 0.983184 0.251958 0.0349928 0.101823
6 0.735288 0.637899 0.239862 0.298647 0.0971258
6 0.054452 0.974247 0.110382 0.052313 0.0962906
6 0.646174 0.811821 0.206652 0.371396 0.0961844
5 0.305286 0.208342 0.012722 0.0287885 0.0946612
6 0.350223 0.632278 0.107069 0.202047 0.0943062
6 0.232018 0.868941 0.381831 0.259209 0.0935382
6 0.70299 0.587489 0.0771717 0.162704 0.0928537
6 0.363808 0.746391 0.105977 0.160511 0.0920467
6 0.972971 0.729687 0.0546198 0.45798 0.0918617
6 0.478708 0.656488 0.114763 0.25443 0.0915363
6 0.763483 0.743187 0.333765 0.508813 0.0914332
6 0.698225 0.587413 0.0910268 0.166755 0.0911887
6 0.472217 0.798128 0.139151 0.144599 0.090499
6 0.339545 0.609555 0.0861434 0.162443 0.0887584
6 0.435286 0.515759 0.166493 0.167536 0.088522
6 0.0212485 0.522898 0.0423311 0.423239 0.0881055
6 0.0257865 0.795094 0.0525124 0.244211 0.0876222
6 0.794916 0.742944 0.405783 0.511102 0.0857735
6 0.472412 0.793092 0.135728 0.102668 0.0840874
6 0.769918 0.744242 0.458307 0.509785 0.0829965
6 0.7686 0.743472 0.458089 0.509845 0.0829467
6 0.443048 0.669653 0.196151 0.371128 0.0824141
6 0.107335 0.888898 0.21711 0.220599 0.0809182
6 0.600318 0.634123 0.152761 0.302518 0.0802279
6 0.989028 0.496787 0.023204 0.288481 0.0799974
6 0.608158 0.677033 0.167903 0.37611 0.0799266
0 0.215363 0.234131 0.0274766 0.0395009 0.0798162
6 0.686266 0.597702 0.113917 0.196281 0.0796703
6 0.0923444 0.87379 0.185526 0.250087 0.0795887
5 0.864416 0.0149984 0.0472208 0.0310343 0.0792462
11 0.476029 0.768582 0.109066 0.0434146 0.0784114
6 0.646914 0.688813 0.229389 0.396274 0.0775835
6 0.0334058 0.862479 0.0681413 0.249425 0.076712
6 0.948369 0.529482 0.101882 0.220081 0.0766102
6 0.686117 0.53058 0.110457 0.0902137 0.0753894
6 0.97169 0.510652 0.0567797 0.137421 0.0748301
8 0.217775 0.451128 0.10814 0.130106 0.0740679
11 0.0125199 0.959271 0.0250959 0.08281 0.0739444
6 0.346193 0.616063 0.0770718 0.144166 0.0729772
6 0.479137 0.683453 0.109718 0.187597 0.0722978
6 0.56613 0.164656 0.0419511 0.0414758 0.071977
4 0.651854 0.188548 0.0195756 0.0232012 0.0711766
6 0.717697 0.576687 0.17538 0.187168 0.0710558
6 0.679082 0.683131 0.139044 0.248955 0.0707302
6 0.56274 0.474152 0.0906477 0.083942 0.0703031
6 0.349089 0.81974 0.437317 0.35716 0.0698094
10 0.0210642 0.537663 0.0420525 0.631457 0.0676118
6 0.444782 0.674852 0.192049 0.384675 0.0675011
10 0.804621 0.988193 0.118692 0.0253291 0.067328
10 0.989517 0.487165 0.0232487 0.308428 0.0668091
6 0.294936 0.637931 0.0510865 0.1004 0.0666138
11 0.521695 0.592383 0.308339 0.214256 0.065858
6 0.609754 0.7904 0.144749 0.190492 0.0658424
6 0.446033 0.728318 0.0730275 0.0998839 0.0657901
6 0.266166 0.611984 0.141449 0.171393 0.0651427
6 0.472269 0.816695 0.138737 0.169697 0.0648702
4 0.56633 0.168845 0.040742 0.0306425 0.0644585
4 0.580964 0.170426 0.0142445 0.028785 0.0637318
6 0.673995 0.823624 0.110747 0.346679 0.063464
6 0.615951 0.875742 0.152043 0.240617 0.063169
6 0.675262 0.779623 0.15061 0.413533 0.0606663
6 0.826761 0.743747 0.342056 0.509995 0.0605562
6 0.557103 0.683525 0.385599 0.39346 0.058589
6 0.111925 0.79462 0.225027 0.415164 0.0585692
6 0.369272 0.800452 0.10806 0.227161 0.0582819
7 0.010483 0.97374 0.0209282 0.0544294 0.0582645
6 0.450489 0.155046 0.0264667 0.0413758 0.0582418
4 0.0802224 0.179605 0.0707678 0.0764411 0.058136
6 0.504487 0.720479 0.0562526 0.0914992 0.0570683
4 0.618652 0.170061 0.0852977 0.0519359 0.0566867
6 0.143776 0.979027 0.140115 0.0434548 0.0555791
6 0.264299 0.922322 0.250545 0.173767 0.0551835
7 0.0161157 0.810435 0.0326581 0.110329 0.0546827
6 0.474861 0.717172 0.111493 0.0878931 0.054462
6 0.91574 0.925231 0.164924 0.155794 0.0541058
6 0.280974 0.74081 0.321288 0.438339 0.0536585
6 0.382295 0.761955 0.195713 0.479059 0.0528429
6 0.311392 0.654146 0.0849183 0.201208 0.0526301
6 0.390851 0.737804 0.83893 0.530348 0.0525454
6 0.134413 0.983515 0.252556 0.0330696 0.0524441
6 0.925551 0.617539 0.107045 0.154612 0.0523718
7 0.491029 0.703891 0.0290545 0.0320202 0.0518013
6 0.926812 0.910466 0.146381 0.184897 0.0516019
4 0.305732 0.168686 0.0251118 0.0363352 0.0513404
6 0.599817 0.797073 0.113605 0.143209 0.0508838
6 0.408941 0.687445 0.133085 0.260459 0.0497137
6 0.109587 0.991221 0.21469 0.0199164 0.0493696
6 0.650408 0.63679 0.0863283 0.256866 0.0493332
6 0.848014 0.95926 0.293823 0.0859135 0.0490383
6 0.47309 0.834413 0.135451 0.109208 0.0489829
6 0.701944 0.84567 0.609027 0.304484 0.0489143
6 0.0556325 0.680372 0.109663 0.204324 0.0482662
6 0.469793 0.1665 0.027217 0.0214949 0.0479967
4 0.0646698 0.190363 0.0267075 0.0345895 0.0476234
6 0.983337 0.750761 0.031288 0.195617 0.0471581
6 0.54524 0.760813 0.0375974 0.181756 0.0463813
10 0.307081 0.182255 0.0449236 0.0868103 0.0462746
6 0.475175 0.848147 0.131214 0.0771532 0.0456663
6 0.370977 0.869785 0.387599 0.256066 0.0453439
6 0.495296 0.856211 0.119931 0.155694 0.0438021
6 0.452684 0.138811 0.0150019 0.0220242 0.0436351
10 0.0132298 0.477668 0.0261757 0.223377 0.0435572
6 0.457886 0.717185 0.0458537 0.0600223 0.0435212
11 0.517103 0.664683 0.320103 0.37354 0.0434397
6 0.335695 0.677805 0.0750287 0.132246 0.0434355
6 0.504129 0.480105 0.021143 0.0718829 0.0434321
6 0.971396 0.952642 0.0484238 0.174323 0.0430743
6 0.956826 0.782847 0.0826541 0.152169 0.0425176
6 0.43065 0.758153 0.0637499 0.159378 0.0424705
6 0.668655 0.576553 0.0705929 0.160578 0.0422766
6 0.0589017 0.946386 0.119993 0.110808 0.0420247
6 0.265172 0.63922 0.106371 0.128045 0.041841
7 0.375628 0.589313 0.0272693 0.0349762 0.0418172
6 0.415805 0.76244 0.0694218 0.16242 0.0410644
6 0.711161 0.695732 0.076055 0.228709 0.0404225
6 0.805454 0.989003 0.267811 0.0710742 0.0398914
6 0.669457 0.64052 0.101422 0.12546 0.0392349
6 0.0658645 0.778229 0.13853 0.294967 0.038922
11 0.926365 0.581441 0.0712114 0.11327 0.0388418
6 0.561833 0.849618 0.0795673 0.288478 0.038248
6 0.908197 0.966179 0.175624 0.0689428 0.0379969
11 0.925967 0.615186 0.0741786 0.176727 0.0378768
6 0.599579 0.68798 0.148371 0.348607 0.0371526
6 0.0742856 0.884371 0.14899 0.256077 0.0370958
6 0.0178947 0.903144 0.0368241 0.12218 0.0361623
7 0.313512 0.981595 0.0979255 0.0353399 0.0359205
6 0.58161 0.668842 0.130435 0.38171 0.0358363
6 0.260162 0.830633 0.172037 0.233674 0.035511
6 0.625012 0.812475 0.132742 0.125138 0.0353192
6 0.676636 0.581407 0.0634494 0.169733 0.0348001
6 0.357412 0.747471 0.0853975 0.118705 0.0343528
6 0.673646 0.84612 0.0793766 0.0917479 0.0342834
6 0.516019 0.957167 0.248451 0.0891079 0.0340813
6 0.640906 0.936599 0.171481 0.173318 0.033029
6 0.652362 0.182998 0.0175386 0.0269655 0.0327079
6 0.215324 0.976721 0.121586 0.0401695 0.031643
6 0.938576 0.486679 0.0584801 0.107752 0.0312649
6 0.314349 0.771579 0.0715422 0.102476 0.0310673
6 0.474938 0.802776 0.13593 0.182588 0.0306707
6 0.0329303 0.989771 0.065945 0.0435501 0.0300872
6 0.520987 0.814467 0.248702 0.201786 0.0299009
6 0.68357 0.875595 0.0792369 0.250627 0.0294951
11 0.474803 0.154309 0.0817116 0.0461037 0.029433
6 0.452103 0.77136 0.0705529 0.0682919 0.0291875
6 0.454075 0.714529 0.0497217 0.0431715 0.0289252
6 0.542362 0.764938 0.0357858 0.12624 0.0280011
6 0.305558 0.796361 0.0714581 0.0904341 0.0279883
6 0.985144 0.924491 0.0266674 0.127691 0.0278355
6 0.468978 0.938568 0.136979 0.121453 0.0277769
11 0.926506 0.589524 0.0701221 0.106952 0.0272824
6 0.41948 0.963268 0.115771 0.0842004 0.0272261
6 0.98772 0.906923 0.0217726 0.127805 0.0267579
6 0.61204 0.946485 0.158422 0.146552 0.0262724
6 0.562121 0.976167 0.156287 0.0637686 0.0262696
6 0.416801 0.903939 0.0582668 0.0599312 0.0261459
6 0.453076 0.522123 0.0560265 0.0349205 0.0258478
4 0.463429 0.163759 0.232809 0.0707324 0.0257392
6 0.614808 0.900423 0.106619 0.0536023 0.0251488
11 0.494955 0.167619 0.0389723 0.0318329 0.0248383
6 0.559462 0.963016 0.0916848 0.0856748 0.0243272
6 0.213242 0.994095 0.108569 0.0115038 0.0239964
11 0.0398967 0.842038 0.0828935 0.121042 0.0238845
6 0.586343 0.912716 0.0887109 0.0769912 0.0235344
6 0.311615 0.890457 0.179832 0.163931 0.02328
6 0.670053 0.80811 0.04356 0.0336235 0.0228676
6 0.450917 0.967756 0.142117 0.0816352 0.0228237
6 0.256033 0.945309 0.123745 0.0876286 0.0225752
6 0.52188 0.946543 0.0867188 0.147608 0.0225046
6 0.568949 0.963295 0.0723553 0.0720742 0.0224766
8 0.315697 0.21792 0.0196608 0.0291513 0.0224601
6 0.477802 0.773574 0.0347505 0.0173154 0.0222222
6 0.619062 0.213996 0.0206089 0.0191625 0.0218882
6 0.323231 0.821753 0.0555977 0.120243 0.0218317
6 0.464509 0.961183 0.0964423 0.0525608 0.0216885
6 0.920082 0.879118 0.03593 0.069072 0.0216368
11 0.0416142 0.993764 0.065041 0.0282271 0.0213901
6 0.893123 0.904556 0.0735414 0.208316 0.0213711
6 0.911698 0.875614 0.0698269 0.0801726 0.0213511
6 0.944603 0.808226 0.0540516 0.05886 0.0210236
6 0.646964 0.893304 0.055919 0.058918 0.0206971
6 0.919971 0.851776 0.0539345 0.0646301 0.0204141
2 0.94447 0.969128 0.074291 0.0722605 0.0204066
6 0.594342 0.962354 0.104657 0.073741 0.0200562
6 0.527868 0.85538 0.0445659 0.0708372 0.019979
6 0.451106 0.945298 0.0865335 0.055204 0.0199071
6 0.0699593 0.945847 0.118739 0.0981662 0.0198023
6 0.139088 0.767973 0.0475695 0.0742346 0.0194865
6 0.447845 0.986981 0.144344 0.0407388 0.0192849
2 0.528005 0.881635 0.0359261 0.0158184 0.0185864
6 0.137344 0.940734 0.0952216 0.093858 0.0184978
6 0.455439 0.959917 0.0851882 0.0530245 0.0184976
11 0.0917767 0.897847 0.0764913 0.0656143 0.0183631
6 0.722498 0.752796 0.0267483 0.0184327 0.0181202
10 0.300338 0.860123 0.0601921 0.101264 0.0179576
10 0.882059 0.965845 0.0581233 0.0763489 0.017641
10 0.195351 0.634021 0.0489379 0.0430061 0.0175692
6 0.487089 0.975523 0.241469 0.0630968 0.0175512
6 0.54789 0.978718 0.0635524 0.0580606 0.0174586
6 0.92477 0.63129 0.0330276 0.0243052 0.0174211
11 0.351333 0.949633 0.0640402 0.0490568 0.017343
4 0.226055 0.335235 0.0190205 0.0316988 0.0167051
10 0.716073 0.962509 0.0531998 0.0511593 0.0163819
