1 0.427299 0.0964393 0.151967 0.194247 0.540747
1 0.217111 0.611516 0.431104 0.655937 0.492101
1 0.545348 0.137492 0.184179 0.27414 0.472922
1 0.52946 0.127457 0.15647 0.252808 0.314776
1 0.22192 0.588957 0.437073 0.806735 0.307014
1 0.221624 0.619569 0.440177 0.747251 0.290414
1 0.380231 0.0962424 0.256594 0.193283 0.206364
1 0.222362 0.546257 0.439766 0.8986 0.201285
1 0.329123 0.0878299 0.156331 0.177273 0.19402
1 0.0841642 0.0168556 0.0873047 0.0337433 0.192818
1 0.472839 0.0962784 0.231285 0.191694 0.188813
1 0.127322 0.025927 0.164587 0.0525975 0.181291
1 0.0858963 0.609638 0.170555 0.769464 0.167703
1 0.131316 0.0416278 0.230053 0.0827521 0.162461
1 0.169332 0.032799 0.143674 0.0666839 0.161537
1 0.0770298 0.511333 0.152341 0.968036 0.152932
1 0.207952 0.561604 0.417419 0.620762 0.151289
1 0.916975 0.248381 0.165588 0.494743 0.149525
1 0.150279 0.0401008 0.207672 0.0794568 0.146581
1 0.0716028 0.511508 0.142812 0.959084 0.14405
10 0.201491 0.0336501 0.0855394 0.0681865 0.143698
1 0.239436 0.576736 0.383446 0.508168 0.139312
10 0.205485 0.032966 0.061339 0.0666534 0.138335
1 0.0931244 0.51167 0.183596 0.969136 0.135901
1 0.27809 0.115377 0.252789 0.233053 0.134849
1 0.0905576 0.508012 0.179024 0.973102 0.131959
1 0.266055 0.0690268 0.173646 0.14164 0.131284
1 0.7274 0.267085 0.554544 0.538978 0.126271
1 0.953723 0.297614 0.0951534 0.336001 0.125881
10 0.155137 0.0237215 0.0428879 0.0472177 0.123671
1 0.255513 0.635732 0.509547 0.727206 0.1234
1 0.34293 0.103777 0.377522 0.207158 0.122982
1 0.410195 0.114813 0.520251 0.233211 0.117858
1 0.113847 0.564637 0.223316 0.861359 0.117621
1 0.0792605 0.513831 0.156768 0.520606 0.115339
1 0.937911 0.237316 0.127565 0.472942 0.113792
1 0.509576 0.125058 0.353402 0.250256 0.113163
1 0.771956 0.242677 0.450598 0.481893 0.110158
1 0.945251 0.284858 0.111652 0.385569 0.109095
1 0.422242 0.0222851 0.134615 0.0450539 0.108184
1 0.0180923 0.3839 0.0368254 0.302524 0.107141
1 0.904196 0.237153 0.19431 0.474824 0.106406
1 0.0181042 0.381311 0.036989 0.369226 0.104152
1 0.216373 0.0460661 0.393481 0.0921462 0.103519
1 0.721563 0.239816 0.554625 0.479623 0.101871
1 0.416589 0.0169971 0.103475 0.0338889 0.101595
1 0.588883 0.175823 0.294025 0.350886 0.101549
1 0.72446 0.267053 0.550638 0.534999 0.100836
1 0.958012 0.25058 0.0869745 0.487773 0.1006
1 0.558931 0.065868 0.165811 0.133586 0.0997616
1 0.954489 0.318681 0.095682 0.28297 0.0995076
1 0.106539 0.0161971 0.051315 0.0320607 0.0975804
10 0.516845 0.015681 0.0893211 0.0321337 0.0974527
1 0.0642526 0.0116359 0.116971 0.0247843 0.097113
1 0.133949 0.0190194 0.0858978 0.038463 0.0939852
1 0.214219 0.0950218 0.39082 0.188949 0.0938712
10 0.144315 0.0189644 0.0633679 0.0382901 0.0937224
1 0.326556 0.0382637 0.13674 0.0777624 0.0930599
1 0.534687 0.201524 0.185911 0.397835 0.0927042
1 0.0719801 0.548342 0.144519 0.580885 0.0925669
1 0.52065 0.147514 0.133284 0.234269 0.0922661
1 0.0636526 0.444418 0.127818 0.40248 0.090523
1 0.15693 0.603534 0.31016 0.785341 0.0897872
1 0.0751343 0.0124087 0.0976802 0.0259886 0.0894139
1 0.278082 0.150004 0.233603 0.304195 0.0865971
10 0.503208 0.0169849 0.0950832 0.034648 0.0863724
1 0.176075 0.107712 0.341269 0.21421 0.0861498
1 0.0279346 0.31053 0.0564312 0.581288 0.0860918
1 0.510797 0.08742 0.137777 0.176343 0.0854869
1 0.653037 0.142554 0.418586 0.285941 0.0845161
1 0.0247339 0.399746 0.0502639 0.664523 0.0845138
1 0.770845 0.0341003 0.173794 0.0691702 0.083132
1 0.372969 0.648433 0.736505 0.700288 0.0825688
10 0.148539 0.0286917 0.0555337 0.0570964 0.0824363
1 0.373797 0.0311309 0.255173 0.0631454 0.0816608
1 0.721306 0.500051 0.573485 0.992164 0.0811335
1 0.0453449 0.466726 0.0918962 0.847283 0.0810955
1 0.124092 0.0986153 0.24254 0.194472 0.0808369
10 0.541941 0.0160331 0.0945752 0.0331157 0.0805543
1 0.770115 0.234635 0.455148 0.468716 0.0803952
1 0.871262 0.255156 0.253686 0.510156 0.080083
1 0.424255 0.0172149 0.102693 0.0346009 0.0794444
1 0.594754 0.212158 0.300725 0.427911 0.0794114
1 0.558899 0.0314507 0.179963 0.0639804 0.0774753
10 0.218059 0.0223846 0.0553123 0.0454837 0.0771607
10 0.868275 0.272336 0.0491396 0.101706 0.0769449
1 0.325998 0.0345806 0.12417 0.0699667 0.0767042
1 0.72136 0.278043 0.547818 0.559106 0.0759499
10 0.533042 0.0251917 0.118114 0.0514379 0.0755682
1 0.506184 0.502369 0.97944 0.982498 0.0743822
10 0.274738 0.0152301 0.0713183 0.0306475 0.0739543
1 0.0208291 0.435994 0.0428519 0.482367 0.073882
1 0.719216 0.380845 0.55572 0.767438 0.072183
1 0.435743 0.648659 0.859537 0.701861 0.071799
1 0.429246 0.647644 0.846257 0.704133 0.0717449
10 0.294273 0.0168297 0.0747676 0.0341601 0.0713202
1 0.47844 0.0290872 0.260549 0.0590358 0.0693272
1 0.0454674 0.352479 0.0921401 0.670545 0.0687416
1 0.12693 0.0146852 0.185898 0.0316237 0.0682358
1 0.0107845 0.35425 0.0212596 0.20389 0.0681039
1 0.720594 0.368479 0.552888 0.737513 0.0681009
1 0.951946 0.332543 0.0973642 0.302272 0.0670516
1 0.0344881 0.533147 0.0699146 0.897451 0.0657897
1 0.274867 0.0315962 0.223476 0.064311 0.0656465
1 0.469101 0.0193559 0.238142 0.0390746 0.0649575
1 0.199821 0.514502 0.408306 0.955858 0.0648595
1 0.169445 0.632082 0.337468 0.731315 0.064343
1 0.663561 0.163962 0.202327 0.263156 0.0642715
1 0.0611703 0.00813957 0.0542846 0.017054 0.0631641
1 0.260262 0.145527 0.507024 0.287531 0.0629502
1 0.312554 0.0341438 0.128038 0.0693554 0.062049
1 0.875694 0.241716 0.262313 0.481334 0.061327
1 0.419761 0.662417 0.821012 0.675569 0.061207
1 0.187633 0.159993 0.368272 0.316679 0.0611729
1 0.170955 0.514601 0.351849 0.962266 0.0611111
1 0.0372963 0.556446 0.076244 0.848372 0.0610252
1 0.077437 0.547503 0.156037 0.856102 0.0608812
1 0.229026 0.672308 0.457643 0.654357 0.0606822
10 0.487403 0.0171436 0.0924982 0.0349119 0.0603634
10 0.0798785 0.819571 0.159994 0.361809 0.0603294
1 0.693734 0.167232 0.512659 0.33424 0.0600483
1 0.338035 0.0147338 0.148606 0.0295582 0.0597951
1 0.129435 0.520682 0.260963 0.944211 0.0597333
10 0.171787 0.0293177 0.0928817 0.0586748 0.0594479
1 0.245461 0.508081 0.48443 0.972644 0.0594218
10 0.171842 0.0302831 0.088846 0.0606748 0.0588611
10 0.56609 0.0157999 0.0891613 0.0321402 0.058384
1 0.723588 0.172011 0.313651 0.290916 0.0579271
1 0.552937 0.16694 0.866361 0.338321 0.0576782
1 0.607252 0.101456 0.303723 0.20814 0.0576182
1 0.713966 0.272309 0.561768 0.54578 0.0568831
1 0.971739 0.322131 0.0580313 0.25257 0.0568818
1 0.464171 0.037986 0.219286 0.0765766 0.0568036
1 0.379987 0.0154495 0.0965142 0.0310914 0.0567952
1 0.20374 0.517834 0.404597 0.577148 0.0566008
1 0.72617 0.486393 0.547455 0.96464 0.0565471
1 0.499662 0.631617 0.979775 0.735115 0.0563093
10 0.0778393 0.771471 0.156327 0.458068 0.0558609
1 0.0843399 0.622045 0.171576 0.751802 0.0556739
1 0.0389561 0.247473 0.078664 0.475568 0.055435
1 0.320471 0.653107 0.584606 0.674417 0.0551063
1 0.131496 0.63898 0.255328 0.720173 0.0550377
1 0.0834308 0.482556 0.167916 0.852395 0.0548738
1 0.504474 0.499909 0.978272 0.976115 0.0541729
1 0.6179 0.0314282 0.118469 0.0638787 0.0534981
1 0.900855 0.227582 0.20428 0.461825 0.0533773
6 0.0728065 0.673185 0.145311 0.654993 0.0528549
10 0.254162 0.0311606 0.121091 0.0623389 0.0528202
10 0.319419 0.015519 0.117943 0.0309898 0.0527827
10 0.455699 0.0170367 0.0741298 0.0347899 0.0526894
1 0.344937 0.0360385 0.10124 0.0735399 0.0512842
10 0.478093 0.0182705 0.115472 0.0373166 0.0507939
10 0.4506 0.0172651 0.142799 0.0352774 0.0505121
10 0.235845 0.0158551 0.0617256 0.0315701 0.0502684
1 0.0326449 0.584173 0.0669103 0.789206 0.0501566
10 0.179814 0.0188877 0.0949218 0.0383083 0.0500555
1 0.216847 0.661229 0.430461 0.676067 0.0496735
1 0.300196 0.506799 0.585762 0.968513 0.0493289
10 0.251254 0.0305078 0.137223 0.0614838 0.0489118
1 0.270805 0.68561 0.528335 0.626889 0.0484819
1 0.474054 0.667184 0.916023 0.661884 0.0483458
10 0.260269 0.0138178 0.100365 0.028313 0.0481165
1 0.368957 0.0146572 0.081888 0.0295779 0.0474788
11 0.251545 0.891142 0.499651 0.216132 0.0472939
1 0.405096 0.503213 0.790882 0.983555 0.0472816
1 0.915208 0.503366 0.170211 0.991487 0.0472366
1 0.498625 0.50229 0.9663 0.980042 0.0470643
1 0.382782 0.139486 0.586469 0.281606 0.0469327
1 0.898706 0.294986 0.202232 0.398902 0.0469174
1 0.725231 0.501318 0.554302 0.989587 0.0467453
1 0.663944 0.182297 0.45848 0.35961 0.0466
1 0.984488 0.3469 0.0316034 0.260406 0.0462248
10 0.278502 0.015269 0.154511 0.0310038 0.0461229
1 0.213088 0.526966 0.410776 0.85338 0.0460244
1 0.505814 0.167574 0.951758 0.341131 0.0456106
10 0.47523 0.0170328 0.0910197 0.0347808 0.045368
1 0.205063 0.706214 0.411408 0.58668 0.0449932
1 0.727898 0.0271227 0.118582 0.0556426 0.044951
10 0.18382 0.0170001 0.0786971 0.0345174 0.0444669
1 0.557649 0.223528 0.881461 0.457196 0.0444021
1 0.010185 0.393547 0.0196081 0.236816 0.0441339
1 0.723855 0.473965 0.554472 0.950718 0.0441293
10 0.269267 0.0158339 0.163792 0.032085 0.0441187
4 0.915803 0.0567114 0.171556 0.114653 0.0437046
10 0.263007 0.0322789 0.144145 0.0642769 0.043336
10 0.586944 0.0358843 0.0700736 0.073161 0.0431899
1 0.956375 0.503627 0.0901878 0.977287 0.0431847
1 0.275168 0.666227 0.52722 0.663649 0.0430563
10 0.106663 0.744379 0.20954 0.509256 0.0428418
1 0.0171925 0.207833 0.0348754 0.391709 0.042809
11 0.246584 0.900496 0.488632 0.197627 0.0427062
10 0.236277 0.0330415 0.0722829 0.0667735 0.0426659
1 0.960143 0.50009 0.0828857 0.969907 0.0424183
10 0.0795355 0.872615 0.159644 0.257309 0.0420723
1 0.24504 0.745844 0.485141 0.511137 0.0415337
1 0.113952 0.662473 0.222397 0.674836 0.0413224
1 0.119313 0.436742 0.24225 0.669794 0.0407732
10 0.250663 0.015628 0.076339 0.0310473 0.0407277
1 0.190881 0.687515 0.378917 0.615379 0.0406039
1 0.660055 0.0289163 0.388717 0.05923 0.0405576
1 0.960843 0.704667 0.0803949 0.57866 0.040492
10 0.975802 0.0995538 0.0508945 0.198899 0.0404756
10 0.10841 0.868626 0.212209 0.263699 0.0400907
1 0.0732648 0.647354 0.149535 0.702911 0.0396546
10 0.110474 0.820159 0.21748 0.359432 0.0395793
1 0.370742 0.0129169 0.111004 0.0260147 0.0393231
1 0.103209 0.158178 0.208711 0.311012 0.0391728
1 0.958605 0.752607 0.0842871 0.488054 0.0386185
10 0.598864 0.0255523 0.0657183 0.0518889 0.0385357
4 0.912 0.0738849 0.173761 0.147874 0.0383875
10 0.259964 0.033185 0.10814 0.0671301 0.0382391
4 0.825856 0.0337619 0.278513 0.0678219 0.0379949
1 0.784636 0.501967 0.437538 0.987865 0.0379105
1 0.559593 0.0799029 0.154141 0.163046 0.0378958
1 0.248198 0.841687 0.492595 0.317998 0.0376326
1 0.989844 0.357188 0.0211119 0.163337 0.0374642
1 0.396552 0.504699 0.769081 0.985135 0.0374391
1 0.682198 0.145871 0.0883376 0.213739 0.0373745
1 0.0320941 0.124596 0.0664426 0.245873 0.0372192
1 0.258754 0.827509 0.510027 0.345725 0.0371946
10 0.869604 0.274075 0.059984 0.111673 0.0371847
1 0.721574 0.0519987 0.510928 0.104703 0.0366033
1 0.91104 0.501232 0.178422 0.983619 0.0364384
1 0.741053 0.111608 0.21962 0.224431 0.0361571
1 0.475644 0.65488 0.909306 0.67704 0.0361298
1 0.931349 0.690344 0.13902 0.614849 0.0360769
1 0.989053 0.374009 0.0229477 0.224385 0.035911
1 0.929347 0.814579 0.143806 0.370121 0.0358867
1 0.906726 0.176645 0.189086 0.363405 0.0357309
1 0.351359 0.01297 0.106821 0.0258765 0.035202
10 0.854207 0.271919 0.0601631 0.0955891 0.0350957
1 0.961694 0.814998 0.0790394 0.362845 0.0348629
1 0.929752 0.744573 0.142394 0.506155 0.0348475
1 0.942062 0.647053 0.118936 0.697718 0.034821
10 0.0788238 0.907697 0.15732 0.189219 0.0345223
1 0.0584582 0.0469833 0.114851 0.0962003 0.0339538
1 0.243974 0.644488 0.370595 0.55176 0.0339104
10 0.106463 0.914368 0.208543 0.172937 0.0331761
10 0.85832 0.275241 0.0499836 0.10429 0.0330439
1 0.40554 0.10032 0.137255 0.205889 0.0329744
1 0.230871 0.168876 0.454664 0.339898 0.0328789
1 0.977987 0.495842 0.0457508 0.864451 0.0328642
1 0.675554 0.0570116 0.550925 0.114992 0.0327389
10 0.987134 0.190724 0.0261589 0.370581 0.0323465
1 0.967667 0.864148 0.0668587 0.268006 0.0322861
1 0.500976 0.753763 0.985367 0.494103 0.0322443
10 0.607777 0.0167957 0.149508 0.0343182 0.0321068
10 0.978472 0.14173 0.0464611 0.276901 0.0320399
10 0.983987 0.0792433 0.0345373 0.162848 0.0317749
1 0.946379 0.174176 0.115728 0.357639 0.0317415
10 0.981799 0.112306 0.0382978 0.223439 0.0315845
1 0.988687 0.378815 0.024161 0.187408 0.0314941
1 0.933181 0.871593 0.136623 0.259483 0.0313472
1 0.938111 0.296606 0.0431009 0.0920173 0.0313465
1 0.936713 0.293508 0.0408722 0.0939441 0.0307718
10 0.984828 0.0939523 0.0316607 0.186589 0.0305458
8 0.15612 0.876859 0.307881 0.246447 0.0303371
1 0.326968 0.0395832 0.144521 0.110624 0.0302406
10 0.984706 0.0760867 0.0322367 0.154585 0.0295977
1 0.177691 0.524009 0.260323 0.279223 0.0294559
1 0.0174278 0.62525 0.0356565 0.706995 0.0290815
1 0.655776 0.0187644 0.108543 0.0378396 0.0288165
11 0.272635 0.966114 0.435427 0.0676697 0.0285262
1 0.990894 0.313774 0.0187532 0.194152 0.0284941
10 0.983688 0.0566965 0.0343563 0.116128 0.0282983
1 0.868702 0.156252 0.26993 0.323111 0.02819
1 0.985514 0.175771 0.0296194 0.129037 0.0280925
1 0.703694 0.69681 0.602941 0.608913 0.0278941
1 0.168869 0.676621 0.328658 0.561011 0.027652
1 0.847633 0.132851 0.311694 0.274165 0.027509
10 0.882604 0.270304 0.0409044 0.0970402 0.0272231
1 0.571475 0.255468 0.0853234 0.082135 0.027038
1 0.990887 0.195124 0.0184425 0.229247 0.0259124
11 0.279533 0.929706 0.482433 0.14307 0.0258289
8 0.160657 0.914363 0.316719 0.173109 0.0256932
1 0.0114852 0.133839 0.0231049 0.26009 0.0255909
11 0.332522 0.970565 0.318891 0.0593202 0.025508
11 0.501977 0.91337 0.969126 0.17338 0.0253207
1 0.933694 0.294263 0.0458525 0.0955621 0.0251493
1 0.436596 0.772271 0.850897 0.457756 0.024952
1 0.317475 0.852422 0.626121 0.294969 0.0244252
1 0.196389 0.834494 0.389834 0.334129 0.0243674
1 0.213682 0.535544 0.411358 0.909071 0.0237577
1 0.829807 0.165314 0.232147 0.315312 0.0231269
1 0.155993 0.627769 0.273645 0.469378 0.0229467
1 0.256313 0.679665 0.442678 0.634586 0.0227105
1 0.694289 0.494259 0.503726 0.98939 0.022616
1 0.656488 0.0182299 0.0730207 0.0367029 0.0217005
1 0.487399 0.824607 0.940308 0.349567 0.0212556
11 0.420198 0.881258 0.822182 0.23735 0.0211752
1 0.645314 0.496738 0.627586 0.994296 0.0190147
10 0.986056 0.0362819 0.029117 0.0746566 0.0187411
11 0.412766 0.938587 0.740462 0.125301 0.018355
11 0.376065 0.938311 0.595807 0.126117 0.017967
1 0.201142 0.968853 0.391192 0.0634009 0.0169785
1 0.496031 0.625591 0.928415 0.711413 0.0163694
1 0.56224 0.495472 0.869174 0.967626 0.0163286
1 0.129372 0.012816 0.22837 0.22629 0.0153475
1 0.108823 0.542222 0.113573 0.290675 0.00986676
4 0.112737 0.567935 0.122026 0.34472 0.00940127
