1 0.410172 0.353678 0.452293 0.713518 0.378515
1 0.619364 0.233867 0.760847 0.472909 0.342229
1 0.507412 0.393245 0.980154 0.78827 0.29351
1 0.412348 0.34943 0.411632 0.698247 0.290062
1 0.50481 0.364749 0.981838 0.732189 0.27044
1 0.600888 0.350377 0.803156 0.709158 0.250503
1 0.552967 0.352347 0.892166 0.717495 0.247861
1 0.122923 0.0416793 0.231418 0.0835853 0.218789
1 0.31176 0.35253 0.619723 0.704896 0.205445
1 0.221334 0.0630631 0.431825 0.125567 0.204311
1 0.399639 0.348581 0.424402 0.701379 0.203125
1 0.504194 0.228201 0.975793 0.459945 0.197397
10 0.472815 0.245521 0.257905 0.490338 0.197212
1 0.83385 0.205357 0.328987 0.408487 0.19692
1 0.190472 0.0560328 0.372809 0.111954 0.193129
1 0.498368 0.373945 0.956289 0.745595 0.187303
1 0.694916 0.209683 0.606921 0.421602 0.185444
1 0.678613 0.228784 0.638689 0.457487 0.183107
1 0.838857 0.226507 0.31929 0.453785 0.181053
1 0.457164 0.354343 0.521878 0.711893 0.165997
1 0.315216 0.384337 0.621967 0.764588 0.163206
1 0.633769 0.341958 0.724738 0.687186 0.160006
10 0.321467 0.0521301 0.13662 0.104684 0.156466
1 0.580725 0.308673 0.829166 0.628725 0.155257
10 0.498602 0.236359 0.209368 0.469479 0.152243
1 0.502113 0.362017 0.691767 0.733864 0.149084
10 0.44679 0.243712 0.292591 0.489791 0.148544
1 0.573546 0.30175 0.842966 0.617221 0.148415
10 0.434857 0.252553 0.343098 0.505963 0.144798
1 0.796975 0.222108 0.408513 0.444561 0.14343
1 0.593069 0.307194 0.80552 0.624896 0.143078
10 0.484177 0.22189 0.191639 0.441392 0.142327
1 0.610883 0.407739 0.766716 0.813568 0.139231
10 0.300361 0.0409254 0.0909267 0.0834032 0.136347
1 0.598719 0.185234 0.786114 0.378112 0.131699
1 0.779396 0.0363735 0.221677 0.0729725 0.128672
1 0.833676 0.0893705 0.325318 0.179905 0.127648
1 0.694017 0.251672 0.611427 0.505862 0.126289
1 0.503695 0.217806 0.963588 0.43485 0.126239
1 0.415195 0.499123 0.410955 0.380601 0.123517
1 0.41142 0.400489 0.406503 0.609407 0.122905
1 0.434464 0.343091 0.37465 0.677692 0.12258
1 0.332843 0.37421 0.653689 0.744612 0.121298
10 0.484494 0.176057 0.166635 0.352227 0.121167
1 0.708667 0.379259 0.586466 0.765592 0.12026
10 0.191893 0.0232595 0.0822393 0.046944 0.120175
1 0.310044 0.360742 0.601085 0.712504 0.120047
10 0.357701 0.0578514 0.193578 0.114312 0.119936
10 0.503338 0.176007 0.173689 0.352279 0.119548
1 0.837915 0.0488556 0.313997 0.0984066 0.117724
1 0.695264 0.313532 0.607414 0.633537 0.117664
1 0.847108 0.16633 0.300473 0.332918 0.114714
1 0.831133 0.126517 0.321425 0.253735 0.114
1 0.415013 0.341742 0.375178 0.677976 0.113657
1 0.142286 0.0379636 0.218914 0.0751446 0.113109
1 0.504362 0.257261 0.96556 0.51169 0.111631
1 0.309422 0.0708416 0.561684 0.14335 0.110463
1 0.82291 0.0624523 0.340815 0.124279 0.110054
1 0.619872 0.358642 0.759693 0.714358 0.109482
1 0.133235 0.0537478 0.259611 0.107425 0.108708
10 0.394751 0.239004 0.273652 0.482744 0.107608
1 0.697979 0.45246 0.605063 0.9038 0.107406
10 0.372925 0.243946 0.245738 0.49044 0.10668
1 0.263561 0.0661651 0.402602 0.134179 0.105776
10 0.383469 0.232157 0.332616 0.471628 0.104807
1 0.383264 0.351186 0.413753 0.7004 0.104551
1 0.500544 0.301595 0.984331 0.602201 0.103912
1 0.272907 0.0535488 0.235987 0.107722 0.103751
1 0.312369 0.492031 0.619321 0.961834 0.101002
1 0.593033 0.466692 0.808222 0.919812 0.100744
1 0.722538 0.37741 0.557147 0.760995 0.0990164
1 0.816549 0.0380755 0.155554 0.0772276 0.0972157
1 0.54984 0.204873 0.620682 0.409107 0.096899
1 0.689019 0.249906 0.625194 0.502604 0.0967017
1 0.64339 0.208155 0.689635 0.415922 0.0960682
1 0.965179 0.226245 0.07157 0.438933 0.0957394
1 0.580055 0.0750194 0.807893 0.15075 0.0951735
1 0.365178 0.0794316 0.224056 0.16044 0.0950729
1 0.799472 0.195916 0.393056 0.396994 0.0941432
1 0.158234 0.184726 0.312379 0.369006 0.0935958
1 0.518264 0.313336 0.642024 0.637082 0.0935432
1 0.290261 0.39755 0.583252 0.79217 0.0935262
1 0.456599 0.370445 0.930744 0.737783 0.0930759
1 0.532536 0.172199 0.532751 0.347312 0.0920133
1 0.49764 0.360617 0.985979 0.714902 0.0915948
1 0.28373 0.0974825 0.560518 0.19636 0.091437
1 0.404048 0.472657 0.411668 0.451422 0.090147
1 0.236443 0.190829 0.469506 0.385848 0.0897188
1 0.68375 0.168324 0.624151 0.344059 0.0895533
1 0.161882 0.219456 0.322134 0.438463 0.0894121
1 0.406064 0.201283 0.802906 0.403951 0.0881038
10 0.508634 0.242266 0.472615 0.485187 0.0877664
1 0.187151 0.111779 0.369542 0.22368 0.0875215
1 0.370809 0.220553 0.736578 0.444261 0.0873066
1 0.550754 0.352259 0.875627 0.701439 0.0872207
1 0.953719 0.50352 0.0957937 0.970873 0.0870775
1 0.622 0.0765181 0.72937 0.152906 0.0869309
1 0.927723 0.233316 0.146789 0.466642 0.0860056
1 0.451181 0.331117 0.926834 0.669092 0.0852136
1 0.918949 0.0669373 0.162249 0.135127 0.0845388
1 0.758674 0.0882424 0.469888 0.180644 0.0844998
1 0.426557 0.0998997 0.83302 0.197973 0.0844975
1 0.231808 0.222538 0.46075 0.448261 0.0839679
1 0.674758 0.479791 0.648862 0.949682 0.0836074
1 0.407718 0.501826 0.799834 0.988366 0.0835875
1 0.554878 0.0855089 0.751118 0.173692 0.0816655
1 0.587281 0.362231 0.822241 0.718858 0.0806463
1 0.428002 0.499152 0.432812 0.405343 0.0805831
10 0.359609 0.251634 0.239689 0.502251 0.0797018
1 0.413854 0.510686 0.397405 0.333084 0.0796735
1 0.426761 0.0818991 0.361958 0.164343 0.0795919
1 0.923642 0.0522564 0.155623 0.105667 0.0786918
10 0.376213 0.24298 0.434013 0.493034 0.0778686
1 0.424812 0.0971694 0.831886 0.193393 0.0766691
1 0.238086 0.0397913 0.254618 0.0803768 0.0764246
1 0.928756 0.502078 0.145627 0.983636 0.0745014
10 0.346106 0.251363 0.272768 0.505711 0.0742698
1 0.400225 0.355249 0.411659 0.709827 0.0740109
1 0.479898 0.162376 0.472551 0.328339 0.0731909
1 0.434078 0.4661 0.418289 0.466243 0.0723645
10 0.490741 0.15374 0.18112 0.313157 0.0719081
1 0.951843 0.69122 0.0973852 0.606366 0.0713625
1 0.887493 0.186024 0.22494 0.365467 0.0712571
10 0.172236 0.0227031 0.118208 0.0462509 0.0712366
1 0.713058 0.0297462 0.397599 0.0601193 0.0711675
1 0.384471 0.418473 0.778967 0.830308 0.0700866
1 0.94774 0.718376 0.10492 0.560139 0.0698952
10 0.322557 0.0377375 0.0946702 0.0771862 0.0695668
1 0.168365 0.297306 0.334935 0.592529 0.0690304
1 0.49215 0.906771 0.951747 0.188345 0.0690058
1 0.915193 0.503141 0.171906 0.987394 0.0686576
1 0.952723 0.665662 0.0964699 0.656438 0.0686252
10 0.425049 0.053982 0.300557 0.107966 0.0684977
1 0.954974 0.624987 0.0927135 0.740839 0.0682059
1 0.848341 0.253221 0.299572 0.471172 0.068175
10 0.779363 0.0187913 0.0704533 0.0381677 0.067055
10 0.293141 0.0513959 0.113983 0.105413 0.066784
1 0.922897 0.632327 0.153361 0.726415 0.0663361
1 0.926199 0.676738 0.147689 0.640363 0.0658608
1 0.920246 0.713783 0.159672 0.57126 0.065818
1 0.117124 0.0154198 0.201419 0.0315509 0.0649964
1 0.542737 0.368321 0.889045 0.726552 0.0648343
1 0.363175 0.501904 0.713001 0.984556 0.0642972
1 0.819358 0.0290655 0.102155 0.058285 0.0641156
1 0.962265 0.503604 0.0782869 0.96261 0.0637325
1 0.688114 0.18316 0.432085 0.368562 0.0631533
1 0.498168 0.429222 0.993424 0.852315 0.0631184
1 0.937704 0.180659 0.124946 0.360563 0.0629881
1 0.751796 0.0174073 0.133382 0.03508 0.0625049
10 0.321648 0.330529 0.233942 0.660885 0.0624382
1 0.168493 0.358833 0.337953 0.713486 0.0623792
1 0.975521 0.179936 0.0500517 0.352394 0.0616407
1 0.395012 0.850441 0.77713 0.303539 0.0609766
1 0.812505 0.450532 0.378741 0.898001 0.0608629
10 0.263106 0.0398091 0.131572 0.0793293 0.0608011
1 0.615972 0.488447 0.766764 0.967099 0.0606124
1 0.391607 0.110825 0.440891 0.227167 0.0605266
1 0.860254 0.858731 0.279831 0.282758 0.0605006
1 0.595311 0.501447 0.796526 0.48895 0.0596788
1 0.768503 0.32266 0.468335 0.651868 0.0594271
1 0.602682 0.377474 0.779207 0.749895 0.0594116
10 0.526094 0.145298 0.146369 0.296253 0.0591451
10 0.191469 0.0318618 0.0842901 0.0649132 0.05865
1 0.973665 0.41878 0.0573364 0.796803 0.0585841
1 0.720476 0.0177849 0.171238 0.0354382 0.0575165
1 0.962165 0.584593 0.0792583 0.804111 0.0572922
1 0.833354 0.0297006 0.149323 0.0604243 0.0572489
1 0.952893 0.355493 0.0971275 0.69754 0.056827
1 0.960414 0.188193 0.0838549 0.375187 0.0568084
1 0.191125 0.967875 0.371767 0.0647023 0.0561443
10 0.318166 0.0522624 0.166075 0.105323 0.0556027
1 0.160207 0.451642 0.319446 0.890218 0.0550715
1 0.583719 0.1513 0.48713 0.307682 0.054784
1 0.843627 0.785997 0.313009 0.428623 0.0547835
1 0.933193 0.587019 0.136608 0.814135 0.0547062
1 0.851733 0.724144 0.295956 0.555496 0.0538882
1 0.961952 0.387663 0.0794657 0.71862 0.0534242
1 0.432738 0.53344 0.454451 0.422346 0.0531678
1 0.882371 0.695657 0.233854 0.609176 0.0529391
10 0.881609 0.0237212 0.0890089 0.0477138 0.0520375
10 0.785506 0.151586 0.0752741 0.219094 0.0515808
1 0.157786 0.493514 0.315201 0.966435 0.0515417
1 0.366185 0.964957 0.705854 0.0700386 0.0514683
1 0.785205 0.794521 0.426942 0.411676 0.0512733
1 0.652764 0.0168466 0.0767744 0.0340408 0.0509776
1 0.856395 0.909613 0.284985 0.18263 0.0509674
10 0.31542 0.335829 0.284843 0.675504 0.0503421
10 0.212733 0.0187374 0.0843723 0.0373049 0.0502743
1 0.816524 0.913799 0.368308 0.174527 0.0499049
1 0.898642 0.493577 0.205237 0.956897 0.0498868
1 0.823646 0.478126 0.357779 0.946273 0.0495587
1 0.958778 0.816106 0.0830645 0.370854 0.0492729
1 0.201632 0.502359 0.39866 0.989584 0.049069
1 0.114996 0.108504 0.226577 0.216594 0.0490258
1 0.0631022 0.0169406 0.107472 0.0334274 0.0484457
1 0.779403 0.910313 0.439245 0.18097 0.0483452
1 0.926524 0.812471 0.146009 0.378634 0.0481827
10 0.987304 0.232925 0.0262114 0.113364 0.0480667
1 0.0707937 0.0155089 0.1289 0.031932 0.0478516
1 0.888819 0.50169 0.228622 0.980132 0.0478089
1 0.864837 0.500548 0.273388 0.980749 0.0477858
1 0.453149 0.952891 0.884847 0.0956122 0.0477192
1 0.898776 0.344255 0.207784 0.68466 0.0476969
10 0.349125 0.0356142 0.0998765 0.0719107 0.0475632
10 0.752842 0.134836 0.127543 0.244854 0.0474505
10 0.491243 0.0579847 0.199596 0.116705 0.0473176
1 0.891592 0.643302 0.215554 0.708804 0.0470618
1 0.663091 0.352392 0.674051 0.701998 0.0470418
1 0.969386 0.500127 0.0654345 0.637721 0.0469994
1 0.699616 0.0150731 0.167309 0.0301175 0.0467529
1 0.610041 0.94783 0.740234 0.106119 0.0467348
1 0.0641561 0.0292098 0.123689 0.0587308 0.0466676
1 0.262763 0.967896 0.504877 0.0647675 0.0465931
1 0.986004 0.317939 0.0268759 0.386033 0.0460346
1 0.415699 0.560755 0.400716 0.243 0.0459455
1 0.986661 0.26174 0.0266092 0.268216 0.0458879
1 0.693914 0.951891 0.593018 0.0976128 0.045832
10 0.863417 0.0203867 0.0943857 0.0413373 0.0457274
1 0.661807 0.022377 0.185274 0.0452909 0.0454293
1 0.926091 0.867279 0.147024 0.269342 0.0454192
1 0.932992 0.503833 0.136994 0.975156 0.0453488
1 0.143206 0.973014 0.278954 0.0541545 0.0450763
10 0.787092 0.017618 0.13526 0.0360284 0.0443942
1 0.420402 0.834638 0.8275 0.338534 0.0438283
10 0.36727 0.0341082 0.0931717 0.0687366 0.0436343
1 0.438765 0.860185 0.514753 0.279402 0.0436075
1 0.303346 0.498885 0.599889 0.966373 0.0433311
1 0.769593 0.492809 0.468639 0.967393 0.0431102
1 0.547559 0.934623 0.412231 0.131047 0.0429739
1 0.498564 0.399278 0.994502 0.788467 0.0428221
10 0.335486 0.0233394 0.130861 0.0472075 0.0427579
1 0.0594461 0.0180057 0.117287 0.0376109 0.0424553
10 0.875099 0.0288582 0.0958651 0.0584253 0.0422219
1 0.676702 0.0170437 0.122523 0.035164 0.0421267
1 0.470762 0.870287 0.513215 0.261171 0.0417996
1 0.989017 0.230102 0.0223579 0.21099 0.0416601
1 0.762302 0.957825 0.465001 0.0859404 0.0415777
10 0.893098 0.0229439 0.0952021 0.0459724 0.0409876
10 0.365028 0.0232822 0.0959862 0.0465065 0.0409727
1 0.437032 0.958089 0.845774 0.0852908 0.0408336
1 0.516002 0.536021 0.646992 0.426648 0.0408121
1 0.853082 0.959764 0.293093 0.0825427 0.0404887
1 0.0946308 0.1667 0.18858 0.331907 0.0403696
1 0.722292 0.135162 0.259048 0.274847 0.0400783
10 0.874305 0.0226651 0.17837 0.0462699 0.0398125
1 0.0748443 0.0609601 0.14681 0.122253 0.039293
10 0.527508 0.0444618 0.163462 0.0893391 0.039104
1 0.550823 0.484573 0.187018 0.33299 0.0389339
1 0.535011 0.482171 0.223368 0.363277 0.038693
1 0.965899 0.868116 0.0697947 0.264468 0.0384475
1 0.109383 0.497798 0.220621 0.979015 0.0383268
1 0.254127 0.858583 0.500636 0.286605 0.0379544
10 0.849413 0.018663 0.0698774 0.0380241 0.0374395
1 0.093869 0.287693 0.189541 0.567164 0.0371225
1 0.520206 0.556956 0.678066 0.440438 0.0370007
10 0.985945 0.238107 0.0291611 0.127837 0.0366591
1 0.545763 0.957971 0.487653 0.0856738 0.0366247
10 0.970147 0.0521595 0.0621017 0.105066 0.0364552
10 0.836814 0.0186308 0.133803 0.0380797 0.0363427
1 0.0983061 0.975184 0.188194 0.0496678 0.0359038
1 0.598212 0.962681 0.62162 0.0762948 0.0358614
1 0.536789 0.507185 0.169372 0.25395 0.0355655
1 0.564204 0.492153 0.843557 0.965609 0.0347505
1 0.981836 0.299411 0.0365185 0.25686 0.0336852
1 0.0842462 0.322037 0.17114 0.62967 0.0335645
1 0.0802039 0.399127 0.163841 0.769153 0.0334134
1 0.907698 0.958927 0.184923 0.0845497 0.0332957
1 0.465677 0.966963 0.89371 0.0673109 0.0331987
10 0.393839 0.0232934 0.191747 0.0463607 0.0331158
1 0.636116 0.42099 0.712864 0.801204 0.0330584
1 0.414448 0.476863 0.907254 0.920614 0.0329593
1 0.529331 0.506274 0.267369 0.336049 0.0329028
4 0.987593 0.211599 0.024992 0.183264 0.0328681
1 0.916557 0.310421 0.169745 0.502084 0.0325847
1 0.607633 0.0707119 0.305053 0.145634 0.0324265
1 0.96276 0.0900935 0.0762043 0.182167 0.0324021
1 0.0840374 0.431949 0.171285 0.823921 0.0317593
10 0.904025 0.0300823 0.141748 0.0613938 0.031655
1 0.849868 0.881725 0.237101 0.239636 0.0316232
1 0.936317 0.917925 0.128213 0.169339 0.0309858
1 0.613587 0.485555 0.759386 0.918324 0.0307501
1 0.908823 0.506646 0.175197 0.947457 0.0305704
10 0.347631 0.275704 0.193525 0.464582 0.0304473
1 0.632616 0.474763 0.322609 0.402512 0.0303868
1 0.541807 0.631677 0.917637 0.734922 0.0303309
1 0.580027 0.54848 0.837189 0.819581 0.0299452
1 0.609217 0.483945 0.761184 0.952539 0.0295207
1 0.0790718 0.487613 0.161893 0.940693 0.0293324
1 0.979577 0.344495 0.0394567 0.438674 0.028563
1 0.0967059 0.57052 0.196909 0.829123 0.0269498
10 0.931087 0.0191995 0.139773 0.0382755 0.0268433
1 0.229931 0.782965 0.457257 0.441263 0.025823
1 0.31613 0.791558 0.621615 0.423345 0.0257745
1 0.0682254 0.497765 0.140755 0.921147 0.0244275
1 0.0928943 0.982947 0.162578 0.0341019 0.0239397
1 0.355237 0.620463 0.498348 0.394438 0.0236753
10 0.833272 0.212855 0.0904949 0.172658 0.0217557
1 0.0797167 0.982451 0.158269 0.036431 0.0210038
1 0.368809 0.605368 0.327485 0.180131 0.0201736
5 0.286702 0.869627 0.144994 0.16336 0.0171005
