9 0.640336 0.520693 0.182064 0.280742 0.831288
10 0.482858 0.41726 0.085396 0.269873 0.773151
10 0.650654 0.748943 0.0977392 0.156664 0.240793
4 0.585566 0.744664 0.210983 0.207575 0.222112
9 0.678815 0.521343 0.112618 0.273716 0.201499
11 0.494068 0.0741208 0.964388 0.148214 0.149865
11 0.493374 0.0719117 0.968094 0.143924 0.134678
9 0.707227 0.517796 0.162481 0.261097 0.113618
10 0.50227 0.417039 0.0561047 0.263792 0.113104
11 0.491843 0.0877794 0.971301 0.173535 0.106854
9 0.732379 0.505001 0.0933764 0.217924 0.104248
9 0.631997 0.769253 0.314143 0.272049 0.094751
11 0.630242 0.0774379 0.704977 0.1555 0.0947364
11 0.666794 0.0791872 0.634503 0.158973 0.0923206
10 0.508472 0.417662 0.0524302 0.264469 0.0892078
1 0.548895 0.740764 0.137148 0.195736 0.0848146
11 0.492541 0.0704697 0.969892 0.140927 0.0838254
11 0.640334 0.0860186 0.685537 0.171602 0.0802633
1 0.239509 0.815514 0.166034 0.20512 0.0787974
11 0.593189 0.0857911 0.777912 0.171881 0.0769881
9 0.683882 0.755403 0.423117 0.304373 0.0769128
11 0.494393 0.0669241 0.957518 0.134528 0.0757627
11 0.580229 0.066908 0.804046 0.134921 0.0725857
9 0.737559 0.516743 0.114599 0.246971 0.0719377
10 0.469995 0.387875 0.0620307 0.204326 0.0718721
10 0.973988 0.504235 0.0522209 0.981295 0.0715533
10 0.484643 0.403864 0.0766474 0.24578 0.0692316
10 0.652467 0.743586 0.0760194 0.146096 0.0684157
11 0.541134 0.0843563 0.870395 0.169028 0.0668891
9 0.657109 0.349566 0.0369222 0.0479358 0.0656716
11 0.719257 0.0786312 0.539036 0.15822 0.0650757
10 0.979919 0.640625 0.0420084 0.711366 0.0622166
9 0.685937 0.487516 0.180091 0.34262 0.0602624
4 0.666903 0.0301762 0.591744 0.0615116 0.0574189
9 0.602608 0.485796 0.107796 0.187816 0.0566356
10 0.944115 0.503138 0.111348 0.995736 0.0563125
9 0.623809 0.484232 0.120152 0.196205 0.0560654
4 0.797372 0.569047 0.0505613 0.0859016 0.0560417
10 0.622459 0.781834 0.0581132 0.103476 0.0560171
4 0.703748 0.0293252 0.554911 0.0595917 0.055736
9 0.591723 0.479915 0.0835247 0.170148 0.0529469
10 0.989645 0.385108 0.0217888 0.204871 0.0517673
10 0.980144 0.605606 0.0412521 0.775232 0.0514316
4 0.600462 0.0342205 0.640868 0.0700879 0.0511184
10 0.504317 0.457901 0.0480656 0.184973 0.0497113
10 0.463287 0.381204 0.0609659 0.189141 0.0495776
6 0.447089 0.957666 0.874316 0.083238 0.048977
10 0.512883 0.416179 0.0714559 0.265836 0.0484822
10 0.678134 0.739253 0.067309 0.140706 0.0481048
1 0.0196507 0.726303 0.0400015 0.201307 0.0474001
4 0.621969 0.0314209 0.485061 0.0641969 0.0473013
4 0.566031 0.0342102 0.613164 0.0700694 0.0457031
10 0.985149 0.506972 0.0304252 0.973827 0.0449973
10 0.457898 0.406887 0.0628886 0.239435 0.044384
11 0.494454 0.0560759 0.959179 0.114362 0.0442397
6 0.346279 0.961749 0.671131 0.0770013 0.0439212
10 0.978178 0.511844 0.0437057 0.964073 0.0438028
10 0.502697 0.449856 0.0583786 0.200141 0.043456
11 0.493682 0.0905307 0.979012 0.181977 0.0433595
4 0.471826 0.0322446 0.725065 0.0665071 0.0427712
9 0.714715 0.472889 0.199502 0.369062 0.0427188
10 0.517078 0.413946 0.0675915 0.271602 0.0420857
6 0.193208 0.964822 0.384652 0.0710482 0.0420317
4 0.754345 0.02775 0.461925 0.0561002 0.0417985
6 0.244572 0.963001 0.478325 0.0750553 0.0415989
1 0.0264185 0.69184 0.0538652 0.425215 0.0413111
5 0.517889 0.0347633 0.569949 0.0715754 0.0412408
11 0.454309 0.0468681 0.864366 0.0954683 0.0405449
4 0.809093 0.588629 0.0958307 0.125821 0.0402602
9 0.579214 0.474965 0.0659284 0.165498 0.0402202
9 0.655798 0.364114 0.047875 0.0808372 0.0399643
10 0.981664 0.725932 0.0382647 0.543112 0.0395059
1 0.172011 0.777319 0.337376 0.28356 0.0390581
1 0.0209212 0.629026 0.0421752 0.349574 0.0380091
10 0.625429 0.755414 0.0993764 0.170335 0.0375891
6 0.803331 0.0821847 0.386313 0.165217 0.037172
6 0.127413 0.967105 0.256523 0.0666775 0.0371255
11 0.45631 0.938357 0.893431 0.12391 0.0370798
10 0.111004 0.0649639 0.22195 0.13221 0.0370253
6 0.228035 0.0640804 0.448662 0.128906 0.036816
10 0.978311 0.526245 0.042227 0.94337 0.0367003
11 0.495631 0.0898043 0.986858 0.181623 0.0366784
6 0.448187 0.970562 0.864703 0.0579805 0.0366664
1 0.0189713 0.695794 0.0391518 0.0997616 0.0366143
9 0.666558 0.350369 0.0346406 0.047763 0.0365778
9 0.583089 0.775655 0.218243 0.258788 0.0363199
10 0.518 0.416848 0.055924 0.265323 0.0361293
10 0.655264 0.751542 0.183558 0.19275 0.0360538
1 0.0184895 0.776604 0.0381676 0.279485 0.0360412
10 0.985753 0.510926 0.0283171 0.958566 0.035924
9 0.573837 0.461238 0.0561284 0.135899 0.035839
10 0.621091 0.763486 0.144805 0.197536 0.0357094
10 0.458416 0.375135 0.050582 0.176706 0.0355495
9 0.6035 0.477374 0.0968312 0.174346 0.0353864
11 0.300379 0.0603811 0.584486 0.122121 0.0351734
6 0.465284 0.967557 0.905013 0.0642437 0.0350788
10 0.170901 0.0641064 0.339275 0.129262 0.0348528
10 0.518504 0.416924 0.055535 0.265063 0.0347582
10 0.448936 0.412334 0.065308 0.256042 0.0340826
4 0.804078 0.607379 0.155969 0.17035 0.0340709
9 0.684639 0.607311 0.440841 0.607761 0.034035
10 0.609374 0.744766 0.225694 0.198138 0.0339822
9 0.671194 0.520624 0.118887 0.26776 0.0334416
1 0.25337 0.793253 0.184025 0.247672 0.0332335
1 0.170899 0.805445 0.33235 0.22872 0.0330035
10 0.627241 0.779605 0.0535181 0.0985125 0.0328747
9 0.629136 0.487094 0.123794 0.199391 0.0321949
9 0.699632 0.520765 0.227702 0.281672 0.0320329
9 0.520293 0.463306 0.119839 0.178328 0.0319713
10 0.507162 0.41653 0.128739 0.273264 0.0318192
10 0.982929 0.787717 0.0349239 0.42293 0.0317391
10 0.956205 0.67097 0.0894454 0.657945 0.0317273
1 0.173139 0.725832 0.340905 0.386867 0.0314848
9 0.681017 0.770523 0.404075 0.272198 0.0314086
1 0.162302 0.782253 0.321896 0.272983 0.0309124
6 0.286108 0.037639 0.364988 0.0769442 0.0307382
4 0.789067 0.576963 0.0541094 0.101333 0.0305465
9 0.6226 0.482696 0.0958993 0.192074 0.0304672
10 0.621826 0.767195 0.138815 0.206398 0.0303426
6 0.210563 0.0373931 0.364858 0.0755684 0.0303049
9 0.696542 0.496359 0.107963 0.207149 0.0301045
6 0.123935 0.960455 0.248605 0.0817035 0.0297754
10 0.723668 0.753471 0.0638015 0.133213 0.0297458
9 0.583211 0.511174 0.09014 0.240886 0.0295774
5 0.409701 0.0360785 0.370807 0.0739184 0.0295237
1 0.00956057 0.655572 0.0189819 0.182801 0.0295139
10 0.951918 0.62321 0.0969311 0.752305 0.029476
6 0.35577 0.0370026 0.332395 0.0759144 0.0293676
1 0.0422058 0.564308 0.0823582 0.688733 0.0293559
4 0.809266 0.595241 0.160709 0.150352 0.0291515
9 0.589633 0.770664 0.248188 0.271551 0.0290094
10 0.0590848 0.578425 0.117001 0.662562 0.0289998
10 0.48492 0.36926 0.0700336 0.16783 0.0288355
10 0.991109 0.0818265 0.016183 0.166589 0.0285943
10 0.512202 0.428159 0.0566332 0.246228 0.0285405
10 0.984095 0.840136 0.0318876 0.319212 0.0282766
10 0.0326945 0.573573 0.0650155 0.665808 0.0281186
1 0.171717 0.665219 0.336727 0.511022 0.0280799
10 0.628477 0.740726 0.151573 0.193454 0.0280463
10 0.449916 0.409534 0.0471873 0.255317 0.0279816
10 0.989705 0.495899 0.0178549 0.547271 0.02798
5 0.302239 0.0770294 0.591025 0.153581 0.0274512
10 0.630075 0.782766 0.0590923 0.097868 0.0274472
9 0.631429 0.476841 0.0793628 0.179643 0.0269763
10 0.45498 0.423865 0.0806508 0.282348 0.0269267
9 0.676323 0.5119 0.127959 0.258919 0.0269238
6 0.159599 0.954321 0.290177 0.0924217 0.0267827
10 0.512123 0.445504 0.0482973 0.210483 0.0266203
6 0.494846 0.964853 0.952072 0.0701004 0.0264441
9 0.65301 0.349905 0.0365498 0.0437239 0.0263952
9 0.695651 0.498669 0.0901182 0.224824 0.0263448
1 0.0608934 0.652745 0.121738 0.519061 0.0260869
1 0.541527 0.765575 0.147158 0.249798 0.0260132
11 0.442839 0.073153 0.879321 0.147142 0.025945
10 0.543798 0.736171 0.138996 0.190479 0.0256919
10 0.823539 0.0258107 0.340823 0.0518957 0.0254632
1 0.688257 0.70462 0.429441 0.414566 0.0253477
10 0.979076 0.248756 0.0383759 0.488966 0.0253055
10 0.0856794 0.0394317 0.173781 0.0816818 0.0252717
10 0.684203 0.743978 0.067499 0.154356 0.0251919
1 0.062458 0.720436 0.124675 0.39117 0.0250721
9 0.586724 0.444554 0.0570387 0.112011 0.0249772
9 0.59585 0.507215 0.107398 0.234739 0.0249275
10 0.954815 0.288718 0.0646544 0.572744 0.0249255
9 0.632145 0.479399 0.0733957 0.184316 0.0246357
7 0.988457 0.0602406 0.0209461 0.124582 0.0245432
9 0.697298 0.521788 0.101284 0.270236 0.0244611
6 0.294049 0.94703 0.573713 0.106367 0.0243455
10 0.568002 0.455874 0.042907 0.11675 0.0241872
10 0.4566 0.351688 0.0402601 0.127861 0.0240644
9 0.593862 0.47723 0.104418 0.174822 0.0238869
10 0.0520425 0.0639938 0.106947 0.131731 0.0235123
10 0.918213 0.0893973 0.156805 0.182133 0.0233332
1 0.0630045 0.549339 0.125997 0.72377 0.0230342
10 0.983657 0.355074 0.0309631 0.673094 0.0230111
10 0.658743 0.706006 0.0636204 0.0723154 0.0227429
10 0.526294 0.418533 0.0541746 0.264318 0.0227324
4 0.788851 0.635262 0.194753 0.214339 0.0223878
9 0.671252 0.514427 0.0864592 0.25583 0.0223511
9 0.602649 0.484254 0.109147 0.184809 0.0223084
4 0.745363 0.595164 0.0837216 0.0954427 0.0221713
3 0.478883 0.312946 0.93946 0.628551 0.022113
6 0.881416 0.0857181 0.231881 0.173308 0.0220093
3 0.4572 0.343695 0.894285 0.694715 0.0218898
1 0.0591412 0.514285 0.118236 0.792073 0.0218537
9 0.691462 0.511259 0.23138 0.274644 0.0217811
11 0.466617 0.949248 0.904359 0.101575 0.0217195
9 0.635762 0.469968 0.103643 0.172138 0.0216307
7 0.882412 0.0216326 0.21699 0.0428002 0.0215058
9 0.697772 0.488554 0.162623 0.227208 0.0214973
10 0.441937 0.409852 0.0584786 0.254496 0.0214507
9 0.704639 0.484354 0.0691068 0.180175 0.0214164
1 0.182512 0.655225 0.36036 0.527465 0.0212914
6 0.4953 0.965526 0.953399 0.0692197 0.0212097
9 0.553237 0.472999 0.0639561 0.161083 0.0209882
1 0.172769 0.574319 0.341062 0.690086 0.0208029
10 0.0629341 0.562718 0.127265 0.701239 0.0205954
10 0.989236 0.138886 0.0166756 0.282111 0.0205002
1 0.100274 0.68179 0.200943 0.472166 0.020441
9 0.682049 0.584959 0.0990007 0.155813 0.0204209
9 0.712078 0.501023 0.0923665 0.213912 0.0203649
10 0.447791 0.389331 0.0555211 0.209006 0.0203525
3 0.494129 0.304296 0.960012 0.610088 0.020274
10 0.864705 0.495762 0.277641 0.979546 0.0202002
10 0.68281 0.706441 0.0397224 0.0845698 0.0201329
4 0.798808 0.634069 0.17623 0.21821 0.0199684
9 0.540183 0.47365 0.0652711 0.162311 0.0198393
10 0.442568 0.413882 0.0457356 0.268201 0.0198269
9 0.642035 0.620217 0.483159 0.578863 0.0197897
1 0.112131 0.582158 0.226295 0.672432 0.0197323
10 0.476231 0.347621 0.0470305 0.115528 0.0194686
11 0.46556 0.954437 0.89821 0.0923485 0.0194396
1 0.0150083 0.820766 0.0309147 0.198959 0.0194266
10 0.556346 0.460659 0.0521864 0.130999 0.0192959
10 0.949663 0.134826 0.0854625 0.274131 0.0192824
3 0.474675 0.296141 0.918577 0.595983 0.0191036
10 0.689046 0.752267 0.0650658 0.144975 0.0189866
10 0.697669 0.735049 0.12048 0.194688 0.0189503
1 0.192658 0.723766 0.383889 0.393051 0.0189492
7 0.93074 0.0260628 0.139108 0.0521878 0.018886
11 0.472905 0.92826 0.923655 0.146252 0.0184499
10 0.89106 0.501437 0.218589 0.977914 0.0183311
10 0.671325 0.704623 0.0621367 0.083737 0.0182885
10 0.768491 0.58903 0.0455657 0.0969099 0.0178854
10 0.695626 0.745966 0.0679992 0.148072 0.0178416
10 0.44446 0.400566 0.0538474 0.228622 0.0177174
11 0.500943 0.0849092 0.987832 0.171715 0.0176876
9 0.684162 0.602459 0.393414 0.580191 0.0176802
9 0.650449 0.485516 0.0916877 0.208811 0.0176235
9 0.704756 0.520606 0.0657203 0.253684 0.0174422
1 0.0633457 0.516475 0.129819 0.793807 0.0174288
4 0.819472 0.563531 0.0499709 0.0762844 0.0173148
1 0.689768 0.727667 0.429468 0.372015 0.0173119
6 0.274445 0.0367659 0.152756 0.0752748 0.0172914
3 0.458931 0.458563 0.912702 0.912741 0.0172505
10 0.769556 0.515719 0.0696291 0.227805 0.0170714
9 0.531951 0.472728 0.0739062 0.164942 0.0168844
4 0.816392 0.57344 0.0575733 0.0892778 0.0168576
9 0.57642 0.494386 0.106666 0.214363 0.0168342
11 0.214124 0.819124 0.410664 0.204422 0.0166554
10 0.461132 0.407158 0.167678 0.278948 0.016491
10 0.759206 0.514389 0.054707 0.185885 0.0164062
9 0.615545 0.450587 0.0927762 0.12545 0.0162728
1 0.243274 0.820744 0.153643 0.192387 0.0162644
5 0.598593 0.785218 0.0612056 0.107659 0.0162512
7 0.0544784 0.0366169 0.0984261 0.0764862 0.0162437
10 0.527858 0.420624 0.0523888 0.265703 0.0160016
10 0.510666 0.348229 0.0432118 0.131263 0.0159785
4 0.770296 0.596902 0.0744101 0.0993378 0.0159396
10 0.0687449 0.0346743 0.113562 0.0717595 0.0157966
9 0.620643 0.45021 0.0743645 0.123996 0.0157623
1 0.257099 0.870698 0.138511 0.0954739 0.0156343
6 0.0872872 0.908542 0.123808 0.0345341 0.0155714
6 0.0652663 0.985337 0.2066 0.0346003 0.0155278
11 0.446618 0.853352 0.853993 0.136089 0.0154172
10 0.11136 0.0345608 0.131945 0.0709505 0.0154148
9 0.706889 0.604056 0.17982 0.115097 0.0153395
11 0.457611 0.842038 0.868638 0.28729 0.015294
11 0.497422 0.0852989 0.988449 0.172025 0.0152625
10 0.549888 0.454043 0.0529105 0.125207 0.0151422
4 0.803608 0.620878 0.125813 0.187412 0.0151141
9 0.675471 0.836513 0.39283 0.134351 0.015056
11 0.456962 0.857243 0.874739 0.128029 0.0149932
1 0.154955 0.465271 0.315556 0.912038 0.0149731
1 0.45503 0.771281 0.881843 0.318203 0.0148865
10 0.491268 0.343025 0.0492358 0.108338 0.0148116
3 0.461522 0.348645 0.907584 0.697204 0.0146335
11 0.492754 0.0907091 0.976425 0.182285 0.0145745
10 0.604397 0.719663 0.226193 0.2612 0.0145284
10 0.502848 0.056754 0.140348 0.115987 0.0144816
10 0.527176 0.0576551 0.153022 0.118573 0.014305
10 0.54358 0.459246 0.0568201 0.139096 0.0142689
6 0.0752941 0.983274 0.155773 0.0379786 0.0141664
10 0.478138 0.0563447 0.138113 0.114525 0.0141489
10 0.711657 0.749418 0.0735821 0.163625 0.0141177
6 0.0898527 0.984441 0.183129 0.0341507 0.013785
10 0.526948 0.427337 0.0525592 0.254642 0.0137747
10 0.536404 0.468673 0.0820816 0.161639 0.0134911
10 0.562485 0.423719 0.0667636 0.251036 0.0134056
10 0.957369 0.0511916 0.0879085 0.193918 0.0133717
10 0.450676 0.0548966 0.144768 0.111679 0.0132538
10 0.436153 0.387092 0.183409 0.225114 0.0130862
9 0.615175 0.445902 0.0547082 0.113341 0.0129227
9 0.646187 0.775367 0.27957 0.251804 0.0129164
10 0.55818 0.425584 0.0670482 0.251231 0.0128772
1 0.10345 0.565279 0.212536 0.703863 0.0128748
10 0.426796 0.0540996 0.150038 0.11004 0.0127517
10 0.396678 0.0524081 0.153362 0.106455 0.0125959
3 0.290732 0.283698 0.539752 0.560991 0.0124705
11 0.461879 0.816034 0.881323 0.339109 0.0124463
1 0.231216 0.761989 0.32279 0.324995 0.0120949
11 0.195971 0.830253 0.382929 0.181205 0.0119768
1 0.491583 0.783124 0.93506 0.365043 0.0116342
10 0.835052 0.320559 0.29451 0.638215 0.0114062
1 0.178919 0.468227 0.361185 0.908808 0.0111432
1 0.169994 0.482307 0.339429 0.875623 0.0109337
3 0.437514 0.322616 0.785431 0.568416 0.0102154
3 0.502019 0.190806 0.967478 0.383257 0.00972085
3 0.405667 0.35581 0.769011 0.572931 0.00969966
10 0.643008 0.274129 0.449809 0.552327 0.00934415
