4 0.73858 0.494914 0.396166 0.417083 0.893767
4 0.459146 0.23653 0.050871 0.0512932 0.647227
4 0.416692 0.238417 0.0371634 0.0489626 0.185504
4 0.331704 0.209791 0.0490088 0.0611631 0.180951
11 0.966591 0.282788 0.0683756 0.203988 0.162374
4 0.435021 0.233497 0.078057 0.0592688 0.161494
4 0.333356 0.208246 0.0439587 0.0565201 0.147533
4 0.522211 0.225623 0.0559787 0.0520667 0.133998
4 0.423039 0.238723 0.0464496 0.0534951 0.119572
4 0.430934 0.237533 0.0772124 0.054659 0.115323
11 0.970614 0.269767 0.0611183 0.168928 0.108121
4 0.425979 0.236296 0.0488159 0.0523692 0.101743
10 0.391226 0.222782 0.0266326 0.0597318 0.0903854
10 0.38331 0.22117 0.028633 0.0609532 0.0895361
11 0.972007 0.338664 0.058196 0.321287 0.088693
4 0.409268 0.236466 0.0262588 0.052116 0.0811892
4 0.532448 0.223774 0.0526411 0.0507888 0.0732499
4 0.430383 0.236334 0.0376814 0.0509697 0.0716721
4 0.568553 0.237304 0.0294321 0.0368244 0.0678441
10 0.278586 0.220191 0.026285 0.0484188 0.0622824
4 0.524701 0.226483 0.0518976 0.0510805 0.0611511
4 0.378842 0.2107 0.0448341 0.0559523 0.0608361
4 0.577141 0.237752 0.039462 0.0402799 0.0589054
11 0.0434099 0.941249 0.0887754 0.112313 0.0575808
6 0.046043 0.895325 0.0935546 0.201428 0.0566802
10 0.269602 0.218723 0.0259203 0.0516809 0.0513864
4 0.50501 0.238193 0.0297722 0.0287787 0.0513044
4 0.420299 0.222739 0.054471 0.0821019 0.0498496
4 0.432826 0.234419 0.0456677 0.058457 0.0498366
10 0.428999 0.238185 0.0387908 0.0522497 0.0497545
10 0.397664 0.219483 0.0258848 0.0540958 0.0492323
10 0.270558 0.222155 0.027203 0.0513777 0.0488453
10 0.34 0.213651 0.029565 0.0677079 0.0484824
6 0.0410656 0.857515 0.0832543 0.272815 0.0483881
4 0.50463 0.22323 0.042742 0.0523855 0.0483415
10 0.430802 0.237081 0.0213925 0.052038 0.0471564
4 0.351311 0.21321 0.0962738 0.0666092 0.0443978
4 0.0781795 0.502396 0.154872 0.37737 0.0441943
10 0.393102 0.221517 0.0397884 0.074897 0.0441912
10 0.282606 0.217759 0.0219706 0.0482391 0.0440827
4 0.281141 0.221001 0.0546044 0.0515238 0.0438491
4 0.386684 0.209251 0.047574 0.0515194 0.0434669
4 0.580083 0.236964 0.028868 0.0388463 0.0431998
4 0.365534 0.21107 0.0742746 0.0582416 0.042627
10 0.147112 0.500222 0.292084 0.973992 0.0423881
0 0.0814436 0.607384 0.161684 0.750053 0.0416591
11 0.968933 0.273233 0.0619993 0.16101 0.0404374
10 0.347512 0.214036 0.0236565 0.0657911 0.0402086
10 0.133548 0.499871 0.270709 0.977861 0.0394602
4 0.482238 0.233228 0.0466925 0.0509379 0.0392811
11 0.986095 0.258332 0.0289604 0.143874 0.0392675
11 0.986431 0.266196 0.02747 0.158509 0.039044
10 0.336373 0.215994 0.0406308 0.068915 0.0389783
11 0.985553 0.291756 0.0297541 0.206619 0.0389223
11 0.98607 0.269218 0.0280869 0.165027 0.0384794
4 0.559258 0.230413 0.0560036 0.0488639 0.0382784
4 0.563906 0.22936 0.0507453 0.0494278 0.0380777
4 0.492325 0.230662 0.0475019 0.0519926 0.0379622
4 0.287384 0.214937 0.0638804 0.0562741 0.0377206
10 0.431919 0.239318 0.0276031 0.0495016 0.0369883
10 0.434331 0.23087 0.0292989 0.0621923 0.0366996
6 0.0606125 0.913954 0.123471 0.166795 0.0366352
0 0.0759494 0.610678 0.154002 0.676814 0.0351745
10 0.395833 0.239113 0.031477 0.0486561 0.0347775
4 0.426068 0.219987 0.0558647 0.0749648 0.0347572
4 0.384365 0.206458 0.0581572 0.0465547 0.0345024
4 0.508075 0.221094 0.0407047 0.0508699 0.0342521
0 0.0747354 0.623058 0.151314 0.706249 0.0337203
10 0.463068 0.0418873 0.127801 0.0831882 0.0335214
4 0.29877 0.218304 0.0408004 0.05267 0.03352
4 0.546179 0.239111 0.0812581 0.0368587 0.0329468
4 0.314322 0.214174 0.02037 0.0477661 0.0326125
4 0.256443 0.219872 0.0638223 0.0544581 0.0324355
4 0.566068 0.237926 0.065714 0.0446941 0.0324352
6 0.0376756 0.784689 0.0762924 0.415131 0.0321641
4 0.273157 0.219779 0.056437 0.0489279 0.0316754
6 0.291458 0.319361 0.0296226 0.0728979 0.0315789
6 0.985451 0.347705 0.0289654 0.323608 0.0313741
10 0.223873 0.221281 0.0293547 0.0546907 0.0312406
11 0.985825 0.335676 0.0283435 0.304613 0.0311479
4 0.280461 0.217471 0.0921413 0.0555913 0.0311468
6 0.288092 0.320863 0.0298267 0.0719882 0.0309969
4 0.258003 0.21948 0.103127 0.0579984 0.0309629
10 0.126552 0.497942 0.259039 0.977135 0.030539
4 0.569497 0.232725 0.0370281 0.04634 0.0298824
10 0.752768 0.0767887 0.183466 0.153605 0.0298678
6 0.0644969 0.739388 0.130592 0.490106 0.0296425
10 0.385946 0.242431 0.0299297 0.045941 0.0296169
4 0.243211 0.22403 0.0731861 0.0573074 0.0290668
10 0.232901 0.2269 0.0212173 0.0623512 0.028799
10 0.992888 0.417391 0.0144432 0.355307 0.0284038
10 0.582748 0.0501759 0.454722 0.101557 0.0281424
11 0.0627681 0.947146 0.127051 0.101097 0.0281391
6 0.057615 0.880848 0.116975 0.229503 0.0280857
0 0.0693832 0.697235 0.138946 0.520639 0.0277646
10 0.774981 0.0498717 0.127566 0.102209 0.0277403
10 0.134368 0.737042 0.26489 0.505222 0.0274114
11 0.944751 0.302198 0.111647 0.418672 0.0272894
10 0.0956389 0.793777 0.0656399 0.205591 0.0270853
10 0.220217 0.235437 0.0343112 0.0933025 0.0267877
4 0.376846 0.213454 0.0712398 0.0641694 0.0266677
4 0.368389 0.215976 0.0358702 0.0570853 0.0266217
10 0.138753 0.625163 0.279147 0.72623 0.0265185
4 0.364346 0.206687 0.0410083 0.0563991 0.0264248
4 0.385354 0.20786 0.0720087 0.0509829 0.0263197
10 0.456143 0.208203 0.0182465 0.0250248 0.0263086
10 0.10709 0.271826 0.0309959 0.0582467 0.0263028
10 0.0183242 0.521356 0.0374581 0.91331 0.0262598
10 0.170882 0.399512 0.0538584 0.260612 0.026242
4 0.546133 0.221539 0.046341 0.0451207 0.0262298
11 0.984136 0.387911 0.0324179 0.18409 0.0261368
10 0.132143 0.559252 0.267423 0.850832 0.025774
10 0.168292 0.801968 0.206162 0.382752 0.0257606
4 0.398762 0.244623 0.0529363 0.0535539 0.0251604
10 0.164858 0.502201 0.330925 0.974858 0.0249272
10 0.104952 0.652068 0.212552 0.663388 0.0248953
10 0.994197 0.464697 0.0123871 0.295725 0.0246757
10 0.171226 0.403209 0.0555579 0.275401 0.0245664
6 0.0187459 0.757062 0.0390958 0.454995 0.0245209
10 0.535721 0.0418869 0.281478 0.0841603 0.0244673
4 0.0817754 0.568861 0.164654 0.726971 0.0244466
10 0.17606 0.397249 0.0665651 0.267102 0.0244041
10 0.0965653 0.790509 0.0670153 0.206753 0.0243745
11 0.98512 0.388865 0.0300924 0.183094 0.0243553
10 0.495215 0.228567 0.0156335 0.0545097 0.0242251
6 0.987088 0.358364 0.0260529 0.224451 0.0240883
6 0.0712406 0.75271 0.142599 0.474069 0.0240773
10 0.140602 0.497907 0.281245 0.977815 0.0238327
10 0.0169962 0.516253 0.0338891 0.902751 0.0237138
10 0.436195 0.0410263 0.114669 0.0802425 0.0236431
10 0.44428 0.209779 0.0258286 0.0259627 0.0235984
6 0.984999 0.409813 0.0299255 0.217453 0.023473
3 0.911181 0.836637 0.0157026 0.0306148 0.0234672
10 0.0372905 0.505324 0.0758336 0.878107 0.0232281
10 0.487583 0.222639 0.0247886 0.0615163 0.0231691
10 0.350335 0.210965 0.0466459 0.0701673 0.0231361
4 0.450041 0.55339 0.0698521 0.0664153 0.0231078
10 0.233653 0.25581 0.0247945 0.139362 0.0230018
4 0.538139 0.236894 0.0382382 0.0394893 0.0229761
10 0.587212 0.220622 0.02972 0.066427 0.0228659
6 0.0665216 0.83954 0.13231 0.308387 0.0227062
10 0.0150504 0.522286 0.030191 0.887125 0.0226622
10 0.489463 0.208333 0.0429368 0.0893159 0.0226613
10 0.0974726 0.788876 0.0664876 0.191597 0.0225823
4 0.0622352 0.473679 0.127764 0.392539 0.0225442
10 0.434669 0.216502 0.0326892 0.0655964 0.0224024
10 0.63296 0.0466083 0.373335 0.0960434 0.022329
10 0.0121566 0.634703 0.0238548 0.605174 0.0221128
10 0.490698 0.230123 0.0367305 0.0456671 0.0220888
4 0.593393 0.241188 0.0399638 0.0451277 0.0219729
9 0.375743 0.241503 0.0241067 0.0407411 0.0219318
10 0.0137616 0.690887 0.0278693 0.474399 0.0218808
10 0.0131409 0.618909 0.0260303 0.681417 0.0218122
10 0.224709 0.221655 0.035082 0.0641207 0.0217479
4 0.50062 0.225415 0.0688532 0.0529849 0.0215617
10 0.182616 0.400102 0.055503 0.255525 0.0214665
10 0.134677 0.567541 0.272122 0.836342 0.0212664
6 0.0355864 0.889302 0.0735376 0.214769 0.0211646
4 0.278047 0.318719 0.0295596 0.0740103 0.0207933
10 0.34865 0.214852 0.0298217 0.071807 0.0205823
4 0.29396 0.220665 0.041307 0.0460017 0.0205028
4 0.513793 0.234522 0.237384 0.0624489 0.0205019
11 0.0144542 0.945846 0.0300155 0.100886 0.0204563
10 0.169603 0.416245 0.0570153 0.31279 0.0202857
0 0.107952 0.779314 0.100621 0.247064 0.0202616
10 0.187314 0.394947 0.0565157 0.250132 0.0201896
10 0.179412 0.829009 0.177666 0.327718 0.0201813
10 0.726369 0.0497115 0.130824 0.10192 0.0199481
6 0.0139898 0.720237 0.0281476 0.433589 0.0197757
10 0.477296 0.21623 0.0251978 0.0269749 0.0197632
10 0.101458 0.617645 0.206505 0.723064 0.01969
10 0.218436 0.50129 0.439732 0.983212 0.019678
10 0.236293 0.232737 0.0313215 0.0931768 0.0196248
6 0.987435 0.321898 0.025024 0.466064 0.0193755
10 0.987982 0.474239 0.0245869 0.0819489 0.0193675
4 0.72722 0.403548 0.359303 0.239858 0.0191372
10 0.243493 0.222205 0.0291473 0.070262 0.0188564
10 0.079776 0.799541 0.0504987 0.191225 0.0188405
10 0.457189 0.195567 0.0345373 0.0564373 0.0187925
10 0.126793 0.825239 0.248541 0.335284 0.0187311
10 0.599569 0.22093 0.0336725 0.094187 0.0186181
10 0.162095 0.399435 0.0434556 0.254421 0.0186037
10 0.674316 0.0467632 0.221055 0.0966417 0.0184086
0 0.112189 0.770435 0.107233 0.256224 0.018333
10 0.165417 0.413159 0.0488657 0.286509 0.0183213
10 0.00802211 0.604742 0.0158782 0.585864 0.0182643
10 0.130473 0.593858 0.263299 0.785586 0.0182199
10 0.311067 0.501198 0.624687 0.984604 0.0181464
7 0.5759 0.650314 0.0510406 0.206569 0.0180903
10 0.237307 0.229087 0.0731861 0.0792467 0.0179682
10 0.211372 0.271493 0.0390021 0.176757 0.0178228
10 0.98378 0.488319 0.0198858 0.0446789 0.0177693
2 0.764391 0.14829 0.0745778 0.268067 0.0176976
11 0.982765 0.198606 0.0370406 0.0595723 0.0175253
10 0.6953 0.0800621 0.36659 0.162534 0.0172253
10 0.225983 0.280849 0.0444989 0.193961 0.0171962
10 0.215986 0.609691 0.433732 0.76286 0.0170876
4 0.342981 0.234559 0.0359345 0.042638 0.0162916
7 0.567601 0.656864 0.0506618 0.212758 0.0161037
10 0.829553 0.0381049 0.0799758 0.0797336 0.0158894
10 0.791285 0.0439793 0.15977 0.0930973 0.0157261
10 0.48256 0.210494 0.0848958 0.089262 0.0157237
10 0.244178 0.254513 0.0263941 0.137364 0.0154503
10 0.0104853 0.39625 0.0205464 0.201425 0.015439
10 0.046434 0.471874 0.0945611 0.53652 0.0154139
10 0.0116456 0.194256 0.0243396 0.143576 0.0152577
10 0.0101255 0.384913 0.0195721 0.182857 0.0151698
2 0.765769 0.155557 0.0619898 0.193143 0.0148401
10 0.76459 0.0512283 0.144366 0.107464 0.014812
4 0.301803 0.211854 0.0274647 0.0689273 0.0146873
11 0.122303 0.719885 0.103702 0.149661 0.0146159
4 0.836924 0.488926 0.197691 0.409183 0.0143693
4 0.731109 0.509649 0.38894 0.436236 0.0142925
10 0.0828589 0.451042 0.165192 0.855778 0.0142604
4 0.730368 0.510984 0.375036 0.40756 0.0141429
4 0.665441 0.499169 0.251879 0.41286 0.0141332
4 0.0837148 0.482715 0.167206 0.928105 0.0141132
10 0.873172 0.0386189 0.0843519 0.084188 0.0140762
2 0.796455 0.210993 0.0513818 0.166679 0.0140271
10 0.20091 0.388159 0.0512737 0.228207 0.0139019
10 0.110685 0.261829 0.0300288 0.0810755 0.0138578
4 0.801974 0.484747 0.28778 0.41339 0.0138357
4 0.294022 0.227808 0.039529 0.0525471 0.0137049
10 0.727576 0.0524799 0.141216 0.109576 0.0136733
10 0.158501 0.438256 0.0443451 0.310567 0.0135238
10 0.203505 0.389547 0.0531684 0.224044 0.0135098
3 0.134767 0.355191 0.269398 0.698254 0.0133183
11 0.987311 0.22638 0.0262861 0.228909 0.0132889
10 0.754768 0.0710495 0.143682 0.148245 0.0131159
7 0.581005 0.640099 0.0492201 0.173943 0.0129971
10 0.210226 0.36935 0.0438892 0.15663 0.0129196
10 0.0708044 0.805787 0.05424 0.187468 0.0128753
3 0.296962 0.23709 0.415885 0.163899 0.0127675
4 0.621356 0.506935 0.152037 0.411684 0.0127574
10 0.248577 0.215582 0.0327772 0.0542993 0.0127488
4 0.108596 0.311471 0.217777 0.612836 0.0126719
4 0.740478 0.551831 0.388413 0.327136 0.0125041
4 0.486737 0.66757 0.954132 0.6475 0.0121975
1 0.351057 0.502919 0.701229 0.970112 0.012166
10 0.731033 0.069496 0.123085 0.14451 0.0120633
4 0.734677 0.53288 0.411268 0.516756 0.01191
11 0.120807 0.73882 0.105798 0.192999 0.0118416
10 0.677125 0.0523936 0.131187 0.10947 0.011796
10 0.0471637 0.437441 0.0572171 0.158683 0.0115429
3 0.372521 0.211417 0.740661 0.410132 0.0114295
10 0.224161 0.399597 0.0507476 0.233236 0.0114255
4 0.695612 0.486158 0.175906 0.298394 0.0112704
4 0.712013 0.526174 0.184502 0.325927 0.0110339
3 0.381417 0.123559 0.770115 0.256084 0.0109806
10 0.698662 0.0745782 0.120585 0.154546 0.0109594
4 0.700919 0.526031 0.192253 0.324127 0.0108859
4 0.507361 0.520782 0.868187 0.845691 0.0108391
11 0.119545 0.757684 0.10759 0.224242 0.0107383
10 0.34797 0.034574 0.124384 0.064432 0.01072
4 0.484928 0.688839 0.946566 0.60547 0.0107123
4 0.801934 0.409204 0.262756 0.29529 0.0106827
4 0.822499 0.493886 0.246798 0.421374 0.0105611
4 0.63095 0.238168 0.0214566 0.0579507 0.0103044
10 0.98568 0.0506056 0.566589 0.106898 0.0102346
2 0.124707 0.0296007 0.1087 0.0577315 0.0102013
4 0.661958 0.386064 0.145523 0.119145 0.010054
4 0.501148 0.627825 0.868314 0.715002 0.0099855
4 0.656717 0.54014 0.243833 0.341557 0.00981884
6 0.596472 0.624273 0.0553075 0.270225 0.00981341
4 0.822921 0.509114 0.24442 0.419465 0.00965819
4 0.880947 0.435444 0.111647 0.320606 0.0096462
2 0.110093 0.0343852 0.151074 0.0671118 0.00959098
10 0.917596 0.0642879 0.117268 0.139018 0.00954751
10 0.109497 0.0273004 0.13144 0.0534838 0.00951174
10 0.488624 0.114222 0.943204 0.230802 0.00947337
4 0.495811 0.572426 0.826524 0.652608 0.00939557
7 0.568152 0.657781 0.0449621 0.142607 0.00934683
3 0.032133 0.118754 0.276274 0.241227 0.00931974
4 0.626207 0.533878 0.169646 0.372011 0.00929155
1 0.49021 0.761215 0.920685 0.469498 0.00924239
4 0.60781 0.522866 0.135125 0.370008 0.00917574
4 0.547341 0.640595 0.0737123 0.181975 0.00916565
4 0.549919 0.642571 0.799988 0.686375 0.00916012
4 0.632709 0.37859 0.10254 0.105342 0.00903255
4 0.592863 0.548066 0.129223 0.366715 0.00872605
4 0.692761 0.585547 0.136214 0.207496 0.00870864
1 0.599179 0.651921 0.0608522 0.183117 0.00852481
4 0.650694 0.581787 0.151236 0.221479 0.00842486
4 0.495117 0.676968 0.824305 0.619081 0.00837797
10 0.0275541 0.0546673 0.0576727 0.111839 0.00832916
4 0.59249 0.510373 0.0927263 0.295287 0.0083248
3 0.388567 0.323027 0.25378 0.333175 0.00809618
4 0.596807 0.61042 0.234685 0.408292 0.00792501
4 0.609642 0.613037 0.173966 0.31162 0.00789885
1 0.62852 0.654333 0.198603 0.234629 0.00787158
4 0.675071 0.601735 0.294009 0.236866 0.00779075
4 0.640737 0.607736 0.187381 0.247543 0.00769276
6 0.585152 0.629935 0.0712592 0.248252 0.00753525
4 0.655482 0.622952 0.165655 0.179867 0.00745184
10 0.495423 0.548278 0.437898 0.814474 0.00743782
6 0.642817 0.646485 0.182048 0.236765 0.00728825
10 0.469503 0.584393 0.554545 0.699068 0.00715444
4 0.55217 0.551246 0.0726999 0.22819 0.00696902
6 0.658612 0.6324 0.203524 0.249511 0.0068822
4 0.56263 0.593762 0.0673233 0.20522 0.00669896
