6 0.698801 0.36898 0.102192 0.301158 0.78968
10 0.494425 0.0862858 0.0633024 0.175162 0.766689
2 0.761916 0.233753 0.0260703 0.0901719 0.676431
6 0.356451 0.22778 0.102607 0.194745 0.676192
11 0.315788 0.195363 0.176008 0.299747 0.643407
6 0.518076 0.333234 0.095481 0.24434 0.631065
11 0.369171 0.483166 0.241176 0.338353 0.581481
6 0.59748 0.620676 0.136701 0.3653 0.570236
10 0.717745 0.169323 0.0916568 0.134881 0.566149
10 0.159629 0.858542 0.0456634 0.120364 0.540847
6 0.281421 0.273776 0.102039 0.166492 0.50802
11 0.460125 0.282413 0.167041 0.254665 0.501305
6 0.458362 0.915762 0.192869 0.1686 0.494068
11 0.786266 0.337713 0.190171 0.33527 0.423019
7 0.243405 0.686294 0.0449286 0.0981843 0.314917
6 0.110552 0.527362 0.0887849 0.22929 0.292286
2 0.0188847 0.0978352 0.0350776 0.0895468 0.254032
6 0.427849 0.514666 0.128058 0.273691 0.251781
7 0.737076 0.266004 0.0294364 0.087944 0.250949
10 0.873609 0.454196 0.160262 0.52726 0.226831
7 0.431685 0.237411 0.0240216 0.0500439 0.217589
2 0.0668504 0.147749 0.0349205 0.0738533 0.211886
6 0.0769576 0.521705 0.137354 0.207309 0.202829
7 0.845788 0.268426 0.0225056 0.0767402 0.189981
7 0.315476 0.421687 0.0277301 0.0476394 0.189028
7 0.866638 0.316414 0.0305836 0.0614305 0.184924
10 0.197958 0.69447 0.381286 0.571574 0.184594
7 0.831512 0.260245 0.0286381 0.0938827 0.182796
2 0.0548092 0.144166 0.0529544 0.0945838 0.178141
10 0.96831 0.811139 0.0654021 0.373887 0.177624
7 0.673601 0.606079 0.0412175 0.117062 0.163754
7 0.307191 0.422121 0.0270321 0.0440398 0.160408
7 0.837018 0.275953 0.022296 0.0786705 0.153938
11 0.00717844 0.253873 0.0145738 0.103736 0.15392
2 0.00600258 0.24192 0.0125939 0.105753 0.152683
10 0.452687 0.0961225 0.0405313 0.143362 0.150961
10 0.0134777 0.719728 0.027252 0.206707 0.146928
2 0.111661 0.225599 0.0411064 0.0788727 0.145534
10 0.125476 0.796582 0.0403117 0.0997318 0.143734
6 0.288576 0.259089 0.117759 0.19894 0.141665
10 0.96435 0.555019 0.0705873 0.882774 0.140755
10 0.927011 0.813856 0.14706 0.370601 0.138305
2 0.265121 0.171246 0.0253935 0.064321 0.138242
10 0.939083 0.79476 0.124 0.408177 0.137108
2 0.736361 0.246488 0.0265629 0.103936 0.136223
10 0.878382 0.363077 0.108278 0.337295 0.135549
2 0.0909937 0.111213 0.0196797 0.0426044 0.135542
7 0.730254 0.273451 0.0267731 0.0743465 0.131935
10 0.461619 0.0960258 0.0368211 0.141037 0.131264
7 0.74694 0.266519 0.0286996 0.081644 0.130785
7 0.807325 0.218874 0.0226665 0.0431638 0.126152
7 0.828035 0.263008 0.0258621 0.0935077 0.125795
2 0.116202 0.0111288 0.0261278 0.0232378 0.122002
10 0.276153 0.0427857 0.0606682 0.0855577 0.120735
11 0.279881 0.0974538 0.0708651 0.0874744 0.120471
2 0.142298 0.041482 0.0303292 0.0656495 0.116055
2 0.0880495 0.113384 0.0167273 0.0379696 0.112289
7 0.00901292 0.208013 0.0157225 0.0379044 0.109037
11 0.320413 0.140983 0.165927 0.186138 0.108597
7 0.686825 0.609486 0.0375776 0.100047 0.108245
6 0.967617 0.822895 0.0670517 0.352704 0.107279
2 0.116811 0.215828 0.0347558 0.060146 0.106533
7 0.808355 0.230017 0.0245836 0.0652544 0.106183
6 0.0854566 0.523297 0.157003 0.222136 0.10401
7 0.833241 0.240553 0.0247635 0.0544204 0.10299
6 0.459541 0.964113 0.200286 0.0712991 0.102973
6 0.292634 0.251765 0.110599 0.201418 0.102702
10 0.927439 0.600371 0.145042 0.800867 0.102672
2 0.00482696 0.192534 0.0107517 0.119906 0.101046
2 0.737464 0.241195 0.0235128 0.112802 0.101014
2 0.0462442 0.122088 0.0280789 0.0540911 0.100173
2 0.855754 0.260238 0.0211205 0.0834834 0.0990667
7 0.684057 0.623409 0.0329519 0.0768958 0.0986677
6 0.426973 0.545715 0.119022 0.209907 0.0982659
10 0.012104 0.67589 0.025374 0.46141 0.0981767
7 0.4192 0.236229 0.0217152 0.0475918 0.0974191
7 0.855761 0.278868 0.0210322 0.0740623 0.094344
10 0.932418 0.67524 0.133779 0.64809 0.0941986
10 0.441169 0.0911083 0.0526587 0.172443 0.0933929
6 0.318172 0.234898 0.0810524 0.182146 0.0922083
7 0.721065 0.264882 0.0288948 0.0856974 0.0921397
2 0.660921 0.588394 0.040458 0.140547 0.091764
10 0.875105 0.583809 0.207915 0.832723 0.0912252
6 0.918356 0.942202 0.160853 0.11876 0.0906747
10 0.013004 0.774773 0.0272417 0.306539 0.0905967
10 0.98175 0.580976 0.0361998 0.830277 0.0898873
6 0.338321 0.222152 0.0716934 0.17815 0.0895063
10 0.985155 0.804349 0.0297862 0.367119 0.0892244
2 0.773192 0.176869 0.02712 0.0711857 0.0890657
7 0.8647 0.318194 0.0274757 0.0559607 0.0876781
2 0.00681305 0.100865 0.0144199 0.0915151 0.0876147
6 0.345359 0.228516 0.0776901 0.187882 0.0874295
10 0.850847 0.566664 0.282787 0.869932 0.0871679
10 0.28481 0.0361558 0.0478371 0.0743216 0.0867017
10 0.926656 0.879233 0.14653 0.242805 0.0854467
10 0.980411 0.490311 0.0371979 0.897315 0.0844193
6 0.297562 0.265718 0.0786477 0.176443 0.0841644
2 0.029182 0.154154 0.0219025 0.0400043 0.0838999
6 0.494079 0.964436 0.114153 0.0722793 0.083833
10 0.983584 0.610075 0.0333908 0.771471 0.083566
6 0.29278 0.252705 0.101956 0.201669 0.0831789
7 0.750163 0.636797 0.0383564 0.124594 0.0828308
2 0.861876 0.257359 0.0217636 0.0794124 0.0827563
2 0.763689 0.17426 0.0204435 0.0689267 0.0823505
6 0.0888128 0.497296 0.0715902 0.149192 0.0822966
2 0.752737 0.165327 0.0269609 0.0788401 0.0815713
2 0.745646 0.230837 0.0244116 0.0915927 0.080919
2 0.750489 0.257402 0.0273694 0.0845183 0.0805932
10 0.574046 0.119255 0.0525333 0.143151 0.0793596
7 0.737982 0.625489 0.0296509 0.108911 0.0792907
2 0.165385 0.0449332 0.0411448 0.0886011 0.0785846
2 0.0460126 0.208024 0.0221253 0.0385043 0.0779973
10 0.00825519 0.62217 0.0157976 0.394497 0.0770721
7 0.795259 0.234988 0.0362333 0.0648425 0.0763684
6 0.489843 0.121191 0.0558183 0.103149 0.0763241
10 0.559851 0.201365 0.0960171 0.371175 0.0761538
7 0.301227 0.0809214 0.0253503 0.0394473 0.0754723
6 0.933053 0.258586 0.0462616 0.131611 0.0754705
2 0.511125 0.965406 0.0706722 0.0705416 0.0752577
7 0.863075 0.264332 0.0200097 0.0833472 0.074815
2 0.776269 0.236387 0.0251785 0.0863039 0.0737008
11 0.128211 0.276919 0.0834653 0.194711 0.0736844
6 0.935335 0.939716 0.129591 0.123542 0.0735937
7 0.833158 0.232821 0.0180719 0.0446884 0.0730251
7 0.267423 0.198899 0.0345195 0.0498295 0.0722033
6 0.933666 0.238842 0.0465754 0.0939676 0.0721768
10 0.108495 0.970521 0.214651 0.0582489 0.0721181
6 0.10198 0.530618 0.0575988 0.219832 0.0710993
6 0.883524 0.284098 0.0778013 0.164113 0.0708941
6 0.387775 0.215393 0.0766217 0.187163 0.070448
2 0.150213 0.0371484 0.0232187 0.0638624 0.0704212
7 0.856283 0.307733 0.035425 0.0759878 0.0696612
6 0.990235 0.719173 0.0204973 0.187018 0.0693704
10 0.876828 0.586584 0.166345 0.80547 0.0690726
6 0.318048 0.230425 0.0908717 0.190095 0.0685463
7 0.797886 0.213408 0.0148732 0.0293997 0.0678754
2 0.752699 0.165856 0.0321089 0.084617 0.0677977
10 0.0114704 0.756986 0.0248278 0.267109 0.0677845
10 0.98259 0.465309 0.0330659 0.803579 0.0676014
2 0.777315 0.1746 0.024128 0.0687279 0.06741
7 0.694188 0.610406 0.0392598 0.103885 0.0672864
2 0.863472 0.247738 0.022146 0.0647858 0.0670783
2 0.778323 0.236009 0.0241566 0.0912045 0.0667342
7 0.486661 0.228483 0.0182625 0.0551805 0.0667334
6 0.339167 0.232344 0.0782023 0.185996 0.0662036
6 0.959851 0.941005 0.0800529 0.121419 0.0658603
10 0.00693475 0.513179 0.0152386 0.169307 0.0656533
6 0.409228 0.245395 0.0865976 0.179111 0.065642
2 0.264717 0.0692042 0.0245687 0.0492875 0.0654896
10 0.991802 0.722504 0.0183987 0.507874 0.0650356
10 0.0530081 0.502692 0.100527 0.167923 0.0643039
6 0.296059 0.24487 0.101523 0.208281 0.0641717
10 0.982871 0.509146 0.03316 0.593855 0.063995
10 0.878686 0.875585 0.129777 0.25078 0.0636881
6 0.280234 0.268301 0.10799 0.17845 0.063665
6 0.307587 0.247529 0.0855045 0.187255 0.0634232
6 0.319798 0.24958 0.0810219 0.180417 0.0631416
10 0.00505856 0.486052 0.0112586 0.124566 0.0627256
7 0.658184 0.619021 0.0319073 0.0837215 0.0619641
6 0.381845 0.962227 0.36417 0.0764139 0.061959
2 0.240315 0.159429 0.0233176 0.0509606 0.0610382
6 0.259052 0.278952 0.0776383 0.144134 0.060744
7 0.481307 0.221668 0.0291262 0.0442845 0.059997
7 0.0330531 0.0780914 0.0166876 0.0300603 0.0596758
7 0.282577 0.193328 0.0166965 0.0442534 0.0594858
2 0.503012 0.964808 0.0795084 0.0718308 0.0594562
2 0.203018 0.0703072 0.0178013 0.0385967 0.0590893
10 0.730518 0.166471 0.0403805 0.0879259 0.0587586
7 0.802764 0.232544 0.0356361 0.0686134 0.058648
11 0.473856 0.240081 0.13797 0.167495 0.0585617
11 0.813714 0.422408 0.30772 0.562124 0.0583986
10 0.0147317 0.462505 0.0291583 0.105985 0.0576043
7 0.853552 0.23594 0.0162235 0.0391095 0.0574434
6 0.325104 0.23515 0.0964658 0.20275 0.0573308
6 0.930445 0.285475 0.049515 0.185051 0.0570733
7 0.849778 0.240986 0.0147114 0.0407476 0.0568188
6 0.318623 0.241839 0.0773757 0.185037 0.0566721
7 0.861613 0.232817 0.0145696 0.0354532 0.0565267
7 0.300304 0.423569 0.0252299 0.0434445 0.0558251
6 0.968204 0.91742 0.0648313 0.168065 0.0551556
7 0.85337 0.283 0.0219147 0.0548199 0.0543923
6 0.107557 0.492815 0.0636717 0.152612 0.0538775
7 0.437918 0.226458 0.0308067 0.0715129 0.0537343
11 0.0441309 0.154375 0.081265 0.14331 0.0535925
6 0.928005 0.295729 0.0714497 0.214754 0.0535121
2 0.101951 0.0125826 0.0385243 0.0261842 0.0533089
2 0.0640888 0.0811768 0.0239244 0.0390648 0.0532069
6 0.0573363 0.515777 0.0706192 0.139635 0.0531551
6 0.704602 0.367088 0.0999559 0.304287 0.0529626
10 0.00550283 0.459885 0.0107175 0.12716 0.0529141
7 0.106461 0.319272 0.0183929 0.0358433 0.0528912
10 0.00758198 0.44863 0.01775 0.473301 0.0524927
6 0.313592 0.263581 0.0826591 0.173863 0.0520881
2 0.765531 0.189161 0.0190411 0.0376398 0.05167
6 0.0386539 0.529574 0.0565633 0.0966739 0.0514422
7 0.322249 0.409067 0.0398993 0.0793668 0.0506897
10 0.882381 0.326961 0.0922987 0.267037 0.0506653
11 0.796424 0.310743 0.172989 0.323308 0.0505389
7 0.256361 0.766852 0.0372893 0.0999007 0.0504402
2 0.775131 0.170521 0.0293885 0.071174 0.0498108
10 0.987038 0.435573 0.0231386 0.462707 0.049423
2 0.0821778 0.109499 0.0194564 0.0462268 0.0493819
11 0.0939899 0.196399 0.186183 0.386424 0.0491619
2 0.0115367 0.10914 0.0269151 0.0911287 0.0487056
2 0.0981799 0.210674 0.0294566 0.0573111 0.0484706
6 0.686242 0.403178 0.0796425 0.20727 0.0482669
2 0.234655 0.159193 0.0349413 0.0692248 0.0479069
2 0.0648558 0.1376 0.0418281 0.0716426 0.0474991
6 0.258362 0.285568 0.0876664 0.142799 0.0473101
6 0.424863 0.342741 0.0758745 0.142035 0.047062
6 0.573514 0.61736 0.116438 0.363214 0.0469333
6 0.277832 0.262695 0.131957 0.193719 0.0466638
2 0.0665223 0.158245 0.0329844 0.0652803 0.0465477
7 0.390674 0.242866 0.0146496 0.0497564 0.0464549
7 0.819539 0.274093 0.0233925 0.0841307 0.0458805
6 0.881306 0.30142 0.0770903 0.109899 0.0453884
2 0.509735 0.968739 0.0643903 0.0652332 0.0451891
7 0.81857 0.21473 0.0223583 0.0336162 0.0445319
10 0.47887 0.090065 0.0317356 0.155552 0.0444155
6 0.247576 0.104513 0.0408117 0.0846006 0.0441473
10 0.884923 0.27973 0.0872955 0.162105 0.0440349
2 0.0250225 0.154739 0.0275145 0.0509203 0.0440339
10 0.988047 0.394447 0.0212288 0.717539 0.0437626
7 0.457321 0.224263 0.0363288 0.0451399 0.0437372
7 0.872734 0.256347 0.0326419 0.076815 0.0436699
2 0.802896 0.228815 0.0218427 0.0845009 0.0432269
2 0.281007 0.170413 0.0206249 0.0584313 0.043191
6 0.391914 0.0984584 0.0382886 0.161483 0.0431473
7 0.24489 0.0796602 0.0185973 0.0369613 0.0429066
7 0.257768 0.684009 0.0417578 0.0892467 0.0426391
6 0.698197 0.259358 0.0483999 0.0928597 0.0423154
7 0.31146 0.0790624 0.0217407 0.0405223 0.0416205
6 0.511962 0.914664 0.340787 0.172947 0.0415374
10 0.936737 0.420473 0.0561363 0.476452 0.0413679
10 0.394986 0.0969247 0.0413287 0.177686 0.0413134
11 0.407244 0.297448 0.345432 0.333882 0.040949
11 0.0120692 0.831892 0.0248198 0.187917 0.0404975
6 0.385228 0.24647 0.0900435 0.180209 0.0404428
10 0.72417 0.168347 0.0307421 0.0893809 0.0404206
6 0.684288 0.302495 0.0643174 0.174479 0.0403437
2 0.786369 0.231769 0.0226981 0.0869926 0.0402404
10 0.0103381 0.589369 0.0213563 0.238348 0.0401455
6 0.466628 0.496847 0.0998536 0.292727 0.0400838
6 0.68619 0.41585 0.0787442 0.178976 0.0400043
10 0.50399 0.228531 0.18095 0.448778 0.0397213
10 0.0122438 0.0923099 0.0248525 0.0782684 0.0390859
6 0.432313 0.917883 0.155032 0.166156 0.0385196
7 0.12774 0.209423 0.0274463 0.0514135 0.0382721
7 0.65046 0.619664 0.0301333 0.0815361 0.0382063
11 0.779219 0.329664 0.16613 0.308101 0.0381842
6 0.678414 0.307188 0.0596846 0.183234 0.0372613
10 0.726054 0.643703 0.406196 0.439665 0.0369207
7 0.882622 0.314051 0.0333023 0.0700039 0.0368082
2 0.103041 0.205394 0.0264471 0.0515818 0.0360577
7 0.819916 0.22934 0.0161308 0.0437662 0.0360412
6 0.238178 0.101255 0.0384858 0.0794755 0.0356682
2 0.172581 0.034279 0.0517471 0.0671335 0.0348563
2 0.0374769 0.127126 0.0276074 0.0597213 0.0344803
2 0.219886 0.0767025 0.0188612 0.0353077 0.0342821
2 0.286045 0.179296 0.0324745 0.0755787 0.0342212
11 0.420445 0.260111 0.129961 0.188653 0.0333208
11 0.360937 0.151557 0.125027 0.216242 0.0331619
10 0.617084 0.255214 0.310468 0.498571 0.033086
6 0.405669 0.203147 0.0840151 0.20091 0.0330217
11 0.680317 0.630819 0.292962 0.391912 0.0327584
2 0.740882 0.167971 0.0198999 0.0786241 0.0326774
10 0.927382 0.463125 0.0868011 0.558888 0.0316794
2 0.314451 0.0752193 0.0207836 0.0402213 0.0312666
11 0.255205 0.206248 0.121848 0.304824 0.0312242
7 0.217686 0.687446 0.0409204 0.0940876 0.0310834
7 0.295661 0.187277 0.0147414 0.04439 0.0308712
7 0.889019 0.320601 0.041869 0.0600994 0.030768
7 0.881159 0.248127 0.0202007 0.0578025 0.0301422
10 0.561552 0.234913 0.203338 0.441743 0.0300217
2 0.0491799 0.150525 0.0632194 0.091491 0.0298573
6 0.670706 0.32204 0.0581294 0.212352 0.0287683
7 0.50773 0.215692 0.0146477 0.0408596 0.0287408
6 0.617228 0.638352 0.185365 0.40471 0.0283251
2 0.0781981 0.0735724 0.0153909 0.0366712 0.0282768
7 0.88284 0.21949 0.0209668 0.0439191 0.0282051
6 0.216518 0.126839 0.041389 0.136962 0.0269564
2 0.798991 0.179982 0.0244201 0.0733695 0.026894
6 0.745122 0.454866 0.139442 0.157228 0.0261841
2 0.786885 0.211472 0.0182154 0.038159 0.0256487
2 0.0881668 0.129323 0.0219271 0.0682641 0.0255389
11 0.839881 0.313729 0.124938 0.288162 0.0254041
11 0.339951 0.397383 0.158681 0.150003 0.024918
11 0.789486 0.361658 0.261582 0.370198 0.0248725
2 0.0448594 0.164599 0.0659972 0.0763153 0.0248103
6 0.388256 0.160443 0.0540244 0.145115 0.0246865
10 0.16628 0.703943 0.343265 0.569694 0.0241576
7 0.334143 0.0740188 0.0179543 0.040302 0.0236545
7 0.270027 0.691136 0.0392118 0.0954151 0.0233996
11 0.420376 0.433884 0.289389 0.434999 0.0225494
2 0.736897 0.20635 0.016139 0.0440247 0.0211668
10 0.756005 0.569365 0.418153 0.696687 0.0204685
7 0.816696 0.284667 0.0275908 0.106679 0.0185271
2 0.0731576 0.113388 0.0362781 0.0453888 0.0178455
2 0.782809 0.194725 0.0189507 0.035793 0.0161027
6 0.530426 0.628923 0.0633231 0.227786 0.0153546
