6 0.686446 0.674858 0.127985 0.358435 0.698383
6 0.935692 0.533059 0.124432 0.32342 0.677557
8 0.360421 0.323069 0.0618238 0.0909975 0.634722
11 0.504042 0.734573 0.471933 0.505483 0.617146
2 0.921957 0.952863 0.0660679 0.0949181 0.317539
6 0.983909 0.558357 0.0335175 0.211271 0.259338
11 0.928087 0.603217 0.0830484 0.159244 0.233898
6 0.269264 0.973279 0.297187 0.053219 0.20433
6 0.618492 0.83717 0.17217 0.241381 0.178254
6 0.202502 0.972291 0.398623 0.0555241 0.170156
6 0.984048 0.65356 0.0330619 0.44094 0.169196
6 0.617977 0.843515 0.177003 0.254486 0.156991
11 0.37831 0.73589 0.749414 0.52529 0.153272
6 0.306383 0.166781 0.0361061 0.0591631 0.152969
6 0.973939 0.556904 0.0544151 0.211812 0.151451
11 0.934658 0.619872 0.111855 0.211924 0.147313
6 0.348879 0.671405 0.156979 0.300153 0.145111
6 0.978769 0.568627 0.0439346 0.211525 0.143566
6 0.928664 0.876381 0.142787 0.247289 0.136795
6 0.474013 0.861195 0.161816 0.267429 0.135604
6 0.970383 0.557801 0.0600515 0.242602 0.132202
6 0.235187 0.975159 0.22472 0.0496407 0.131202
2 0.930945 0.954521 0.0415672 0.091193 0.12447
4 0.618929 0.165516 0.0657362 0.0550757 0.121168
10 0.986835 0.529105 0.0282565 0.6907 0.118966
7 0.235613 0.71101 0.0558356 0.106057 0.118926
4 0.497835 0.15691 0.0270796 0.0338294 0.118854
7 0.0128821 0.980045 0.0259338 0.0409567 0.117574
11 0.0366862 0.883819 0.0762789 0.23082 0.115604
6 0.976382 0.570356 0.0501631 0.186164 0.113769
6 0.472539 0.847247 0.151413 0.239005 0.112488
7 0.0128708 0.974369 0.0251999 0.0526167 0.112388
6 0.986033 0.58492 0.0292268 0.157215 0.110888
6 0.224294 0.961452 0.44455 0.0779824 0.109984
10 0.977995 0.721246 0.0450897 0.542292 0.109743
6 0.985703 0.708782 0.0291606 0.307566 0.106023
6 0.985394 0.726614 0.0297434 0.277033 0.105523
6 0.153709 0.971295 0.305009 0.0571658 0.104109
6 0.97508 0.584779 0.0508663 0.166496 0.102926
6 0.209282 0.951838 0.415091 0.0974644 0.102557
6 0.254895 0.965704 0.396947 0.0682929 0.100428
6 0.98438 0.562357 0.0332783 0.234835 0.0992448
6 0.927681 0.808329 0.144785 0.383649 0.0987828
6 0.984715 0.567886 0.0320315 0.195538 0.0968192
10 0.928286 0.678398 0.142245 0.643234 0.0963475
6 0.0648005 0.918702 0.132935 0.163723 0.0956477
7 0.256092 0.693487 0.1115 0.199087 0.0948644
2 0.915429 0.955756 0.044094 0.0894791 0.0944648
10 0.986416 0.563727 0.0292885 0.639589 0.0944245
7 0.227826 0.707281 0.0549692 0.092408 0.0936585
6 0.0153826 0.919326 0.0315393 0.163081 0.0909466
6 0.993327 0.541758 0.0135068 0.209789 0.0900415
11 0.936725 0.521812 0.126358 0.336008 0.0882903
11 0.980764 0.528175 0.0386499 0.330448 0.0859811
10 0.985419 0.41458 0.0304019 0.475033 0.0857021
11 0.974207 0.601175 0.0476078 0.109458 0.0843645
11 0.217586 0.747043 0.435371 0.506377 0.0839806
6 0.984911 0.567517 0.0316648 0.211698 0.0839519
6 0.0616113 0.879397 0.12577 0.241942 0.0827151
6 0.966725 0.815189 0.0672161 0.360838 0.0803346
6 0.551714 0.858545 0.320443 0.279407 0.0791915
11 0.941151 0.507017 0.116567 0.345762 0.0785786
11 0.0150549 0.951453 0.0310168 0.0990707 0.0785589
2 0.921693 0.95158 0.0363122 0.098003 0.0782675
6 0.371607 0.976404 0.499311 0.0479653 0.0775961
6 0.15008 0.932016 0.300564 0.137951 0.0773947
6 0.0717223 0.956557 0.146239 0.0887526 0.0741405
6 0.991453 0.549331 0.0177315 0.208189 0.0732993
6 0.894074 0.879975 0.210499 0.241715 0.0731828
11 0.216096 0.740099 0.430759 0.520142 0.0721166
7 0.0123667 0.957538 0.024412 0.0889147 0.0719532
10 0.988598 0.343085 0.0241141 0.463779 0.0713525
11 0.972634 0.602592 0.045483 0.102048 0.0705125
6 0.633135 0.739701 0.222106 0.503464 0.0704428
6 0.0591737 0.848616 0.120668 0.304711 0.0696869
6 0.986103 0.680263 0.0280687 0.44866 0.0691741
5 0.647941 0.183192 0.0268592 0.0369673 0.0683606
11 0.0219181 0.780748 0.046026 0.431264 0.0681654
6 0.203985 0.912909 0.40509 0.176404 0.0679243
11 0.933457 0.558689 0.129606 0.344544 0.0672678
4 0.216165 0.224076 0.0371086 0.0719489 0.0667955
11 0.120821 0.753717 0.246003 0.492741 0.0661577
11 0.976844 0.541644 0.0472514 0.216234 0.0658003
6 0.990029 0.503895 0.0210815 0.323178 0.0654279
10 0.934179 0.944408 0.127112 0.111547 0.0653258
6 0.980815 0.513732 0.03983 0.296469 0.0650215
10 0.0254374 0.610544 0.0512317 0.548808 0.0645469
6 0.359871 0.711017 0.187143 0.38384 0.0641689
11 0.0979556 0.746052 0.195051 0.505909 0.0641529
10 0.0213933 0.550442 0.0438135 0.287496 0.0638452
10 0.983144 0.745237 0.0338766 0.285504 0.0634066
6 0.984006 0.789293 0.0338467 0.414382 0.0630475
11 0.978976 0.504934 0.045578 0.278838 0.063012
6 0.991573 0.503564 0.0176727 0.303517 0.0621678
6 0.987485 0.604151 0.0259924 0.107462 0.0619258
10 0.0416206 0.553001 0.0830688 0.884292 0.0617492
11 0.0684986 0.763756 0.137709 0.4695 0.0615477
6 0.990154 0.585275 0.0217438 0.349697 0.0614234
10 0.0391297 0.581006 0.0790489 0.827109 0.0613028
6 0.212016 0.919729 0.405953 0.162952 0.0609491
10 0.983224 0.740673 0.0331112 0.256628 0.0606271
11 0.479102 0.738952 0.936625 0.512932 0.0602925
6 0.472658 0.812129 0.145712 0.219697 0.0597681
11 0.0259018 0.716975 0.0531118 0.548598 0.0596434
10 0.986349 0.72184 0.0274951 0.249028 0.0595655
6 0.990332 0.508219 0.0203147 0.288677 0.0592086
6 0.022775 0.572045 0.0469077 0.317289 0.0586282
5 0.39746 0.328352 0.0284398 0.0692456 0.058552
11 0.982445 0.512696 0.0371159 0.289501 0.0581697
6 0.208328 0.974712 0.150486 0.0506233 0.0578901
6 0.105264 0.896852 0.213211 0.209649 0.0567372
10 0.0163168 0.521104 0.0331574 0.589855 0.0567124
10 0.934888 0.670578 0.131098 0.652784 0.0565631
10 0.991177 0.498275 0.0181818 0.312837 0.0564839
6 0.879179 0.956322 0.234093 0.0888987 0.0559895
11 0.0217124 0.690811 0.0445679 0.345717 0.0549788
6 0.637476 0.735464 0.226969 0.489932 0.0547255
6 0.315611 0.68607 0.228363 0.322082 0.0546972
10 0.0468739 0.525878 0.0940077 0.940392 0.0542865
6 0.10336 0.847097 0.206924 0.30901 0.0540673
6 0.639309 0.738575 0.207379 0.491273 0.0540496
5 0.644668 0.180393 0.0306506 0.0416128 0.0537571
10 0.98607 0.309925 0.0287533 0.383593 0.0537318
6 0.993277 0.522934 0.0133924 0.242889 0.0533801
6 0.882588 0.938758 0.225623 0.123092 0.0529568
6 0.0103004 0.917381 0.0208854 0.170321 0.0527893
6 0.986145 0.701718 0.0281925 0.350385 0.0522405
6 0.292763 0.16675 0.0334227 0.0574173 0.0520393
11 0.0335133 0.838222 0.0683932 0.114254 0.0519291
11 0.626284 0.721595 0.241411 0.479068 0.0515906
11 0.483359 0.657017 0.42674 0.345525 0.0511028
6 0.574863 0.862359 0.266797 0.276212 0.0509162
6 0.97675 0.894956 0.0463867 0.211041 0.0503211
11 0.544111 0.691169 0.347584 0.426553 0.0501832
10 0.437971 0.169122 0.0281355 0.0307532 0.0501612
6 0.624937 0.73437 0.214762 0.496903 0.0501394
6 0.638123 0.720887 0.191981 0.460848 0.0488773
2 0.937876 0.952445 0.0331772 0.0966589 0.0484933
6 0.984891 0.741092 0.0315882 0.233348 0.0483332
2 0.917025 0.98669 0.0568623 0.0265463 0.0481281
11 0.946996 0.456207 0.110999 0.213254 0.048064
6 0.705623 0.617217 0.0954945 0.240066 0.0480326
11 0.515313 0.626516 0.387581 0.300841 0.0480209
11 0.215963 0.754975 0.434954 0.490803 0.0479338
10 0.987097 0.713604 0.0252666 0.259831 0.0476807
10 0.985181 0.322003 0.0300933 0.20068 0.046932
6 0.631759 0.780955 0.173168 0.212894 0.0469095
6 0.430363 0.975533 0.740682 0.0492643 0.0463126
4 0.220548 0.221598 0.0377226 0.0755997 0.0462654
2 0.925101 0.960259 0.0688183 0.0810552 0.0461092
11 0.923771 0.597072 0.0738894 0.132347 0.0457697
6 0.401926 0.165961 0.0419152 0.0450695 0.0455259
10 0.986095 0.290317 0.028985 0.497211 0.0454107
7 0.24945 0.709257 0.0477727 0.0912742 0.0451306
4 0.0147248 0.137615 0.0289451 0.0775405 0.0447625
11 0.928447 0.601183 0.0743032 0.128023 0.0438185
11 0.213092 0.746942 0.432227 0.510313 0.0436583
6 0.155325 0.988021 0.25504 0.0244089 0.043345
2 0.809927 0.989044 0.058361 0.0219062 0.04274
11 0.476969 0.729682 0.424662 0.479913 0.0425987
5 0.667709 0.424808 0.0243282 0.0436213 0.0425865
11 0.920645 0.599013 0.0747946 0.136112 0.0425408
7 0.0105441 0.938353 0.0211345 0.128873 0.0423567
2 0.94959 0.95259 0.0966204 0.0964434 0.0423209
11 0.363628 0.734706 0.730274 0.521042 0.0423202
11 0.472281 0.734598 0.423075 0.48289 0.0422684
7 0.233637 0.719908 0.0500913 0.116368 0.0418054
11 0.932218 0.596936 0.0734121 0.122365 0.0417187
11 0.98798 0.432533 0.0245375 0.173839 0.0413031
6 0.287127 0.895005 0.279047 0.212707 0.0412879
11 0.0385455 0.687285 0.079295 0.395892 0.0408488
10 0.987029 0.32415 0.0264614 0.178113 0.0407417
10 0.0325543 0.6361 0.0671273 0.473577 0.040597
11 0.584199 0.677791 0.303098 0.39959 0.0405909
11 0.933423 0.416525 0.135031 0.620408 0.0401691
4 0.552923 0.159879 0.172363 0.0528348 0.0401203
6 0.443421 0.97925 0.696704 0.0422117 0.0401178
2 0.554546 0.248606 0.0179792 0.0301917 0.0399873
11 0.549651 0.739507 0.365401 0.507348 0.0399312
4 0.0119948 0.143415 0.0242125 0.069382 0.0398854
6 0.574069 0.711453 0.0659321 0.0720604 0.0398845
6 0.156311 0.986646 0.218934 0.0274502 0.0397316
11 0.162212 0.658109 0.320356 0.342995 0.0396501
7 0.00913517 0.822084 0.0165755 0.0862272 0.0392756
6 0.409678 0.163963 0.0426226 0.045514 0.0391373
6 0.580687 0.710515 0.0662429 0.0729796 0.0388598
11 0.0544232 0.982823 0.116457 0.0368608 0.0382354
11 0.376547 0.743185 0.711232 0.509328 0.0377695
6 0.290962 0.763005 0.283507 0.47273 0.0375433
4 0.592437 0.163 0.0491749 0.0495998 0.037509
11 0.981471 0.454908 0.0410706 0.16724 0.0374074
10 0.987289 0.360646 0.0252235 0.113444 0.0372035
6 0.849263 0.983904 0.191576 0.0324133 0.0371647
6 0.368197 0.661613 0.136211 0.268029 0.0370324
6 0.410338 0.966246 0.665441 0.069086 0.0369848
11 0.514997 0.459381 0.288194 0.165372 0.0367931
11 0.459128 0.738169 0.879975 0.507933 0.0363687
10 0.987204 0.683695 0.0233257 0.314651 0.0363502
7 0.731763 0.983175 0.0660542 0.0340818 0.0362479
4 0.466388 0.166325 0.0379314 0.0271918 0.0359109
11 0.38431 0.692106 0.738109 0.424425 0.0358995
11 0.924724 0.587612 0.0769167 0.121392 0.0358062
4 0.56138 0.16462 0.0505774 0.0322714 0.0356493
2 0.905028 0.989544 0.0818615 0.021499 0.035585
11 0.466902 0.659949 0.404863 0.326331 0.0353482
6 0.538707 0.155522 0.0425932 0.0421965 0.0351431
6 0.98696 0.643137 0.0276077 0.119985 0.0346523
6 0.617443 0.908624 0.178833 0.183096 0.0344993
2 0.897255 0.958397 0.0778561 0.0837809 0.0344261
11 0.363057 0.750531 0.726904 0.492665 0.0340393
6 0.178039 0.988758 0.126538 0.0226255 0.0336608
11 0.952145 0.515431 0.104166 0.255147 0.0335378
6 0.470895 0.158633 0.0352037 0.0348773 0.0330613
7 0.251333 0.706727 0.134003 0.242256 0.03301
11 0.0151388 0.603872 0.0315684 0.142031 0.0329366
6 0.54521 0.156798 0.0490758 0.0409962 0.0327472
6 0.699364 0.623573 0.0866936 0.250218 0.0327362
10 0.273992 0.785278 0.295799 0.429458 0.0325212
2 0.825224 0.987877 0.0811798 0.023817 0.032401
11 0.501916 0.622928 0.408195 0.282592 0.0323557
10 0.453497 0.168246 0.0201621 0.0281828 0.0315401
10 0.323229 0.159723 0.0320061 0.0615061 0.0314315
11 0.943875 0.516604 0.125687 0.270402 0.0311517
11 0.0779615 0.680727 0.156908 0.322566 0.0307564
6 0.71504 0.631154 0.098668 0.271861 0.0306447
5 0.477507 0.282035 0.0283763 0.093883 0.0306342
10 0.00627926 0.502033 0.0124966 0.289421 0.0303766
5 0.413521 0.328918 0.0322978 0.0721264 0.030193
11 0.168348 0.636875 0.331752 0.29533 0.0301632
6 0.636597 0.676 0.199596 0.385619 0.0299327
6 0.120697 0.98987 0.245082 0.0207446 0.0298675
6 0.98518 0.79037 0.0304658 0.140851 0.0298635
4 0.643568 0.165135 0.0511693 0.055526 0.029851
10 0.280885 0.16811 0.0367753 0.0629687 0.029605
6 0.708293 0.645291 0.113194 0.301845 0.0291081
6 0.593587 0.712279 0.0900726 0.0793435 0.0282459
11 0.433006 0.742843 0.682058 0.508576 0.0279717
7 0.22258 0.705798 0.0501739 0.0994505 0.0277901
2 0.565527 0.247802 0.0180625 0.0289323 0.0276203
6 0.56163 0.918664 0.09995 0.163724 0.0276108
4 0.572521 0.158985 0.0579688 0.0424754 0.0275386
11 0.905603 0.548304 0.111557 0.339923 0.0274402
6 0.618582 0.795008 0.141948 0.113166 0.0272349
6 0.114039 0.991171 0.218021 0.0182484 0.0271639
4 0.554983 0.164475 0.0273611 0.027791 0.0271369
11 0.16396 0.73774 0.329568 0.519956 0.02661
11 0.523665 0.733189 0.425653 0.505485 0.0264847
6 0.487883 0.936145 0.174935 0.127449 0.0262296
11 0.0615796 0.987664 0.128688 0.0247444 0.0262067
7 0.228345 0.679202 0.0654771 0.159604 0.0261285
6 0.553973 0.923401 0.354383 0.155534 0.0260387
6 0.603288 0.897816 0.142866 0.140261 0.025984
6 0.830584 0.953507 0.330317 0.0952316 0.0257209
6 0.591375 0.840852 0.135548 0.2318 0.0255553
10 0.297545 0.0483117 0.0381224 0.0480266 0.0255518
5 0.665659 0.183699 0.0282849 0.0415426 0.0253767
6 0.620166 0.911872 0.16006 0.147612 0.0253119
7 0.260835 0.702629 0.109707 0.202153 0.0252216
11 0.533136 0.610626 0.364949 0.265341 0.0251937
5 0.69857 0.192335 0.0272968 0.0388613 0.0247014
4 0.457226 0.16454 0.0588511 0.0321472 0.0243637
5 0.398636 0.322504 0.0466178 0.0849345 0.0240874
6 0.601381 0.712929 0.109255 0.082364 0.0240399
7 0.0110945 0.837885 0.0226692 0.0879835 0.0237489
11 0.450773 0.740748 0.601601 0.514928 0.0235646
10 0.00726725 0.404972 0.0143343 0.165263 0.0234847
6 0.330918 0.143048 0.0322191 0.0665072 0.023222
6 0.569277 0.981219 0.388472 0.0368431 0.0230868
7 0.285128 0.678605 0.0828573 0.161382 0.0229867
6 0.594001 0.707526 0.082238 0.082479 0.0228993
10 0.345785 0.0912457 0.0191508 0.0359217 0.0224107
6 0.598912 0.683066 0.17965 0.404314 0.0221918
6 0.675935 0.741185 0.113791 0.203176 0.0221608
6 0.681716 0.62892 0.160335 0.284085 0.0218264
6 0.694508 0.748607 0.10376 0.200692 0.0215373
4 0.517467 0.157261 0.0267317 0.0355341 0.0214716
7 0.296412 0.653675 0.0431863 0.0837451 0.0214285
7 0.26903 0.691996 0.106394 0.187763 0.0211008
2 0.412827 0.169607 0.0260839 0.0300771 0.021014
5 0.32972 0.319866 0.0511103 0.088133 0.0208945
5 0.493072 0.261195 0.0247108 0.0612845 0.0208682
5 0.423305 0.324267 0.0275405 0.0726005 0.0206301
11 0.181994 0.678507 0.377997 0.638163 0.0188801
5 0.331158 0.313691 0.026062 0.0620741 0.0188512
6 0.710183 0.724465 0.0891068 0.243423 0.0181998
10 0.266946 0.171166 0.031932 0.0627649 0.0179918
2 0.44488 0.431357 0.018647 0.0276249 0.0176757
6 0.530155 0.714606 0.0637441 0.0747144 0.0172825
6 0.6567 0.749428 0.102945 0.177209 0.016864
6 0.896687 0.551529 0.0764183 0.33459 0.0165152
10 0.350482 0.146288 0.0251002 0.0575402 0.0161565
6 0.665878 0.694831 0.101007 0.160125 0.0155435
6 0.64273 0.715759 0.0902054 0.128575 0.0146509
6 0.64156 0.727057 0.0977323 0.139334 0.0145015
7 0.232857 0.698479 0.0932673 0.22412 0.0142906
10 0.611745 0.662805 0.0988618 0.221927 0.0139595
10 0.617369 0.0489371 0.0248243 0.0627256 0.0138938
6 0.471128 0.501797 0.0977538 0.0689625 0.0137449
10 0.269154 0.0471548 0.0273211 0.0486691 0.0137276
6 0.380166 0.388475 0.196855 0.344353 0.00773676
