4 0.338137 0.476652 0.214502 0.310326 0.664953
4 0.489923 0.385517 0.162081 0.135304 0.457797
10 0.969629 0.897825 0.0617885 0.199789 0.305117
10 0.975904 0.89142 0.0499836 0.213608 0.261121
4 0.755621 0.463906 0.0839331 0.118544 0.226224
4 0.452058 0.383133 0.274798 0.152308 0.162157
4 0.119132 0.465909 0.236174 0.257137 0.15393
10 0.963611 0.840196 0.0746042 0.317606 0.131891
4 0.228151 0.47557 0.449979 0.304549 0.118561
1 0.930507 0.832844 0.144465 0.332608 0.116966
4 0.228913 0.469463 0.447263 0.297876 0.114237
4 0.389968 0.37761 0.114054 0.14463 0.113393
1 0.920992 0.775035 0.160349 0.450019 0.108349
1 0.962041 0.791895 0.078238 0.414191 0.107255
1 0.882563 0.859006 0.253179 0.279154 0.106796
1 0.876876 0.824841 0.264354 0.349448 0.105826
10 0.985927 0.900071 0.0286534 0.193123 0.104829
10 0.954678 0.895336 0.057503 0.206487 0.103768
4 0.319984 0.368126 0.090686 0.0974104 0.103006
10 0.948776 0.854697 0.101649 0.289269 0.102222
4 0.774217 0.473923 0.0613722 0.0960296 0.101678
4 0.389869 0.358051 0.110646 0.112948 0.0998837
4 0.555728 0.369625 0.115403 0.146215 0.0984608
1 0.747606 0.835291 0.521314 0.332451 0.0974938
10 0.952243 0.900487 0.05617 0.197321 0.0920828
1 0.874337 0.769749 0.264236 0.459377 0.0900117
10 0.94815 0.89438 0.0737913 0.211789 0.0899422
4 0.100818 0.450766 0.203449 0.239631 0.0898878
4 0.350201 0.524286 0.188791 0.207323 0.0877987
4 0.188683 0.453291 0.373064 0.243336 0.0871651
10 0.947382 0.904702 0.106559 0.191516 0.0857571
10 0.882406 0.478772 0.0376152 0.0936351 0.084492
1 0.506235 0.831623 0.989057 0.340816 0.0842259
0 0.0166518 0.557548 0.0335118 0.127778 0.0829083
1 0.694891 0.834626 0.61935 0.332963 0.082058
10 0.952753 0.912433 0.0537514 0.174916 0.080839
1 0.919411 0.715853 0.164321 0.568692 0.0796897
1 0.765643 0.911215 0.478751 0.179292 0.0789346
1 0.626976 0.843629 0.754423 0.314656 0.0788087
1 0.504685 0.829227 0.982065 0.347209 0.0786662
4 0.337606 0.523254 0.197275 0.208587 0.0781718
1 0.628262 0.899382 0.747821 0.202713 0.0771222
1 0.506354 0.84596 0.98334 0.312399 0.0769305
1 0.748397 0.910508 0.516154 0.180396 0.0756497
6 0.0251388 0.525754 0.0500863 0.19192 0.0741887
4 0.392716 0.401931 0.116882 0.174016 0.0737427
10 0.981895 0.900069 0.0370917 0.199416 0.0734393
11 0.294419 0.499869 0.133596 0.155903 0.0733624
1 0.963045 0.72815 0.0754226 0.546659 0.0730574
4 0.333269 0.51681 0.208915 0.234456 0.0717485
0 0.0353483 0.537487 0.0699775 0.192544 0.0711388
10 0.951844 0.896416 0.0458877 0.20433 0.0708773
10 0.98835 0.897171 0.0241398 0.188954 0.0700938
4 0.151003 0.298543 0.141094 0.156957 0.0695278
4 0.0243765 0.473083 0.0486433 0.304281 0.0691711
4 0.379593 0.459198 0.159738 0.308266 0.0690461
4 0.0540789 0.332634 0.107605 0.16601 0.0689214
4 0.748274 0.430143 0.11086 0.21203 0.0686836
1 0.505381 0.876541 0.989248 0.249354 0.0683739
1 0.573143 0.863329 0.85811 0.276233 0.0663737
4 0.0416056 0.357765 0.0849302 0.091453 0.0659672
10 0.982646 0.914472 0.0361425 0.169107 0.0655207
1 0.621672 0.928147 0.754126 0.144273 0.0653515
4 0.345952 0.531758 0.190455 0.189385 0.0639252
4 0.223614 0.394263 0.444964 0.466244 0.0633076
1 0.698898 0.764369 0.614187 0.475529 0.0632828
1 0.967103 0.694663 0.0679875 0.615182 0.0632472
1 0.925414 0.6587 0.151315 0.68325 0.0625493
4 0.740601 0.463023 0.090665 0.121825 0.0625422
10 0.877881 0.481859 0.0379154 0.0904935 0.0608034
1 0.73024 0.961108 0.546839 0.0785752 0.0606459
1 0.776778 0.963638 0.451604 0.0732508 0.0601339
1 0.696833 0.962363 0.607013 0.0760159 0.0598923
1 0.506308 0.910428 0.974718 0.181058 0.0594865
1 0.963614 0.644884 0.075577 0.716017 0.059309
1 0.864819 0.919342 0.278839 0.162028 0.0591111
1 0.507593 0.829058 0.975047 0.347654 0.0590344
1 0.500939 0.841931 0.99379 0.321056 0.0588862
4 0.759839 0.476459 0.0575948 0.0865031 0.0587846
0 0.0143641 0.574517 0.0292654 0.0856001 0.058388
4 0.319446 0.364096 0.0830664 0.0844004 0.057951
4 0.329571 0.306964 0.0628726 0.0806271 0.0562466
4 0.564951 0.394517 0.0947759 0.109195 0.0560629
4 0.337651 0.307006 0.0674098 0.0802983 0.0555873
1 0.505648 0.91101 0.970727 0.179641 0.0554867
0 0.0122894 0.538578 0.0248742 0.172188 0.055244
4 0.756433 0.445672 0.0911109 0.16039 0.0550982
4 0.0390887 0.362714 0.0804564 0.0905615 0.0549271
4 0.169955 0.458401 0.325705 0.236589 0.0547952
1 0.503318 0.907716 0.992219 0.186094 0.0543698
10 0.962303 0.942999 0.0756042 0.114847 0.0534381
4 0.385168 0.360296 0.0993733 0.109425 0.0523
4 0.572488 0.351152 0.106843 0.145282 0.0520844
4 0.395397 0.455623 0.11717 0.290317 0.0518758
1 0.713827 0.757098 0.594313 0.489955 0.0513317
1 0.849025 0.696036 0.309287 0.610233 0.0511833
4 0.238414 0.467643 0.459827 0.344008 0.0508824
4 0.265073 0.280064 0.195204 0.159297 0.0507752
4 0.448368 0.379251 0.0977333 0.121943 0.0506341
1 0.900528 0.578604 0.20087 0.838286 0.0500125
4 0.0472087 0.352303 0.0962431 0.138001 0.0483959
1 0.710302 0.707725 0.590945 0.589175 0.0480695
4 0.0454268 0.431542 0.0928801 0.256624 0.0480057
1 0.575205 0.958635 0.843335 0.0849094 0.0477827
1 0.356322 0.859495 0.71398 0.280057 0.0477637
1 0.380374 0.943249 0.347457 0.113913 0.0469526
4 0.33882 0.303745 0.0619113 0.0722231 0.0465295
4 0.0122034 0.442087 0.0244522 0.238776 0.0453346
4 0.0613912 0.478018 0.126556 0.194731 0.0449405
4 0.218199 0.278131 0.295396 0.192567 0.0447424
5 0.0279782 0.50301 0.0564028 0.108976 0.0446679
4 0.118769 0.503088 0.238291 0.266802 0.0444735
4 0.390099 0.361671 0.103238 0.11062 0.0440527
4 0.371886 0.377172 0.0844702 0.111097 0.0439896
1 0.244978 0.869673 0.495658 0.260321 0.0439131
6 0.0112273 0.53434 0.0223039 0.169028 0.0437755
4 0.723062 0.458552 0.0591919 0.090872 0.0436849
1 0.749191 0.0274121 0.496008 0.0556399 0.0436742
4 0.0435572 0.35089 0.082623 0.094003 0.0436568
4 0.376283 0.40238 0.0893714 0.150782 0.043437
6 0.0101672 0.539149 0.0206279 0.161733 0.0422561
11 0.268307 0.502118 0.0893341 0.148956 0.042133
4 0.418549 0.382013 0.169285 0.15097 0.042091
4 0.347232 0.454313 0.177491 0.316175 0.0419813
1 0.421421 0.858924 0.85027 0.281748 0.0418207
11 0.291941 0.509743 0.137716 0.179316 0.0416983
6 0.0100371 0.537203 0.0196997 0.162141 0.0416521
4 0.320035 0.371871 0.074666 0.091782 0.0415778
4 0.0431833 0.476377 0.0870388 0.325596 0.0413231
10 0.937607 0.901493 0.0780268 0.197009 0.0412206
1 0.225707 0.828934 0.458758 0.341565 0.0409694
1 0.798108 0.0260939 0.403604 0.0527111 0.0408445
4 0.349741 0.464534 0.18802 0.331124 0.0408324
4 0.29116 0.458441 0.150273 0.24412 0.0404175
1 0.501993 0.731379 0.993195 0.543852 0.0402665
1 0.348904 0.906835 0.696457 0.186905 0.0401158
10 0.953286 0.941274 0.0518532 0.117555 0.0401039
4 0.726746 0.0552352 0.534559 0.109123 0.0400526
1 0.804729 0.614957 0.400835 0.771402 0.040031
10 0.010536 0.420193 0.0216164 0.352617 0.0398929
10 0.980336 0.976064 0.0408929 0.0485035 0.0395309
1 0.537597 0.956933 0.91836 0.0892359 0.039455
4 0.58824 0.384442 0.0993993 0.115795 0.0394051
1 0.874894 0.967422 0.255123 0.0666322 0.0393821
1 0.249974 0.898875 0.503292 0.203087 0.0388638
4 0.0535706 0.356032 0.089357 0.0951014 0.0386835
1 0.722824 0.0257878 0.549823 0.0523778 0.0385023
1 0.313063 0.816016 0.630848 0.36986 0.0382694
4 0.0111523 0.429309 0.0229612 0.208471 0.0382004
1 0.536766 0.960886 0.925932 0.0813566 0.0380949
4 0.0111613 0.42331 0.0227294 0.217804 0.0380352
4 0.516693 0.387294 0.201747 0.148494 0.0376492
1 0.347258 0.925351 0.685732 0.149049 0.0376272
4 0.374648 0.372652 0.0942962 0.109489 0.0368376
4 0.00959119 0.351513 0.0194339 0.114688 0.0367376
4 0.0112071 0.366661 0.0222961 0.0861901 0.0366795
1 0.715675 0.0544977 0.556221 0.107873 0.0364828
10 0.285847 0.410034 0.139366 0.14708 0.0363093
1 0.914114 0.545688 0.174764 0.9075 0.0358925
4 0.218973 0.453171 0.175292 0.222931 0.0357174
1 0.780493 0.701396 0.452967 0.603453 0.0357046
4 0.0103576 0.464693 0.021615 0.255268 0.0356503
10 0.983732 0.941148 0.0341219 0.118303 0.0356414
0 0.0105641 0.55983 0.0205258 0.116583 0.0356274
4 0.0103042 0.361612 0.0210475 0.0972292 0.0353611
1 0.43245 0.970346 0.447021 0.0601272 0.0351695
4 0.217558 0.41386 0.0975765 0.122436 0.034982
11 0.288777 0.4738 0.13606 0.102342 0.0348225
1 0.914336 0.956778 0.173286 0.0883596 0.0346941
4 0.258526 0.420412 0.221992 0.181685 0.034656
4 0.255558 0.436402 0.236027 0.208621 0.0346223
1 0.987037 0.652254 0.0266348 0.681683 0.0345194
10 0.964301 0.972093 0.0715719 0.0566545 0.0343766
11 0.268502 0.510196 0.11043 0.171786 0.0343409
1 0.655863 0.974357 0.351013 0.0515904 0.0342301
4 0.402338 0.384363 0.149592 0.146765 0.0336754
4 0.0835162 0.350606 0.171556 0.167521 0.0336019
1 0.50456 0.763167 0.991449 0.476081 0.0333819
10 0.288313 0.451658 0.141234 0.23954 0.0333151
1 0.37114 0.97243 0.309918 0.0562356 0.0332376
10 0.95364 0.974 0.0958344 0.0536783 0.0330838
4 0.274142 0.290516 0.164219 0.120814 0.0327509
4 0.0114876 0.330856 0.0235008 0.159488 0.0325468
4 0.582568 0.395209 0.0900194 0.104113 0.0324895
1 0.433741 0.935623 0.840837 0.131938 0.0322812
6 0.0105447 0.525452 0.0220449 0.203757 0.0321953
10 0.947904 0.885138 0.0408795 0.218855 0.0318749
4 0.860568 0.0244168 0.283124 0.0487495 0.0318545
1 0.556819 0.971002 0.746395 0.0594082 0.0318219
1 0.330909 0.96102 0.642721 0.0797752 0.031039
4 0.407138 0.346788 0.109092 0.0884329 0.0305937
5 0.67345 0.0623012 0.643862 0.123729 0.030581
10 0.598331 0.348104 0.0654278 0.139291 0.0303604
10 0.94067 0.979682 0.11953 0.0418997 0.0301451
10 0.264804 0.40937 0.0845958 0.13066 0.0298081
6 0.030704 0.242818 0.0619149 0.125765 0.0295731
1 0.323871 0.96894 0.264024 0.0633513 0.0295167
10 0.897116 0.47937 0.0388662 0.101034 0.0290719
10 0.962515 0.978939 0.0811156 0.0439546 0.0290536
4 0.578051 0.396858 0.0912513 0.103631 0.0287612
4 0.436856 0.383212 0.0990752 0.143555 0.0286707
4 0.295665 0.375186 0.091938 0.0943978 0.0282771
4 0.326493 0.343955 0.130315 0.155436 0.0279275
4 0.403338 0.457357 0.105094 0.27519 0.0277901
10 0.524794 0.342759 0.0587488 0.0980258 0.0277126
10 0.982435 0.948536 0.0374064 0.105427 0.0275999
6 0.027935 0.247903 0.0569152 0.129371 0.0275766
4 0.0448695 0.363717 0.0907853 0.529524 0.0271627
10 0.866767 0.476054 0.0359875 0.094504 0.027132
5 0.0284561 0.49793 0.0559432 0.097129 0.0270529
10 0.949484 0.948314 0.05522 0.10524 0.0270502
4 0.323779 0.341393 0.0821762 0.125329 0.0268488
4 0.258342 0.218307 0.0863585 0.103903 0.0267247
4 0.188894 0.0443842 0.372506 0.0880025 0.0267233
10 0.917726 0.899104 0.171344 0.206914 0.0267209
5 0.0173846 0.495819 0.0366093 0.0975973 0.0265679
10 0.942884 0.263365 0.0190838 0.0844161 0.0264924
4 0.718773 0.457831 0.0692876 0.0937378 0.0264254
4 0.627934 0.350367 0.108796 0.161869 0.0263959
10 0.98081 0.964502 0.0409682 0.0728399 0.0263944
4 0.293479 0.359912 0.143251 0.187438 0.0262053
10 0.064103 0.352492 0.0719604 0.0958062 0.0261594
4 0.467137 0.397427 0.200671 0.142345 0.0260386
4 0.291808 0.47012 0.149359 0.226735 0.0259386
4 0.25676 0.296163 0.201866 0.131773 0.0252506
4 0.407686 0.431158 0.0792937 0.1382 0.0250985
4 0.609794 0.347335 0.0599557 0.133011 0.0249501
4 0.259375 0.404654 0.444238 0.48994 0.0248687
10 0.880992 0.991258 0.0952814 0.0180424 0.0248161
4 0.301897 0.34052 0.121184 0.161921 0.0247895
4 0.251679 0.310614 0.356965 0.205826 0.0247592
4 0.356194 0.359378 0.07403 0.0906141 0.0241083
10 0.86501 0.991603 0.096868 0.0176634 0.0240227
10 0.511135 0.347642 0.0636576 0.118927 0.0239898
4 0.246565 0.399025 0.156994 0.117661 0.0239597
10 0.983605 0.946684 0.0362333 0.115819 0.023824
4 0.225332 0.415626 0.0959069 0.130298 0.0238064
4 0.24443 0.524575 0.49429 0.903081 0.0233035
4 0.634149 0.374834 0.0878255 0.102065 0.0231003
4 0.0961667 0.55923 0.196793 0.653391 0.0230263
4 0.170303 0.0808874 0.337061 0.160193 0.022823
4 0.350174 0.338545 0.0861655 0.0890045 0.0227997
10 0.993212 0.564373 0.0137012 0.477628 0.0226371
10 0.902024 0.991237 0.124063 0.018034 0.0223918
4 0.415111 0.373272 0.095046 0.13025 0.0223845
4 0.131004 0.0736643 0.264501 0.146882 0.0220687
10 0.594662 0.340294 0.0858107 0.120361 0.0220267
10 0.947781 0.950672 0.0572353 0.100536 0.0219217
4 0.574283 0.417206 0.057382 0.0657886 0.0217919
10 0.932984 0.989781 0.133702 0.020819 0.0216226
10 0.893339 0.990648 0.139061 0.0192699 0.0215879
10 0.321195 0.439602 0.110759 0.217383 0.0214416
4 0.448227 0.395378 0.147696 0.151887 0.0213744
10 0.242148 0.412853 0.101638 0.133938 0.0211561
10 0.928645 0.991236 0.0781199 0.0172373 0.0208955
4 0.416376 0.421076 0.0789964 0.175957 0.0206661
4 0.358784 0.319388 0.092632 0.0674262 0.0205853
4 0.398906 0.444246 0.0746038 0.116452 0.0205674
10 0.914104 0.991083 0.122854 0.018108 0.0204698
11 0.248865 0.513052 0.126305 0.189419 0.0204431
10 0.239611 0.422838 0.13174 0.1598 0.0203475
5 0.0116531 0.50278 0.0228767 0.117162 0.0202542
4 0.425517 0.381763 0.0744809 0.113664 0.0200898
1 0.475404 0.506224 0.953279 0.974396 0.0197999
6 0.0410187 0.23204 0.0834868 0.131349 0.019725
4 0.239715 0.260852 0.214193 0.203846 0.0196032
4 0.143301 0.311843 0.198287 0.209629 0.0192344
1 0.468731 0.984173 0.148678 0.0319803 0.0189492
10 0.0965372 0.130882 0.194567 0.260059 0.0188879
11 0.24223 0.502085 0.0741752 0.157426 0.0187612
4 0.345248 0.335443 0.0730113 0.116322 0.0186015
4 0.425394 0.349839 0.0683978 0.0921642 0.0185612
4 0.422439 0.344793 0.0883306 0.0850543 0.0181915
4 0.917431 0.023148 0.168515 0.0461313 0.0178521
4 0.255927 0.256238 0.112695 0.16709 0.0177957
1 0.595293 0.987689 0.121507 0.0253536 0.0176234
5 0.487589 0.0146253 0.118824 0.0301139 0.01757
10 0.3284 0.430424 0.0907491 0.179751 0.017499
4 0.69924 0.466773 0.0914714 0.116495 0.0173769
4 0.170182 0.138076 0.338024 0.271268 0.0173593
10 0.9863 0.303071 0.0268809 0.166866 0.0168552
1 0.621436 0.988362 0.120355 0.0236804 0.0167472
4 0.0393604 0.0359504 0.0819211 0.0757687 0.0167058
11 0.232776 0.519587 0.22673 0.206161 0.0166445
1 0.640327 0.986338 0.192994 0.028898 0.0164162
4 0.409393 0.475808 0.389501 0.379532 0.0163481
4 0.855778 0.47839 0.0673519 0.0940738 0.0161999
4 0.370582 0.302199 0.0610035 0.0724616 0.0160392
1 0.652756 0.986405 0.218949 0.029084 0.0158973
4 0.425843 0.362008 0.0634004 0.078595 0.0158582
4 0.328786 0.451021 0.110553 0.17743 0.0156672
10 0.0976771 0.0859233 0.0948149 0.166023 0.0155307
4 0.69358 0.465476 0.062176 0.114011 0.0152881
10 0.330819 0.449079 0.0927681 0.16939 0.0139713
4 0.443927 0.496842 0.895714 0.947626 0.01385
11 0.265806 0.508174 0.108277 0.176518 0.0138111
10 0.986001 0.918167 0.203689 0.170878 0.0132756
10 0.988359 0.892883 0.155033 0.214602 0.0130554
6 0.207476 0.475338 0.100203 0.204483 0.0126437
5 0.830015 0.213058 0.015831 0.0283263 0.0117938
