10 0.967209 0.897687 0.0668864 0.200295 0.276981
10 0.977759 0.890458 0.04556 0.212579 0.269283
10 0.955509 0.902219 0.0511088 0.194879 0.181375
10 0.954673 0.904494 0.0527023 0.190777 0.174959
10 0.980957 0.900764 0.039522 0.193526 0.140844
10 0.983967 0.897691 0.0324163 0.183879 0.130993
4 0.766284 0.470578 0.0617265 0.0968395 0.129936
10 0.965984 0.840911 0.0697021 0.315414 0.129187
1 0.764571 0.839458 0.483402 0.325083 0.119692
1 0.756577 0.853351 0.499046 0.296559 0.118022
4 0.268151 0.449159 0.198397 0.250422 0.106478
10 0.95205 0.910468 0.0497466 0.180119 0.106244
1 0.734651 0.872153 0.544537 0.257339 0.106178
1 0.510002 0.843085 0.981189 0.319149 0.103032
1 0.508146 0.820281 0.980767 0.365251 0.100314
4 0.481916 0.37597 0.175288 0.147131 0.100097
10 0.986794 0.893648 0.0268026 0.189645 0.0992839
4 0.286545 0.438352 0.163285 0.220269 0.0986244
10 0.955588 0.863384 0.0895617 0.272349 0.097241
1 0.509006 0.850563 0.985205 0.303494 0.0966739
1 0.885522 0.831058 0.241301 0.336295 0.0936721
10 0.952539 0.908412 0.0961414 0.184658 0.0932357
1 0.751461 0.764305 0.510718 0.475885 0.0916553
1 0.766928 0.916245 0.472878 0.169975 0.0907877
1 0.889601 0.874991 0.232975 0.247669 0.0898437
4 0.521853 0.376122 0.268482 0.172932 0.0898381
1 0.598238 0.87913 0.803732 0.242275 0.0896795
1 0.759185 0.918062 0.493039 0.166987 0.0896228
1 0.717486 0.924256 0.571163 0.153942 0.089086
1 0.508288 0.869932 0.978757 0.263999 0.0885474
1 0.928932 0.83527 0.146907 0.327549 0.0853804
4 0.622305 0.407174 0.0761797 0.0976828 0.0849883
1 0.912697 0.749644 0.175951 0.502146 0.0848211
1 0.757219 0.96266 0.490059 0.0746752 0.0844971
1 0.962502 0.783772 0.0763676 0.431386 0.0842641
4 0.385939 0.404849 0.145575 0.208374 0.0829049
1 0.508516 0.907138 0.978702 0.188192 0.0826822
1 0.916671 0.711434 0.165866 0.577077 0.0783463
1 0.507771 0.895196 0.990398 0.212792 0.0774591
10 0.883681 0.478678 0.0389216 0.0931368 0.0736651
4 0.38524 0.412861 0.156282 0.216938 0.0736524
1 0.86902 0.745274 0.273982 0.510746 0.0734753
1 0.505246 0.862577 0.974835 0.279025 0.0727549
4 0.397451 0.41635 0.126362 0.193629 0.0710846
1 0.742448 0.969499 0.501687 0.0614119 0.0710603
4 0.0415162 0.354757 0.0845175 0.0998632 0.0701056
1 0.964594 0.720083 0.0718534 0.56155 0.0695347
1 0.512265 0.916576 0.963632 0.168979 0.0695055
4 0.0450499 0.351186 0.081745 0.0980356 0.0688092
1 0.595641 0.961966 0.798332 0.0776684 0.0680003
1 0.727551 0.703388 0.554238 0.594847 0.0670494
1 0.352125 0.938575 0.373134 0.123246 0.0669392
1 0.925161 0.671223 0.149551 0.658387 0.0653514
4 0.149652 0.295343 0.147224 0.170308 0.0643444
1 0.905501 0.60434 0.18964 0.788442 0.0640162
1 0.373004 0.945341 0.305318 0.110254 0.0633421
4 0.295829 0.435722 0.143262 0.206137 0.0628814
1 0.382133 0.871385 0.757218 0.257293 0.0627561
1 0.65994 0.949182 0.507017 0.10181 0.062654
1 0.364342 0.869682 0.724471 0.261307 0.0624228
1 0.874816 0.703866 0.259148 0.592585 0.0624228
1 0.267807 0.877314 0.534698 0.247301 0.0618678
1 0.441269 0.940511 0.499137 0.119072 0.061592
1 0.751128 0.61089 0.509485 0.780348 0.0615286
1 0.574897 0.965196 0.839757 0.071512 0.0614498
1 0.34069 0.914049 0.669679 0.173987 0.0613971
1 0.782929 0.968749 0.436303 0.0622648 0.061276
4 0.0526588 0.354091 0.0760357 0.0989483 0.0610649
1 0.501072 0.780522 0.991704 0.445838 0.0610524
1 0.635724 0.789501 0.741182 0.422053 0.0608631
4 0.0554269 0.330408 0.109714 0.180636 0.059121
1 0.547352 0.830387 0.918327 0.341834 0.0589513
4 0.191202 0.40244 0.381528 0.442975 0.0585831
1 0.508517 0.925527 0.987767 0.151581 0.0583654
1 0.264675 0.909691 0.523271 0.183316 0.0579024
10 0.952884 0.941869 0.047553 0.117606 0.0578193
4 0.621695 0.418401 0.0695949 0.0816598 0.0564377
4 0.0472428 0.353018 0.0959213 0.127027 0.0555511
4 0.482533 0.3783 0.145106 0.124425 0.0555412
1 0.346395 0.823563 0.691808 0.35587 0.0553124
10 0.963604 0.942892 0.0728071 0.114975 0.0550064
4 0.185067 0.346936 0.0528392 0.0672766 0.0549548
4 0.196997 0.459251 0.393203 0.335747 0.0543276
4 0.0568395 0.352674 0.0645374 0.0982968 0.0542647
1 0.431746 0.970325 0.476643 0.0600057 0.0540396
1 0.429414 0.877747 0.869317 0.24532 0.0537247
1 0.246915 0.838791 0.497851 0.32461 0.0526635
10 0.982873 0.918108 0.0361842 0.158955 0.0525295
1 0.648693 0.973673 0.386294 0.0524172 0.0523106
1 0.288206 0.954286 0.563469 0.0931081 0.0520605
4 0.0988102 0.444185 0.199482 0.278983 0.0515011
4 0.345662 0.431009 0.256317 0.232398 0.0512623
1 0.47576 0.975187 0.241944 0.0492449 0.0512286
4 0.577578 0.378699 0.153979 0.17303 0.0510639
4 0.192607 0.372914 0.3844 0.478776 0.0508807
1 0.744069 0.0260394 0.507105 0.052855 0.0508737
4 0.416204 0.390921 0.154565 0.192836 0.0505882
1 0.975784 0.6629 0.0504119 0.673201 0.0500668
4 0.492161 0.370279 0.34241 0.192754 0.0499871
1 0.869498 0.935483 0.263844 0.131129 0.0498584
1 0.315194 0.966332 0.604541 0.0687191 0.0494947
1 0.982651 0.70562 0.0352165 0.580755 0.0492203
10 0.972008 0.900632 0.0519238 0.191121 0.0481196
1 0.377495 0.967911 0.250893 0.0645899 0.0476949
1 0.727561 0.665482 0.552647 0.667097 0.0476418
4 0.43974 0.375464 0.124145 0.125033 0.046862
1 0.535547 0.970825 0.691077 0.0592084 0.0467629
4 0.322537 0.361125 0.096279 0.0893201 0.0463251
4 0.22615 0.410379 0.456759 0.403739 0.0460004
1 0.424525 0.827945 0.850066 0.342769 0.0457433
1 0.504326 0.795989 0.975681 0.415162 0.0456453
10 0.847226 0.990515 0.0622713 0.0189009 0.0450898
1 0.913586 0.512391 0.173924 0.978109 0.0445216
4 0.23613 0.360585 0.467718 0.554839 0.0438907
1 0.892214 0.512631 0.217458 0.974692 0.0438846
4 0.110996 0.392005 0.222886 0.419444 0.0437415
1 0.509054 0.681887 0.989978 0.643592 0.0432837
1 0.436069 0.81305 0.877824 0.373354 0.0431201
4 0.279395 0.288315 0.165604 0.138895 0.0429237
4 0.218499 0.468754 0.243101 0.24793 0.0428434
4 0.471348 0.388795 0.390759 0.212984 0.0427301
1 0.914988 0.560537 0.172389 0.873463 0.0425593
1 0.0745628 0.860828 0.15053 0.281151 0.0422834
1 0.309622 0.770683 0.621289 0.465648 0.0422013
1 0.481742 0.982656 0.128773 0.0344585 0.04204
1 0.323895 0.969452 0.251215 0.0618879 0.0419112
1 0.067408 0.915715 0.135151 0.171003 0.0413925
1 0.79391 0.0239085 0.410874 0.0482451 0.041053
10 0.518061 0.339489 0.055703 0.0932156 0.0409938
4 0.0111784 0.361672 0.0227567 0.0969079 0.0409071
10 0.989443 0.889006 0.0212972 0.17356 0.040591
4 0.425602 0.394876 0.474626 0.230537 0.040485
4 0.610486 0.416225 0.0737729 0.0883035 0.0403762
1 0.725427 0.0236655 0.54808 0.0486104 0.0403726
1 0.0270075 0.864536 0.0554684 0.272008 0.0402755
1 0.899321 0.963436 0.202913 0.0743313 0.0402659
1 0.15336 0.88142 0.307752 0.23975 0.0401193
1 0.456048 0.971133 0.107823 0.0584026 0.0401109
4 0.237099 0.465856 0.463538 0.333154 0.0400127
4 0.0510279 0.42388 0.103377 0.373433 0.039954
1 0.622615 0.664348 0.758266 0.663088 0.0397287
1 0.752254 0.560392 0.508254 0.878166 0.0397032
1 0.118633 0.957568 0.237795 0.086776 0.0390427
10 0.980582 0.584388 0.0409719 0.832831 0.039032
4 0.0121746 0.367421 0.0245321 0.0838886 0.0386336
10 0.938232 0.898412 0.0688704 0.206729 0.0381321
1 0.45528 0.982116 0.0936868 0.0360737 0.0376439
1 0.505497 0.69692 0.989898 0.610727 0.0376133
4 0.325492 0.361284 0.100549 0.0893878 0.0375839
4 0.103984 0.482246 0.210947 0.257235 0.0374578
4 0.00978639 0.354706 0.0199334 0.116017 0.0372568
8 0.0272331 0.523725 0.0552336 0.197875 0.0371547
1 0.0295384 0.907454 0.0606119 0.187947 0.0370933
1 0.888189 0.972845 0.220938 0.0553236 0.036939
4 0.32407 0.357729 0.0946879 0.0931433 0.0368744
1 0.0730581 0.951529 0.146344 0.0983877 0.0366685
10 0.86619 0.475433 0.0352841 0.0909902 0.036417
4 0.382403 0.355003 0.0963259 0.102484 0.036162
4 0.176049 0.352264 0.0512733 0.0701889 0.0361594
4 0.266918 0.303581 0.243516 0.174047 0.0359405
4 0.0275616 0.445848 0.0559405 0.364827 0.0357739
4 0.29283 0.45995 0.163757 0.202157 0.0357382
4 0.0147632 0.432265 0.0295607 0.237618 0.0352569
1 0.72778 0.0519521 0.535406 0.103261 0.0352132
4 0.630636 0.406813 0.0702498 0.102281 0.0349278
4 0.351395 0.392579 0.167339 0.184001 0.0347892
1 0.408553 0.983073 0.306758 0.0349016 0.0347026
10 0.983522 0.944148 0.0343086 0.112369 0.034485
10 0.949083 0.900705 0.0354828 0.18599 0.0343246
5 0.0287576 0.502623 0.0590973 0.120732 0.0343188
10 0.897341 0.477712 0.0414634 0.100788 0.0338697
4 0.381774 0.344713 0.0951167 0.0817228 0.0337157
4 0.398189 0.346974 0.11628 0.0853308 0.0335662
4 0.103898 0.35522 0.212765 0.403367 0.0335049
4 0.204666 0.474563 0.411244 0.337316 0.0332653
10 0.861572 0.991902 0.094437 0.0168047 0.0331687
4 0.428027 0.352097 0.0724673 0.0813813 0.0331606
10 0.981672 0.975638 0.0387627 0.049165 0.0331279
1 0.985268 0.576312 0.0308726 0.843358 0.0331032
4 0.241927 0.332041 0.163242 0.100087 0.0330146
10 0.0122245 0.406006 0.0250727 0.382536 0.0328888
1 0.505121 0.741071 0.994364 0.521623 0.032593
1 0.740205 0.0528963 0.509685 0.104823 0.0321458
10 0.93717 0.891921 0.0657633 0.221243 0.031794
1 0.991083 0.686379 0.0174232 0.5804 0.0310619
10 0.988556 0.878582 0.022975 0.183541 0.0309471
4 0.0127189 0.338095 0.0265146 0.186944 0.030945
10 0.794608 0.989761 0.0608909 0.0202783 0.0305853
4 0.389211 0.343599 0.111847 0.0840014 0.0305129
4 0.39699 0.425327 0.0973886 0.16744 0.0302086
10 0.980953 0.965679 0.0404955 0.0700903 0.0295581
4 0.234172 0.334116 0.146193 0.0892251 0.0295246
4 0.415861 0.396259 0.171315 0.218564 0.029315
10 0.377254 0.450336 0.0561371 0.109704 0.0292342
4 0.240803 0.482857 0.302375 0.25713 0.0291839
4 0.0367799 0.36697 0.0778936 0.103478 0.0291481
4 0.412436 0.405734 0.112979 0.186862 0.0285854
1 0.662076 0.0169914 0.246001 0.0347048 0.0284505
4 0.548097 0.3811 0.11537 0.13745 0.0283746
4 0.36062 0.348389 0.148003 0.0922215 0.0283462
4 0.485413 0.338802 0.149294 0.109758 0.0281747
1 0.500916 0.989672 0.0744233 0.0202635 0.0278009
10 0.256167 0.403988 0.0601962 0.133203 0.0277852
10 0.820693 0.990568 0.121354 0.0201523 0.0276575
0 0.0193433 0.559258 0.0398674 0.132865 0.0276091
1 0.485956 0.505246 0.976157 0.97851 0.0275367
4 0.0495112 0.485666 0.101638 0.26434 0.0274867
10 0.523064 0.343587 0.0695503 0.117708 0.0274152
4 0.426344 0.351469 0.0904089 0.079631 0.0273517
4 0.396001 0.456175 0.096964 0.113267 0.026725
1 0.676255 0.0601769 0.63501 0.119454 0.0267249
1 0.860828 0.0227292 0.282532 0.0455335 0.0266881
4 0.334241 0.299801 0.0576759 0.0780851 0.0266134
4 0.774581 0.466067 0.0510028 0.0875681 0.0264216
4 0.36515 0.342605 0.0932829 0.0754921 0.025996
1 0.538799 0.987531 0.189002 0.025544 0.0258304
1 0.0537225 0.355194 0.109306 0.540981 0.0257578
4 0.0110761 0.435226 0.0226605 0.210406 0.025683
10 0.821245 0.983608 0.178258 0.033754 0.0256662
10 0.873341 0.992355 0.128663 0.0161777 0.0256307
4 0.287683 0.314436 0.138983 0.137137 0.0255369
4 0.0105917 0.442445 0.0215603 0.244424 0.0255193
1 0.0309854 0.953977 0.0636232 0.0946142 0.0254755
10 0.591758 0.365321 0.0840849 0.167526 0.0254465
1 0.389561 0.988665 0.189621 0.0230333 0.025431
4 0.199838 0.344889 0.0600354 0.0662516 0.0253723
6 0.0303525 0.239488 0.0615068 0.123862 0.0252351
4 0.313886 0.328638 0.104262 0.122944 0.0248676
10 0.947551 0.951825 0.0499485 0.098008 0.0246921
4 0.507178 0.398232 0.147901 0.112399 0.0246787
10 0.952027 0.910138 0.103161 0.184718 0.02462
10 0.593477 0.342503 0.0709606 0.131557 0.0245259
4 0.320441 0.389138 0.64244 0.601502 0.0243355
10 0.879225 0.991944 0.107206 0.0164773 0.023822
4 0.635222 0.388161 0.0708286 0.142705 0.0238212
5 0.016364 0.495069 0.0339775 0.106465 0.0237514
4 0.286605 0.39174 0.14271 0.130381 0.0234646
6 0.0281527 0.24484 0.0576305 0.125331 0.0234363
4 0.30297 0.373956 0.116788 0.108883 0.0234177
4 0.566577 0.421631 0.0619831 0.0783338 0.0233496
4 0.352499 0.346528 0.136539 0.0966617 0.022932
10 0.0214252 0.298198 0.0433666 0.22228 0.0227025
1 0.623988 0.0127936 0.110293 0.0261291 0.0226225
1 0.598558 0.98724 0.11717 0.0261104 0.022397
4 0.276721 0.381727 0.554153 0.564173 0.0223177
4 0.311868 0.476458 0.111143 0.115366 0.0221897
10 0.983923 0.950235 0.0353102 0.121992 0.0220682
10 0.532843 0.33429 0.0547566 0.0894039 0.0220323
4 0.644703 0.416853 0.0666657 0.0859341 0.0220209
10 0.955971 0.975502 0.0806163 0.0499855 0.0217584
10 0.00951292 0.345313 0.0199815 0.204367 0.021388
4 0.410798 0.438325 0.0838865 0.123061 0.0211005
10 0.941783 0.279238 0.0194239 0.102453 0.0210581
4 0.33909 0.302469 0.0689399 0.107 0.0208365
4 0.312125 0.311094 0.0891342 0.120141 0.0207327
1 0.532057 0.990059 0.0983868 0.0199429 0.0207249
6 0.0112044 0.563257 0.0223492 0.108797 0.0206905
10 0.950875 0.894484 0.135023 0.218885 0.0206362
10 0.565226 0.988053 0.109902 0.0245047 0.020624
4 0.551092 0.292449 0.0814333 0.0288328 0.0204808
6 0.010783 0.538418 0.0214979 0.161826 0.0204408
4 0.738194 0.474096 0.0526418 0.092145 0.0203906
10 0.914527 0.991394 0.0891833 0.0168525 0.0202771
4 0.576141 0.429038 0.0960791 0.0891903 0.0202165
10 0.767898 0.990461 0.100804 0.0191195 0.0197528
10 0.928487 0.991907 0.0729628 0.0157253 0.0197478
1 0.634152 0.986166 0.19227 0.0290584 0.0195956
10 0.0110044 0.535642 0.0213816 0.157989 0.019314
10 0.625166 0.378804 0.0591795 0.163736 0.0190856
10 0.900209 0.991127 0.169524 0.0179835 0.0190413
10 0.892736 0.991867 0.131162 0.0167044 0.0189326
4 0.452313 0.405968 0.0905432 0.15512 0.0189189
4 0.710262 0.453596 0.0626006 0.0928893 0.0187697
4 0.0977953 0.543268 0.196648 0.198951 0.0187004
6 0.0110661 0.536119 0.0222699 0.168155 0.018679
8 0.0129047 0.508059 0.0256576 0.127034 0.0185879
4 0.84496 0.476036 0.0764776 0.0894443 0.018216
10 0.908751 0.903586 0.127799 0.197491 0.017748
10 0.440169 0.225892 0.039476 0.0944645 0.0177395
1 0.632434 0.987383 0.13737 0.0255829 0.0176404
4 0.34954 0.293331 0.0657641 0.0884558 0.0170668
1 0.425236 0.500344 0.868431 0.888909 0.0168775
4 0.918284 0.0210514 0.167167 0.0422118 0.0168773
4 0.237238 0.43343 0.0689711 0.186326 0.0168449
4 0.244524 0.205614 0.0956361 0.115454 0.0165868
4 0.488687 0.342224 0.0612011 0.105255 0.0165334
10 0.941625 0.939904 0.0463793 0.123569 0.0163838
10 0.987501 0.28787 0.0241404 0.137899 0.0163641
4 0.0409378 0.035985 0.0851356 0.0762284 0.0155737
1 0.399923 0.72113 0.661101 0.516851 0.0152408
4 0.16469 0.135946 0.329571 0.267653 0.015202
4 0.447586 0.429942 0.0907947 0.138066 0.0150189
4 0.358878 0.285706 0.0731467 0.0978748 0.0145702
10 0.0979211 0.0904588 0.0916043 0.177058 0.0145254
4 0.0587346 0.0381062 0.121135 0.0801079 0.013538
4 0.213259 0.407317 0.0843445 0.123537 0.0134358
10 0.987958 0.889891 0.170079 0.20305 0.0125702
5 0.662615 0.625756 0.0344499 0.0468456 0.0124829
4 0.49348 0.446617 0.931824 0.866331 0.0124497
10 0.985149 0.925394 0.195365 0.155904 0.0123847
