5 0.476474 0.170677 0.0953351 0.127871 0.732534
5 0.405219 0.231236 0.101536 0.177539 0.681418
6 0.402873 0.541012 0.152171 0.488222 0.589223
6 0.364119 0.64657 0.245737 0.706782 0.276387
2 0.615487 0.161662 0.019303 0.0730419 0.129351
2 0.584375 0.0978839 0.0192008 0.0399785 0.107506
6 0.878182 0.932599 0.0530743 0.135684 0.10467
10 0.243178 0.409431 0.0439202 0.143244 0.0918058
5 0.478574 0.164991 0.0765448 0.113538 0.0911745
2 0.603882 0.156849 0.0193882 0.0720942 0.0872632
5 0.427786 0.224751 0.0661687 0.162338 0.0860722
2 0.611082 0.160642 0.0265491 0.0790357 0.0839643
10 0.691959 0.0118973 0.0308899 0.024611 0.0780948
6 0.333189 0.703331 0.20206 0.592677 0.0735255
11 0.317951 0.655863 0.200901 0.493217 0.0713755
11 0.242138 0.984901 0.348536 0.0298714 0.0700796
5 0.506219 0.166972 0.074657 0.118193 0.0689973
11 0.316996 0.638575 0.189535 0.451557 0.0687639
10 0.247998 0.405242 0.0427171 0.130807 0.0683826
11 0.325501 0.70008 0.215514 0.594921 0.0643468
11 0.177254 0.982996 0.261025 0.0329304 0.06423
5 0.740947 0.140472 0.0236698 0.0464269 0.0639556
10 0.257249 0.408715 0.0583379 0.141237 0.0636987
6 0.339297 0.65511 0.19481 0.693295 0.0634073
10 0.75107 0.141233 0.0215491 0.0486205 0.0609983
5 0.471214 0.166598 0.0765098 0.118787 0.0606244
2 0.617153 0.174999 0.0166933 0.0501628 0.0600519
11 0.331673 0.981294 0.565494 0.0376799 0.0585273
11 0.375861 0.976151 0.174188 0.0476461 0.0576799
2 0.532054 0.0528394 0.0171424 0.0279237 0.0569388
10 0.705286 0.0117423 0.0448558 0.0242097 0.0562325
5 0.40924 0.227475 0.0962471 0.161588 0.0556152
5 0.508152 0.175171 0.031347 0.0903222 0.0538766
6 0.31979 0.6542 0.182506 0.48052 0.0537877
11 0.154765 0.982443 0.226884 0.0336563 0.0515506
5 0.39962 0.232638 0.0945237 0.159207 0.050196
10 0.711959 0.012195 0.0698851 0.0261827 0.0500971
10 0.242092 0.139387 0.127956 0.281638 0.0498096
11 0.310945 0.625872 0.190831 0.428644 0.0493805
11 0.358188 0.983102 0.597615 0.0344557 0.049307
2 0.431138 0.0451113 0.0270001 0.0539389 0.0481262
5 0.447863 0.170399 0.0812028 0.119013 0.0475422
5 0.434784 0.223958 0.0545973 0.164711 0.0468847
2 0.62407 0.160682 0.0189225 0.0771275 0.0457031
5 0.438425 0.218203 0.0481264 0.162962 0.0454588
2 0.848452 0.811095 0.0114389 0.0510891 0.0447275
6 0.409761 0.651493 0.160392 0.707079 0.0442297
5 0.409647 0.263415 0.0676949 0.0793959 0.0441934
5 0.493077 0.16581 0.0421612 0.112364 0.0437628
5 0.465403 0.195586 0.0397549 0.0590532 0.0436358
10 0.0677372 0.634643 0.130116 0.710902 0.0432145
11 0.285618 0.963694 0.512358 0.0725722 0.0431947
2 0.436347 0.72168 0.0366445 0.0669612 0.043051
6 0.172266 0.95749 0.303015 0.0849041 0.0428001
5 0.393325 0.239435 0.0872284 0.152397 0.0415531
2 0.518372 0.172604 0.0313513 0.0936534 0.0413735
5 0.509644 0.166119 0.0762173 0.118405 0.0401206
10 0.26326 0.410207 0.0494607 0.14099 0.0400532
5 0.405669 0.261669 0.077376 0.0868785 0.0393907
6 0.324775 0.709244 0.20742 0.573258 0.0392496
10 0.726628 0.0108922 0.0485748 0.0227054 0.0390364
2 0.408911 0.972992 0.052728 0.0544941 0.0390173
6 0.896831 0.918712 0.100095 0.160376 0.0388583
11 0.932484 0.963377 0.129499 0.0751596 0.0379959
6 0.14348 0.951134 0.255367 0.097089 0.0378445
10 0.0668922 0.675995 0.129664 0.626958 0.0376762
6 0.921599 0.933631 0.128626 0.135297 0.0375916
11 0.435948 0.980055 0.285339 0.0408922 0.0372529
2 0.590927 0.09828 0.0161784 0.0402926 0.0371897
2 0.59856 0.728124 0.034044 0.0950745 0.0369615
5 0.514413 0.164639 0.0376264 0.112377 0.0367111
10 0.285103 0.403645 0.048853 0.137132 0.0358584
11 0.335783 0.973749 0.225799 0.0535733 0.0356925
6 0.888222 0.932642 0.0305136 0.137756 0.0356446
10 0.236883 0.117575 0.104254 0.241263 0.0354994
6 0.858834 0.930728 0.238434 0.139387 0.0351343
5 0.439135 0.218758 0.0487553 0.165607 0.0349695
10 0.0592974 0.755234 0.115158 0.473311 0.0349524
7 0.419627 0.981171 0.0530394 0.0381681 0.034889
2 0.418048 0.973276 0.0535081 0.0534136 0.034486
11 0.362672 0.967932 0.172967 0.0651907 0.0343849
5 0.395081 0.262601 0.0824317 0.0990589 0.0342061
6 0.865318 0.934305 0.056525 0.132091 0.0339013
5 0.400127 0.231635 0.103168 0.19302 0.0337036
6 0.347245 0.647694 0.269915 0.703838 0.0335224
2 0.573893 0.60935 0.019558 0.0408049 0.0331097
2 0.755915 0.33827 0.024103 0.0886902 0.0328939
10 0.674458 0.0113949 0.0211006 0.0241255 0.0326051
5 0.436597 0.202927 0.0402231 0.134305 0.0324466
5 0.377928 0.245526 0.0975936 0.175916 0.0323704
6 0.0206706 0.809812 0.040175 0.354314 0.0321053
5 0.425773 0.196045 0.0468892 0.120776 0.0320909
11 0.315225 0.703627 0.21898 0.587335 0.0317494
10 0.0462116 0.810826 0.0921558 0.364871 0.0315974
5 0.482013 0.162756 0.08074 0.108649 0.0315256
5 0.462797 0.172173 0.081824 0.123225 0.031397
10 0.735062 0.0111177 0.0402531 0.0224689 0.0313452
6 0.409457 0.648888 0.174471 0.703582 0.0313416
6 0.87002 0.935057 0.0405594 0.132876 0.0310059
10 0.42708 0.0369944 0.0420595 0.0722002 0.030944
10 0.0181031 0.774948 0.0337707 0.412423 0.0309301
6 0.855607 0.930453 0.0475086 0.139137 0.0307954
5 0.513004 0.166791 0.0801952 0.122161 0.0307588
11 0.166335 0.993182 0.217623 0.012768 0.0305283
11 0.612155 0.985065 0.607972 0.029734 0.0303961
5 0.43609 0.225824 0.0522564 0.161812 0.0302774
6 0.339304 0.671911 0.130079 0.400388 0.0299035
10 0.233064 0.258272 0.132865 0.517548 0.0297474
6 0.482441 0.981418 0.324552 0.0374438 0.0295385
5 0.438976 0.222298 0.0576351 0.163885 0.0294526
2 0.567674 0.0956765 0.0203961 0.0370047 0.0293545
10 0.226311 0.417997 0.0458934 0.165409 0.0288321
10 0.226876 0.414128 0.0538617 0.165052 0.0284835
10 0.298231 0.397253 0.0449862 0.139794 0.0284564
2 0.626335 0.159328 0.0194938 0.0720205 0.0284377
10 0.234072 0.425317 0.0590761 0.187978 0.0284035
10 0.299608 0.397069 0.0405105 0.139461 0.0283452
10 0.74528 0.164092 0.0232939 0.0930058 0.0282442
10 0.277634 0.296849 0.142203 0.40031 0.0281587
5 0.487859 0.167665 0.0629863 0.115322 0.0281349
5 0.389076 0.238 0.0967434 0.158674 0.0279133
6 0.430264 0.530094 0.125504 0.459014 0.0279098
6 0.884961 0.950626 0.134785 0.101265 0.0276964
2 0.607472 0.181194 0.0174929 0.0375682 0.0276298
11 0.189268 0.993023 0.197483 0.0130469 0.0275402
2 0.615081 0.520393 0.0242907 0.0674685 0.0275134
11 0.381952 0.99255 0.202418 0.0166306 0.0272379
2 0.541426 0.052091 0.0175846 0.0291309 0.0271681
5 0.427288 0.217659 0.0508563 0.172558 0.0271548
11 0.155809 0.993607 0.212682 0.0119351 0.0268331
2 0.56474 0.0957071 0.018888 0.0390305 0.0267996
5 0.510339 0.152657 0.0327796 0.0909316 0.0265294
6 0.345832 0.635498 0.257902 0.670338 0.0260167
6 0.534243 0.983513 0.324559 0.0324482 0.0259148
10 0.263046 0.102633 0.0974162 0.209584 0.0255332
2 0.587657 0.0163151 0.0487004 0.0334908 0.025519
11 0.82153 0.97557 0.342991 0.0483324 0.0254521
10 0.010464 0.724492 0.0179523 0.486421 0.0251756
10 0.411884 0.0359149 0.0351294 0.0720197 0.025149
10 0.247954 0.257822 0.144261 0.515279 0.0249375
11 0.580017 0.985147 0.368159 0.0284252 0.0247701
11 0.336538 0.741273 0.113929 0.11812 0.0246977
10 0.434606 0.0380206 0.0343333 0.0749161 0.0246606
11 0.35675 0.990345 0.138616 0.019637 0.0245602
11 0.39552 0.957493 0.319676 0.0859483 0.0244705
11 0.348997 0.721838 0.302807 0.562367 0.0243735
2 0.232407 0.481937 0.0226275 0.0620296 0.0242096
6 0.554894 0.749695 0.03577 0.0973849 0.0242031
6 0.336784 0.647366 0.28774 0.702432 0.0241527
11 0.283283 0.604189 0.160638 0.503252 0.0241372
6 0.420127 0.443903 0.142666 0.644211 0.0238589
6 0.073694 0.980419 0.114999 0.0373709 0.0238225
2 0.757329 0.296638 0.0215265 0.173757 0.0237122
5 0.731458 0.151077 0.0273855 0.0649831 0.0236832
7 0.438818 0.98501 0.0691741 0.0302661 0.0236186
5 0.380263 0.252249 0.0907746 0.14216 0.0236165
11 0.225435 0.993098 0.180383 0.0137325 0.0235574
2 0.450758 0.717548 0.0466263 0.070084 0.0233598
11 0.338771 0.992847 0.174857 0.0153034 0.0233354
11 0.354845 0.948924 0.178655 0.104571 0.0233056
11 0.146101 0.993952 0.199943 0.0112707 0.0231638
5 0.422667 0.223878 0.0959546 0.172063 0.0231241
2 0.546528 0.604228 0.0214339 0.0429624 0.0230766
5 0.499516 0.187484 0.0314247 0.0658101 0.0230428
6 0.42565 0.537114 0.138894 0.473912 0.0229976
11 0.374389 0.982693 0.110461 0.0355871 0.0226655
11 0.711231 0.983987 0.489088 0.0305807 0.0226647
6 0.390598 0.539614 0.158566 0.482946 0.0225912
2 0.581418 0.153758 0.0163486 0.0644105 0.0225861
11 0.646141 0.987733 0.500977 0.0234648 0.0224641
2 0.578798 0.14966 0.0158543 0.0545557 0.0224638
6 0.0451261 0.883393 0.0892975 0.229452 0.0224344
6 0.379731 0.50493 0.199733 0.752153 0.022412
5 0.292958 0.770136 0.0563805 0.0796261 0.0223246
11 0.277138 0.567475 0.156481 0.288571 0.022292
11 0.339594 0.843763 0.159105 0.316952 0.0221499
2 0.573781 0.0239615 0.0321695 0.0469802 0.022081
6 0.300829 0.723671 0.194864 0.552823 0.0218707
2 0.411582 0.958477 0.052801 0.0840872 0.0217727
6 0.220571 0.99327 0.146789 0.0131214 0.0217106
10 0.120463 0.809387 0.230863 0.376181 0.02156
6 0.350341 0.59868 0.283847 0.59931 0.0215016
10 0.0119428 0.671743 0.021291 0.606279 0.0215015
5 0.446072 0.2109 0.0687996 0.173513 0.0214572
7 0.454878 0.688534 0.0529993 0.134809 0.0213773
11 0.684742 0.987073 0.423913 0.0241831 0.0213626
6 0.394645 0.526333 0.144792 0.459356 0.0213138
5 0.466523 0.986972 0.130744 0.0264386 0.0212148
6 0.356435 0.644193 0.279183 0.705056 0.0211573
6 0.231805 0.993483 0.121375 0.013216 0.0210854
10 0.949612 0.530177 0.0944178 0.942726 0.0208893
10 0.447854 0.0529525 0.0276448 0.107408 0.0208394
2 0.408818 0.0447611 0.0212185 0.0492389 0.0208065
7 0.600006 0.0110725 0.0521862 0.0230321 0.020707
5 0.522583 0.185785 0.0303804 0.0679851 0.020655
11 0.339377 0.991999 0.127345 0.0165369 0.0205693
11 0.124266 0.89822 0.232419 0.202827 0.0204886
6 0.270933 0.210113 0.142086 0.220296 0.0204642
2 0.529251 0.176591 0.0297554 0.0850817 0.0203992
6 0.995053 0.922991 0.00895691 0.153822 0.0202912
5 0.48015 0.988354 0.112007 0.0234846 0.0202593
5 0.431945 0.192051 0.072713 0.0866454 0.0202257
10 0.412091 0.0547299 0.0315141 0.111153 0.020192
6 0.428061 0.511785 0.116046 0.433277 0.0201731
6 0.285959 0.972464 0.070069 0.055407 0.0200322
10 0.0549441 0.0312306 0.041633 0.0631758 0.0196284
6 0.314547 0.190623 0.0681225 0.183547 0.0195172
6 0.857394 0.944206 0.0401884 0.113543 0.0195159
6 0.0461889 0.93511 0.0860009 0.127753 0.0193347
2 0.431746 0.708259 0.0475254 0.100819 0.0191356
6 0.376662 0.649861 0.256347 0.696279 0.0190845
2 0.447012 0.697658 0.0567774 0.11574 0.0186025
10 0.762313 0.140026 0.0207335 0.0458185 0.0183982
6 0.313105 0.14795 0.045211 0.100214 0.0183639
6 0.399801 0.481002 0.11789 0.325148 0.0179062
10 0.275566 0.464468 0.160585 0.744449 0.0178246
2 0.765541 0.330267 0.0215199 0.106045 0.0177386
5 0.508416 0.155269 0.0645555 0.0965277 0.0175362
2 0.411737 0.047688 0.0241564 0.0481657 0.0174838
11 0.0132256 0.883438 0.0238864 0.218526 0.0174187
6 0.261147 0.993846 0.140508 0.0128955 0.0173539
6 0.470778 0.646342 0.277198 0.705419 0.017329
5 0.53414 0.170074 0.0355288 0.0985603 0.0173098
5 0.446381 0.196351 0.11801 0.173272 0.0172948
5 0.505407 0.136184 0.0275518 0.0584915 0.0171348
7 0.715795 0.471779 0.0407621 0.105607 0.016937
2 0.607205 0.0988923 0.0350364 0.200351 0.0169259
5 0.431947 0.178566 0.0758248 0.100629 0.0168895
7 0.278008 0.449158 0.020412 0.0611315 0.0168599
6 0.259801 0.990218 0.101158 0.0201286 0.0167164
10 0.312217 0.389458 0.0452827 0.137518 0.0166474
11 0.312378 0.743162 0.110628 0.133526 0.0165755
5 0.488262 0.139013 0.0408493 0.0731252 0.0165382
11 0.276695 0.645405 0.52171 0.706095 0.0165256
5 0.284616 0.774128 0.0518231 0.0778046 0.0164857
10 0.772566 0.139993 0.0227461 0.0486268 0.0163354
11 0.458288 0.650109 0.450587 0.704372 0.0163109
11 0.43922 0.618957 0.118633 0.310268 0.0162855
6 0.415433 0.523973 0.112274 0.219539 0.0161591
2 0.219664 0.48862 0.0221159 0.070974 0.0159303
2 0.550159 0.049426 0.0167185 0.027898 0.0156044
10 0.251167 0.542928 0.148439 0.670136 0.0155449
2 0.584851 0.164244 0.0158545 0.0542845 0.0154951
2 0.375079 0.0476658 0.0200304 0.0671659 0.0153055
11 0.989313 0.959147 0.0172812 0.0845011 0.0152794
6 0.464981 0.647647 0.264211 0.702703 0.0151421
2 0.614575 0.106636 0.0163259 0.0428283 0.0150827
10 0.366643 0.0550661 0.0297697 0.112404 0.015056
5 0.369328 0.24991 0.123228 0.205048 0.0150227
6 0.359575 0.647106 0.121041 0.301247 0.0150136
5 0.520846 0.155077 0.0210175 0.0421758 0.0149417
5 0.411177 0.194297 0.0882344 0.124109 0.0147045
11 0.538275 0.64765 0.465917 0.712501 0.0146844
10 0.368043 0.0382269 0.157069 0.07371 0.0146759
7 0.71742 0.470672 0.046493 0.104021 0.0146726
6 0.711162 0.492003 0.051279 0.148272 0.0146557
5 0.481776 0.173937 0.0930766 0.143442 0.0143457
11 0.278602 0.35417 0.136731 0.248125 0.0141777
5 0.386053 0.303782 0.0706923 0.11009 0.0139933
11 0.562774 0.687813 0.417506 0.631532 0.0139905
11 0.279443 0.356827 0.130641 0.241544 0.0137994
6 0.440534 0.95896 0.0565443 0.0831047 0.0137363
6 0.343712 0.566406 0.133555 0.497013 0.0134114
6 0.0791949 0.993838 0.0807928 0.0117705 0.0132432
10 0.511157 0.168806 0.0975113 0.145751 0.0129768
11 0.894673 0.984686 0.0494604 0.030067 0.0128849
2 0.507012 0.0520826 0.0225052 0.0354942 0.0128663
2 0.658029 0.156785 0.0150058 0.0735642 0.0128457
11 0.240688 0.560273 0.0924114 0.262019 0.0128145
6 0.0470231 0.991814 0.0798716 0.0147888 0.012782
10 0.289807 0.281785 0.127176 0.369356 0.012741
10 0.636256 0.0170584 0.223505 0.0343495 0.0127263
6 0.394717 0.347011 0.131922 0.423888 0.0124647
6 0.0702093 0.993451 0.073218 0.0123087 0.0123127
5 0.417024 0.178395 0.0818233 0.118418 0.0122211
6 0.0597501 0.993215 0.0725031 0.0124991 0.012131
10 0.341387 0.0547777 0.227609 0.108329 0.0121126
11 0.369732 0.292732 0.355591 0.398495 0.0120992
2 0.619826 0.103261 0.0131154 0.0422905 0.0120841
6 0.361825 0.567284 0.0928561 0.394381 0.0120094
10 0.285656 0.750252 0.0788778 0.128167 0.0119832
5 0.365951 0.258421 0.0409224 0.0780348 0.0119738
11 0.433895 0.132644 0.338848 0.268211 0.0115531
5 0.363203 0.294195 0.0810826 0.14479 0.0113534
5 0.505939 0.181742 0.180275 0.175791 0.0111636
11 0.732568 0.646986 0.349108 0.691491 0.0110359
6 0.447837 0.524963 0.108237 0.454093 0.0110223
6 0.385202 0.530138 0.0993767 0.202947 0.0110009
5 0.513625 0.124925 0.0207186 0.0436767 0.0105003
10 0.646396 0.140607 0.0134348 0.048756 0.010401
10 0.493332 0.163102 0.142778 0.164786 0.0102731
10 0.319978 0.297869 0.0796412 0.198945 0.0102402
6 0.36056 0.547741 0.074075 0.238973 0.0101963
11 0.366105 0.320801 0.296027 0.427797 0.0101724
7 0.690545 0.587187 0.0198358 0.0609253 0.00963362
5 0.363255 0.27309 0.0447683 0.115749 0.00951128
10 0.56175 0.155836 0.0276563 0.116013 0.00949297
10 0.953058 0.544898 0.0496832 0.747113 0.00925676
2 0.357584 0.291516 0.0498528 0.128267 0.0091072
10 0.583804 0.0853107 0.383009 0.17439 0.00800023
