3 0.506272 0.333023 0.995424 0.662946 0.41386
1 0.324876 0.262704 0.394013 0.527447 0.247297
3 0.710424 0.500607 0.579682 0.988488 0.235942
10 0.321895 0.0459177 0.138663 0.0918451 0.200538
10 0.244101 0.0386799 0.0811596 0.0787034 0.167362
10 0.525843 0.0479225 0.164504 0.0968361 0.164315
1 0.253912 0.26341 0.509143 0.523678 0.156947
10 0.570076 0.0476176 0.221077 0.0955782 0.152621
10 0.335893 0.0457581 0.0793124 0.0933486 0.152279
10 0.340042 0.0416193 0.0696439 0.0846733 0.151046
1 0.276035 0.26052 0.524841 0.522378 0.143174
10 0.353438 0.0481478 0.100225 0.09752 0.139265
10 0.492318 0.0442516 0.122408 0.0888591 0.122299
1 0.814664 0.61762 0.370171 0.767751 0.120069
1 0.331857 0.259449 0.352932 0.510811 0.11868
10 0.277168 0.0473991 0.217779 0.0946901 0.117921
10 0.235769 0.042765 0.0834647 0.0872734 0.117703
1 0.259565 0.286705 0.521324 0.569923 0.114449
10 0.237412 0.0433877 0.116909 0.0870598 0.114403
10 0.489936 0.037045 0.0940854 0.0757486 0.114351
10 0.298828 0.0245521 0.0851409 0.050615 0.112829
10 0.31612 0.0248496 0.121563 0.0517513 0.112211
10 0.289658 0.0457479 0.199118 0.0905219 0.111098
1 0.819913 0.611169 0.359874 0.780517 0.111018
1 0.275932 0.251669 0.503878 0.50505 0.110249
10 0.581422 0.0398109 0.139404 0.0814631 0.109545
3 0.50443 0.50098 0.990752 0.987261 0.108631
10 0.579769 0.0402837 0.147639 0.0822362 0.107965
10 0.614585 0.0452151 0.171724 0.0912733 0.104847
10 0.482525 0.0383849 0.0966788 0.0781322 0.104507
10 0.593841 0.0393875 0.183306 0.0799631 0.104023
1 0.390943 0.255869 0.739974 0.514388 0.102047
10 0.270609 0.0389803 0.144144 0.0776887 0.100406
10 0.374097 0.0477985 0.0975278 0.0964099 0.100346
10 0.26598 0.227739 0.0792733 0.260028 0.100075
10 0.264437 0.0421463 0.203506 0.0843185 0.10007
1 0.261294 0.342127 0.522599 0.687008 0.0998
3 0.722471 0.591164 0.544158 0.805091 0.0979485
10 0.385703 0.0438103 0.0858466 0.08768 0.094619
10 0.244194 0.0418654 0.0851042 0.0865723 0.0941675
1 0.848237 0.599816 0.302765 0.801402 0.0938771
10 0.280537 0.0370237 0.13893 0.0740785 0.0927627
1 0.826704 0.567122 0.346997 0.862035 0.0925433
10 0.363512 0.0434356 0.0755795 0.0878849 0.0914432
3 0.710626 0.377169 0.572178 0.751166 0.0896152
1 0.118384 0.244471 0.2367 0.485207 0.0870754
10 0.606715 0.0353466 0.103036 0.0730353 0.0860165
10 0.440874 0.0496677 0.280139 0.100484 0.0850954
10 0.294231 0.0362818 0.113045 0.0740495 0.0839948
3 0.717234 0.364718 0.561021 0.724344 0.0838485
10 0.393188 0.0478614 0.0740719 0.0968522 0.0835506
1 0.819736 0.721517 0.357324 0.557222 0.082888
10 0.264857 0.0261471 0.210927 0.0540298 0.082336
4 0.816305 0.797516 0.365152 0.405565 0.0813992
4 0.820658 0.778064 0.357657 0.443587 0.0812316
10 0.37509 0.0473205 0.0905795 0.0951932 0.0807953
10 0.545376 0.0397527 0.102564 0.0808737 0.0795664
1 0.11331 0.498527 0.22553 0.976002 0.0785471
10 0.485924 0.0245462 0.076317 0.0505513 0.0776046
3 0.723398 0.460531 0.549809 0.892537 0.0767417
3 0.885776 0.506813 0.232534 0.98085 0.0765158
1 0.260818 0.485196 0.517532 0.959974 0.0754425
1 0.117829 0.296822 0.238747 0.587984 0.0751503
1 0.149842 0.226469 0.299126 0.453441 0.0730254
10 0.611999 0.0656567 0.367804 0.132087 0.0724839
10 0.540432 0.0399056 0.180553 0.0811339 0.0722806
1 0.815443 0.504819 0.374539 0.984886 0.0715956
10 0.557896 0.0643388 0.357359 0.130042 0.0706272
10 0.568451 0.0442593 0.138904 0.0896706 0.0690231
1 0.10422 0.624802 0.208071 0.468417 0.0690178
10 0.568267 0.0395737 0.140444 0.0805998 0.0688395
1 0.716551 0.501105 0.559144 0.988257 0.0684819
1 0.500864 0.695351 0.991983 0.61488 0.0683509
1 0.293167 0.295832 0.580688 0.586643 0.0682106
10 0.271845 0.0223133 0.106993 0.0454053 0.0680724
1 0.706176 0.499703 0.57081 0.981311 0.0674794
10 0.397537 0.045189 0.0734831 0.0901611 0.0668289
1 0.0894189 0.498879 0.180762 0.696475 0.0666532
1 0.101185 0.500889 0.204773 0.968354 0.0666084
1 0.500268 0.747917 0.992618 0.508897 0.0663335
1 0.0863792 0.515117 0.174986 0.704393 0.0660212
1 0.29732 0.310073 0.591057 0.613788 0.0655261
1 0.328465 0.341495 0.359649 0.350889 0.0652455
1 0.879014 0.601244 0.240775 0.793601 0.0649633
1 0.500775 0.711557 0.990896 0.580027 0.0645316
1 0.258614 0.496163 0.5152 0.979004 0.0641231
10 0.517968 0.0435912 0.115824 0.0888845 0.0639538
1 0.109423 0.674197 0.220129 0.500663 0.063893
3 0.71587 0.437408 0.544753 0.485398 0.0635645
10 0.366576 0.0566722 0.411432 0.114855 0.0635373
1 0.342529 0.304803 0.358433 0.435587 0.0633291
10 0.322558 0.0208526 0.125657 0.0426433 0.0633068
1 0.102334 0.138539 0.203993 0.273068 0.0632728
1 0.101629 0.200744 0.206632 0.400632 0.0629307
10 0.221491 0.0263256 0.0957506 0.0545302 0.0627557
3 0.864211 0.502871 0.274342 0.96113 0.0621728
10 0.582551 0.0452794 0.138323 0.0917954 0.0619978
1 0.833285 0.504777 0.337073 0.980207 0.0617923
10 0.255328 0.0214764 0.102385 0.0441525 0.061485
1 0.502054 0.768025 0.991279 0.468548 0.0610047
10 0.304394 0.0462019 0.107962 0.0943807 0.060339
3 0.885364 0.472255 0.227133 0.488462 0.0600294
1 0.300386 0.267643 0.369569 0.506662 0.0598143
1 0.055306 0.653152 0.111673 0.397356 0.0594336
10 0.648543 0.0407455 0.132017 0.0818501 0.0591556
10 0.917711 0.0823429 0.16154 0.165347 0.0589001
10 0.250446 0.0225623 0.0705903 0.0472433 0.0587598
1 0.747671 0.577278 0.509444 0.831266 0.0587227
10 0.920255 0.0554284 0.160097 0.110378 0.0586248
1 0.336952 0.313132 0.356383 0.424821 0.0583795
4 0.838521 0.80106 0.322964 0.399515 0.0575853
1 0.14405 0.141127 0.286146 0.279415 0.0575409
10 0.253 0.0628393 0.325965 0.125171 0.05699
10 0.885846 0.0553891 0.120148 0.110281 0.0565657
1 0.0506152 0.482832 0.102822 0.936032 0.056507
10 0.509468 0.0606166 0.601774 0.122834 0.0563432
10 0.734293 0.106421 0.164279 0.213043 0.0562119
1 0.255595 0.371453 0.51439 0.727046 0.0558776
1 0.8355 0.506787 0.329938 0.969727 0.0550616
1 0.298363 0.324942 0.601541 0.641164 0.0547093
1 0.500685 0.78187 0.983317 0.440856 0.054642
10 0.271615 0.227956 0.0896403 0.260015 0.0546167
1 0.699897 0.74745 0.597201 0.506654 0.0545077
10 0.264407 0.235081 0.0744608 0.276125 0.0543701
1 0.0662387 0.500502 0.132598 0.971253 0.0542033
10 0.550865 0.025324 0.191644 0.0516347 0.0540613
1 0.121814 0.698671 0.241858 0.596462 0.0539872
1 0.7141 0.501676 0.556482 0.978566 0.0535679
10 0.421011 0.0546914 0.15182 0.108918 0.05309
1 0.439373 0.737955 0.876424 0.525911 0.0530299
10 0.586213 0.0269972 0.148253 0.0555036 0.0528122
3 0.885352 0.495863 0.225494 0.539094 0.0526614
1 0.41936 0.237645 0.678767 0.484474 0.0526205
3 0.893357 0.578342 0.216663 0.83709 0.0523041
10 0.580665 0.027151 0.171601 0.055521 0.0521775
1 0.260196 0.497299 0.518044 0.979328 0.0520936
10 0.444847 0.0411694 0.176368 0.0827139 0.0520612
10 0.72735 0.103242 0.111386 0.209147 0.0519154
10 0.271664 0.229329 0.0647814 0.261517 0.0517931
10 0.505959 0.0221133 0.0936382 0.0451818 0.0515165
10 0.660963 0.0399361 0.130415 0.0806025 0.0513811
1 0.259929 0.481622 0.516617 0.946435 0.0508123
1 0.722381 0.795125 0.554981 0.40494 0.0505688
1 0.645596 0.523165 0.714405 0.929643 0.0504991
1 0.499023 0.746022 0.982505 0.514373 0.0504299
10 0.267626 0.0363907 0.0804725 0.0744276 0.0501662
1 0.0538452 0.548089 0.110442 0.871984 0.0498744
1 0.294741 0.471388 0.584893 0.92516 0.0498638
1 0.0544659 0.694457 0.112143 0.472526 0.0498486
1 0.0467073 0.616268 0.0954585 0.31284 0.0497035
1 0.311389 0.300093 0.364416 0.454566 0.0495407
1 0.723143 0.32385 0.555531 0.642752 0.0495014
10 0.607019 0.0287868 0.194418 0.0591595 0.049449
10 0.182367 0.0398222 0.193249 0.0796579 0.0494288
10 0.870861 0.057917 0.0759337 0.116836 0.0493146
1 0.613817 0.498016 0.76828 0.973035 0.0486011
1 0.704967 0.539118 0.585249 0.901823 0.0476658
10 0.445483 0.0497743 0.116506 0.100709 0.0474434
1 0.703711 0.511091 0.584944 0.954991 0.0473646
3 0.712556 0.339608 0.572991 0.678468 0.0473079
10 0.209533 0.0394015 0.118289 0.0806818 0.0472973
10 0.628935 0.0358679 0.101458 0.0736829 0.0471024
10 0.653526 0.0404158 0.145714 0.0819159 0.0468633
10 0.102846 0.0331153 0.166315 0.0661486 0.0466867
3 0.901343 0.57627 0.198606 0.835715 0.0464526
10 0.928534 0.152601 0.143811 0.304075 0.0462956
1 0.453851 0.711225 0.902474 0.580703 0.045497
1 0.0413852 0.412043 0.0855845 0.589785 0.045201
10 0.258741 0.0510055 0.20909 0.102844 0.0450244
1 0.0833571 0.722194 0.168028 0.553099 0.0449427
1 0.798272 0.809571 0.379792 0.384965 0.044865
1 0.682913 0.63309 0.623701 0.723797 0.0447126
10 0.253049 0.0534205 0.15693 0.107592 0.044551
1 0.318185 0.912121 0.616485 0.177118 0.0445042
10 0.648109 0.0454012 0.132616 0.092124 0.0444931
1 0.771697 0.80132 0.224009 0.400863 0.0443731
1 0.372264 0.745027 0.744312 0.514687 0.044152
1 0.494341 0.73313 0.976925 0.537728 0.0440384
1 0.714125 0.376223 0.54332 0.588696 0.0439131
1 0.319442 0.86589 0.629462 0.269215 0.0434871
1 0.0990073 0.406919 0.199539 0.411639 0.0432764
10 0.697155 0.0475521 0.276016 0.0956406 0.0431179
10 0.235182 0.28807 0.168708 0.416683 0.0431175
1 0.130138 0.733527 0.259116 0.530294 0.0428014
10 0.447406 0.0480011 0.12801 0.0980676 0.042236
10 0.197103 0.0226629 0.142697 0.0459704 0.0420265
10 0.0960603 0.077421 0.190836 0.154092 0.0420206
1 0.812431 0.887148 0.371483 0.229474 0.0418448
1 0.354967 0.241561 0.307833 0.48453 0.0413875
1 0.536298 0.777956 0.915096 0.448102 0.0413866
1 0.697057 0.869176 0.599255 0.26321 0.0412238
1 0.363611 0.87436 0.715575 0.248948 0.0410337
1 0.384078 0.806684 0.765801 0.391919 0.041016
10 0.3909 0.0254704 0.110078 0.051446 0.0407869
1 0.501671 0.859557 0.983625 0.282486 0.0407354
10 0.7162 0.114617 0.124617 0.233447 0.0406015
10 0.911654 0.0405614 0.123138 0.0824203 0.0405231
1 0.342367 0.148698 0.451453 0.303978 0.0404411
4 0.860292 0.917874 0.280515 0.16623 0.0404292
4 0.830297 0.92543 0.336845 0.151597 0.0403559
10 0.398227 0.0228175 0.0603763 0.044721 0.0402611
1 0.677604 0.495071 0.62801 0.990402 0.0402182
1 0.458471 0.714551 0.912345 0.570927 0.0401392
10 0.54745 0.0222601 0.119183 0.0449069 0.0397541
1 0.0275999 0.465442 0.0565955 0.864889 0.0396014
10 0.182447 0.0227137 0.166791 0.0459319 0.0395593
11 0.891358 0.343339 0.2161 0.208273 0.0394681
1 0.479992 0.21736 0.901987 0.442279 0.0394106
10 0.359467 0.0221929 0.0749538 0.0453225 0.0392355
1 0.263615 0.908786 0.515712 0.184017 0.039072
3 0.501316 0.302761 0.98318 0.598444 0.0389872
10 0.368059 0.0239361 0.0959734 0.0486806 0.0387222
1 0.479454 0.159579 0.931213 0.320597 0.0386257
1 0.394839 0.691532 0.779581 0.620417 0.0385824
3 0.501406 0.40765 0.997046 0.805121 0.0383805
1 0.63491 0.720773 0.738491 0.560996 0.0381455
1 0.951363 0.505402 0.0982243 0.974767 0.0380581
1 0.531788 0.764058 0.924677 0.476237 0.0380025
1 0.0451808 0.303435 0.0917095 0.594655 0.0379527
1 0.780354 0.900067 0.428509 0.203706 0.0378916
1 0.129282 0.648816 0.256218 0.690033 0.037836
1 0.5014 0.876103 0.980323 0.249925 0.0377861
1 0.790123 0.936606 0.418754 0.127744 0.0377766
1 0.671472 0.599929 0.650529 0.78329 0.0377218
1 0.675863 0.923965 0.635229 0.151164 0.0376649
1 0.646536 0.930449 0.689718 0.138645 0.0376412
1 0.324222 0.953083 0.623659 0.0941928 0.0376038
1 0.48059 0.879105 0.946935 0.243807 0.0374154
1 0.432429 0.822861 0.867158 0.36095 0.0373226
1 0.921924 0.455651 0.159465 0.887686 0.0372908
1 0.438011 0.924703 0.852582 0.149674 0.0370242
1 0.276455 0.941061 0.5382 0.11783 0.0367948
10 0.257761 0.0478909 0.158232 0.0969076 0.0367564
4 0.867715 0.885202 0.26512 0.23383 0.0366885
1 0.501497 0.920069 0.979455 0.159995 0.0363215
1 0.498657 0.16195 0.959262 0.328937 0.0363118
1 0.561467 0.92435 0.852176 0.149841 0.0363042
1 0.888421 0.393045 0.22054 0.328562 0.0362607
1 0.0885963 0.763671 0.17988 0.474052 0.0362518
10 0.648557 0.0441608 0.130779 0.0889411 0.036247
1 0.499561 0.924047 0.965146 0.151045 0.0358466
10 0.954701 0.103238 0.0948277 0.20823 0.0358356
10 0.459292 0.0422438 0.117102 0.0856557 0.0356641
1 0.576076 0.861889 0.833892 0.278175 0.0354963
1 0.773591 0.736999 0.175938 0.264764 0.0354314
10 0.644974 0.0276304 0.110615 0.057118 0.0346171
1 0.257546 0.484271 0.508523 0.955458 0.0342962
1 0.788438 0.716481 0.150359 0.203811 0.0339413
3 0.497205 0.389336 0.987572 0.768338 0.0338669
1 0.967335 0.547774 0.0665213 0.878585 0.0338529
10 0.941154 0.607307 0.120725 0.777389 0.0338387
1 0.513592 0.228287 0.90943 0.467065 0.0336448
10 0.207163 0.291283 0.117583 0.395743 0.0332522
10 0.659583 0.0178366 0.135228 0.0363041 0.0332079
10 0.903617 0.0484004 0.116797 0.0980134 0.0331244
1 0.833371 0.394504 0.341342 0.770128 0.033124
1 0.553713 0.774541 0.896013 0.459725 0.0329437
3 0.502023 0.252932 0.9848 0.499329 0.0329411
10 0.931505 0.343749 0.141309 0.667818 0.0327936
10 0.970112 0.708792 0.0622585 0.567628 0.0327137
4 0.938284 0.483999 0.127021 0.510908 0.0325772
10 0.623331 0.0297253 0.0794995 0.0621392 0.0325561
1 0.533765 0.674708 0.911302 0.650828 0.0325313
1 0.502019 0.162529 0.953965 0.330377 0.0317925
10 0.0472862 0.230626 0.0964025 0.454812 0.031707
10 0.68844 0.0189723 0.0993456 0.0395997 0.0316518
10 0.254876 0.0596342 0.275376 0.118801 0.0316368
10 0.692575 0.0485364 0.0833543 0.0994981 0.0315482
1 0.956816 0.732413 0.0879301 0.530339 0.031528
1 0.971479 0.515052 0.0598505 0.936012 0.0315212
1 0.0371617 0.71762 0.0764568 0.539859 0.0312102
3 0.491361 0.488507 0.996763 0.94189 0.0307776
10 0.927651 0.0380146 0.110885 0.0776647 0.0307066
4 0.937142 0.80928 0.130831 0.382123 0.0304701
10 0.658818 0.0217055 0.21446 0.044707 0.030465
1 0.488113 0.143791 0.91652 0.290972 0.0303622
1 0.538991 0.144124 0.915551 0.294316 0.0299644
1 0.718255 0.50263 0.539483 0.989417 0.0294493
4 0.944375 0.747917 0.116347 0.500685 0.0294036
10 0.739981 0.122807 0.119936 0.251935 0.0291227
10 0.685862 0.0190907 0.135934 0.0397642 0.0290535
10 0.433598 0.0231641 0.108732 0.0455779 0.0289822
1 0.961271 0.803135 0.0799076 0.388772 0.0288547
10 0.980859 0.610361 0.0398682 0.356943 0.0285699
10 0.971672 0.369581 0.0603624 0.666454 0.0280931
10 0.199213 0.28556 0.102045 0.373578 0.0280763
1 0.438563 0.96861 0.483862 0.0638757 0.0279708
3 0.973954 0.444577 0.0548887 0.653792 0.0274103
1 0.372058 0.965472 0.316528 0.0700094 0.0271773
3 0.502854 0.2634 0.980364 0.518094 0.0269191
10 0.983548 0.60536 0.0344837 0.210349 0.0266912
10 0.420852 0.345049 0.165727 0.289386 0.0259434
1 0.491662 0.970625 0.537725 0.059697 0.0257645
1 0.231053 0.639824 0.451183 0.720113 0.0250426
10 0.970989 0.166452 0.0613949 0.322666 0.0241976
1 0.136236 0.502555 0.26984 0.953991 0.024159
1 0.126081 0.880574 0.250613 0.241096 0.0240424
3 0.499587 0.390596 0.994143 0.767921 0.0234374
10 0.29174 0.270984 0.115785 0.35622 0.0222897
1 0.497695 0.59955 0.942203 0.790576 0.020958
