9 0.581372 0.497457 0.155926 0.399643 0.561962
1 0.451175 0.66072 0.202723 0.22293 0.338676
9 0.557313 0.668441 0.443987 0.326938 0.320227
1 0.441338 0.657912 0.176869 0.21438 0.245023
9 0.54881 0.492885 0.239997 0.417202 0.215986
9 0.471614 0.389194 0.0855769 0.176638 0.19936
11 0.939975 0.797772 0.119968 0.401738 0.199153
9 0.492252 0.392531 0.129513 0.188919 0.184598
9 0.56228 0.552017 0.440781 0.564994 0.173056
1 0.103939 0.704786 0.210364 0.296563 0.16633
1 0.111387 0.745705 0.22257 0.492234 0.132838
9 0.542819 0.683397 0.406319 0.287234 0.131729
1 0.113784 0.701744 0.224842 0.547122 0.125907
9 0.519271 0.399552 0.186195 0.215745 0.112812
9 0.600815 0.426316 0.129517 0.234155 0.11081
10 0.546117 0.639512 0.07285 0.124837 0.102273
9 0.507321 0.386176 0.158779 0.215622 0.10198
9 0.490562 0.394711 0.128674 0.224918 0.097047
10 0.559851 0.582511 0.106427 0.255133 0.0911816
9 0.545859 0.270372 0.0337793 0.0453462 0.0903844
1 0.0930222 0.729442 0.187449 0.228633 0.090055
9 0.632931 0.500492 0.268046 0.419517 0.0890498
10 0.938548 0.507231 0.124725 0.992397 0.0840513
1 0.150498 0.715962 0.295191 0.555445 0.0837784
11 0.92765 0.873514 0.145989 0.255116 0.082764
1 0.139691 0.677005 0.277084 0.635342 0.0800818
11 0.879159 0.801537 0.241684 0.396072 0.0788906
11 0.904697 0.801537 0.187013 0.396082 0.0781328
1 0.116722 0.628208 0.234437 0.726836 0.0768677
11 0.941279 0.721569 0.119817 0.561106 0.0758542
9 0.551549 0.270499 0.0342169 0.0459596 0.0745047
1 0.0739531 0.631416 0.15071 0.510595 0.0736845
1 0.09316 0.746422 0.187564 0.219422 0.0716069
9 0.558948 0.638382 0.181745 0.191467 0.0698871
1 0.099594 0.773763 0.20117 0.44904 0.0696004
6 0.978887 0.802667 0.0431976 0.393542 0.067459
10 0.568769 0.604231 0.139504 0.214347 0.0667585
11 0.97492 0.815182 0.050569 0.371443 0.06572
1 0.0499296 0.67144 0.10106 0.296145 0.065039
10 0.930101 0.506436 0.140098 0.994043 0.0638484
10 0.556893 0.566867 0.100044 0.270535 0.0633045
1 0.168169 0.740978 0.332875 0.512744 0.0630109
6 0.980179 0.761445 0.0404734 0.287725 0.0629444
6 0.983176 0.785442 0.0340689 0.196572 0.062811
9 0.56489 0.521798 0.32138 0.492551 0.0605848
6 0.982632 0.735226 0.0362074 0.104307 0.060491
10 0.93526 0.656457 0.132883 0.694947 0.0604001
9 0.594855 0.42148 0.138684 0.21886 0.0603892
6 0.981395 0.751588 0.0382643 0.115126 0.0583233
10 0.940252 0.644262 0.122824 0.720488 0.0582167
1 0.116373 0.788697 0.233232 0.422244 0.0572887
11 0.931252 0.829147 0.138261 0.350894 0.0570253
11 0.973645 0.860997 0.0542316 0.279101 0.0561341
9 0.547137 0.407066 0.241635 0.221561 0.0560438
11 0.940028 0.728532 0.125205 0.543118 0.0557672
10 0.973099 0.512064 0.0552694 0.974104 0.0554729
9 0.552564 0.656544 0.39806 0.236118 0.0553536
10 0.560461 0.56985 0.0940226 0.243171 0.0551548
10 0.535655 0.646234 0.074384 0.115254 0.0548675
10 0.977294 0.511278 0.0457672 0.968965 0.0544641
6 0.983735 0.792048 0.0332712 0.219608 0.0544186
9 0.623622 0.549657 0.301307 0.562067 0.0542481
9 0.586539 0.44985 0.324635 0.371573 0.0539362
6 0.983903 0.818345 0.0325651 0.264938 0.053679
6 0.947511 0.735878 0.108791 0.257668 0.0527544
9 0.617234 0.428538 0.0916798 0.203497 0.0526929
10 0.559925 0.509771 0.110201 0.396933 0.0510923
9 0.575379 0.440513 0.239254 0.290113 0.0503935
9 0.456025 0.367255 0.0585576 0.114196 0.0501225
9 0.462278 0.395884 0.0946578 0.192762 0.0494749
9 0.501768 0.392926 0.0961442 0.177474 0.0486491
10 0.978116 0.521448 0.0436301 0.904463 0.0485188
10 0.940453 0.510239 0.122723 0.986706 0.048377
10 0.553171 0.578503 0.094752 0.257966 0.0482738
9 0.493111 0.508461 0.146794 0.424085 0.048213
9 0.494917 0.68736 0.321306 0.28172 0.0481592
10 0.940943 0.563904 0.119599 0.888543 0.0476409
10 0.932366 0.574792 0.135427 0.86191 0.0476265
1 0.0817171 0.606208 0.169001 0.773638 0.0471265
6 0.986807 0.805744 0.0267125 0.333807 0.0465092
9 0.557636 0.557043 0.445175 0.560656 0.0462107
6 0.984609 0.830549 0.0311708 0.258309 0.045814
1 0.141432 0.623488 0.28314 0.739394 0.0457061
1 0.0210341 0.623414 0.0438177 0.271268 0.0453032
6 0.987047 0.848283 0.0258339 0.299029 0.0446205
10 0.544997 0.0421808 0.0820718 0.0851703 0.0439661
9 0.558906 0.269894 0.0337067 0.0466271 0.0438793
11 0.87293 0.881684 0.252906 0.239829 0.0437542
1 0.0282412 0.675589 0.0583029 0.286085 0.0433057
9 0.579468 0.524213 0.19791 0.447801 0.0429239
10 0.540954 0.577558 0.0995725 0.300477 0.0425359
10 0.950838 0.509388 0.101871 0.986299 0.0422014
6 0.988562 0.725056 0.0236873 0.142944 0.0419516
10 0.566895 0.593763 0.108768 0.209683 0.0416042
10 0.527759 0.0431302 0.055205 0.0875947 0.0411281
10 0.544064 0.515431 0.103022 0.407218 0.0409981
9 0.454163 0.375857 0.0622283 0.13065 0.0397304
9 0.506551 0.360976 0.139918 0.235249 0.0382686
10 0.934038 0.157418 0.130329 0.314859 0.0380711
10 0.974806 0.471973 0.0510322 0.773432 0.0379159
6 0.989333 0.717862 0.0220745 0.175514 0.0373533
3 0.247456 0.267028 0.496404 0.526712 0.0372236
1 0.0807063 0.498571 0.164279 0.734943 0.0371831
3 0.248659 0.310706 0.498911 0.616567 0.0371217
3 0.251739 0.339023 0.500796 0.680544 0.036858
1 0.409777 0.728282 0.800964 0.537101 0.0367941
10 0.922974 0.506086 0.152608 0.990516 0.0367917
5 0.504461 0.703812 0.0725179 0.105087 0.036684
3 0.25408 0.495961 0.513831 0.972616 0.0365918
10 0.938537 0.351388 0.122977 0.686116 0.0357836
6 0.988924 0.711177 0.022447 0.196907 0.035753
11 0.893937 0.93513 0.211076 0.132875 0.0357432
10 0.948138 0.508727 0.105315 0.875336 0.0356089
9 0.555124 0.272227 0.0425029 0.0589013 0.0354794
6 0.979254 0.88954 0.0415449 0.223452 0.0354348
11 0.944492 0.780638 0.112332 0.168616 0.0354049
10 0.939114 0.478406 0.12447 0.89813 0.0350158
5 0.501903 0.706575 0.070123 0.102545 0.0349837
9 0.526329 0.388697 0.0740767 0.165921 0.0347731
10 0.934276 0.0468663 0.132468 0.0954085 0.0343278
6 0.962384 0.0575809 0.0764486 0.11737 0.0343104
10 0.528292 0.659577 0.0914176 0.149701 0.0341566
9 0.552131 0.380402 0.0914613 0.150538 0.0341437
1 0.114228 0.535277 0.23161 0.934048 0.0340273
6 0.176145 0.908069 0.342768 0.186741 0.0338072
10 0.883777 0.782753 0.0899139 0.419749 0.0334916
1 0.414211 0.652409 0.140292 0.191423 0.0333485
10 0.976756 0.348891 0.0472689 0.667391 0.0333458
10 0.932941 0.0830078 0.13482 0.169117 0.0332764
9 0.551557 0.558402 0.467972 0.56215 0.0329477
1 0.104853 0.513738 0.212148 0.962013 0.0328057
10 0.552229 0.0424139 0.0579275 0.0860855 0.0327509
10 0.963434 0.105946 0.0736031 0.212818 0.0327007
11 0.501653 0.735906 0.979091 0.519412 0.0325524
1 0.0858947 0.514175 0.178108 0.96415 0.0324458
10 0.959099 0.0391752 0.0884411 0.0805156 0.0323182
1 0.132385 0.507927 0.266692 0.98322 0.0322678
6 0.989437 0.846611 0.0205179 0.272101 0.0321993
10 0.567193 0.575684 0.125366 0.277508 0.031908
10 0.598119 0.0407978 0.103585 0.0821551 0.0317005
10 0.886751 0.143442 0.129831 0.28961 0.0314333
10 0.564609 0.639898 0.0727373 0.115392 0.0312778
9 0.540043 0.388186 0.0802991 0.155328 0.0309228
1 0.0231131 0.579423 0.0478081 0.660323 0.0302172
11 0.866163 0.962157 0.266913 0.0774069 0.0301014
10 0.987498 0.0414204 0.0265828 0.0859463 0.0300786
10 0.488262 0.0390853 0.272527 0.0797982 0.0300095
1 0.232793 0.909075 0.447134 0.18583 0.029968
11 0.928678 0.928911 0.14326 0.146428 0.0298692
1 0.0284665 0.728769 0.0579734 0.229017 0.0296358
10 0.547053 0.655207 0.0712188 0.121576 0.029526
10 0.972873 0.14279 0.0557377 0.284848 0.0294779
10 0.881534 0.0472721 0.135156 0.0959354 0.0294063
1 0.236788 0.797245 0.467455 0.406493 0.029305
1 0.315618 0.720088 0.62417 0.553305 0.0292532
10 0.514746 0.645073 0.107306 0.128221 0.0291254
6 0.106478 0.909113 0.214288 0.186518 0.0290778
1 0.24649 0.759791 0.485611 0.474738 0.0290372
10 0.932654 0.22351 0.132668 0.442752 0.0286469
10 0.57837 0.632787 0.0693817 0.119149 0.0286137
10 0.971682 0.0365831 0.0623718 0.075296 0.0285617
10 0.88089 0.0588632 0.137555 0.118786 0.0285215
3 0.253665 0.201613 0.490675 0.396888 0.0284821
10 0.618331 0.508738 0.0912881 0.294182 0.0283784
11 0.917371 0.955404 0.166204 0.0922161 0.0282383
10 0.505276 0.0431538 0.0524204 0.0892735 0.0280839
10 0.541983 0.634284 0.093482 0.165818 0.0280726
10 0.881915 0.222385 0.134068 0.444766 0.0280143
1 0.139183 0.506665 0.282672 0.983979 0.027992
6 0.990677 0.697561 0.0187507 0.203323 0.0278831
9 0.486144 0.423369 0.140684 0.224664 0.0275705
3 0.252462 0.499951 0.505708 0.988755 0.0275369
10 0.572677 0.0429251 0.0559948 0.0871732 0.0267562
1 0.405187 0.690311 0.795952 0.508198 0.0266186
1 0.306571 0.910555 0.586008 0.182409 0.0265861
10 0.490372 0.0435534 0.0559895 0.0910395 0.0264838
6 0.768282 0.963426 0.456888 0.075413 0.0263226
6 0.229563 0.925685 0.447933 0.152437 0.0261554
10 0.936133 0.0342774 0.130307 0.0702563 0.0259298
9 0.617711 0.491813 0.13675 0.367604 0.0258124
1 0.63504 0.68176 0.298704 0.314137 0.0256966
10 0.97783 0.22644 0.0449761 0.435461 0.0256956
9 0.547201 0.389726 0.228361 0.199519 0.0256052
11 0.837649 0.935172 0.318608 0.133343 0.025552
1 0.0379323 0.769606 0.0789113 0.459754 0.0253862
10 0.523792 0.668357 0.10668 0.16113 0.0253023
3 0.25686 0.500571 0.51313 0.983688 0.0251746
11 0.699522 0.969665 0.555025 0.0626949 0.0250461
9 0.450623 0.367069 0.0475589 0.110624 0.0247849
1 0.395968 0.544839 0.779172 0.598572 0.0247212
10 0.621191 0.50535 0.0930604 0.295077 0.024638
6 0.155045 0.928197 0.302632 0.146635 0.0246266
1 0.338232 0.925319 0.649532 0.153587 0.0245928
11 0.488647 0.971987 0.92435 0.0552322 0.0245517
6 0.987631 0.0589462 0.0265484 0.123624 0.0244305
9 0.557262 0.645756 0.148502 0.182251 0.0244102
11 0.785177 0.888425 0.433158 0.225607 0.0243218
9 0.509911 0.671608 0.116102 0.182231 0.0242715
10 0.860231 0.625509 0.286112 0.751781 0.0241887
9 0.538002 0.378102 0.0812179 0.150663 0.024179
3 0.237332 0.443353 0.478909 0.883462 0.0237189
3 0.224622 0.020833 0.438708 0.0416326 0.0234955
9 0.536564 0.385485 0.0655031 0.156403 0.0232655
10 0.63936 0.474248 0.157396 0.435928 0.0231711
6 0.42039 0.921767 0.81923 0.156896 0.0230626
3 0.255971 0.199316 0.482559 0.388614 0.0229243
3 0.232003 0.39415 0.47133 0.784728 0.022638
9 0.592067 0.637002 0.160777 0.181716 0.0226258
6 0.972303 0.942149 0.0569051 0.119999 0.0225191
9 0.558835 0.55784 0.465359 0.618578 0.0224097
1 0.572351 0.618795 0.605013 0.722265 0.0223382
1 0.0282236 0.525275 0.0589468 0.739863 0.0221995
1 0.241445 0.647624 0.482539 0.611982 0.0221355
10 0.849168 0.808177 0.27996 0.383723 0.0221256
1 0.283485 0.805408 0.554528 0.393917 0.0219703
10 0.613122 0.509115 0.135073 0.387182 0.0217106
3 0.256956 0.182311 0.485302 0.360143 0.0215874
10 0.761721 0.066433 0.0834521 0.138088 0.0215467
1 0.225747 0.444748 0.112233 0.203027 0.0215253
1 0.0164175 0.738364 0.0331195 0.269658 0.0211881
11 0.449113 0.97027 0.85118 0.0587806 0.0211575
1 0.139591 0.823549 0.133826 0.0465868 0.0211355
10 0.57895 0.609449 0.0654723 0.138613 0.0208967
1 0.654346 0.576167 0.623439 0.638724 0.020694
9 0.446106 0.410542 0.0817432 0.21542 0.0206935
9 0.539227 0.561385 0.482106 0.557926 0.0206896
1 0.638764 0.483735 0.632229 0.944999 0.0205731
1 0.440382 0.49455 0.88493 0.958131 0.0205722
1 0.517901 0.58978 0.593973 0.506878 0.0205249
10 0.531979 0.387452 0.0596884 0.15165 0.0203883
9 0.53241 0.390569 0.0796727 0.159605 0.0202701
7 0.892578 0.894889 0.0553892 0.15469 0.0198988
9 0.497627 0.658805 0.213989 0.202319 0.0195133
9 0.523464 0.277574 0.0364352 0.0544619 0.0193057
3 0.247759 0.27258 0.486246 0.532411 0.0192817
1 0.528857 0.672265 0.519506 0.320486 0.0192446
3 0.261156 0.36102 0.513185 0.716635 0.0191844
10 0.53759 0.531724 0.0594779 0.189182 0.0190025
9 0.44177 0.390388 0.0700216 0.171714 0.0189405
10 0.559668 0.642754 0.114504 0.169096 0.0188892
9 0.658666 0.462407 0.160084 0.338333 0.0187356
10 0.476615 0.203984 0.0400333 0.258048 0.01818
10 0.825431 0.5082 0.35308 0.972454 0.0180615
1 0.627033 0.498298 0.55861 0.814087 0.0179816
1 0.699438 0.514373 0.133846 0.151112 0.0179358
2 0.517439 0.698415 0.0677172 0.102766 0.0178922
10 0.544479 0.341173 0.0346457 0.0607574 0.0177903
5 0.495971 0.705402 0.0952559 0.109604 0.0177668
3 0.405626 0.200687 0.176206 0.310643 0.0177503
1 0.583433 0.57449 0.479247 0.605973 0.0177335
1 0.377344 0.682291 0.0879285 0.252404 0.0174737
1 0.16934 0.821217 0.0831995 0.0476097 0.0172308
10 0.277905 0.639362 0.0273333 0.0687889 0.0171398
11 0.221927 0.761068 0.102201 0.0838896 0.0171012
4 0.0876435 0.0107284 0.168173 0.0223809 0.0170968
9 0.447828 0.384351 0.0565948 0.135091 0.0170407
9 0.555277 0.696272 0.422974 0.266461 0.0169317
1 0.467137 0.730632 0.90542 0.470708 0.0168988
5 0.480559 0.711574 0.101487 0.100837 0.016757
1 0.105766 0.824225 0.213424 0.0540464 0.0163704
10 0.831034 0.0540532 0.225102 0.108496 0.0163415
9 0.488975 0.736315 0.286416 0.167764 0.0163252
10 0.529767 0.634464 0.16268 0.177777 0.016286
3 0.221562 0.4994 0.446595 0.976952 0.0162621
9 0.515133 0.356253 0.170166 0.24427 0.0161998
9 0.439258 0.368456 0.0478146 0.119113 0.0160951
9 0.566691 0.371873 0.100319 0.128385 0.0160951
2 0.481193 0.807046 0.0685863 0.0366298 0.0160149
2 0.0385042 0.00933056 0.0749671 0.0198529 0.0159673
5 0.484803 0.707066 0.120214 0.106656 0.015967
1 0.14129 0.493165 0.279568 0.933027 0.0154828
1 0.299587 0.487797 0.601452 0.936341 0.0154316
10 0.512074 0.657908 0.115895 0.155848 0.0152507
9 0.505343 0.671697 0.100167 0.170946 0.0152074
3 0.333221 0.188435 0.320755 0.337306 0.0152019
10 0.654923 0.51568 0.0650379 0.125146 0.0151666
10 0.539929 0.356283 0.039162 0.0985475 0.0149954
9 0.683757 0.761666 0.652505 0.457213 0.0146388
9 0.422362 0.402566 0.0629163 0.157012 0.0144713
10 0.985741 0.967411 0.0302353 0.0675629 0.0142003
10 0.523787 0.633514 0.117554 0.19184 0.0140799
10 0.637625 0.455893 0.112831 0.260781 0.0139774
9 0.586894 0.387988 0.140958 0.159686 0.013941
1 0.151292 0.520785 0.294639 0.939547 0.0138058
10 0.61109 0.617303 0.123497 0.159221 0.0128627
10 0.430891 0.371014 0.0455521 0.112204 0.0127819
10 0.534153 0.510962 0.0531235 0.163095 0.0126352
1 0.359022 0.651738 0.0965574 0.211784 0.0119524
9 0.467776 0.695836 0.169541 0.154183 0.0113624
10 0.368808 0.143774 0.120521 0.188775 0.0112222
10 0.433387 0.387452 0.034055 0.0689731 0.0108686
2 0.0259449 0.282537 0.0481883 0.179025 0.0108164
3 0.424552 0.0802764 0.823287 0.16265 0.0104791
6 0.372688 0.758639 0.127582 0.128376 0.010449
11 0.728228 0.434541 0.0682744 0.119752 0.0101355
1 0.362817 0.766631 0.134864 0.393463 0.00974116
6 0.0478001 0.973838 0.101086 0.0560148 0.00941227
11 0.263401 0.738168 0.200268 0.179258 0.00934272
6 0.41787 0.714762 0.189894 0.134715 0.0089198
6 0.0639505 0.987791 0.130637 0.0277294 0.00798995
