3 0.129779 0.4921 0.26009 0.368955 0.855061
4 0.325737 0.426368 0.186221 0.231983 0.233334
4 0.509974 0.366269 0.196554 0.147242 0.228865
4 0.488621 0.367551 0.178338 0.15402 0.205459
4 0.809613 0.450737 0.0781208 0.0976416 0.191502
4 0.445161 0.381115 0.197728 0.193195 0.168436
4 0.343904 0.416503 0.152935 0.209689 0.163882
4 0.488691 0.362009 0.160089 0.136075 0.119795
1 0.930677 0.755463 0.139561 0.489993 0.116731
1 0.930685 0.725804 0.138693 0.550443 0.113197
4 0.414923 0.40666 0.383492 0.252333 0.113123
4 0.498118 0.362462 0.125056 0.122612 0.110707
4 0.336617 0.410786 0.149578 0.218542 0.110102
1 0.807657 0.794944 0.393718 0.415654 0.109711
4 0.494437 0.381485 0.30505 0.211003 0.107223
1 0.823238 0.754738 0.355312 0.497406 0.106979
1 0.822698 0.797152 0.35914 0.413177 0.106473
10 0.969798 0.811262 0.0619005 0.3729 0.102397
4 0.792624 0.435898 0.0904222 0.132213 0.100483
4 0.42674 0.391544 0.209476 0.209485 0.0992192
1 0.929756 0.809863 0.141581 0.382106 0.0973274
1 0.872241 0.735015 0.25985 0.536205 0.0917263
4 0.451978 0.396308 0.316064 0.219264 0.0912031
1 0.809587 0.86222 0.386298 0.279044 0.0908426
10 0.976317 0.779514 0.048345 0.437156 0.0906775
1 0.80646 0.919825 0.390242 0.161597 0.0888335
4 0.806763 0.447553 0.0543201 0.0906166 0.0879623
1 0.973008 0.744939 0.0554645 0.511286 0.0877707
4 0.538331 0.358036 0.223265 0.15538 0.0876742
4 0.59848 0.350136 0.110127 0.149514 0.0876601
4 0.601563 0.348817 0.119462 0.149723 0.0870232
4 0.596656 0.357091 0.114444 0.145871 0.0860547
1 0.955467 0.702027 0.0893517 0.597435 0.0859854
4 0.404353 0.420017 0.391587 0.293721 0.0855772
10 0.983918 0.827629 0.0331181 0.338652 0.0819843
1 0.919131 0.651683 0.161305 0.694165 0.0807919
4 0.2795 0.416672 0.250628 0.257184 0.080483
4 0.275581 0.431385 0.149947 0.221945 0.0796276
1 0.75084 0.792171 0.50639 0.419653 0.079016
1 0.814658 0.71191 0.378196 0.584977 0.0784718
1 0.951778 0.653135 0.0982647 0.696852 0.07757
3 0.207184 0.351454 0.414519 0.697665 0.0774059
1 0.765982 0.928207 0.46825 0.145395 0.0757749
4 0.587697 0.353273 0.152647 0.151271 0.0753623
1 0.772565 0.74111 0.462933 0.521509 0.0746271
10 0.981871 0.832959 0.0378326 0.329153 0.0744952
1 0.927324 0.85114 0.146557 0.297431 0.0731948
1 0.811798 0.952493 0.377452 0.0958162 0.0731703
1 0.828371 0.925774 0.345195 0.149501 0.0724282
4 0.814081 0.413598 0.130949 0.195222 0.0718929
1 0.956007 0.629459 0.0897522 0.744776 0.0712828
1 0.854408 0.869888 0.297966 0.262891 0.0703005
10 0.971136 0.853377 0.0599553 0.293083 0.0702157
1 0.807354 0.889401 0.37876 0.226023 0.0686517
10 0.985687 0.830419 0.0291655 0.336855 0.068608
1 0.914998 0.600548 0.168931 0.796538 0.0679156
1 0.96301 0.603078 0.0755768 0.799174 0.0677157
4 0.431335 0.346736 0.162847 0.121357 0.0670977
1 0.693016 0.924115 0.613862 0.152013 0.0617843
1 0.812974 0.649196 0.381891 0.710844 0.0611931
4 0.846704 0.449729 0.070338 0.0945293 0.0608589
1 0.945831 0.510392 0.109398 0.98609 0.0604856
1 0.714336 0.879269 0.570476 0.242656 0.0602799
3 0.221049 0.438459 0.435358 0.471842 0.0598429
10 0.983602 0.788572 0.0334294 0.259322 0.0591314
4 0.304713 0.439377 0.231159 0.247544 0.0590513
10 0.980899 0.831987 0.0407034 0.337052 0.0586359
1 0.982009 0.618548 0.0371027 0.693395 0.0571268
10 0.973461 0.901535 0.0547977 0.196865 0.0571014
10 0.986724 0.821419 0.0268213 0.332257 0.0559294
10 0.984658 0.796665 0.0309259 0.286373 0.0546795
1 0.813328 0.606035 0.381917 0.799535 0.0540204
1 0.501428 0.78634 0.993721 0.431451 0.0534951
4 0.437867 0.382672 0.108304 0.182968 0.0533279
10 0.982898 0.837219 0.0360327 0.324375 0.0531787
1 0.925517 0.507705 0.150138 0.983447 0.0527615
4 0.222088 0.270272 0.119303 0.158656 0.052656
5 0.860877 0.0328141 0.28531 0.0655946 0.05229
4 0.41717 0.391023 0.136378 0.203057 0.0521062
6 0.92992 0.920773 0.140284 0.160429 0.0512334
10 0.91938 0.455979 0.0444946 0.0913718 0.0504771
1 0.844041 0.95716 0.312393 0.0861404 0.0500883
3 0.203927 0.350894 0.409066 0.692948 0.0500611
1 0.778371 0.965784 0.414674 0.0698859 0.0496243
6 0.914853 0.956654 0.169212 0.0883755 0.0495537
5 0.798319 0.0326875 0.401157 0.0646631 0.0483587
4 0.49851 0.371927 0.351098 0.215572 0.0482001
3 0.124271 0.343222 0.254015 0.668235 0.0480532
4 0.815186 0.446396 0.074495 0.100774 0.047577
4 0.264167 0.436274 0.107387 0.204785 0.0473652
1 0.897149 0.543033 0.204554 0.924088 0.0471053
6 0.949364 0.951973 0.101279 0.098184 0.0464636
4 0.764998 0.432336 0.0538632 0.0928567 0.0463783
4 0.447484 0.375889 0.134323 0.172574 0.0462082
4 0.447836 0.373252 0.138711 0.139376 0.0459166
4 0.407016 0.389174 0.101072 0.193395 0.0457794
3 0.236119 0.400524 0.467351 0.551921 0.0452862
10 0.983858 0.910364 0.0330066 0.180556 0.0439308
3 0.134096 0.620544 0.269231 0.747952 0.0438236
4 0.427856 0.338296 0.0963216 0.092932 0.0435766
5 0.756216 0.0343713 0.487384 0.0682874 0.0432917
3 0.216648 0.289557 0.424941 0.565678 0.0432023
1 0.501479 0.755357 0.987532 0.49542 0.0427683
3 0.217921 0.339397 0.433662 0.670621 0.0416795
1 0.619708 0.775692 0.777628 0.452713 0.0415313
3 0.211384 0.39969 0.423032 0.710269 0.0414487
4 0.409211 0.339353 0.15351 0.100783 0.0412329
1 0.954213 0.520202 0.0893405 0.966549 0.040914
4 0.855457 0.440558 0.150677 0.120693 0.0408023
3 0.215857 0.361621 0.419423 0.430196 0.0407856
1 0.50379 0.89593 0.985097 0.209506 0.040783
4 0.21008 0.27435 0.132799 0.156105 0.040393
1 0.502722 0.897718 0.979532 0.2051 0.039953
10 0.981312 0.913344 0.0396523 0.175646 0.039161
5 0.762039 0.0584501 0.472614 0.115634 0.0390296
3 0.225077 0.458394 0.435213 0.340941 0.0390122
1 0.700371 0.974167 0.227951 0.0527294 0.0389225
1 0.509644 0.936357 0.969085 0.127862 0.038898
4 0.421377 0.38648 0.0955748 0.18653 0.0388811
1 0.668724 0.978049 0.263681 0.0451671 0.0388379
4 0.336173 0.412883 0.134807 0.206379 0.0385506
4 0.436539 0.366332 0.110025 0.153923 0.0384034
10 0.988108 0.910674 0.023865 0.183001 0.0378831
4 0.84783 0.451045 0.0681739 0.091909 0.0378665
5 0.739889 0.0617436 0.51366 0.121934 0.0377898
4 0.410733 0.418139 0.0843762 0.140623 0.0375883
4 0.303055 0.353271 0.279576 0.418286 0.0374629
4 0.661204 0.321416 0.107089 0.16364 0.0371458
4 0.367882 0.343361 0.0877969 0.0926227 0.0367521
4 0.253407 0.435851 0.101824 0.212515 0.0367457
1 0.501603 0.886516 0.981263 0.227377 0.0354276
4 0.442988 0.33773 0.111353 0.0943152 0.0352006
1 0.738862 0.621809 0.525248 0.759519 0.0350157
4 0.476045 0.376921 0.123315 0.134551 0.0349088
4 0.573615 0.372556 0.1141 0.111361 0.034882
1 0.439354 0.928435 0.658901 0.145033 0.0348548
4 0.43634 0.333227 0.105927 0.0861345 0.034846
10 0.9893 0.900537 0.0212398 0.204606 0.0348201
4 0.365958 0.346038 0.0918242 0.0944354 0.0346659
4 0.41467 0.382025 0.0990016 0.177746 0.0344824
1 0.98653 0.534306 0.0266773 0.503189 0.0337879
1 0.579223 0.979996 0.43598 0.0421368 0.0333962
10 0.981251 0.922043 0.0392919 0.172697 0.0331991
10 0.987966 0.722648 0.024409 0.351171 0.0328553
4 0.787291 0.450942 0.0580056 0.093909 0.0326401
4 0.468879 0.361435 0.127482 0.131752 0.0325764
4 0.344484 0.416578 0.12295 0.192394 0.0324748
4 0.64779 0.34035 0.102359 0.122814 0.0320632
10 0.457249 0.990462 0.0598916 0.0194639 0.0318417
4 0.393531 0.413438 0.108407 0.161314 0.0317283
4 0.563089 0.382095 0.121654 0.102835 0.0305688
5 0.734549 0.0280885 0.429269 0.0565017 0.0304017
10 0.688872 0.982425 0.0722991 0.0358658 0.0303167
10 0.984205 0.9845 0.0326743 0.0319091 0.0301617
1 0.50477 0.920121 0.989009 0.16064 0.0301336
10 0.945342 0.989139 0.105497 0.0223777 0.0295637
5 0.92179 0.029083 0.162744 0.0588714 0.0293962
10 0.960295 0.98951 0.0776107 0.0213304 0.0293855
4 0.221434 0.276645 0.128669 0.157758 0.0293714
1 0.50673 0.684318 0.944575 0.63028 0.0292811
11 0.825971 0.0583898 0.358633 0.116464 0.0292368
3 0.144501 0.64754 0.284151 0.698928 0.0291707
1 0.985216 0.634207 0.0288046 0.311919 0.0289899
1 0.303566 0.826539 0.600132 0.348614 0.0288106
1 0.500448 0.978425 0.642444 0.0444119 0.0287498
4 0.368862 0.328688 0.0833647 0.10479 0.0286271
1 0.464431 0.985207 0.315411 0.0310989 0.0285716
4 0.610585 0.38554 0.0881581 0.100723 0.0282885
4 0.424034 0.428729 0.44172 0.316673 0.0281251
4 0.372094 0.347152 0.0840995 0.0986502 0.028071
10 0.159847 0.287943 0.073796 0.1493 0.0279734
10 0.0363914 0.287081 0.0748783 0.169453 0.0276773
4 0.403962 0.330397 0.109309 0.0771256 0.0276687
4 0.412598 0.331723 0.140605 0.0953764 0.0275637
10 0.0969903 0.193287 0.19033 0.375723 0.0274781
1 0.297435 0.879057 0.58221 0.241625 0.0274666
10 0.988314 0.702775 0.0230376 0.355318 0.0274322
10 0.906636 0.456347 0.0461322 0.0858299 0.0274317
4 0.381558 0.341751 0.0832958 0.0945575 0.0273699
4 0.256535 0.418259 0.0893467 0.174241 0.0271447
4 0.764698 0.436896 0.103979 0.117177 0.0269205
4 0.865434 0.448716 0.0613931 0.0912522 0.0268799
1 0.530648 0.884107 0.94781 0.22979 0.0268099
10 0.104642 0.298486 0.182009 0.180422 0.0267787
10 0.0110197 0.335068 0.0223854 0.164803 0.0267183
4 0.397404 0.389038 0.540891 0.269593 0.0267074
10 0.0174476 0.358274 0.0356084 0.340898 0.0266723
1 0.779163 0.51265 0.452332 0.970595 0.0266609
10 0.151466 0.292109 0.0926633 0.149382 0.0266501
10 0.1664 0.290642 0.0663786 0.137556 0.0264142
10 0.0223902 0.306747 0.0469311 0.199538 0.026295
4 0.187006 0.0858686 0.363958 0.171543 0.0262769
10 0.0205293 0.330304 0.042029 0.421345 0.0261598
4 0.845119 0.431891 0.188598 0.255698 0.0261423
1 0.504553 0.84401 0.983183 0.308587 0.0260436
4 0.569175 0.352093 0.0709121 0.146453 0.025934
4 0.331041 0.283024 0.155919 0.159192 0.025925
1 0.429248 0.984764 0.377623 0.0317074 0.0257881
1 0.663882 0.981514 0.103409 0.038306 0.0256594
10 0.0374997 0.359739 0.0766474 0.566097 0.0256374
10 0.0220296 0.307361 0.0462058 0.195157 0.0256347
3 0.441019 0.354723 0.897927 0.704162 0.0256129
4 0.437988 0.419848 0.0954009 0.125136 0.025431
4 0.609122 0.397693 0.0601118 0.067616 0.0252386
10 0.967649 0.987026 0.069268 0.0274882 0.0249234
10 0.0110183 0.32401 0.0223484 0.175343 0.0246297
3 0.0386536 0.332598 0.0785834 0.649104 0.0245471
4 0.468659 0.340262 0.0825407 0.0912607 0.0245227
10 0.988178 0.692777 0.0230878 0.327395 0.0244448
4 0.863512 0.450965 0.0653258 0.0893491 0.0239357
4 0.371223 0.30166 0.0834544 0.129055 0.0235317
4 0.175831 0.130914 0.348355 0.26011 0.023523
10 0.0105501 0.40606 0.0222488 0.290244 0.0234806
4 0.312077 0.292384 0.18165 0.151209 0.0231462
1 0.798706 0.50651 0.408962 0.982633 0.0230606
10 0.56901 0.32898 0.0566471 0.106252 0.0229913
4 0.985509 0.467228 0.0300928 0.210285 0.0229617
4 0.385981 0.423791 0.126294 0.156083 0.0229205
10 0.988254 0.67579 0.0227806 0.31309 0.0227824
4 0.308868 0.298039 0.174904 0.14524 0.0227277
10 0.0111974 0.353607 0.0223619 0.158015 0.0225682
4 0.372467 0.318747 0.112529 0.131752 0.0225576
4 0.346518 0.313442 0.112091 0.112461 0.022367
1 0.397202 0.975271 0.736996 0.0504282 0.022319
3 0.172818 0.59972 0.347149 0.793509 0.0223028
1 0.510527 0.98176 0.801651 0.036829 0.02218
1 0.506546 0.677971 0.992688 0.645527 0.0220207
4 0.297673 0.415827 0.0847589 0.181212 0.021781
3 0.34318 0.359331 0.679185 0.697467 0.0217218
10 0.0132488 0.458003 0.0278756 0.433428 0.0216125
10 0.911807 0.987894 0.176599 0.0255987 0.0214681
3 0.125244 0.430447 0.254714 0.482611 0.0214267
4 0.333341 0.252312 0.158958 0.208249 0.0213402
10 0.30929 0.403433 0.0734903 0.164784 0.0213025
4 0.328194 0.456751 0.647288 0.374298 0.0212977
10 0.0323 0.488411 0.0658545 0.656102 0.0211528
4 0.198218 0.0681155 0.376805 0.135781 0.0210004
10 0.0150216 0.464449 0.0316746 0.438547 0.0209547
4 0.290959 0.244288 0.247373 0.198752 0.0208705
4 0.985818 0.492638 0.0293679 0.170736 0.0208592
11 0.872814 0.0612371 0.261216 0.122492 0.0207946
4 0.186488 0.196964 0.373103 0.387828 0.0207545
4 0.205089 0.161079 0.40209 0.318126 0.0205827
3 0.132764 0.623023 0.264772 0.626203 0.0204833
10 0.916195 0.990023 0.165432 0.0213026 0.0204552
4 0.339719 0.351948 0.109527 0.0901619 0.020244
1 0.211989 0.84251 0.418364 0.317484 0.0201295
3 0.122432 0.595059 0.252399 0.550053 0.0199462
4 0.0172824 0.520874 0.035392 0.300249 0.0198394
1 0.723618 0.981513 0.12651 0.0372672 0.0197875
3 0.0140915 0.494425 0.0287875 0.32168 0.019776
10 0.0585587 0.290473 0.097334 0.172694 0.0197522
1 0.732244 0.982664 0.159831 0.0354992 0.0196789
4 0.2048 0.446119 0.229198 0.231484 0.0194478
4 0.640556 0.366112 0.0951222 0.116309 0.0192097
3 0.142325 0.496531 0.245878 0.35212 0.0188882
4 0.887539 0.453066 0.080826 0.0879077 0.018806
3 0.203601 0.432968 0.370392 0.33193 0.0188034
10 0.0502682 0.420923 0.102388 0.711659 0.0187379
4 0.0976394 0.133845 0.195474 0.26261 0.0187249
1 0.502007 0.721301 0.975517 0.55366 0.018658
10 0.173565 0.28203 0.0663191 0.149899 0.0186437
10 0.306366 0.38809 0.061072 0.140293 0.0186105
4 0.382575 0.289063 0.0654473 0.103025 0.0184835
4 0.735097 0.345288 0.120405 0.119139 0.0180968
4 0.0973958 0.03091 0.163411 0.0630238 0.0176112
1 0.483553 0.719969 0.958854 0.55788 0.0175994
3 0.161602 0.425194 0.316298 0.535751 0.0174158
3 0.0371567 0.494224 0.0758378 0.305323 0.0173757
1 0.487885 0.992228 0.0943109 0.0165379 0.0173257
10 0.897404 0.991171 0.131278 0.0185199 0.017299
1 0.244703 0.745943 0.485245 0.511452 0.0170803
3 0.117554 0.52503 0.241337 0.328983 0.0170554
4 0.387023 0.286157 0.0676749 0.101769 0.0165927
10 0.59994 0.0362986 0.112163 0.0747905 0.0165071
4 0.0893086 0.341338 0.180488 0.296818 0.0161757
4 0.293352 0.219205 0.09066 0.0870981 0.0160659
3 0.202307 0.640792 0.401572 0.656919 0.0159478
10 0.208189 0.444216 0.0929897 0.255541 0.0158811
3 0.137315 0.5126 0.262482 0.358911 0.0156426
4 0.539981 0.342195 0.0681108 0.142216 0.0155514
5 0.576463 0.0368967 0.152088 0.0764452 0.0154991
10 0.206845 0.442495 0.0850021 0.254655 0.0151342
4 0.299626 0.207802 0.137419 0.15365 0.0150383
10 0.181634 0.4815 0.183398 0.33327 0.0149543
4 0.376077 0.192858 0.121203 0.170175 0.014943
10 0.200879 0.43586 0.140832 0.263284 0.0147067
3 0.413311 0.461239 0.835247 0.893456 0.0146189
4 0.272868 0.229202 0.0875887 0.0925456 0.0142335
4 0.468356 0.356187 0.474343 0.542942 0.0139962
10 0.0629506 0.501874 0.129062 0.319243 0.0137838
5 0.937298 0.00962614 0.131551 0.0193071 0.0136874
4 0.412933 0.287496 0.093965 0.114127 0.0123542
3 0.192273 0.478115 0.308962 0.354018 0.0122075
4 0.690654 0.361053 0.113259 0.116031 0.0120227
4 0.577452 0.440217 0.798142 0.866917 0.0115385
5 0.96182 0.0512212 0.0776649 0.103015 0.0110204
1 0.749543 0.506298 0.320384 0.955224 0.0105193
10 0.983149 0.0147593 0.299552 0.275024 0.00880927
10 0.243425 0.508428 0.100647 0.268036 0.0073446
