4 0.376052 0.268189 0.0893929 0.0993208 0.774909
4 0.457654 0.237045 0.0568494 0.052639 0.690967
4 0.521224 0.226839 0.0559417 0.0530389 0.236664
4 0.330867 0.20752 0.0498236 0.0593026 0.156117
4 0.412244 0.240883 0.0457074 0.0536974 0.101294
4 0.292182 0.281642 0.0426884 0.0965666 0.0903136
4 0.317403 0.208681 0.0655295 0.0651781 0.0851976
4 0.414854 0.241332 0.0479654 0.0546351 0.085114
4 0.315497 0.209768 0.0770814 0.0638655 0.0849823
4 0.508858 0.22542 0.0465718 0.0513293 0.0848755
4 0.427398 0.237969 0.0523392 0.0535136 0.0794712
4 0.420945 0.237887 0.0450337 0.056091 0.0641457
4 0.283491 0.282218 0.040884 0.086356 0.0639874
4 0.544481 0.226111 0.0514097 0.0520977 0.058172
4 0.435718 0.232424 0.0792073 0.0595813 0.0581057
6 0.0463585 0.89322 0.0943834 0.2046 0.0571997
4 0.500764 0.222802 0.0462047 0.0534836 0.05539
4 0.422668 0.236557 0.054585 0.0594787 0.0552766
4 0.316489 0.354527 0.102832 0.168874 0.0540248
4 0.314148 0.206828 0.0720531 0.0683727 0.0539651
7 0.914716 0.62875 0.101619 0.285492 0.053277
11 0.0433767 0.941279 0.0888079 0.112129 0.0528711
4 0.508969 0.22198 0.0490249 0.0520039 0.05144
10 0.159221 0.502712 0.313315 0.967806 0.0506907
4 0.308989 0.281782 0.0719902 0.110407 0.0500054
6 0.0414827 0.855002 0.0840701 0.276738 0.0477269
4 0.563309 0.233485 0.0572791 0.0509571 0.0463682
4 0.573045 0.23925 0.0330517 0.040224 0.0461064
10 0.279385 0.218872 0.0285667 0.0493122 0.0460108
7 0.871047 0.627788 0.188555 0.302058 0.0445157
4 0.371945 0.205222 0.0629527 0.0557364 0.0444502
10 0.151515 0.500201 0.299807 0.976269 0.0439354
4 0.56328 0.230101 0.0512129 0.0511032 0.0439209
4 0.417577 0.231325 0.0457556 0.0531993 0.0430275
4 0.31047 0.333133 0.0856885 0.21459 0.0418135
4 0.485008 0.232638 0.0500281 0.0517097 0.0413563
4 0.368172 0.20472 0.0943152 0.0568432 0.0383202
4 0.424814 0.230458 0.0620908 0.0550631 0.0377844
10 0.0943498 0.792868 0.0670409 0.208712 0.0374928
4 0.495681 0.23002 0.0500667 0.0532663 0.0370037
4 0.294565 0.322063 0.0450211 0.0736303 0.0363881
4 0.560696 0.243073 0.0705395 0.0482395 0.0360869
4 0.359578 0.206623 0.1328 0.0617391 0.0358595
6 0.961566 0.291833 0.0786613 0.215633 0.035767
6 0.0392225 0.769205 0.0794224 0.441451 0.0354579
6 0.0626149 0.914583 0.127612 0.165204 0.0353266
4 0.302267 0.219719 0.0463303 0.0517761 0.0349066
0 0.073649 0.592865 0.147396 0.758909 0.0345957
10 0.0961738 0.788846 0.0700916 0.208413 0.0345261
10 0.0962347 0.787929 0.0672415 0.191649 0.03422
4 0.386839 0.210018 0.0354757 0.0391764 0.0340533
4 0.305329 0.279817 0.0770837 0.0957022 0.0340474
4 0.385586 0.204078 0.0619321 0.0531674 0.0340414
4 0.414884 0.209655 0.0673369 0.0606243 0.0330899
4 0.41498 0.246124 0.0349624 0.0535279 0.0325709
11 0.759265 0.419414 0.0726046 0.0554059 0.0325441
0 0.0713066 0.623981 0.143105 0.666114 0.0323891
1 0.448907 0.554114 0.0751175 0.0642557 0.0321116
4 0.298484 0.281173 0.0717928 0.0954915 0.0318283
10 0.426843 0.23947 0.0278198 0.0541072 0.0314132
4 0.29095 0.221391 0.0592038 0.0487 0.030528
4 0.356692 0.204657 0.0491547 0.0615618 0.030454
0 0.0695093 0.594147 0.138417 0.771414 0.0304015
6 0.0701141 0.735498 0.140872 0.485114 0.0303208
4 0.261758 0.217886 0.0784536 0.0583885 0.0302934
1 0.142387 0.515595 0.281875 0.933476 0.0302002
1 0.380179 0.504797 0.756673 0.981554 0.0301573
4 0.291379 0.298711 0.0781294 0.12646 0.0296209
4 0.404245 0.2355 0.0712887 0.0518337 0.0295762
4 0.423042 0.209944 0.0744686 0.0580269 0.0293384
4 0.43515 0.213468 0.0493639 0.0318271 0.0290386
10 0.138804 0.743734 0.272929 0.494599 0.0290364
10 0.169232 0.797203 0.211666 0.389341 0.0289919
4 0.411685 0.211467 0.0511049 0.0447544 0.0289287
4 0.281819 0.215941 0.0817684 0.058448 0.0287071
4 0.580269 0.237289 0.0287643 0.040289 0.0286877
4 0.414183 0.200557 0.0764143 0.0430834 0.0284199
4 0.287467 0.326797 0.0429617 0.0718472 0.0279255
4 0.530387 0.206041 0.0734701 0.0834614 0.0276398
10 0.0837845 0.788657 0.0587541 0.203124 0.0276208
0 0.0683492 0.710629 0.135989 0.476972 0.0274817
6 0.0596901 0.8788 0.121125 0.233145 0.0272564
4 0.582847 0.240058 0.0407864 0.0439265 0.0270914
4 0.504824 0.22673 0.0768636 0.0536812 0.0269724
4 0.404328 0.225837 0.0565632 0.0525606 0.0269696
4 0.473908 0.216482 0.0285129 0.0275448 0.0269444
11 0.795429 0.431397 0.135286 0.0918213 0.0268887
4 0.272095 0.220132 0.0439247 0.0461628 0.0267457
10 0.791739 0.36665 0.0398783 0.081122 0.0267326
4 0.399473 0.217239 0.0609012 0.0544189 0.0266576
4 0.551428 0.220266 0.0484488 0.0469514 0.0265869
10 0.268426 0.346877 0.0449299 0.195995 0.0265375
4 0.390133 0.239722 0.0944444 0.0467142 0.0265027
4 0.293676 0.218851 0.023831 0.0462847 0.0256661
1 0.49735 0.608628 0.984492 0.764977 0.0255725
11 0.985593 0.34902 0.0309428 0.132278 0.0254942
6 0.987443 0.323434 0.0253218 0.238677 0.0251378
11 0.762364 0.426509 0.0801401 0.068982 0.0249809
4 0.429039 0.200547 0.0702987 0.0567483 0.0247939
6 0.0759023 0.749624 0.152054 0.474543 0.0247929
4 0.532878 0.207588 0.0772961 0.0866418 0.0247288
4 0.387744 0.205386 0.132524 0.0626573 0.0245708
6 0.564329 0.646949 0.114376 0.210235 0.0242934
4 0.503695 0.237911 0.0467913 0.0388758 0.0241352
11 0.805956 0.362456 0.0452112 0.0727746 0.0240049
4 0.484234 0.214846 0.141668 0.0841079 0.0239776
10 0.0262153 0.505906 0.0534612 0.95007 0.0237479
4 0.486136 0.228692 0.0451064 0.0512315 0.0236734
1 0.496175 0.592123 0.9792 0.796061 0.0236477
10 0.128073 0.598649 0.261243 0.771004 0.0236271
0 0.0174678 0.677571 0.0350344 0.537102 0.0236068
11 0.8124 0.367962 0.034938 0.0825299 0.023594
11 0.762208 0.41793 0.0745739 0.0531332 0.0235503
10 0.153294 0.616832 0.305762 0.742919 0.023548
10 0.235063 0.221484 0.0292289 0.0573176 0.02347
10 0.113486 0.655873 0.231177 0.658709 0.0234678
1 0.249619 0.501754 0.499225 0.987548 0.0233992
0 0.0914958 0.563987 0.182247 0.810677 0.02334
10 0.0186604 0.518798 0.0373163 0.900147 0.0232563
10 0.0928791 0.796629 0.0653421 0.202829 0.02321
10 0.764916 0.773828 0.0426978 0.0986536 0.0231931
10 0.0355687 0.504155 0.072203 0.882502 0.0230611
11 0.839198 0.569928 0.267966 0.418881 0.0229735
11 0.868218 0.45311 0.261402 0.29012 0.0228889
7 0.920956 0.611847 0.0817955 0.238665 0.022869
6 0.0171112 0.760781 0.0355664 0.440369 0.0228575
11 0.921225 0.405752 0.155324 0.237104 0.0227471
6 0.0382789 0.882253 0.0783734 0.227898 0.0227462
0 0.0132324 0.632373 0.0258599 0.621831 0.0225915
6 0.0705128 0.827754 0.140168 0.328598 0.0223868
6 0.985975 0.393613 0.0276223 0.399941 0.022322
4 0.960634 0.491194 0.0812883 0.275191 0.0222057
10 0.794276 0.362849 0.0321844 0.0600127 0.0220736
6 0.98701 0.335846 0.0265862 0.257556 0.0220018
4 0.456187 0.210297 0.0291055 0.0242706 0.0218213
4 0.575594 0.238532 0.0615649 0.0558626 0.0218058
10 0.0149549 0.524933 0.0300549 0.876545 0.0217801
10 0.0127875 0.615592 0.0255367 0.703984 0.0216897
4 0.495696 0.23861 0.033821 0.0317218 0.0215836
11 0.775192 0.424261 0.103156 0.081236 0.0214624
10 0.0778704 0.79384 0.0562121 0.194643 0.0212779
0 0.106978 0.779984 0.100547 0.247198 0.0212765
4 0.296132 0.330496 0.0604042 0.218187 0.021061
6 0.987958 0.289895 0.0248964 0.190627 0.02084
10 0.0324035 0.518281 0.0660834 0.729123 0.0207363
4 0.306796 0.324287 0.0626725 0.0784805 0.0203838
10 0.133715 0.813901 0.261409 0.355671 0.0202874
4 0.277692 0.335936 0.049498 0.214682 0.0202215
11 0.777064 0.42104 0.0708857 0.0553044 0.0201856
10 0.990699 0.453686 0.0191008 0.434991 0.0201683
4 0.25463 0.214711 0.0600726 0.0541636 0.0201097
6 0.014487 0.721125 0.0292205 0.435852 0.020027
11 0.0141909 0.94631 0.0292312 0.0991167 0.0199926
10 0.991404 0.467434 0.0181591 0.390465 0.0199016
10 0.222175 0.602919 0.446547 0.77287 0.0198601
10 0.802351 0.370428 0.0451721 0.0861426 0.019824
4 0.316188 0.320308 0.0668163 0.0778849 0.0196968
0 0.112601 0.768518 0.112207 0.266545 0.0196284
1 0.497511 0.654413 0.978433 0.673275 0.0196133
3 0.13792 0.483889 0.278069 0.930764 0.0195147
7 0.92494 0.66013 0.114077 0.326433 0.0195032
6 0.988952 0.349876 0.0218185 0.305775 0.0194034
4 0.345647 0.219 0.0474662 0.0534301 0.0193413
10 0.00883268 0.59046 0.0181339 0.695359 0.0193309
10 0.149247 0.574307 0.300818 0.820467 0.0190945
1 0.49443 0.520668 0.972094 0.922692 0.0190709
10 0.102175 0.499865 0.206792 0.965404 0.0189009
2 0.203102 0.0747416 0.157022 0.0729516 0.0188913
1 0.495187 0.657907 0.972114 0.666082 0.0187406
6 0.684141 0.679937 0.0802219 0.159132 0.0187396
11 0.877639 0.545948 0.23833 0.45791 0.0185034
11 0.986538 0.39551 0.0271671 0.15851 0.0183631
6 0.950359 0.53751 0.102642 0.478528 0.0183077
6 0.987459 0.420566 0.0247776 0.18896 0.01812
6 0.974348 0.568609 0.0525642 0.76073 0.0181152
10 0.495408 0.223433 0.048947 0.0611322 0.0180542
11 0.769642 0.430524 0.0974785 0.0720593 0.0178918
10 0.229486 0.22053 0.0371158 0.0624382 0.0178385
10 0.0497661 0.570126 0.102681 0.598496 0.0178247
4 0.578329 0.225171 0.045075 0.0443656 0.0175708
10 0.0434741 0.484167 0.0886766 0.870571 0.0174607
11 0.819435 0.45916 0.214603 0.156317 0.0174037
10 0.174715 0.411402 0.0574979 0.263761 0.0171746
1 0.501315 0.599517 0.982993 0.783766 0.0171621
11 0.989723 0.273261 0.0206398 0.169081 0.0170094
6 0.989165 0.282009 0.0222101 0.182822 0.0168709
10 0.987764 0.620921 0.0243333 0.57891 0.0167896
10 0.174673 0.420469 0.0522693 0.236284 0.0166126
3 0.492383 0.263304 0.96686 0.500446 0.0164735
4 0.311983 0.296092 0.201947 0.336669 0.0162556
6 0.989393 0.282812 0.0216024 0.206202 0.0162148
11 0.792406 0.421576 0.108878 0.0521164 0.0161922
1 0.495766 0.652766 0.969449 0.678822 0.0161311
4 0.139163 0.44416 0.279222 0.82438 0.0161156
1 0.336849 0.517206 0.673829 0.93897 0.0161015
10 0.0954547 0.49258 0.192711 0.94083 0.0160378
10 0.170989 0.501247 0.341394 0.964175 0.0159992
10 0.852316 0.0446098 0.112375 0.0934793 0.0159877
3 0.147332 0.36591 0.291491 0.702899 0.0159818
10 0.166133 0.409543 0.0471731 0.258648 0.015867
4 0.341133 0.316731 0.164579 0.240647 0.0158161
4 0.334784 0.265867 0.056444 0.0877102 0.0158136
10 0.941729 0.423668 0.12024 0.7391 0.0158054
10 0.200361 0.501268 0.408611 0.976379 0.0158037
10 0.10587 0.271839 0.0353358 0.0624298 0.0157162
10 0.221531 0.239086 0.0386017 0.101835 0.0155669
6 0.987652 0.43093 0.0246897 0.204603 0.0155472
1 0.350643 0.587556 0.691559 0.802961 0.0154083
11 0.115699 0.729002 0.110791 0.181186 0.0153844
1 0.548566 0.514033 0.876009 0.940034 0.0152817
1 0.182406 0.477419 0.363931 0.918363 0.0152487
4 0.390415 0.257683 0.225985 0.155306 0.0152066
10 0.24664 0.339776 0.0496235 0.211469 0.015132
10 0.606909 0.22054 0.0399298 0.0959004 0.0150836
11 0.820314 0.621629 0.338112 0.620152 0.0149667
1 0.166653 0.475123 0.329852 0.906624 0.0149489
4 0.396728 0.265045 0.302713 0.202663 0.0146328
10 0.19406 0.410354 0.0577996 0.224873 0.0146295
10 0.0969735 0.439853 0.193184 0.813685 0.0145988
10 0.161509 0.457376 0.048826 0.292065 0.0144624
11 0.754751 0.540651 0.477373 0.471963 0.0144383
10 0.0112258 0.404544 0.0219889 0.181973 0.0144349
10 0.480214 0.225005 0.0480465 0.0655572 0.0143256
3 0.765669 0.208606 0.475317 0.416904 0.0143084
10 0.171834 0.451658 0.0578984 0.27855 0.0142458
10 0.0698039 0.801005 0.0625101 0.195008 0.0142191
10 0.0109984 0.389165 0.0213712 0.179426 0.0142044
0 0.918857 0.850829 0.0506565 0.0805607 0.0141307
1 0.129458 0.511047 0.265025 0.94247 0.0141001
4 0.401527 0.257135 0.0783417 0.103247 0.0140846
7 0.386255 0.0620382 0.0762064 0.0172144 0.0140564
2 0.794634 0.19377 0.0564332 0.197974 0.0140483
10 0.0111317 0.195824 0.0226975 0.162108 0.0139807
10 0.0350511 0.472911 0.0714997 0.412656 0.0138443
10 0.228727 0.219872 0.0576928 0.0555306 0.0138434
11 0.0571193 0.934454 0.118166 0.127653 0.013749
10 0.202607 0.399211 0.0588392 0.213476 0.0136951
10 0.236561 0.225463 0.0591249 0.0764685 0.0136237
10 0.782618 0.0419844 0.20869 0.0854179 0.0134835
1 0.720615 0.652377 0.542288 0.681914 0.0134524
1 0.520077 0.634547 0.951244 0.71109 0.0133779
7 0.876501 0.131748 0.0859179 0.133809 0.013367
4 0.415462 0.264165 0.096165 0.110006 0.0132609
3 0.645585 0.177937 0.718239 0.356843 0.0132552
10 0.205592 0.376399 0.0568508 0.174738 0.0131301
11 0.125982 0.715283 0.100153 0.148205 0.0129767
10 0.245237 0.214881 0.0451842 0.0601742 0.0129626
4 0.358002 0.291526 0.081852 0.065218 0.012908
1 0.510793 0.659343 0.964238 0.660857 0.0128739
4 0.0844567 0.437516 0.16556 0.747545 0.0128387
3 0.633814 0.131049 0.741341 0.26106 0.0127377
10 0.707842 0.0432356 0.349874 0.0866034 0.0127093
10 0.617496 0.0365961 0.556413 0.0768604 0.0126525
1 0.735034 0.65866 0.508247 0.668124 0.0125727
1 0.535126 0.687528 0.886771 0.5915 0.0124321
10 0.492389 0.0397737 0.364753 0.0789413 0.0123387
10 0.898725 0.198281 0.214504 0.392274 0.0122509
1 0.542215 0.606259 0.892707 0.760333 0.0122009
4 0.262455 0.245383 0.358998 0.188156 0.0121521
10 0.363382 0.0345807 0.141357 0.0654869 0.0121197
4 0.120775 0.35426 0.240277 0.675565 0.012044
10 0.127285 0.269464 0.0246096 0.0562982 0.0120312
1 0.523298 0.655865 0.942125 0.650128 0.0120236
1 0.534071 0.633698 0.920998 0.707001 0.0119631
10 0.599568 0.0371729 0.624936 0.0735542 0.0118754
1 0.622838 0.524556 0.73751 0.895489 0.0118669
3 0.519406 0.124884 0.987236 0.247316 0.011804
1 0.604319 0.605312 0.766868 0.727758 0.0117715
1 0.519725 0.72599 0.818495 0.515312 0.0117556
4 0.319614 0.312552 0.0883916 0.0800996 0.0116829
2 0.768225 0.199732 0.136569 0.372085 0.0116221
10 0.10665 0.257275 0.0352496 0.100767 0.0115321
3 0.304994 0.139174 0.61053 0.266014 0.0114492
10 0.152075 0.249287 0.0360136 0.102059 0.0112692
6 0.765426 0.391232 0.0520508 0.128822 0.0112667
1 0.490832 0.665474 0.880438 0.600812 0.0112577
1 0.512932 0.766441 0.950044 0.457335 0.0111329
1 0.512719 0.763921 0.959821 0.461332 0.0109994
1 0.524096 0.651534 0.945353 0.657665 0.0108479
1 0.525356 0.778398 0.882259 0.425459 0.0106951
10 0.151266 0.251442 0.045227 0.103801 0.0105002
1 0.75018 0.805952 0.170124 0.379694 0.0104249
10 0.911759 0.0508949 0.158032 0.108079 0.0102855
11 0.123529 0.749045 0.106277 0.21554 0.0102536
10 0.653256 0.030209 0.576727 0.0743372 0.0102467
2 0.753332 0.235508 0.0541318 0.10463 0.0102431
4 0.591932 0.235397 0.583367 0.170808 0.0101347
11 0.987914 0.193905 0.0251364 0.0899981 0.0101301
1 0.120923 0.756573 0.10749 0.226719 0.0100616
1 0.587731 0.791084 0.774539 0.397631 0.00960912
3 0.0322918 0.118995 0.257454 0.237416 0.00945589
7 0.111661 0.0255025 0.100787 0.0495899 0.00930714
10 0.892781 0.0728557 0.233338 0.152083 0.00899412
10 0.484676 0.230165 0.149242 0.394176 0.00864118
3 0.252074 0.332227 0.496843 0.639129 0.00857578
3 0.429015 0.315442 0.35989 0.473973 0.00852646
10 0.0823071 0.0805477 0.148082 0.157112 0.00817992
2 0.980832 0.137066 0.0432768 0.204563 0.00776728
6 0.982755 0.217807 0.0384052 0.314493 0.0077167
10 0.980171 0.14531 0.043821 0.205889 0.00742026
