6 0.700705 0.36973 0.105773 0.301392 0.791688
10 0.495046 0.0864422 0.0640401 0.175606 0.774369
6 0.356721 0.216204 0.101208 0.209012 0.690704
6 0.517816 0.335224 0.10115 0.243221 0.686066
2 0.761747 0.233404 0.0246838 0.0905661 0.630399
11 0.46003 0.277987 0.169637 0.240047 0.588952
6 0.597957 0.620385 0.137174 0.365171 0.566995
10 0.158815 0.858919 0.0468826 0.120246 0.437579
10 0.154411 0.285021 0.116061 0.369138 0.437448
6 0.283062 0.26753 0.105885 0.168351 0.393547
10 0.71034 0.161341 0.0841016 0.131251 0.374104
11 0.319731 0.181778 0.171583 0.266965 0.366866
6 0.46094 0.915617 0.193425 0.16924 0.361922
11 0.794372 0.340872 0.208832 0.339009 0.353859
11 0.371919 0.484572 0.229617 0.332281 0.349061
7 0.833992 0.263816 0.0290161 0.0941403 0.303842
6 0.428878 0.516221 0.129518 0.271688 0.303601
6 0.338166 0.227315 0.0736401 0.175043 0.27264
7 0.243888 0.68688 0.0447558 0.0968341 0.268931
2 0.0680042 0.148161 0.0343632 0.0761819 0.245648
7 0.432402 0.237084 0.0236039 0.0516694 0.241609
11 0.056345 0.144869 0.0563015 0.101607 0.222587
2 0.0187548 0.0986575 0.0353761 0.092373 0.22142
2 0.735972 0.268267 0.0289366 0.0857812 0.216322
11 0.00774815 0.250578 0.0158696 0.119023 0.203176
7 0.845566 0.269276 0.0230873 0.0807872 0.201005
7 0.736008 0.276469 0.0274535 0.0720472 0.197457
6 0.115095 0.534234 0.0747153 0.236997 0.196353
7 0.674352 0.606391 0.0396692 0.116898 0.195234
10 0.966773 0.810417 0.0681139 0.375229 0.189293
2 0.00627483 0.241667 0.0132049 0.107531 0.186971
7 0.837514 0.275402 0.0225613 0.0813906 0.177103
2 0.178293 0.314813 0.032142 0.0917141 0.177094
10 0.0135969 0.718732 0.0273739 0.209201 0.171516
10 0.454141 0.0960937 0.0415391 0.143314 0.171104
6 0.296781 0.266901 0.0805122 0.171125 0.170215
2 0.0888834 0.114801 0.0187447 0.0384776 0.168602
7 0.315552 0.421939 0.0270843 0.0476993 0.165455
2 0.735883 0.243339 0.0254318 0.100373 0.164474
10 0.199431 0.690775 0.381721 0.57014 0.164292
7 0.828252 0.265243 0.0262119 0.0918515 0.16066
10 0.938144 0.782626 0.126326 0.43247 0.157639
10 0.871262 0.456194 0.175386 0.523472 0.153906
2 0.0473627 0.123221 0.0298479 0.0589848 0.147402
10 0.928618 0.81283 0.144839 0.371708 0.145569
7 0.745451 0.271066 0.028296 0.0787538 0.141535
11 0.280635 0.23087 0.10493 0.127557 0.141484
6 0.148161 0.200901 0.0853772 0.194636 0.137548
10 0.462743 0.0958114 0.0402128 0.142541 0.136645
10 0.965349 0.570791 0.0683912 0.855917 0.133262
10 0.880111 0.363673 0.120344 0.331238 0.130899
2 0.749784 0.229724 0.0227965 0.0917383 0.128469
2 0.743782 0.253376 0.0252728 0.0966892 0.126611
10 0.125333 0.795113 0.0400559 0.101947 0.125578
2 0.744512 0.230342 0.0179197 0.0879373 0.125429
2 0.178264 0.317531 0.036272 0.0961795 0.12317
2 0.00468195 0.180961 0.0102057 0.137026 0.122542
2 0.264545 0.170313 0.0215965 0.0585355 0.119964
2 0.00898638 0.209089 0.0158234 0.0409061 0.119366
6 0.289156 0.260045 0.0867722 0.175069 0.115639
11 0.107856 0.279354 0.211213 0.396952 0.115058
2 0.120783 0.197253 0.0355693 0.0821278 0.114693
10 0.0129014 0.671268 0.0264055 0.458111 0.114322
2 0.142478 0.0431872 0.0304935 0.0645564 0.111887
7 0.833138 0.241387 0.0247828 0.0545571 0.111335
11 0.0547335 0.229759 0.10897 0.375186 0.10804
2 0.736363 0.238008 0.0207138 0.0999822 0.105884
7 0.807555 0.22087 0.0232246 0.0478447 0.103507
10 0.87265 0.589066 0.221161 0.825088 0.103476
10 0.930919 0.602341 0.139357 0.793522 0.102233
6 0.967457 0.821933 0.0676077 0.353924 0.101669
10 0.0133748 0.771126 0.0276917 0.310201 0.101521
6 0.073194 0.526538 0.126529 0.207851 0.101364
2 0.115777 0.0116269 0.0243176 0.0242709 0.100918
6 0.346615 0.229113 0.0727005 0.182677 0.10036
6 0.462943 0.964432 0.193496 0.0705745 0.0989004
6 0.283035 0.258638 0.110921 0.191574 0.0988776
7 0.481333 0.227813 0.0187792 0.0575404 0.0988024
6 0.884647 0.280748 0.0849543 0.159283 0.0985278
2 0.0936192 0.114067 0.0191405 0.0422288 0.0983052
10 0.929532 0.648843 0.138508 0.701044 0.0980662
7 0.418911 0.236319 0.0218654 0.0488758 0.0978741
10 0.00747704 0.688607 0.0154905 0.248143 0.096968
10 0.984963 0.804404 0.0304329 0.378586 0.0954512
11 0.320477 0.151609 0.167055 0.204691 0.0951518
7 0.684656 0.623775 0.0327846 0.077393 0.0950464
7 0.73787 0.626253 0.0293165 0.110193 0.0942466
6 0.300901 0.264159 0.080402 0.167973 0.0927994
6 0.287888 0.257201 0.0904332 0.184275 0.0922676
7 0.75156 0.635854 0.0386646 0.122951 0.0920201
6 0.919158 0.94218 0.15896 0.118718 0.0913949
11 0.107977 0.241171 0.216893 0.465611 0.0907679
2 0.775312 0.237366 0.0228741 0.086253 0.0905581
11 0.0948266 0.165317 0.190247 0.266263 0.0898394
7 0.809076 0.230088 0.0234198 0.0647962 0.0885342
2 0.085282 0.111959 0.0183257 0.0476918 0.0883691
2 0.747411 0.165916 0.0287067 0.087646 0.0880207
10 0.0115949 0.622507 0.0217872 0.412364 0.0875745
7 0.857574 0.261003 0.0218875 0.083571 0.0871948
10 0.926601 0.877864 0.147113 0.245625 0.0869363
11 0.275814 0.0974788 0.0799404 0.0818867 0.086423
10 0.865093 0.463824 0.185697 0.558765 0.0861748
2 0.663366 0.589236 0.0397316 0.140677 0.0848475
2 0.726189 0.253388 0.0229733 0.112001 0.0844737
6 0.408468 0.965351 0.306866 0.0703449 0.0844649
7 0.649643 0.582393 0.0553073 0.135015 0.0824977
10 0.437846 0.0940625 0.0485644 0.163523 0.0823465
7 0.303158 0.422336 0.0263467 0.0441054 0.081338
10 0.166804 0.364386 0.0902026 0.206375 0.0813353
6 0.356904 0.211154 0.0713964 0.18569 0.0807343
2 0.0682569 0.15275 0.0330845 0.0732584 0.080295
10 0.989071 0.699479 0.0231366 0.586725 0.0801001
10 0.740267 0.167121 0.0339571 0.0892424 0.0796076
2 0.0283781 0.153526 0.0208697 0.0402241 0.0787951
10 0.984959 0.614919 0.0307224 0.761626 0.0783677
2 0.107009 0.0768898 0.0440832 0.0369956 0.0778448
10 0.0117446 0.760934 0.0251259 0.285728 0.0770831
7 0.281553 0.194262 0.0154658 0.0431875 0.0770669
2 0.777947 0.236154 0.0232445 0.0922179 0.0765225
7 0.796502 0.236719 0.0366957 0.0631058 0.0760384
7 0.705059 0.619636 0.0375483 0.102601 0.0760367
2 0.764956 0.175076 0.0196969 0.0714062 0.0750088
6 0.284515 0.262826 0.120006 0.184196 0.0749629
6 0.934661 0.25645 0.0442245 0.136572 0.0742076
6 0.916156 0.290673 0.0945623 0.213653 0.0738651
6 0.305437 0.251064 0.0768422 0.165809 0.0735637
2 0.775132 0.176923 0.0257797 0.0727257 0.0734125
7 0.264818 0.194726 0.0387495 0.0535298 0.0731947
6 0.497722 0.964796 0.114562 0.0716233 0.0731103
7 0.859452 0.234733 0.0160825 0.038785 0.0729878
6 0.878235 0.875659 0.138494 0.250098 0.0728229
10 0.985158 0.506292 0.0272741 0.904786 0.0725047
6 0.313245 0.256185 0.0793719 0.172461 0.0723071
6 0.340618 0.235533 0.0707019 0.1741 0.0722741
2 0.861679 0.257795 0.0202268 0.0830595 0.0715073
2 0.170475 0.307166 0.0384263 0.0943853 0.0713789
6 0.936824 0.939886 0.12663 0.12343 0.0705828
6 0.329054 0.251864 0.0741539 0.15286 0.0704408
6 0.366911 0.244143 0.119925 0.185495 0.0700901
7 0.851831 0.240329 0.0153532 0.0407728 0.0691114
11 0.264919 0.106472 0.052557 0.0839824 0.0684299
7 0.833183 0.233613 0.0164183 0.0449346 0.0684195
2 0.857355 0.276212 0.0185053 0.071958 0.0683698
6 0.380146 0.188899 0.0771455 0.177994 0.06832
10 0.0163296 0.463931 0.0323185 0.111745 0.068147
6 0.307913 0.235848 0.0727613 0.164166 0.0680298
7 0.721893 0.271358 0.0277416 0.080889 0.0676573
2 0.107435 0.0918799 0.0571096 0.0800212 0.0675179
6 0.488882 0.119438 0.0549785 0.107713 0.0668629
7 0.853172 0.234664 0.0174508 0.0373242 0.0661209
6 0.407547 0.24647 0.0826015 0.172806 0.0659331
7 0.480291 0.220207 0.0312109 0.04489 0.0658624
6 0.321495 0.260235 0.0715305 0.151976 0.0646695
6 0.934558 0.237744 0.0421013 0.0972477 0.0643701
6 0.959716 0.941597 0.0803202 0.120455 0.0639967
2 0.513862 0.96599 0.066979 0.0695511 0.0634978
11 0.0813934 0.259611 0.166464 0.413439 0.0633944
7 0.695021 0.610184 0.039332 0.105156 0.0629686
6 0.890416 0.272462 0.0888712 0.145771 0.0623788
6 0.0779585 0.52936 0.148392 0.228251 0.0620201
6 0.423485 0.536024 0.121633 0.234309 0.0618655
7 0.658151 0.619622 0.0319923 0.0874895 0.0612102
6 0.99003 0.720749 0.0208986 0.198422 0.0609832
6 0.368867 0.165167 0.0689244 0.142462 0.0608951
6 0.378695 0.15989 0.0524895 0.130021 0.060299
7 0.318851 0.408507 0.038857 0.0779537 0.0602947
11 0.0477447 0.152393 0.0785049 0.134987 0.0599078
7 0.863649 0.267657 0.0179757 0.0799766 0.0597158
2 0.80346 0.230331 0.0215755 0.0860524 0.0595235
7 0.798197 0.212918 0.0143147 0.0290531 0.0590961
2 0.0641945 0.0810636 0.0234817 0.0392773 0.0588886
2 0.114031 0.200321 0.0357549 0.0840394 0.0586477
2 0.769373 0.192312 0.0177155 0.0375045 0.0585714
11 0.265331 0.184143 0.0959402 0.234425 0.0585476
10 0.882582 0.590294 0.167164 0.810937 0.0581801
10 0.985041 0.519811 0.0282298 0.605889 0.0578432
6 0.144117 0.208389 0.0906427 0.213153 0.0573095
10 0.765146 0.542994 0.453571 0.901123 0.0560388
2 0.861881 0.25056 0.0213629 0.071676 0.0549757
7 0.307977 0.0787278 0.0186751 0.0364639 0.0544765
10 0.00528251 0.478146 0.0112821 0.123037 0.0541438
2 0.0409555 0.127298 0.0293982 0.0629255 0.0537127
2 0.30718 0.0774548 0.0205817 0.0344695 0.0534195
7 0.440019 0.22699 0.0312862 0.0722186 0.0533961
6 0.842141 0.874645 0.248263 0.254222 0.0532637
6 0.969218 0.916708 0.0631308 0.169748 0.0526604
2 0.057807 0.0814219 0.0215932 0.0396 0.0525196
2 0.246479 0.182116 0.028339 0.0763294 0.052366
6 0.365818 0.185911 0.0714333 0.168646 0.0522786
6 0.423882 0.338379 0.0702274 0.138726 0.0518662
10 0.0083564 0.39822 0.0188345 0.421919 0.0515414
6 0.699892 0.367107 0.103198 0.304635 0.0514669
7 0.501817 0.965284 0.0770685 0.0710343 0.051209
6 0.303104 0.246189 0.0823457 0.179839 0.0509325
2 0.762184 0.167445 0.0295726 0.0782142 0.0500039
2 0.0245324 0.152026 0.0240836 0.0517683 0.0497661
10 0.00660887 0.506319 0.0140387 0.157339 0.0492963
11 0.810514 0.428063 0.310057 0.561129 0.0489402
2 0.103106 0.0135483 0.0364391 0.0280442 0.0485657
2 0.272904 0.0751585 0.0203814 0.0387933 0.0483854
10 0.0124177 0.488463 0.0249188 0.144446 0.0482322
2 0.780025 0.17389 0.0230153 0.069398 0.0478332
6 0.012672 0.108325 0.0290551 0.104169 0.0476135
6 0.232406 0.128119 0.0520532 0.131488 0.0472139
7 0.818329 0.26929 0.0243608 0.0879987 0.0471596
7 0.032493 0.0776643 0.0166336 0.0303316 0.0470318
10 0.988564 0.444236 0.0202937 0.485212 0.0456815
2 0.710181 0.267396 0.0281563 0.0798463 0.0456123
2 0.514022 0.974005 0.0615458 0.0542321 0.0454712
2 0.291437 0.0803325 0.0188092 0.0361371 0.0447621
2 0.128495 0.23601 0.0627126 0.131227 0.0446298
2 0.24972 0.163528 0.0219345 0.0462058 0.0445828
10 0.00770628 0.443238 0.0151888 0.181442 0.0439618
6 0.313093 0.250329 0.0672449 0.160459 0.0438273
2 0.0656175 0.134565 0.0409458 0.067499 0.0437341
6 0.0107448 0.100567 0.024174 0.0971885 0.043649
7 0.237722 0.672386 0.0429825 0.120557 0.0435865
10 0.385827 0.101975 0.0412735 0.170953 0.0435574
2 0.157859 0.0374313 0.0223891 0.0576245 0.043199
2 0.719523 0.267704 0.026865 0.0843421 0.0428071
6 0.571638 0.617686 0.113538 0.362645 0.042752
2 0.752522 0.167866 0.0208485 0.0705453 0.0426925
7 0.400879 0.240684 0.0142424 0.0484769 0.0426624
11 0.79771 0.307219 0.162865 0.34329 0.0425276
7 0.259253 0.685246 0.0418367 0.0897426 0.0424083
10 0.989006 0.397209 0.0194372 0.735374 0.0421925
11 0.363845 0.401678 0.144267 0.167934 0.0419344
10 0.565809 0.10682 0.0796816 0.171266 0.0417425
2 0.286407 0.177922 0.0233063 0.0749176 0.0416515
6 0.401297 0.197284 0.0774412 0.19728 0.0416328
6 0.330594 0.194014 0.0624724 0.126556 0.0411927
2 0.498648 0.224204 0.0182002 0.0582151 0.0408499
11 0.782431 0.327696 0.163495 0.298185 0.0406224
2 0.280808 0.170399 0.0179855 0.0573049 0.0400634
10 0.0112408 0.597181 0.0229975 0.239285 0.0399428
10 0.557248 0.207628 0.16614 0.398653 0.0398835
6 0.525328 0.915741 0.351543 0.171355 0.0397868
6 0.255885 0.141587 0.0456377 0.15788 0.0397123
6 0.321954 0.213483 0.0627938 0.155278 0.0393471
7 0.809265 0.233109 0.0346951 0.0674519 0.039318
7 0.293117 0.190363 0.0134141 0.0419312 0.0391391
10 0.130566 0.37219 0.162997 0.204093 0.0386037
7 0.869492 0.229201 0.0159229 0.0371831 0.0384575
7 0.456627 0.224945 0.0363958 0.0466407 0.0383198
7 0.651597 0.621833 0.0304619 0.0831324 0.0382759
11 0.845355 0.2633 0.0597299 0.115885 0.0381433
2 0.117747 0.0740685 0.0338359 0.0349129 0.0378919
6 0.926314 0.328098 0.0842363 0.301032 0.0378875
10 0.735549 0.216029 0.0743763 0.214326 0.0378042
7 0.819206 0.21515 0.0220453 0.0338794 0.0375118
6 0.0131229 0.0916534 0.0257936 0.0781884 0.037498
2 0.0924249 0.126675 0.021241 0.0644118 0.0370985
10 0.577616 0.250824 0.372883 0.492559 0.0366086
2 0.242173 0.187778 0.0312406 0.0646826 0.0365897
6 0.297111 0.239178 0.0958703 0.142808 0.0360481
2 0.0315399 0.105501 0.0183394 0.0523946 0.0359874
10 0.720831 0.640154 0.392996 0.431708 0.0358698
10 0.884067 0.343472 0.10513 0.30056 0.0355358
11 0.680836 0.628931 0.294427 0.389771 0.0350108
7 0.818964 0.227658 0.0166644 0.0433454 0.0348418
11 0.361749 0.16263 0.263997 0.263064 0.0346665
10 0.919094 0.392731 0.0968591 0.428569 0.0346141
2 0.783385 0.232349 0.0206442 0.088835 0.0344399
7 0.222764 0.687502 0.041962 0.0935476 0.0343185
10 0.729802 0.165237 0.0346882 0.0929153 0.0337888
6 0.682956 0.305344 0.0643509 0.182271 0.0336903
7 0.506396 0.21701 0.0156792 0.0444343 0.0331566
2 0.0783107 0.0714668 0.0155842 0.0404709 0.032692
2 0.1349 0.0695851 0.0204471 0.0418166 0.03251
10 0.91594 0.456034 0.106176 0.544184 0.0315438
11 0.422456 0.257669 0.131697 0.188297 0.0314501
11 0.350713 0.404203 0.137829 0.138976 0.0313032
10 0.0995203 0.291758 0.209507 0.378764 0.031081
6 0.676478 0.314421 0.0599066 0.200622 0.0302095
11 0.0500445 0.150527 0.0620626 0.0933779 0.0299701
2 0.740868 0.203135 0.0158638 0.0466967 0.0296776
10 0.124258 0.287661 0.0833014 0.340283 0.0294504
6 0.610408 0.637473 0.177572 0.39509 0.0279962
2 0.229529 0.159842 0.0373184 0.0818449 0.0274955
11 0.794276 0.35741 0.275841 0.355631 0.0274432
6 0.748365 0.456257 0.135712 0.159713 0.0272578
11 0.250594 0.210152 0.0574074 0.0895736 0.0265456
6 0.681951 0.418783 0.076053 0.167886 0.0261879
6 0.886723 0.300689 0.0813122 0.139289 0.0257732
6 0.417011 0.304486 0.209488 0.329299 0.0257441
7 0.337285 0.0760441 0.0173758 0.0359759 0.0256392
2 0.0607345 0.124633 0.0302076 0.0455772 0.0254741
7 0.810447 0.246271 0.0377907 0.0977297 0.0252436
10 0.66527 0.156509 0.057099 0.124927 0.0250046
6 0.393896 0.141563 0.0476501 0.107762 0.0245375
2 0.0446798 0.168418 0.0444869 0.0653164 0.0238284
7 0.251193 0.761783 0.0401747 0.120212 0.0235631
2 0.780086 0.195032 0.0183637 0.0355927 0.0229714
2 0.784595 0.211067 0.0196007 0.0413114 0.0225358
6 0.888191 0.319478 0.0896767 0.142232 0.0222675
6 0.66818 0.323348 0.0577634 0.217622 0.0222108
7 0.272198 0.695056 0.0387235 0.091461 0.0211883
10 0.750397 0.622671 0.411535 0.487574 0.0157717
6 0.530205 0.630458 0.0635206 0.238433 0.0150804
11 0.571154 0.336432 0.297111 0.26635 0.0134965
