1 0.501208 0.500906 0.99833 0.99309 0.33981
1 0.673739 0.499185 0.657043 0.992809 0.146653
1 0.125996 0.2849 0.255744 0.562083 0.138453
1 0.129379 0.312293 0.258436 0.622431 0.133812
1 0.702505 0.498812 0.600064 0.993326 0.133148
1 0.126253 0.253822 0.25531 0.499067 0.12829
1 0.120898 0.214493 0.242246 0.422989 0.105182
1 0.652283 0.922362 0.691362 0.155863 0.0980792
10 0.0212332 0.432028 0.0428923 0.237221 0.0974877
10 0.307529 0.0473907 0.191173 0.0952184 0.0973698
1 0.258331 0.300532 0.522665 0.595453 0.0959245
1 0.647716 0.916573 0.703555 0.167159 0.0956712
3 0.498803 0.324584 0.997358 0.65577 0.0953646
1 0.222437 0.269867 0.448587 0.535701 0.0941531
1 0.124603 0.338613 0.251421 0.681991 0.0914149
1 0.188921 0.436135 0.120577 0.218868 0.0903021
1 0.156276 0.321538 0.311388 0.640176 0.0901833
1 0.480387 0.957392 0.338497 0.0851715 0.088384
1 0.640013 0.932346 0.708404 0.13495 0.0879744
1 0.188601 0.43474 0.121842 0.228518 0.087727
10 0.0612423 0.242239 0.123586 0.475668 0.0871618
1 0.645122 0.952888 0.703389 0.0953557 0.0862261
1 0.639475 0.925368 0.71295 0.149975 0.085172
1 0.552661 0.955869 0.49054 0.088665 0.0845787
4 0.0290531 0.454148 0.0575471 0.331994 0.0843128
1 0.655214 0.854418 0.691238 0.29172 0.0838888
1 0.271789 0.305105 0.550041 0.605461 0.0829324
1 0.649338 0.952274 0.698943 0.0958289 0.0824861
10 0.282431 0.043209 0.166416 0.0869786 0.0803772
1 0.649265 0.862167 0.70498 0.276731 0.0786591
10 0.100224 0.145901 0.199678 0.291597 0.0778032
4 0.0184093 0.405314 0.0371701 0.334418 0.0763832
10 0.837878 0.550597 0.10273 0.178945 0.0762236
1 0.443518 0.959272 0.250772 0.0820349 0.0761479
1 0.567725 0.940137 0.535191 0.11783 0.0750759
1 0.0353291 0.423051 0.0704183 0.449835 0.0744292
10 0.53103 0.057612 0.166481 0.116015 0.074385
3 0.493463 0.296165 0.99138 0.596038 0.074223
10 0.354589 0.0421831 0.103725 0.0854924 0.0741658
1 0.289621 0.267442 0.577698 0.541506 0.0737982
10 0.370035 0.0420729 0.0934163 0.0854387 0.0735096
1 0.486864 0.936664 0.371837 0.126135 0.0734093
1 0.190223 0.45243 0.113877 0.174088 0.0721546
1 0.75042 0.501339 0.510584 0.990047 0.0719639
1 0.418021 0.948921 0.561196 0.102276 0.0715159
10 0.0640663 0.305343 0.126832 0.600644 0.0699503
10 0.366482 0.0493478 0.114662 0.0996974 0.069489
10 0.0548742 0.185524 0.110625 0.362047 0.0694346
10 0.292239 0.0250272 0.135346 0.0512053 0.0693291
10 0.0309633 0.259642 0.0624046 0.49849 0.068916
10 0.28674 0.0380182 0.12818 0.07704 0.0687912
1 0.0311104 0.311013 0.0615901 0.597832 0.0683501
10 0.710197 0.0347983 0.0766504 0.0711994 0.0676209
1 0.122987 0.447057 0.244131 0.346082 0.067613
10 0.349667 0.0500668 0.102625 0.1011 0.0674467
1 0.727868 0.931995 0.535823 0.135288 0.067185
1 0.0244647 0.354262 0.0495163 0.551446 0.066668
10 0.0541686 0.151421 0.10975 0.294952 0.0662016
10 0.267031 0.0422148 0.196549 0.085591 0.0658163
1 0.824604 0.926199 0.359622 0.149664 0.0656745
3 0.495939 0.335069 0.994486 0.669656 0.0656122
1 0.192319 0.204774 0.38307 0.40416 0.065251
1 0.70813 0.887463 0.583359 0.223401 0.0651104
1 0.148575 0.202102 0.221315 0.400579 0.0649042
1 0.172241 0.369713 0.34695 0.734157 0.0642189
1 0.122511 0.463198 0.241687 0.348256 0.0641143
1 0.0255792 0.481183 0.0508775 0.399855 0.0638752
10 0.886403 0.0689321 0.126913 0.137928 0.0637984
10 0.345073 0.042891 0.0814834 0.0877499 0.0635801
3 0.735902 0.499644 0.539012 0.977967 0.0634675
1 0.0430386 0.458337 0.0859206 0.348303 0.0634064
1 0.138772 0.281919 0.276264 0.557015 0.0621239
10 0.265666 0.0262984 0.134085 0.0535407 0.0619726
10 0.94247 0.577461 0.120765 0.219541 0.0619084
10 0.251981 0.0264386 0.126694 0.0536955 0.0615806
1 0.878069 0.92737 0.246416 0.147748 0.0612373
1 0.0365276 0.46601 0.0731451 0.88608 0.0612278
1 0.764118 0.891056 0.476494 0.216754 0.0604115
10 0.918545 0.0685665 0.16561 0.136477 0.0602576
10 0.10511 0.0511266 0.163486 0.103452 0.0595711
1 0.832752 0.894298 0.340775 0.211923 0.0595558
1 0.6531 0.829763 0.697397 0.345097 0.0587405
1 0.0566425 0.406019 0.112839 0.78706 0.0585072
10 0.077979 0.121531 0.153875 0.243892 0.057577
1 0.145092 0.236633 0.259944 0.473265 0.0575457
10 0.30561 0.0241525 0.109856 0.0493941 0.057507
1 0.870165 0.881824 0.260049 0.237191 0.0574049
3 0.494626 0.314161 0.99041 0.626246 0.0571104
10 0.0885886 0.0598275 0.174149 0.120043 0.0569452
10 0.100733 0.115205 0.200376 0.231161 0.056901
1 0.495574 0.918139 0.974589 0.164596 0.0563707
1 0.0444647 0.515984 0.0894131 0.571535 0.0557476
1 0.92861 0.914394 0.144998 0.175054 0.0553269
1 0.218696 0.481779 0.441334 0.951546 0.0552069
10 0.30575 0.0371741 0.131537 0.0752557 0.0551793
10 0.734867 0.0410567 0.134085 0.0832663 0.0549986
10 0.582944 0.0492541 0.252448 0.0984175 0.0544523
1 0.376901 0.292104 0.765389 0.586222 0.0543237
1 0.288147 0.419516 0.585164 0.840027 0.0536933
1 0.671152 0.966459 0.642292 0.0682965 0.0535094
1 0.741085 0.832049 0.51801 0.334918 0.0534862
3 0.491875 0.279629 0.991128 0.562403 0.0534356
1 0.330231 0.96438 0.635333 0.0719727 0.0533302
3 0.494162 0.44282 0.998839 0.880403 0.0530111
10 0.580521 0.0817825 0.268849 0.164148 0.0525353
10 0.888997 0.0771177 0.166543 0.15596 0.0524747
10 0.149241 0.164867 0.210146 0.335358 0.0521668
3 0.729307 0.39493 0.549211 0.78985 0.0519435
1 0.355291 0.966521 0.359564 0.0672385 0.0518903
1 0.369906 0.303389 0.752932 0.604366 0.051786
1 0.652982 0.967848 0.614505 0.0645348 0.05162
1 0.673767 0.821555 0.659991 0.361358 0.0511926
1 0.864819 0.967296 0.271939 0.067303 0.0511491
1 0.0493598 0.58914 0.100039 0.774259 0.0508489
1 0.196402 0.440516 0.107677 0.194496 0.0505294
10 0.487172 0.0228077 0.0816056 0.0465051 0.0505253
1 0.705239 0.807675 0.594823 0.385381 0.0504039
1 0.452264 0.919034 0.893996 0.162554 0.0503397
1 0.795535 0.969516 0.407082 0.062619 0.0499426
1 0.2477 0.957684 0.48234 0.0834816 0.0492105
1 0.625235 0.496988 0.75762 0.986127 0.048975
1 0.886381 0.839876 0.23031 0.321716 0.0483418
10 0.438556 0.0504129 0.283604 0.101205 0.0482893
3 0.501714 0.404796 0.991424 0.810142 0.0481712
10 0.389254 0.0429647 0.0848279 0.0865489 0.0479256
10 0.322229 0.0604556 0.322479 0.121264 0.047892
1 0.0306976 0.568295 0.0624957 0.736 0.0477303
10 0.324675 0.0219374 0.129367 0.0445944 0.0476326
1 0.595676 0.833485 0.800235 0.33901 0.0473923
10 0.00980282 0.441517 0.0197516 0.236917 0.0472121
10 0.731838 0.0379808 0.0969813 0.0769105 0.0471443
10 0.679494 0.0369295 0.211406 0.0742816 0.0467274
1 0.9381 0.867143 0.127517 0.268092 0.0466155
1 0.912103 0.961498 0.175167 0.0794493 0.046412
1 0.0248035 0.59286 0.050736 0.656143 0.0462884
1 0.480713 0.877349 0.941426 0.247288 0.0461916
10 0.914077 0.0854121 0.170662 0.171355 0.0460886
1 0.255414 0.964915 0.384118 0.0707197 0.0460344
10 0.941541 0.581607 0.120463 0.314063 0.0460281
10 0.234205 0.0472621 0.450427 0.0942424 0.0454339
10 0.544759 0.0394623 0.102295 0.0815744 0.0453266
10 0.00992816 0.435724 0.0199809 0.212101 0.0452985
1 0.0437252 0.614628 0.0891056 0.744861 0.04523
1 0.426271 0.890421 0.448014 0.218116 0.0450147
10 0.0129444 0.391702 0.0264624 0.127586 0.0449591
1 0.723711 0.972851 0.401256 0.0550289 0.0442943
10 0.834706 0.550735 0.113295 0.195666 0.044075
1 0.22903 0.473894 0.461385 0.935083 0.0436834
10 0.622177 0.0374781 0.259741 0.0753265 0.0436234
3 0.497989 0.456555 0.998004 0.904213 0.0428008
1 0.235022 0.860158 0.467322 0.282909 0.0425241
10 0.231484 0.0397523 0.148099 0.0809137 0.0425036
10 0.979809 0.558896 0.04209 0.294292 0.0422666
10 0.846535 0.54961 0.081793 0.174213 0.0421207
1 0.936883 0.822936 0.129238 0.355259 0.0419634
1 0.681949 0.49997 0.633472 0.994212 0.0418125
1 0.416427 0.840785 0.817616 0.314967 0.0410114
1 0.0470106 0.64493 0.09514 0.702048 0.0409363
1 0.0751506 0.466771 0.150946 0.815649 0.0405213
1 0.955758 0.856312 0.0917208 0.288826 0.0402395
1 0.347609 0.357703 0.700955 0.719092 0.040161
1 0.936238 0.506155 0.131705 0.980904 0.040024
10 0.234867 0.03689 0.0983924 0.0750993 0.0398087
10 0.524504 0.0820659 0.363669 0.164027 0.0395089
1 0.95225 0.954203 0.0975239 0.094165 0.0393841
10 0.981644 0.583782 0.0379873 0.363996 0.0391232
10 0.230396 0.0419473 0.230389 0.0837866 0.0389899
10 0.0201483 0.184929 0.0410398 0.340969 0.0389426
1 0.325383 0.195685 0.631367 0.391186 0.0385515
1 0.0549654 0.652363 0.110757 0.687842 0.038403
1 0.301221 0.493776 0.608773 0.972421 0.0381701
10 0.3834 0.0312407 0.0806792 0.0644003 0.0376813
3 0.49657 0.279731 0.990021 0.555822 0.0376752
1 0.111688 0.603157 0.224239 0.756442 0.0375872
1 0.500437 0.766855 0.982296 0.477493 0.0371297
1 0.3764 0.415855 0.175638 0.25137 0.0369682
10 0.0211222 0.152819 0.0434188 0.28513 0.036767
10 0.351959 0.0205686 0.103194 0.0421306 0.036622
3 0.49688 0.316489 0.991972 0.624757 0.0364973
10 0.266872 0.192661 0.346638 0.389085 0.0364641
10 0.984628 0.515421 0.031443 0.323903 0.0363533
1 0.726783 0.699189 0.55268 0.605203 0.0363528
1 0.693934 0.558261 0.617056 0.879773 0.036236
10 0.986755 0.4674 0.0279953 0.132058 0.0361784
1 0.884122 0.505885 0.238447 0.984938 0.0360254
1 0.68966 0.726446 0.628533 0.553565 0.0359221
10 0.271349 0.0554789 0.182487 0.112015 0.0358331
3 0.499913 0.483344 0.9969 0.948494 0.0358154
1 0.859078 0.50379 0.293525 0.980966 0.0358
1 0.762496 0.752031 0.47583 0.500278 0.035583
1 0.356992 0.492679 0.723221 0.973023 0.0354214
3 0.947912 0.413531 0.109494 0.760587 0.0353506
1 0.381995 0.967037 0.140868 0.0669687 0.0353256
3 0.493215 0.311194 0.98081 0.613707 0.0351602
1 0.379464 0.284538 0.765397 0.567797 0.0350622
1 0.949426 0.794625 0.102703 0.408279 0.0347777
1 0.72903 0.590854 0.546101 0.817465 0.0346778
1 0.697268 0.779111 0.614151 0.449073 0.0345738
10 0.986799 0.473476 0.0275555 0.144353 0.0345565
1 0.956049 0.510535 0.0917221 0.961191 0.0343992
10 0.459544 0.04376 0.17098 0.0878549 0.0340388
3 0.499423 0.244662 0.993314 0.493638 0.0340228
1 0.719704 0.674194 0.570541 0.654443 0.0338237
1 0.267207 0.447941 0.522355 0.891956 0.0336465
10 0.0274747 0.119836 0.0554799 0.236244 0.0334787
1 0.505539 0.530694 0.992929 0.935056 0.0334446
1 0.496204 0.501565 0.986326 0.986089 0.0333154
1 0.661711 0.562711 0.684017 0.870485 0.033308
3 0.902272 0.485996 0.196873 0.511992 0.0332528
1 0.504054 0.784349 0.968602 0.438355 0.0331692
10 0.850311 0.543704 0.14197 0.248989 0.0330943
1 0.728355 0.757628 0.551037 0.491042 0.0330426
1 0.500351 0.485378 0.993196 0.949638 0.0328469
1 0.375148 0.423544 0.166926 0.235736 0.0325755
1 0.952908 0.517065 0.0971125 0.952679 0.0324311
1 0.506314 0.664195 0.986916 0.683624 0.0324282
10 0.983873 0.533177 0.0317381 0.420586 0.0323742
10 0.0245795 0.165042 0.0508486 0.170257 0.0322758
10 0.946101 0.650424 0.109417 0.687833 0.0320539
10 0.932701 0.685347 0.136818 0.629841 0.0319679
10 0.777177 0.0449641 0.221209 0.0899393 0.0319206
1 0.369776 0.967555 0.138342 0.0667799 0.0318622
1 0.496125 0.487673 0.994778 0.959644 0.0317188
1 0.508595 0.588336 0.988369 0.830557 0.0312624
1 0.129388 0.565577 0.259041 0.8098 0.0310928
10 0.934342 0.725838 0.132507 0.545476 0.0309294
1 0.508746 0.58939 0.988613 0.829859 0.0308502
10 0.986814 0.595109 0.0280809 0.14991 0.0307697
1 0.967173 0.514824 0.0687099 0.960972 0.030673
1 0.560902 0.76107 0.887175 0.488302 0.0303671
1 0.499071 0.501343 0.985189 0.983091 0.0299595
1 0.549398 0.773189 0.895138 0.461713 0.0299504
10 0.950645 0.510002 0.101826 0.475644 0.0298636
10 0.986147 0.607201 0.0293705 0.170192 0.0297077
10 0.987866 0.461754 0.0250231 0.146121 0.0295852
1 0.115158 0.62959 0.22962 0.690875 0.0295472
1 0.409747 0.499824 0.834899 0.982709 0.0293738
1 0.876073 0.745719 0.253308 0.507445 0.029368
10 0.952888 0.635091 0.0954287 0.723159 0.0293162
3 0.956818 0.441861 0.0893526 0.614438 0.0290553
1 0.507923 0.712016 0.982181 0.589206 0.0289199
1 0.725638 0.717931 0.549664 0.571196 0.0288345
1 0.0495473 0.771433 0.101564 0.458819 0.0287845
10 0.0621099 0.173431 0.112361 0.220633 0.0283444
1 0.508171 0.502574 0.988587 0.965787 0.0282728
10 0.944058 0.157628 0.118738 0.316919 0.0281781
1 0.833288 0.72186 0.341302 0.560678 0.0279553
1 0.687419 0.498906 0.566658 0.982246 0.0279525
1 0.508418 0.562071 0.986255 0.876056 0.0278818
1 0.416912 0.794804 0.839055 0.419127 0.0278591
10 0.229559 0.0595544 0.224583 0.119338 0.0276355
1 0.741039 0.6999 0.525957 0.605974 0.0276178
1 0.510172 0.50116 0.991139 0.989584 0.0274773
1 0.158823 0.659997 0.320333 0.675309 0.0274494
1 0.511576 0.545648 0.975107 0.908648 0.0272994
1 0.860368 0.407012 0.28739 0.76023 0.0267521
10 0.592962 0.020739 0.14733 0.0415637 0.026273
10 0.91246 0.0435949 0.110061 0.0896149 0.0261832
10 0.758465 0.0395203 0.128704 0.0793777 0.0261596
1 0.502432 0.500633 0.996833 0.991377 0.0260504
1 0.488769 0.710431 0.962439 0.590955 0.0258387
3 0.774554 0.391443 0.463796 0.645023 0.0257463
1 0.505042 0.505294 0.994678 0.981447 0.0257221
1 0.506981 0.500723 0.994937 0.990132 0.0255453
10 0.832756 0.210158 0.33932 0.415805 0.0252254
1 0.287431 0.501381 0.561604 0.912016 0.0251603
1 0.529465 0.535842 0.944177 0.922607 0.0250896
1 0.302788 0.47109 0.58479 0.930968 0.0249428
1 0.389844 0.734918 0.783597 0.54311 0.0249283
1 0.495951 0.500384 0.998653 0.986833 0.0248601
3 0.453028 0.192802 0.926011 0.389174 0.0247626
10 0.00972692 0.261208 0.0194944 0.374375 0.0247382
4 0.747693 0.205706 0.502052 0.413603 0.0246894
1 0.894045 0.538268 0.213297 0.936215 0.0246012
3 0.485658 0.242835 0.980873 0.485848 0.0245901
1 0.51928 0.503125 0.964157 0.976531 0.024536
1 0.50959 0.605382 0.968311 0.792608 0.0244845
1 0.221074 0.773511 0.425878 0.462992 0.0243024
1 0.500176 0.500521 0.998755 0.992346 0.0242261
1 0.502626 0.500027 0.997087 0.991261 0.0241578
1 0.506336 0.501165 0.995591 0.988105 0.024155
1 0.140147 0.63085 0.278094 0.682391 0.0240698
1 0.504043 0.502627 0.995386 0.989631 0.0238138
1 0.505437 0.500717 0.992225 0.98731 0.023605
1 0.517365 0.5044 0.96008 0.96933 0.0230904
10 0.93021 0.0377612 0.10769 0.0774368 0.0227136
3 0.496515 0.200247 0.982406 0.39732 0.022678
1 0.481235 0.319815 0.970016 0.614025 0.0223353
1 0.370412 0.119845 0.708521 0.240204 0.0218716
1 0.332121 0.337283 0.643163 0.514467 0.021715
1 0.435146 0.986345 0.207739 0.0284593 0.0216229
10 0.0450066 0.207267 0.0944373 0.245486 0.0215042
1 0.682251 0.617504 0.558693 0.765275 0.0214617
1 0.509374 0.509922 0.964914 0.949872 0.0211233
1 0.503463 0.661657 0.94404 0.684142 0.0208441
10 0.774553 0.0392342 0.135594 0.0784464 0.0194794
1 0.304394 0.532901 0.577019 0.850112 0.0189711
3 0.481854 0.131775 0.945318 0.265044 0.0184381
1 0.500308 0.5816 0.941186 0.778008 0.0177143
10 0.669157 0.138438 0.118214 0.11491 0.0170326
