6 0.401596 0.537032 0.152786 0.483768 0.595047
5 0.403606 0.246002 0.0711073 0.160618 0.425182
6 0.366736 0.645399 0.237389 0.708163 0.271671
2 0.616118 0.162123 0.0200963 0.0713232 0.105166
6 0.327018 0.703932 0.190518 0.587463 0.0987021
2 0.584758 0.0979639 0.0193861 0.037608 0.097407
10 0.243498 0.411917 0.0445107 0.146189 0.09688
11 0.318556 0.662851 0.19227 0.512653 0.0925351
11 0.325825 0.699542 0.205771 0.592082 0.0890006
6 0.328929 0.68711 0.175569 0.551363 0.0759956
10 0.255944 0.410717 0.0579343 0.146194 0.0754402
6 0.320208 0.661521 0.170595 0.495156 0.0722818
5 0.480721 0.169185 0.0870241 0.124763 0.0712609
11 0.317144 0.647309 0.181734 0.474789 0.0699638
6 0.880506 0.932848 0.050296 0.135804 0.0672599
6 0.351964 0.645837 0.264592 0.710945 0.0666536
2 0.604464 0.15578 0.0193969 0.0668101 0.0666024
10 0.245757 0.40585 0.0430688 0.136484 0.0651849
10 0.69403 0.0121692 0.0332655 0.0248959 0.0649881
5 0.505439 0.14484 0.0280853 0.0642318 0.0649554
2 0.4097 0.972114 0.0495115 0.0560572 0.0642332
11 0.236902 0.984657 0.307116 0.0300017 0.0638192
11 0.380358 0.974631 0.178568 0.0509634 0.0635316
10 0.75209 0.140695 0.0230453 0.0492524 0.0610542
2 0.616828 0.173012 0.0171458 0.0533716 0.0605797
5 0.501318 0.1666 0.0384562 0.110128 0.0602554
2 0.61089 0.161106 0.0274506 0.0785139 0.0602123
10 0.254938 0.416624 0.0745048 0.168184 0.0580652
11 0.187669 0.983109 0.272044 0.0326761 0.0579773
11 0.388381 0.981239 0.655671 0.0376915 0.0569456
11 0.332376 0.983006 0.510984 0.0343416 0.0561877
5 0.508779 0.166228 0.0482804 0.117079 0.055682
5 0.500009 0.166236 0.0372655 0.106744 0.055514
2 0.430927 0.0445969 0.0258004 0.0537547 0.05381
6 0.403488 0.64563 0.174115 0.70241 0.0535335
2 0.437421 0.721494 0.0343965 0.0654743 0.0534244
2 0.531874 0.0527788 0.0161784 0.0273276 0.0519871
5 0.511652 0.142548 0.0265813 0.0673282 0.0455505
10 0.705741 0.0118806 0.0451499 0.0245403 0.0454728
5 0.427906 0.240639 0.0598517 0.144524 0.0453642
10 0.230933 0.415412 0.0510242 0.159447 0.0448353
10 0.270811 0.411376 0.0461839 0.134753 0.0438201
2 0.570273 0.0966014 0.0185968 0.037015 0.0437319
11 0.360182 0.966023 0.650524 0.067671 0.0436389
2 0.42007 0.973114 0.0525149 0.053803 0.0424181
6 0.927382 0.932705 0.135852 0.137243 0.0422698
11 0.287803 0.965219 0.509958 0.0694652 0.0421292
7 0.417622 0.980872 0.0544955 0.0387104 0.0419341
10 0.274916 0.409786 0.0460931 0.13241 0.0413414
11 0.93064 0.964661 0.13364 0.0727484 0.0412968
5 0.502427 0.166797 0.033635 0.108936 0.039601
10 0.7471 0.15455 0.0266823 0.0789793 0.0395151
2 0.849211 0.812255 0.0114193 0.0527345 0.0394544
6 0.177303 0.955983 0.309354 0.0882121 0.0391689
6 0.427724 0.977502 0.198503 0.0455188 0.0391403
10 0.0663982 0.64097 0.126726 0.697875 0.0387149
11 0.155098 0.981855 0.227808 0.0344584 0.0385659
6 0.323644 0.708811 0.197227 0.576227 0.0384857
10 0.426485 0.0358342 0.0413784 0.0702225 0.0384325
5 0.508355 0.162376 0.0708147 0.115417 0.0383424
11 0.531233 0.981598 0.467581 0.0373905 0.0380801
5 0.376323 0.248707 0.0622637 0.153813 0.0377591
11 0.360804 0.968683 0.17619 0.0636749 0.0377396
11 0.350587 0.971812 0.194333 0.0573176 0.0377289
11 0.486428 0.979518 0.358032 0.0416142 0.0376783
10 0.712069 0.0125761 0.0711518 0.0272459 0.0375923
2 0.598884 0.723375 0.0327892 0.0877616 0.0372978
10 0.0706267 0.579165 0.13572 0.819728 0.0371311
10 0.738354 0.14044 0.0243929 0.0461123 0.0365006
10 0.0667147 0.680093 0.12882 0.619633 0.0355744
2 0.537827 0.64752 0.0211258 0.0462377 0.0347204
10 0.735852 0.149395 0.0295679 0.0640295 0.0346572
5 0.384048 0.247168 0.0605224 0.152023 0.0345939
2 0.625474 0.160609 0.019558 0.0750974 0.0345069
10 0.0589197 0.763064 0.114426 0.460119 0.0343426
2 0.431161 0.0371749 0.0339891 0.0727609 0.034307
6 0.413608 0.536452 0.148667 0.483348 0.0342665
2 0.412701 0.95918 0.0457705 0.0823652 0.0342591
5 0.492592 0.143802 0.0256268 0.0625701 0.0341497
11 0.277091 0.299905 0.146297 0.407679 0.0340428
11 0.571881 0.983743 0.318897 0.0319063 0.0339878
11 0.633633 0.985392 0.643524 0.0293085 0.0333623
10 0.282512 0.408338 0.0419006 0.128334 0.0332772
2 0.396672 0.977254 0.0574245 0.0458958 0.0331777
2 0.593153 0.0983725 0.0168942 0.0369222 0.0326903
5 0.373992 0.249749 0.0629528 0.154675 0.0326166
2 0.567927 0.0963359 0.0198536 0.0352792 0.032602
6 0.0199508 0.775854 0.0378908 0.405045 0.0321815
10 0.225065 0.417175 0.0472612 0.164095 0.0321348
11 0.293283 0.620824 0.160464 0.409738 0.0318343
6 0.855374 0.929751 0.272354 0.141491 0.0317619
10 0.726738 0.01115 0.0576966 0.0237293 0.0316579
6 0.0213465 0.810652 0.0414475 0.352935 0.03163
2 0.756122 0.340542 0.024552 0.0824218 0.0314672
5 0.381694 0.248744 0.0613045 0.151275 0.0314289
10 0.230349 0.14297 0.125839 0.287654 0.03139
11 0.372056 0.991682 0.19534 0.0182001 0.0312257
6 0.338486 0.642967 0.25924 0.715112 0.0310271
6 0.1386 0.947511 0.249082 0.104105 0.0309858
2 0.59485 0.151469 0.0172671 0.0660923 0.0307098
11 0.710757 0.984112 0.543462 0.0315287 0.0306435
6 0.419699 0.464712 0.125624 0.600194 0.0306223
5 0.414668 0.235785 0.057853 0.134409 0.0298667
10 0.0494186 0.809877 0.0981274 0.36681 0.0297357
6 0.887511 0.932711 0.0298883 0.138175 0.0296878
2 0.155628 0.657493 0.0225968 0.047023 0.02953
10 0.675366 0.0116766 0.02479 0.0248244 0.0293594
11 0.182706 0.992581 0.230868 0.0138632 0.0293253
5 0.4671 0.167695 0.0499677 0.11279 0.029323
11 0.628905 0.985892 0.47018 0.0274532 0.0293187
6 0.344685 0.671081 0.119113 0.436693 0.0290543
11 0.336277 0.974311 0.133222 0.0521591 0.0288049
11 0.880722 0.964945 0.217426 0.0718124 0.0287427
11 0.389145 0.957879 0.291897 0.0852101 0.0286228
6 0.402251 0.647071 0.186514 0.706771 0.0285174
11 0.67484 0.985628 0.551232 0.0277931 0.0284808
7 0.439085 0.984208 0.0743116 0.032384 0.0284231
2 0.590466 0.0152755 0.0512094 0.0313374 0.0282792
2 0.610052 0.727838 0.0230031 0.0668174 0.0281963
11 0.333997 0.741543 0.10541 0.117787 0.0281535
6 0.396147 0.531557 0.149872 0.472286 0.0281159
2 0.58568 0.150697 0.0150528 0.051177 0.0280842
6 0.956988 0.964947 0.0850681 0.0721091 0.0278405
6 0.406916 0.519216 0.137507 0.452846 0.0276144
2 0.577437 0.0237851 0.0301374 0.0462628 0.0275986
11 0.351059 0.949083 0.188283 0.103718 0.0275817
10 0.225644 0.423794 0.0571251 0.183179 0.0275164
6 0.576382 0.755652 0.0352119 0.11664 0.0274486
5 0.430188 0.236301 0.0583439 0.140973 0.0273675
10 0.301968 0.399624 0.0344395 0.134148 0.0270364
6 0.861785 0.93651 0.055555 0.127527 0.0269416
11 0.334657 0.739493 0.11584 0.127165 0.0268831
10 0.409586 0.0348131 0.0347567 0.0701556 0.0267337
10 0.227671 0.420779 0.0590059 0.185302 0.0267236
5 0.36959 0.249892 0.0872585 0.173032 0.0267201
6 0.40786 0.436185 0.122338 0.292119 0.026701
11 0.195768 0.993094 0.231448 0.0134215 0.0266156
6 0.350487 0.634489 0.25103 0.679174 0.0265479
2 0.44633 0.0532453 0.0244248 0.10794 0.0264025
10 0.417635 0.0561177 0.0294309 0.108635 0.0260979
11 0.169891 0.992678 0.23139 0.0133675 0.0260695
10 0.220382 0.260122 0.132189 0.519192 0.0260552
2 0.542635 0.0517746 0.0167574 0.028967 0.0260004
6 0.444489 0.98227 0.102305 0.0365336 0.025667
5 0.368997 0.249584 0.0627572 0.156214 0.0254859
6 0.375213 0.64428 0.264958 0.70917 0.0254358
10 0.302391 0.398523 0.0419447 0.137003 0.025302
6 0.416409 0.417737 0.106686 0.254232 0.0252946
11 0.30415 0.708585 0.20498 0.58494 0.025292
10 0.0143091 0.721322 0.0246368 0.499038 0.0250502
2 0.411437 0.0450916 0.0203602 0.0465685 0.0248912
11 0.335528 0.989747 0.132508 0.0205766 0.0248796
7 0.588738 0.729705 0.0394933 0.0917196 0.0247747
11 0.215483 0.993236 0.200318 0.0136495 0.0246506
2 0.548223 0.603594 0.0212728 0.0421437 0.0246321
7 0.654333 0.580685 0.0232224 0.0594804 0.0246231
11 0.80838 0.976936 0.368781 0.0458464 0.0243883
2 0.450119 0.717422 0.0443445 0.0686447 0.0241366
11 0.164293 0.992938 0.232066 0.0128 0.0241143
11 0.339818 0.727549 0.249793 0.552008 0.0240533
6 0.425807 0.515667 0.115853 0.444281 0.0238658
11 0.946942 0.981841 0.10648 0.0372038 0.0236817
11 0.336858 0.852458 0.144124 0.293228 0.0231897
2 0.415179 0.0484246 0.0231206 0.0475578 0.023096
11 0.271627 0.213962 0.147285 0.229211 0.022977
5 0.41229 0.197766 0.0441093 0.0738326 0.0227843
6 0.0709584 0.978952 0.110843 0.0400723 0.0227731
10 0.25544 0.382553 0.0338444 0.0889884 0.0227497
6 0.436575 0.526943 0.119556 0.458785 0.0226069
6 0.365036 0.640893 0.281526 0.701143 0.0224721
6 0.416844 0.426619 0.112194 0.275603 0.0224377
11 0.332234 0.99178 0.126149 0.0169162 0.0223675
6 0.28627 0.973775 0.0685282 0.0527296 0.0222888
11 0.311821 0.992658 0.182239 0.0157316 0.0221067
6 0.567753 0.740789 0.0413013 0.134228 0.0220394
2 0.446431 0.0608413 0.0230191 0.0914156 0.0218686
7 0.603775 0.00989671 0.0487576 0.0204704 0.0216992
10 0.0137017 0.673952 0.0240363 0.597045 0.0215141
2 0.591801 0.0598114 0.0397177 0.122173 0.021083
6 0.0445571 0.885829 0.0879103 0.224323 0.0208927
10 0.291241 0.771692 0.0530071 0.0785962 0.0208743
5 0.380093 0.243387 0.149132 0.196117 0.02085
6 0.994582 0.918912 0.0096035 0.161683 0.0208061
6 0.854963 0.939706 0.0410845 0.12256 0.0207073
2 0.6286 0.159783 0.0200665 0.0695511 0.02063
10 0.754513 0.141036 0.0278795 0.0511061 0.0204335
5 0.468675 0.1676 0.0826098 0.118567 0.0203463
2 0.579628 0.15296 0.0169985 0.0594297 0.0200504
6 0.310993 0.189354 0.0679012 0.182972 0.0199224
11 0.351654 0.60929 0.280759 0.638153 0.0199079
6 0.223601 0.993643 0.139396 0.0130661 0.0198997
6 0.956088 0.982008 0.0851244 0.0366808 0.0197873
6 0.249228 0.993746 0.128925 0.0134424 0.0195028
2 0.438516 0.6996 0.0504171 0.117791 0.0194088
6 0.439029 0.642169 0.303312 0.716602 0.0193907
11 0.149911 0.99327 0.21376 0.0119928 0.0193397
11 0.282478 0.465745 0.161482 0.745308 0.0191413
6 0.316684 0.152351 0.0468186 0.109774 0.0190499
10 0.310558 0.39272 0.0439047 0.133874 0.0190249
6 0.463496 0.641698 0.286188 0.71316 0.0189724
10 0.258723 0.553499 0.151676 0.744035 0.0189374
6 0.118635 0.898383 0.222752 0.20251 0.0189297
6 0.404485 0.478953 0.115924 0.335941 0.0187535
6 0.421708 0.404197 0.102629 0.230336 0.0186784
5 0.429151 0.218619 0.0322773 0.109826 0.0186387
2 0.442741 0.702265 0.0541435 0.106224 0.0186312
7 0.442362 0.271923 0.0307648 0.0610611 0.018597
10 0.763316 0.139679 0.0203489 0.0452686 0.0183259
2 0.602207 0.0973123 0.0385352 0.197493 0.0182875
6 0.792459 0.652233 0.222118 0.68883 0.0182872
5 0.423451 0.194219 0.0265411 0.0636423 0.0182825
10 0.451839 0.183294 0.0262739 0.0757113 0.0182709
6 0.258927 0.99334 0.106038 0.0139114 0.0181583
5 0.390367 0.245457 0.0864797 0.172001 0.0180254
10 0.45238 0.177147 0.0394364 0.0988265 0.0180025
6 0.429684 0.527337 0.127814 0.473943 0.0178367
6 0.0444539 0.930364 0.0828844 0.137215 0.0177103
10 0.286323 0.774135 0.0502298 0.0766889 0.0176673
6 0.804584 0.514324 0.200455 0.406617 0.0176165
10 0.0116795 0.61608 0.0206438 0.700209 0.0175586
6 0.412256 0.520073 0.111413 0.229871 0.0172918
11 0.288904 0.729563 0.178035 0.542252 0.0172909
2 0.582359 0.159857 0.0162419 0.0590056 0.017223
2 0.448936 0.96118 0.0473753 0.0782734 0.0169919
6 0.803068 0.413531 0.206999 0.202726 0.0169068
11 0.456236 0.646217 0.4607 0.712494 0.016888
11 0.309506 0.743601 0.0982207 0.132613 0.016799
10 0.0118369 0.882406 0.0206603 0.217338 0.0167687
10 0.775162 0.14036 0.0223753 0.0482434 0.0167283
2 0.550508 0.0486899 0.0162563 0.0285672 0.016601
5 0.436153 0.232635 0.0495097 0.146264 0.0164795
6 0.271532 0.991099 0.0906685 0.0183895 0.0162981
6 0.80489 0.508139 0.205087 0.396813 0.0162405
2 0.373621 0.0485635 0.0197912 0.0622896 0.0162402
10 0.371371 0.0555625 0.0292552 0.112835 0.0161888
6 0.493207 0.986004 0.0857845 0.0281409 0.0161676
10 0.0553698 0.0314536 0.0425115 0.0638955 0.0160898
5 0.437547 0.237354 0.0500599 0.146319 0.0160089
6 0.583684 0.991183 0.147701 0.0167324 0.0160018
10 0.467858 0.0476413 0.0277287 0.0983554 0.0159904
2 0.606499 0.0288265 0.0504097 0.0564953 0.0159842
5 0.534552 0.16777 0.0314481 0.104391 0.0159531
10 0.919904 0.104318 0.0112167 0.0361706 0.0158438
5 0.349946 0.750189 0.0724877 0.0792391 0.0157954
6 0.712132 0.49984 0.0510671 0.157483 0.0156749
5 0.379808 0.252575 0.145669 0.198524 0.015613
2 0.601075 0.179886 0.0171174 0.0433376 0.0155837
6 0.356907 0.651305 0.118785 0.294004 0.0155025
10 0.265682 0.618243 0.143395 0.586241 0.0154488
2 0.279114 0.446746 0.0256992 0.0677236 0.015391
11 0.603472 0.992649 0.241002 0.0142075 0.0152123
11 0.361436 0.794665 0.101135 0.184744 0.0151725
11 0.409315 0.096886 0.0284795 0.0341231 0.0151486
6 0.555833 0.992426 0.144947 0.0150191 0.0151129
2 0.457844 0.0927295 0.0157299 0.0246102 0.0149478
11 0.568615 0.769676 0.344866 0.464519 0.0148105
6 0.811216 0.633961 0.199698 0.638922 0.0147657
6 0.61042 0.992974 0.203475 0.0132732 0.0143763
7 0.718627 0.474379 0.0421017 0.107381 0.014373
5 0.370079 0.261246 0.0619115 0.141933 0.0143274
11 0.475298 0.130642 0.133236 0.237097 0.0143184
6 0.307373 0.743329 0.0782847 0.122183 0.0141808
11 0.549923 0.644335 0.495769 0.717708 0.014149
5 0.440558 0.227225 0.046509 0.142686 0.0140889
6 0.347371 0.55543 0.13303 0.499219 0.0140556
2 0.614925 0.104962 0.0175347 0.0403545 0.013953
10 0.719722 0.163052 0.0318769 0.0913541 0.0138028
11 0.457763 0.109144 0.319313 0.222569 0.0137748
6 0.893036 0.985547 0.0511866 0.0285822 0.0137654
10 0.420436 0.197702 0.0466685 0.0919995 0.013603
6 0.351839 0.583387 0.131292 0.455974 0.0135961
6 0.378385 0.540328 0.101795 0.421416 0.0133101
6 0.308161 0.275245 0.0991452 0.354576 0.0132469
2 0.506394 0.0523942 0.0217378 0.0365396 0.0131113
7 0.718239 0.474322 0.0462548 0.104074 0.012993
11 0.569459 0.713494 0.351267 0.574691 0.0129092
7 0.68514 0.601842 0.0229185 0.0875286 0.0128641
10 0.342356 0.0566535 0.219411 0.111353 0.012847
11 0.43487 0.162907 0.139233 0.326449 0.012697
6 0.365615 0.586352 0.0991551 0.347817 0.0126508
7 0.691502 0.591999 0.02282 0.062109 0.0125434
6 0.0479439 0.992227 0.0804905 0.0140616 0.0123631
6 0.0783363 0.994159 0.0811635 0.0112119 0.0123403
6 0.0631965 0.993399 0.0670791 0.0121808 0.0122622
6 0.0729818 0.993462 0.0692234 0.012112 0.012005
11 0.493163 0.0296891 0.168198 0.0597042 0.0117265
6 0.661259 0.993899 0.165253 0.0110704 0.0116075
10 0.274403 0.749606 0.0662207 0.138287 0.0115551
10 0.507686 0.0129743 0.150863 0.0253842 0.0114863
2 0.662915 0.15771 0.0148825 0.0699128 0.011403
2 0.621384 0.101922 0.0136005 0.0368963 0.0112719
6 0.375163 0.448084 0.106004 0.276708 0.0111427
5 0.330479 0.242116 0.146808 0.173553 0.0110483
7 0.384311 0.295786 0.0616447 0.0853389 0.0110278
6 0.380031 0.533625 0.0952768 0.202434 0.0105003
7 0.686466 0.558445 0.0270697 0.0972729 0.0100083
10 0.652648 0.136885 0.0135143 0.0420639 0.00999422
6 0.356598 0.53881 0.0705865 0.221948 0.00961347
11 0.217238 0.620256 0.0633708 0.415873 0.0096003
10 0.603258 0.0789531 0.552514 0.162338 0.00791841
