3 0.501371 0.498934 0.995804 0.992284 0.577025
10 0.558378 0.44351 0.115675 0.153424 0.229063
10 0.570282 0.0427932 0.19343 0.086555 0.134695
10 0.532273 0.0473095 0.175478 0.0953807 0.13197
1 0.0268427 0.777838 0.0549778 0.324479 0.125423
10 0.241531 0.0345716 0.0829494 0.0711267 0.123731
1 0.036853 0.724469 0.0735871 0.516701 0.116473
1 0.0277747 0.817278 0.0568254 0.253172 0.114507
10 0.608163 0.0437585 0.209732 0.0884122 0.110852
10 0.237982 0.0309729 0.0929805 0.0645012 0.109991
10 0.328088 0.0507179 0.152518 0.102371 0.108428
1 0.0326042 0.676694 0.0655629 0.553762 0.103194
10 0.569273 0.0424408 0.259157 0.0855513 0.100822
10 0.57566 0.0268463 0.138097 0.0553645 0.0996468
1 0.0533707 0.726277 0.105555 0.534801 0.0942011
10 0.603747 0.0336437 0.118637 0.069209 0.0941555
10 0.512192 0.0390748 0.133073 0.0798722 0.0924702
1 0.0498421 0.782184 0.0992476 0.428597 0.09241
10 0.345981 0.0434339 0.0867469 0.0895552 0.0916885
1 0.0337036 0.841655 0.067931 0.304657 0.0907685
1 0.0292312 0.495868 0.0581843 0.93557 0.0898218
1 0.051424 0.497992 0.100713 0.972602 0.0892972
1 0.0512749 0.656974 0.102052 0.669437 0.0877365
1 0.0558883 0.680828 0.110547 0.620767 0.0848977
10 0.356349 0.0526734 0.134106 0.106839 0.0848328
10 0.491144 0.042549 0.0996201 0.0868016 0.0842329
1 0.0454488 0.498403 0.0895495 0.973329 0.0833319
1 0.0334865 0.623521 0.0678775 0.712907 0.0831037
10 0.564064 0.0246477 0.134605 0.050693 0.082067
10 0.0477302 0.0550658 0.0953646 0.109842 0.0819454
1 0.0568444 0.499892 0.111399 0.978313 0.0814638
10 0.867857 0.549383 0.0756937 0.143289 0.0805866
10 0.280148 0.0530769 0.234205 0.10623 0.0796611
10 0.349222 0.0494764 0.105633 0.100396 0.0786212
10 0.435908 0.0605311 0.261609 0.12243 0.0780029
10 0.869495 0.547855 0.0753683 0.141507 0.0778778
10 0.480764 0.0528936 0.106435 0.10572 0.0763154
10 0.357689 0.0460094 0.0959679 0.0934356 0.0743162
1 0.0493928 0.594758 0.0987838 0.787429 0.0741673
10 0.539705 0.0257665 0.186118 0.05299 0.0738978
1 0.0446492 0.450294 0.0898273 0.872307 0.073495
1 0.0570529 0.829928 0.11357 0.335767 0.0733319
1 0.094068 0.494392 0.190624 0.969595 0.0729713
1 0.110394 0.449379 0.221045 0.8846 0.0729415
1 0.0426781 0.582229 0.0859158 0.794049 0.072413
10 0.574295 0.0681478 0.317236 0.137638 0.071121
10 0.500376 0.0415713 0.165403 0.0841523 0.0697845
1 0.0192118 0.545027 0.0390923 0.715698 0.068538
10 0.605094 0.0277569 0.21172 0.0567199 0.0684989
1 0.0175727 0.776135 0.0353634 0.153747 0.0661202
10 0.475416 0.0549015 0.528584 0.111035 0.0659043
10 0.513075 0.0422565 0.172198 0.0859273 0.0650747
10 0.549825 0.0383027 0.130905 0.0779994 0.0648207
10 0.433167 0.0665705 0.281162 0.135008 0.0638235
10 0.547182 0.0388216 0.161349 0.0795626 0.0631166
10 0.0650356 0.0580091 0.128915 0.115859 0.0627519
10 0.299819 0.0265986 0.121257 0.0549914 0.0609556
1 0.0171636 0.566567 0.0354132 0.65486 0.060781
10 0.380622 0.0473491 0.104884 0.0954721 0.0606557
10 0.649964 0.037516 0.116715 0.0752991 0.0604926
10 0.70912 0.490729 0.0779922 0.13593 0.0600846
10 0.23537 0.0428936 0.158159 0.0868432 0.0599544
1 0.0998498 0.699238 0.199525 0.589837 0.0598918
10 0.630675 0.0348827 0.120204 0.0712614 0.0592598
1 0.0188742 0.446809 0.0381071 0.80376 0.0585784
1 0.0150202 0.764851 0.0300437 0.18419 0.0581673
10 0.101725 0.0404526 0.192206 0.0805455 0.0573312
10 0.266912 0.0374958 0.157992 0.0762203 0.0572371
1 0.0904906 0.619823 0.183945 0.726129 0.0564663
1 0.0769189 0.568772 0.15731 0.748003 0.056335
1 0.0370354 0.854936 0.0760315 0.288291 0.0561828
10 0.312306 0.0262884 0.120464 0.0549971 0.0559142
10 0.254753 0.0303211 0.0739144 0.0631801 0.0557264
1 0.189533 0.0725751 0.370915 0.145599 0.0553488
10 0.434929 0.0569971 0.136306 0.115037 0.0549825
1 0.0975547 0.648653 0.195211 0.572285 0.0546585
1 0.213898 0.0718207 0.386187 0.144993 0.0545957
1 0.0811932 0.597651 0.166171 0.702753 0.0540458
1 0.863348 0.908555 0.279694 0.183459 0.0538223
1 0.500958 0.916079 0.96725 0.16863 0.0537352
10 0.282797 0.0264645 0.180709 0.0547459 0.0533478
1 0.113319 0.742781 0.225585 0.50667 0.0532317
1 0.501092 0.922423 0.970137 0.156224 0.0530449
10 0.918128 0.0784659 0.157672 0.157544 0.0527891
10 0.494496 0.0229092 0.0829326 0.0472136 0.0522118
1 0.116036 0.717927 0.231251 0.557353 0.0520573
10 0.657054 0.0376251 0.149848 0.0758487 0.0516422
10 0.445924 0.0710183 0.0967242 0.143757 0.051428
10 0.476098 0.0533936 0.155784 0.107452 0.0512351
1 0.185903 0.468496 0.371908 0.922352 0.0509691
10 0.461175 0.0415332 0.178695 0.0844074 0.0502685
10 0.289278 0.0393782 0.128219 0.0803403 0.0496807
10 0.503701 0.0249095 0.222121 0.0507138 0.0495072
1 0.500572 0.933846 0.964961 0.132341 0.0494844
10 0.618189 0.0650693 0.462595 0.131155 0.049381
10 0.520788 0.021576 0.150558 0.0442811 0.0493489
10 0.692406 0.0416212 0.240738 0.0833131 0.0488836
10 0.667334 0.0369361 0.121581 0.0743351 0.0487345
10 0.0643666 0.0815377 0.127731 0.163165 0.0486765
10 0.720671 0.494666 0.0804462 0.138487 0.0486557
10 0.481382 0.0237668 0.0845764 0.0481606 0.0483968
1 0.922815 0.903693 0.155206 0.194741 0.0483813
10 0.0491148 0.0929695 0.0993873 0.185321 0.0480913
1 0.629475 0.918226 0.722091 0.164077 0.0478601
1 0.170681 0.499946 0.343516 0.978566 0.0476217
1 0.776452 0.91933 0.444227 0.162567 0.0475657
1 0.496889 0.923006 0.960059 0.153685 0.0475002
1 0.0443197 0.356569 0.0886814 0.70147 0.0472956
1 0.22584 0.122868 0.447167 0.244117 0.0470813
1 0.113512 0.318255 0.228193 0.630053 0.0468717
1 0.114031 0.810559 0.226677 0.376831 0.0466859
1 0.115842 0.235347 0.230162 0.466988 0.0465823
10 0.720932 0.0403742 0.0965959 0.081306 0.0465498
10 0.195385 0.0263252 0.17869 0.0534106 0.0463651
10 0.917887 0.0700621 0.166693 0.139218 0.0462354
1 0.499852 0.872201 0.970524 0.254864 0.0462326
1 0.158774 0.232361 0.318965 0.459422 0.046041
10 0.399632 0.049313 0.0893587 0.0999031 0.0460213
1 0.265927 0.0747098 0.28893 0.150522 0.0456131
10 0.295689 0.0388453 0.106039 0.0799891 0.045335
1 0.87502 0.876982 0.252385 0.246594 0.0451015
1 0.498393 0.87487 0.978649 0.250801 0.0450462
1 0.0521062 0.318171 0.103609 0.631495 0.0448227
10 0.701187 0.0406431 0.118624 0.0826809 0.0445991
1 0.226647 0.44542 0.454554 0.88066 0.0444827
10 0.213999 0.0411371 0.132948 0.0845314 0.0442138
1 0.234848 0.380736 0.472285 0.755105 0.0438033
10 0.523386 0.438832 0.0860328 0.129291 0.04362
10 0.450978 0.0430843 0.123979 0.087451 0.0434309
10 0.961567 0.58614 0.0721941 0.143346 0.0430274
1 0.205099 0.235527 0.408948 0.46893 0.0430041
1 0.867302 0.962444 0.264917 0.0764181 0.0430019
10 0.261475 0.0335674 0.0965813 0.0694611 0.0429189
1 0.502741 0.949534 0.968398 0.102606 0.042767
1 0.466247 0.931727 0.911536 0.135931 0.0427334
1 0.92187 0.854574 0.158004 0.291035 0.0422678
1 0.49816 0.869408 0.983791 0.262735 0.0417108
1 0.780854 0.966013 0.437144 0.0689289 0.0416526
1 0.0160493 0.594709 0.0323376 0.413997 0.0411598
1 0.699494 0.96392 0.594858 0.0729294 0.0411507
10 0.115238 0.0822587 0.229163 0.164536 0.0409246
10 0.194181 0.0473474 0.37803 0.0950609 0.0407267
10 0.972099 0.593333 0.0587694 0.148837 0.0402218
1 0.428818 0.91268 0.843189 0.17546 0.040174
1 0.147972 0.198211 0.294658 0.393577 0.0401254
10 0.618021 0.462751 0.0963009 0.149108 0.0397551
1 0.204744 0.204494 0.406908 0.405765 0.0397387
1 0.119662 0.849373 0.238008 0.298795 0.0393429
1 0.683547 0.966386 0.627038 0.0681276 0.0392651
10 0.651371 0.0440934 0.128666 0.0887543 0.0389613
1 0.396327 0.880257 0.780728 0.240155 0.0387639
1 0.740369 0.503198 0.521523 0.989604 0.0387476
1 0.163322 0.311113 0.32755 0.615499 0.038323
1 0.493248 0.885428 0.956973 0.22972 0.0380994
1 0.323641 0.911691 0.637737 0.177266 0.0380782
1 0.331625 0.498545 0.669169 0.983941 0.0380495
1 0.156852 0.355417 0.315487 0.703317 0.0379322
1 0.153948 0.499142 0.311711 0.97327 0.0376369
10 0.253716 0.0285876 0.296827 0.0592244 0.0375992
1 0.171647 0.113253 0.339707 0.224884 0.0375032
10 0.625715 0.0289978 0.0890859 0.0597155 0.0372484
10 0.0157663 0.171271 0.0315633 0.282545 0.0371984
1 0.426764 0.948884 0.831432 0.103793 0.0368471
3 0.474324 0.0767294 0.897125 0.154865 0.0368206
1 0.274565 0.137629 0.538042 0.274896 0.0367229
1 0.924438 0.800748 0.153038 0.396309 0.036596
10 0.693495 0.0243372 0.120087 0.0502669 0.0365899
10 0.699142 0.023605 0.136105 0.0484336 0.0365447
10 0.341401 0.073801 0.456552 0.150157 0.0365165
1 0.209379 0.309899 0.420171 0.617126 0.0358808
10 0.0151978 0.14333 0.0305297 0.267452 0.0358599
10 0.0393583 0.0305157 0.0823763 0.0625911 0.0357625
10 0.742868 0.0497501 0.260337 0.0990249 0.0357441
3 0.485732 0.222477 0.950819 0.441648 0.0357
1 0.490924 0.931037 0.959603 0.139299 0.0356541
3 0.499977 0.236619 0.989032 0.476294 0.0355879
10 0.0545582 0.141719 0.109529 0.280064 0.0353697
10 0.0485695 0.189125 0.0977529 0.37346 0.0353651
1 0.191832 0.854559 0.380887 0.290943 0.0348165
1 0.49335 0.893105 0.966268 0.215724 0.0346914
10 0.276453 0.0247039 0.105508 0.0501972 0.0340475
10 0.652211 0.0287889 0.107282 0.0588228 0.0340022
2 0.865461 0.0725425 0.0854013 0.146066 0.0339521
1 0.0500956 0.228692 0.101122 0.451537 0.0339169
1 0.922162 0.962876 0.156927 0.0766744 0.0338222
1 0.959198 0.847553 0.0844706 0.304258 0.0337435
3 0.507529 0.0623133 0.835451 0.127748 0.0336766
10 0.663066 0.0184081 0.126451 0.0368274 0.0335702
10 0.0180296 0.289619 0.0358535 0.564341 0.0334998
1 0.192606 0.829185 0.387525 0.343801 0.033227
1 0.300819 0.200579 0.595428 0.400787 0.0331402
1 0.162315 0.64602 0.325228 0.704902 0.0329977
10 0.689834 0.0248309 0.206362 0.0502764 0.03289
3 0.502163 0.0843474 0.965046 0.17006 0.0326668
1 0.668999 0.969715 0.599855 0.061514 0.0326643
1 0.171177 0.684941 0.342397 0.629113 0.0326197
1 0.32571 0.957354 0.634049 0.0859968 0.0324913
10 0.915204 0.112229 0.172809 0.22574 0.0323856
1 0.789598 0.504096 0.427014 0.986111 0.0322721
1 0.270944 0.908338 0.539395 0.184553 0.0322556
1 0.389746 0.498541 0.789146 0.98887 0.0321131
10 0.0369848 0.0466276 0.0779414 0.0942695 0.0320992
1 0.971691 0.902247 0.0591066 0.198254 0.0319555
1 0.957156 0.789312 0.0894121 0.415998 0.0315576
1 0.187303 0.769636 0.378379 0.462769 0.0314388
1 0.107667 0.119524 0.215162 0.235949 0.031187
3 0.421715 0.155111 0.82449 0.311944 0.031127
1 0.185875 0.729838 0.375071 0.543274 0.0309156
1 0.0794398 0.379732 0.159722 0.557867 0.0308241
1 0.625257 0.969365 0.718099 0.0632313 0.030733
1 0.0705427 0.875615 0.14251 0.250494 0.0306619
10 0.875623 0.533021 0.109512 0.209165 0.0306542
1 0.474095 0.969795 0.695914 0.0616287 0.0305994
10 0.82805 0.052359 0.339773 0.105362 0.0305229
10 0.672599 0.019486 0.183914 0.0397322 0.0304112
4 0.0978574 0.19043 0.196744 0.377892 0.030251
3 0.501351 0.149077 0.985832 0.300139 0.0300683
1 0.13981 0.622591 0.283354 0.720908 0.0300049
10 0.968104 0.10106 0.0675232 0.203071 0.0296927
1 0.856096 0.505377 0.287333 0.986168 0.0292747
1 0.532687 0.966658 0.846396 0.0684113 0.0289278
3 0.547299 0.06444 0.803757 0.129754 0.0286161
1 0.964088 0.506956 0.0731041 0.976778 0.0283743
1 0.433548 0.973046 0.596114 0.0553884 0.0280288
1 0.498962 0.838629 0.983224 0.324913 0.0279524
1 0.24605 0.957132 0.483392 0.0863642 0.0276674
1 0.930505 0.737532 0.142336 0.525157 0.0271648
3 0.451633 0.125748 0.877724 0.251754 0.0271325
1 0.379735 0.970602 0.690987 0.0606571 0.0267838
1 0.45905 0.832244 0.91531 0.340913 0.0264581
1 0.41826 0.113499 0.780232 0.227086 0.0264321
1 0.350049 0.787029 0.700841 0.433939 0.0264076
1 0.723671 0.500546 0.55835 0.98586 0.0264057
3 0.929643 0.507555 0.143675 0.985185 0.0262826
1 0.462753 0.851423 0.9164 0.299615 0.0261987
1 0.143352 0.51124 0.291182 0.934145 0.0260648
1 0.89913 0.504984 0.206079 0.982616 0.025983
1 0.215048 0.801241 0.43355 0.402635 0.0255344
1 0.506309 0.615586 0.99145 0.776565 0.0247945
1 0.392812 0.152064 0.686451 0.304201 0.0246293
1 0.951507 0.50731 0.100001 0.984291 0.0242702
1 0.450308 0.400622 0.913867 0.80071 0.0239394
1 0.167562 0.958708 0.329526 0.0839384 0.023491
3 0.696603 0.452549 0.614039 0.890825 0.0234816
1 0.959211 0.51456 0.0831989 0.965742 0.0232197
3 0.429408 0.253816 0.858788 0.512405 0.0230384
1 0.379285 0.714481 0.768816 0.583622 0.0228229
1 0.932577 0.50905 0.137049 0.980095 0.0222279
10 0.966162 0.502028 0.0682686 0.471986 0.0221022
3 0.50171 0.247724 0.992179 0.495396 0.0220655
3 0.746676 0.438457 0.51056 0.864087 0.022013
3 0.501944 0.131947 0.983753 0.26534 0.0218531
1 0.503955 0.624215 0.994359 0.75831 0.0216976
1 0.507509 0.548344 0.990203 0.900266 0.0215914
3 0.591701 0.119994 0.762321 0.244151 0.0215462
1 0.706794 0.796996 0.588158 0.407697 0.0214577
10 0.806112 0.431149 0.371009 0.399346 0.0214405
1 0.475485 0.147672 0.568081 0.303273 0.0209908
1 0.50808 0.812694 0.979587 0.374018 0.0208844
1 0.36592 0.28764 0.716561 0.567079 0.0208724
3 0.606679 0.134627 0.764833 0.275157 0.0207161
1 0.47482 0.750889 0.948589 0.501837 0.020668
1 0.507436 0.660639 0.989057 0.685782 0.0206302
1 0.507439 0.555652 0.989648 0.887492 0.0205735
1 0.697488 0.79672 0.609854 0.408242 0.0205271
1 0.187737 0.655668 0.382043 0.665207 0.0205102
10 0.985623 0.478817 0.0274027 0.566772 0.0202638
10 0.815575 0.531541 0.0816638 0.143225 0.0201764
1 0.505878 0.646119 0.989524 0.71603 0.0199294
1 0.505115 0.790023 0.981523 0.419177 0.0198121
10 0.593157 0.455725 0.099288 0.145057 0.0194235
1 0.981292 0.503563 0.0382914 0.922986 0.0193215
10 0.757044 0.288515 0.486664 0.571348 0.0191443
1 0.466197 0.493888 0.947207 0.979027 0.018829
1 0.538334 0.802219 0.933031 0.393877 0.0184368
1 0.495888 0.688369 0.963284 0.627983 0.0183503
1 0.327848 0.679027 0.656474 0.635772 0.0182496
10 0.947318 0.455778 0.111979 0.882293 0.0179364
1 0.720471 0.65121 0.564644 0.699358 0.0178359
1 0.695612 0.598373 0.614923 0.801171 0.0174614
1 0.478191 0.500237 0.965739 0.986747 0.0172826
3 0.510795 0.260181 0.978434 0.510778 0.0172758
10 0.909252 0.639909 0.178081 0.680947 0.0169168
1 0.581877 0.498291 0.86777 0.982005 0.0168086
1 0.472755 0.798874 0.941339 0.402662 0.0167816
1 0.387112 0.586063 0.746087 0.63131 0.0167386
1 0.338889 0.600269 0.681421 0.732817 0.0165558
1 0.268959 0.511638 0.529463 0.799702 0.0158686
1 0.513687 0.532253 0.980617 0.924105 0.0155344
3 0.508855 0.493008 0.984486 0.973076 0.0155284
1 0.513772 0.57772 0.985497 0.840985 0.0153013
3 0.49583 0.499714 0.975836 0.982298 0.0151521
1 0.569899 0.497203 0.884525 0.984116 0.0150782
1 0.466424 0.519925 0.879367 0.849322 0.0138681
1 0.501205 0.557841 0.936601 0.742178 0.0128997
1 0.507335 0.521068 0.986924 0.955019 0.0127373
1 0.657239 0.476073 0.58378 0.854976 0.0125248
1 0.515598 0.53745 0.978641 0.908435 0.0123009
1 0.552304 0.495443 0.920993 0.958318 0.0122473
1 0.513208 0.518522 0.96792 0.946516 0.0121986
