1 0.42567 0.643219 0.151182 0.193237 0.531563
10 0.537726 0.623759 0.0788772 0.150875 0.390433
1 0.558475 0.55649 0.429948 0.581899 0.345694
1 0.558284 0.557629 0.434633 0.606024 0.335885
11 0.944914 0.776155 0.111007 0.439808 0.2681
11 0.947295 0.740092 0.10694 0.360385 0.164314
1 0.473472 0.643401 0.244458 0.209281 0.145598
9 0.508307 0.376042 0.17547 0.210064 0.144974
6 0.946364 0.669763 0.109228 0.653009 0.120761
11 0.958765 0.829164 0.0846434 0.338814 0.112914
9 0.535002 0.400063 0.232245 0.265911 0.110166
11 0.907852 0.773033 0.18579 0.447991 0.10727
6 0.949205 0.681799 0.103435 0.560185 0.105493
10 0.941275 0.504438 0.120411 0.984613 0.10002
10 0.537052 0.612314 0.0557107 0.119997 0.0988862
9 0.571022 0.383196 0.154264 0.189375 0.0945974
6 0.948879 0.704037 0.104677 0.350301 0.0934176
10 0.930412 0.503617 0.139766 0.992199 0.0913108
1 0.100034 0.718752 0.202382 0.354748 0.0911786
6 0.978879 0.740839 0.0426496 0.252126 0.0909953
6 0.98145 0.810759 0.0386698 0.364752 0.0893021
11 0.924676 0.817622 0.152681 0.369376 0.0889851
6 0.981694 0.747392 0.0380281 0.218477 0.0880768
6 0.947502 0.663199 0.108479 0.491529 0.0869924
6 0.981571 0.755904 0.0384783 0.23239 0.0865462
6 0.944264 0.601999 0.113203 0.798148 0.0842782
10 0.925612 0.50375 0.149031 0.99206 0.0819239
6 0.980681 0.790132 0.0405481 0.302418 0.0812383
1 0.94202 0.504556 0.119292 0.988943 0.0798271
11 0.896386 0.808696 0.210009 0.382193 0.0793833
1 0.11489 0.756308 0.229328 0.477003 0.0753104
1 0.55454 0.670952 0.429935 0.291491 0.0740795
6 0.982645 0.806257 0.0361651 0.378888 0.0729321
11 0.936526 0.874626 0.128365 0.251921 0.071995
1 0.588747 0.473672 0.346068 0.419953 0.0705556
9 0.463402 0.371144 0.0842589 0.178478 0.069949
6 0.984214 0.739898 0.0334324 0.232412 0.0694875
6 0.982677 0.718825 0.0355253 0.149427 0.0684366
1 0.622649 0.535825 0.265788 0.301748 0.0672696
9 0.59383 0.383472 0.107256 0.170491 0.0652654
6 0.984674 0.815226 0.0318888 0.347979 0.0645038
1 0.108364 0.71324 0.217171 0.556758 0.0642469
6 0.984983 0.729207 0.0312277 0.172207 0.0634294
1 0.0559066 0.709226 0.113195 0.324523 0.0633673
11 0.918609 0.741324 0.166981 0.513368 0.062802
6 0.985396 0.819159 0.0303057 0.353905 0.0613985
6 0.93778 0.594275 0.126763 0.812839 0.06125
10 0.554657 0.609766 0.0453452 0.115636 0.0609261
1 0.633929 0.502664 0.247732 0.220786 0.0604883
11 0.976285 0.854788 0.0481648 0.291045 0.0604094
11 0.966151 0.783872 0.0716795 0.356753 0.0597649
1 0.396444 0.719202 0.777737 0.556294 0.0584811
1 0.144097 0.734614 0.286201 0.519709 0.0572703
6 0.689506 0.0391758 0.0597229 0.0779726 0.0565126
1 0.0615719 0.758847 0.124292 0.472642 0.05639
1 0.59099 0.488234 0.340171 0.438836 0.0563271
1 0.417143 0.514152 0.819025 0.966061 0.0529965
10 0.568023 0.616601 0.0699024 0.142143 0.0520792
10 0.532805 0.0304966 0.134171 0.0606677 0.0514165
1 0.0456596 0.679007 0.0935115 0.308441 0.0501364
1 0.704587 0.477793 0.118486 0.119823 0.0490962
6 0.65802 0.0401207 0.0636435 0.0809765 0.0485294
6 0.675162 0.0401308 0.0625335 0.0805886 0.048245
1 0.116782 0.674441 0.237159 0.626985 0.0481158
6 0.628449 0.0379072 0.188552 0.0765004 0.0478795
11 0.89486 0.882191 0.211781 0.236738 0.047391
10 0.95554 0.461784 0.0930763 0.878766 0.0473537
11 0.496929 0.893266 0.966351 0.21298 0.0473035
1 0.0393516 0.754921 0.0806574 0.470441 0.0470206
1 0.512841 0.671753 0.338503 0.274982 0.0460105
1 0.0317057 0.703666 0.065519 0.312497 0.0457334
10 0.644476 0.0403124 0.0657138 0.0809966 0.0444421
1 0.0211705 0.638 0.0434671 0.505598 0.0440173
1 0.698449 0.482984 0.131897 0.143636 0.0439413
1 0.537145 0.600114 0.470154 0.755587 0.043773
10 0.510386 0.622419 0.0670495 0.135668 0.0431366
1 0.548752 0.648032 0.437789 0.347381 0.0426412
10 0.605441 0.0346654 0.0592487 0.0708495 0.0425462
11 0.576508 0.0344431 0.296241 0.0697073 0.0425007
6 0.617458 0.0346895 0.0608138 0.0702505 0.0424987
6 0.686498 0.036308 0.0494295 0.0739195 0.042172
6 0.680768 0.0383156 0.171878 0.0764951 0.0419887
1 0.0553634 0.631768 0.11141 0.716344 0.0419218
1 0.635796 0.582994 0.264883 0.581801 0.0419209
10 0.522761 0.0303473 0.0593131 0.0608725 0.0417666
4 0.923364 0.0360419 0.15498 0.0731774 0.0414985
6 0.654764 0.0374732 0.0587392 0.0765071 0.0414786
6 0.990373 0.685822 0.0188234 0.231819 0.0414053
6 0.674014 0.036718 0.0525352 0.0752693 0.0406927
10 0.949071 0.507506 0.105249 0.98506 0.0405503
1 0.0245833 0.663238 0.0514595 0.225932 0.0404216
10 0.556568 0.0316852 0.0550038 0.0635483 0.0402502
10 0.528287 0.034424 0.0660007 0.068822 0.0399032
10 0.963328 0.505178 0.0768854 0.906065 0.0398231
10 0.610535 0.0383231 0.0723687 0.076607 0.0398186
1 0.49836 0.650764 0.974372 0.699074 0.0397957
10 0.931291 0.469135 0.136195 0.912812 0.0396463
1 0.559444 0.705624 0.446411 0.574645 0.0394739
10 0.884219 0.0298445 0.16613 0.060599 0.0394697
10 0.543055 0.0309172 0.0532421 0.0619981 0.0391091
1 0.554258 0.689817 0.436613 0.323358 0.0388666
6 0.701969 0.0361183 0.0489598 0.0726357 0.0387886
1 0.566644 0.631063 0.42027 0.433619 0.0387475
10 0.50348 0.0303468 0.0581741 0.0613961 0.0385864
6 0.635571 0.035132 0.0570823 0.0712487 0.0383056
10 0.586379 0.0391015 0.0716742 0.0791988 0.0379007
1 0.106147 0.593131 0.215602 0.796824 0.0374499
10 0.558186 0.607633 0.0425811 0.108605 0.0373388
9 0.509758 0.364339 0.153759 0.177329 0.0373184
10 0.578197 0.607033 0.0457293 0.114357 0.0372827
1 0.397267 0.6003 0.776918 0.781356 0.0371469
6 0.641215 0.0362812 0.0559659 0.0742336 0.0366324
6 0.94809 0.655849 0.104395 0.183603 0.0365377
10 0.616164 0.0391236 0.0798664 0.0783973 0.0360519
1 0.611732 0.468651 0.322553 0.454593 0.036004
1 0.68097 0.492913 0.148538 0.157263 0.0359959
10 0.627171 0.0404765 0.0821959 0.0815533 0.0358551
9 0.585795 0.400054 0.342162 0.281055 0.0356888
6 0.714462 0.036236 0.0428722 0.0722996 0.0356447
1 0.182217 0.752595 0.361527 0.492577 0.035629
11 0.499986 0.895569 0.976457 0.208196 0.0351995
6 0.982928 0.887906 0.0335606 0.226618 0.0351817
6 0.952361 0.651032 0.101483 0.174557 0.0348751
10 0.580922 0.614792 0.0574045 0.11704 0.0346172
10 0.927547 0.500336 0.143184 0.98926 0.0341124
6 0.942337 0.630672 0.0920473 0.129672 0.0340823
4 0.950794 0.0344025 0.101871 0.0697443 0.0340813
10 0.457433 0.0296368 0.0655225 0.0602111 0.0340792
6 0.950583 0.629138 0.104261 0.129439 0.0340137
10 0.522179 0.631851 0.123597 0.185023 0.0338751
10 0.961306 0.374626 0.0783363 0.716738 0.0336887
7 0.924993 0.653107 0.0572191 0.181452 0.0331145
6 0.991033 0.659251 0.0178944 0.19209 0.0330485
10 0.929887 0.503775 0.129597 0.965089 0.0326355
10 0.573353 0.578913 0.0475047 0.138951 0.0326
1 0.293952 0.724508 0.58687 0.543866 0.0325946
10 0.966105 0.525462 0.0687784 0.956729 0.0325216
10 0.817035 0.0311789 0.0431691 0.0648856 0.0324745
9 0.520443 0.386397 0.0845306 0.159323 0.0322441
4 0.540274 0.24899 0.0378438 0.0484007 0.0322274
10 0.893168 0.50304 0.210499 0.992428 0.0322121
6 0.713365 0.0387232 0.0525934 0.0769364 0.0320423
9 0.478031 0.417903 0.121312 0.286209 0.0318971
6 0.472537 0.0298707 0.0648068 0.0612422 0.0318331
10 0.483846 0.0300373 0.0613576 0.0614664 0.031681
1 0.129555 0.505052 0.259799 0.979581 0.0315718
10 0.922799 0.151253 0.153876 0.306151 0.0315579
6 0.989772 0.614403 0.0208315 0.324688 0.031547
10 0.926845 0.35195 0.1452 0.692732 0.0314306
10 0.469064 0.640799 0.111078 0.170607 0.031185
10 0.510034 0.625199 0.121084 0.154181 0.0311018
10 0.41457 0.0261609 0.102418 0.0522187 0.0310645
6 0.990828 0.640501 0.0184366 0.216495 0.0309892
10 0.891018 0.0298878 0.0879021 0.0612036 0.0309832
10 0.51392 0.616019 0.0577092 0.124063 0.0308416
10 0.728005 0.0363108 0.0409948 0.0730159 0.0308416
6 0.990518 0.627064 0.0190916 0.263988 0.0308297
10 0.568808 0.582913 0.0649078 0.157271 0.0307044
1 0.291824 0.899403 0.565024 0.206223 0.0305277
1 0.258808 0.76107 0.5143 0.477594 0.0305197
11 0.889926 0.935289 0.219329 0.131617 0.030363
10 0.818607 0.0186962 0.045697 0.0389777 0.0303204
9 0.532856 0.392541 0.0873185 0.164289 0.0298409
7 0.906422 0.857424 0.0445755 0.166997 0.029821
1 0.683319 0.621378 0.17415 0.431693 0.0298132
10 0.447914 0.345649 0.0516319 0.107247 0.0298094
6 0.940583 0.924711 0.120691 0.155726 0.0296645
1 0.0497349 0.803395 0.102285 0.390072 0.0295169
10 0.83435 0.0365746 0.0760828 0.0753131 0.0294891
10 0.898527 0.0238625 0.0658792 0.0483603 0.0294444
3 0.243885 0.279919 0.486131 0.550127 0.0290652
11 0.498736 0.899348 0.96323 0.20084 0.0288513
10 0.513482 0.633481 0.0765848 0.15145 0.0287642
10 0.459123 0.0357068 0.0708881 0.0728572 0.0286326
1 0.110271 0.811773 0.220134 0.377972 0.0286216
11 0.495904 0.874837 0.962853 0.24783 0.028585
1 0.543155 0.606543 0.450382 0.772253 0.0285805
9 0.47807 0.373999 0.105036 0.171444 0.0283849
1 0.527375 0.506561 0.239057 0.462154 0.0283446
4 0.684995 0.466812 0.0592064 0.0844027 0.0282418
1 0.0652848 0.559455 0.133442 0.862516 0.0281535
1 0.0276809 0.577884 0.057569 0.773971 0.0278553
10 0.915281 0.0671202 0.170162 0.135753 0.027475
1 0.53319 0.632915 0.449683 0.727228 0.0271664
9 0.472878 0.399369 0.124568 0.231586 0.0270792
1 0.189703 0.900982 0.368702 0.202771 0.0269618
10 0.921165 0.213071 0.156462 0.426326 0.0268599
10 0.472143 0.217531 0.0354737 0.164744 0.0267224
1 0.440867 0.695047 0.861829 0.609631 0.0265622
10 0.581004 0.623123 0.0628284 0.117731 0.0260668
1 0.677067 0.534024 0.207251 0.640666 0.0258402
10 0.89445 0.282511 0.203417 0.565129 0.0256925
1 0.37358 0.898156 0.731308 0.205176 0.0251339
11 0.925224 0.956361 0.151026 0.0902824 0.0251078
10 0.974876 0.242698 0.0513509 0.479925 0.0249462
6 0.92884 0.621613 0.0630684 0.117377 0.0249165
10 0.944506 0.510979 0.0981577 0.973009 0.0247959
1 0.397339 0.680054 0.77262 0.614775 0.0247906
1 0.118773 0.518141 0.241323 0.945814 0.0246101
1 0.549564 0.595259 0.431178 0.724973 0.024592
10 0.951347 0.102189 0.0983106 0.206153 0.0243735
10 0.974388 0.156242 0.0528993 0.311927 0.0240108
9 0.450238 0.372418 0.0761485 0.170358 0.023918
1 0.39531 0.906085 0.774389 0.189253 0.0238991
1 0.575461 0.574346 0.394107 0.63761 0.0238367
10 0.348252 0.0210883 0.496924 0.0425248 0.0238345
1 0.675431 0.506098 0.131088 0.123533 0.0237539
10 0.862756 0.0295654 0.105991 0.0607534 0.0235391
1 0.0830696 0.508855 0.169761 0.966237 0.0232344
1 0.607774 0.524933 0.182579 0.154912 0.0231577
1 0.250424 0.500605 0.499453 0.984723 0.0230986
1 0.684479 0.581409 0.199451 0.626616 0.0230706
5 0.503853 0.65868 0.0810475 0.128315 0.0230128
11 0.868496 0.963916 0.263054 0.0741301 0.0227991
10 0.502655 0.636274 0.167813 0.185716 0.0227833
9 0.583464 0.371226 0.0791486 0.150933 0.0224983
6 0.851772 0.884178 0.304493 0.233743 0.0224265
1 0.21741 0.834426 0.428447 0.334643 0.0223206
10 0.530808 0.627465 0.145812 0.169476 0.0221822
10 0.405188 0.0241929 0.60309 0.049171 0.0221534
4 0.983155 0.0148837 0.0351271 0.0292684 0.0221251
11 0.504092 0.959635 0.954946 0.0819315 0.0218017
4 0.691462 0.490008 0.105277 0.0875154 0.0217404
11 0.490688 0.858108 0.957903 0.282663 0.0215358
1 0.753811 0.586805 0.039814 0.129808 0.0215291
7 0.91905 0.628959 0.0461813 0.127765 0.0214962
2 0.566023 0.553065 0.0354681 0.0898364 0.0213429
1 0.483746 0.653831 0.272248 0.227272 0.0213398
1 0.398827 0.668206 0.763864 0.604625 0.0212047
1 0.462293 0.750638 0.909871 0.49725 0.0211893
11 0.391033 0.793775 0.764384 0.411525 0.0208974
3 0.258162 0.379683 0.512093 0.747377 0.0207665
6 0.787988 0.968195 0.416797 0.0650871 0.0205823
1 0.144126 0.902571 0.286224 0.200252 0.0204574
6 0.0501114 0.891371 0.103211 0.221561 0.0203945
1 0.425823 0.612089 0.777074 0.762137 0.0202475
1 0.142146 0.571395 0.286879 0.837975 0.020184
1 0.548994 0.755039 0.44244 0.478248 0.02018
1 0.378944 0.638071 0.0743513 0.171659 0.0201255
1 0.541591 0.743201 0.479932 0.510952 0.0201091
3 0.382823 0.310593 0.752361 0.613522 0.020083
2 0.903864 0.836167 0.0397581 0.204433 0.0198846
10 0.590277 0.607851 0.192135 0.216068 0.0198083
1 0.619667 0.534941 0.346952 0.829024 0.0196617
10 0.785085 0.039546 0.202624 0.0788651 0.0196069
6 0.0975782 0.904038 0.196206 0.196446 0.0195002
9 0.520913 0.380151 0.213479 0.19849 0.0193299
1 0.325184 0.914673 0.632769 0.173498 0.0191447
11 0.851176 0.809115 0.313675 0.385672 0.0190097
3 0.222806 0.206087 0.441062 0.37319 0.0189412
6 0.0492397 0.918662 0.10182 0.168811 0.0186919
2 0.574236 0.550523 0.036027 0.0802591 0.0186701
1 0.411061 0.853114 0.801639 0.291854 0.018492
1 0.467652 0.909246 0.907866 0.181597 0.0183859
6 0.718819 0.973672 0.475917 0.0539846 0.0183565
11 0.429857 0.965221 0.827805 0.0692896 0.0179364
10 0.438269 0.372051 0.0555137 0.16216 0.0177033
3 0.196011 0.315926 0.396967 0.609262 0.0174012
10 0.612338 0.588381 0.0619378 0.137748 0.0170342
3 0.420059 0.0351766 0.721099 0.0701165 0.0166144
1 0.418692 0.647079 0.146065 0.194137 0.0166016
5 0.488316 0.670777 0.0651935 0.130648 0.0164563
11 0.49473 0.963362 0.93935 0.0737627 0.0163923
10 0.550063 0.247691 0.0359674 0.0477144 0.0161067
1 0.194265 0.929881 0.37638 0.144554 0.0160411
3 0.290954 0.196899 0.548012 0.385883 0.0159597
11 0.345985 0.971292 0.648585 0.0570749 0.0159412
10 0.513318 0.249319 0.0438055 0.0495722 0.0157685
10 0.501929 0.627829 0.0979018 0.157011 0.0156341
4 0.513679 0.334975 0.0645343 0.108196 0.0155897
3 0.193892 0.20993 0.37753 0.354535 0.0155181
1 0.729554 0.599154 0.0978017 0.425523 0.0154721
1 0.517688 0.631946 0.28255 0.195435 0.0154508
1 0.590709 0.767008 0.122473 0.0673075 0.0152883
10 0.799318 0.504521 0.176373 0.991143 0.0151446
10 0.570343 0.592543 0.0330284 0.0852778 0.0149625
6 0.752297 0.885869 0.499817 0.232146 0.0148583
10 0.612827 0.599514 0.0674804 0.114243 0.0148037
3 0.366675 0.198799 0.279656 0.283317 0.0143817
11 0.259851 0.97175 0.485196 0.0566427 0.0143429
1 0.442765 0.850465 0.671561 0.302603 0.0141337
1 0.0118021 0.835976 0.0243389 0.277951 0.0137901
3 0.184104 0.397569 0.372164 0.767871 0.0132521
9 0.567267 0.355399 0.085648 0.120249 0.0130075
10 0.432627 0.36745 0.0431678 0.0754281 0.0129401
10 0.791783 0.200795 0.0140443 0.212169 0.0129186
10 0.42252 0.345421 0.0357112 0.117575 0.0124574
9 0.54524 0.314494 0.123861 0.19103 0.01225
9 0.522717 0.66244 0.205276 0.247338 0.0118827
4 0.499878 0.28546 0.0639939 0.130823 0.0118494
11 0.698858 0.403671 0.0718453 0.11262 0.0114031
3 0.412866 0.05261 0.79464 0.106015 0.0112732
3 0.390949 0.179654 0.749641 0.356626 0.0110726
3 0.397864 0.0504229 0.752625 0.0989865 0.0109423
3 0.396911 0.24387 0.772648 0.47996 0.0108209
1 0.673792 0.726747 0.37845 0.512399 0.0105953
1 0.394133 0.689411 0.153541 0.256904 0.0102688
6 0.0596627 0.990163 0.125319 0.0228814 0.00918976
1 0.378506 0.709586 0.0887619 0.221119 0.00898535
10 0.247745 0.133262 0.0389288 0.0781737 0.00817154
