4 0.421433 0.249036 0.101822 0.0722339 0.776562
4 0.4595 0.236328 0.0426566 0.0506147 0.599605
4 0.327686 0.210662 0.053321 0.0567599 0.206476
4 0.453115 0.241371 0.0424267 0.0602313 0.167615
10 0.791326 0.364994 0.0352988 0.0863544 0.159475
4 0.511479 0.239237 0.0333131 0.0288331 0.145508
4 0.27801 0.220104 0.0263686 0.0440301 0.134057
4 0.336462 0.209766 0.0446349 0.0546568 0.133259
4 0.560373 0.233949 0.0323627 0.0303266 0.132884
10 0.384656 0.215393 0.0289197 0.047376 0.121251
10 0.802038 0.365425 0.0472878 0.0892953 0.117193
4 0.532501 0.227472 0.0741278 0.0502796 0.106441
11 0.0437344 0.941411 0.0894848 0.11138 0.0966302
10 0.815979 0.367714 0.0344303 0.0802241 0.094911
10 0.791556 0.365311 0.0390937 0.0921004 0.0927597
4 0.443707 0.231774 0.0422062 0.0462509 0.0874793
4 0.544153 0.227093 0.0559512 0.0484692 0.085893
4 0.269501 0.222712 0.0262542 0.0481326 0.0844728
4 0.446668 0.243027 0.0536314 0.0657014 0.0809532
4 0.556506 0.227605 0.0459835 0.0403092 0.0772204
10 0.271998 0.216973 0.0209864 0.0470151 0.0754349
4 0.483828 0.230833 0.0419729 0.0482457 0.0747754
4 0.267528 0.219135 0.0256916 0.049232 0.0741383
4 0.316824 0.216988 0.0421049 0.0473304 0.0724108
4 0.554038 0.22698 0.0602492 0.0446842 0.0722168
4 0.439076 0.240208 0.0449748 0.0607619 0.0716696
4 0.551263 0.234796 0.034288 0.0307764 0.0711566
4 0.539443 0.229121 0.0714214 0.0438606 0.0693125
4 0.266269 0.22043 0.0346926 0.0553424 0.0681188
4 0.514301 0.226173 0.0412262 0.0524229 0.067887
10 0.819693 0.362041 0.0332226 0.0771228 0.0670952
4 0.425908 0.245582 0.0898559 0.0757577 0.066067
6 0.0455466 0.901669 0.0929487 0.188697 0.064318
4 0.538136 0.232124 0.0359236 0.0323846 0.0624047
10 0.483038 0.230123 0.018232 0.0495682 0.0614475
10 0.495277 0.224725 0.0215938 0.0530128 0.0612514
10 0.379988 0.214277 0.0436305 0.0550974 0.0610936
10 0.156584 0.498524 0.308987 0.986779 0.0585653
10 0.799813 0.36506 0.0278247 0.073912 0.0583319
10 0.49478 0.229237 0.0153683 0.0495399 0.0575659
4 0.555323 0.230824 0.0487036 0.0411708 0.0567113
10 0.499813 0.224085 0.0187987 0.0546568 0.055897
6 0.043631 0.859069 0.0878931 0.270479 0.0553248
4 0.570422 0.236576 0.0320745 0.0279796 0.0516484
11 0.794614 0.42179 0.152623 0.0612053 0.0512115
10 0.496078 0.227035 0.0379132 0.0440193 0.0495102
4 0.530854 0.236937 0.0344626 0.0282511 0.0494463
4 0.393212 0.232409 0.0381304 0.0375678 0.0492578
4 0.537641 0.236205 0.0317713 0.0282263 0.0488083
10 0.802784 0.368721 0.036261 0.0784349 0.0488004
4 0.279248 0.219671 0.0496381 0.0453243 0.0486158
4 0.294152 0.219484 0.0504467 0.0457859 0.0480031
10 0.373831 0.215954 0.037537 0.0648514 0.046148
4 0.278498 0.219571 0.0753728 0.0536088 0.0460101
10 0.499151 0.220497 0.0219505 0.0652532 0.0457697
4 0.540149 0.23644 0.0286502 0.0297078 0.0454309
10 0.369275 0.216135 0.0370582 0.0546778 0.0453169
4 0.309688 0.216459 0.0191082 0.0426497 0.0448944
4 0.473907 0.22711 0.0389916 0.0396364 0.0447849
4 0.398407 0.224162 0.0371957 0.0368496 0.0447667
6 0.0617062 0.918288 0.125558 0.157125 0.0441395
11 0.0684929 0.944572 0.137972 0.10488 0.0435135
10 0.507034 0.222091 0.0265074 0.0589402 0.0407287
11 0.795904 0.432623 0.143974 0.0917842 0.0402057
11 0.795378 0.432845 0.147518 0.0922848 0.0400309
4 0.420831 0.214876 0.103441 0.0412898 0.039979
10 0.802549 0.349537 0.0520268 0.124401 0.0395166
4 0.452362 0.244574 0.0838688 0.0710302 0.0391284
10 0.362795 0.214405 0.0270185 0.0683501 0.0390654
6 0.0390819 0.779628 0.0791945 0.424329 0.0389559
4 0.392352 0.247743 0.0701153 0.0705324 0.0381756
0 0.0713012 0.640035 0.14207 0.671483 0.0378904
4 0.293489 0.217597 0.0791848 0.0524561 0.0376003
10 0.476584 0.218569 0.0244988 0.030731 0.0372257
4 0.520356 0.221166 0.0406017 0.0415256 0.0368156
4 0.537736 0.220783 0.0511265 0.0320388 0.0367726
10 0.583806 0.234475 0.0259857 0.028785 0.0359659
0 0.0763033 0.579587 0.152351 0.806386 0.0356006
6 0.0671388 0.738519 0.134914 0.496448 0.03549
10 0.817197 0.359508 0.0315908 0.078937 0.0353737
4 0.582737 0.232593 0.0334657 0.0356185 0.0352028
10 0.366206 0.218999 0.0353033 0.0486883 0.0351272
4 0.293588 0.319925 0.0370633 0.0706197 0.0343034
10 0.142437 0.497248 0.285927 0.978574 0.0339514
4 0.296511 0.212863 0.0668163 0.0573581 0.0339511
11 0.916535 0.39004 0.16543 0.182745 0.0338411
4 0.303921 0.220293 0.0282827 0.0406108 0.0338081
4 0.399243 0.228373 0.0553038 0.0320893 0.0332626
11 0.759084 0.417602 0.0745239 0.0538875 0.0329691
10 0.416764 0.212726 0.0294488 0.0418412 0.0323568
4 0.477703 0.240462 0.0225026 0.0464519 0.032241
11 0.794272 0.442255 0.158653 0.0977725 0.0318638
10 0.138867 0.734456 0.273913 0.51264 0.0316406
6 0.0602652 0.881486 0.122027 0.228226 0.031639
6 0.0726031 0.743228 0.145234 0.494083 0.030914
4 0.42304 0.204113 0.0937466 0.0485313 0.0309046
4 0.244481 0.222591 0.0256534 0.0486461 0.0308781
0 0.0617952 0.620979 0.124712 0.720548 0.0306984
10 0.487092 0.241472 0.0150312 0.0357845 0.030131
6 0.0206696 0.748978 0.0429369 0.473652 0.0297746
10 0.137631 0.631982 0.279079 0.714269 0.0290767
4 0.398211 0.21567 0.075586 0.0431768 0.0289215
4 0.397385 0.249185 0.0876111 0.0709449 0.0285831
4 0.413401 0.234728 0.103035 0.103086 0.0284409
10 0.123381 0.742382 0.248245 0.497294 0.0282319
4 0.418916 0.205387 0.0866533 0.0383598 0.0282144
10 0.597154 0.23979 0.0268872 0.037037 0.0280844
11 0.822049 0.421838 0.093388 0.052426 0.0279757
11 0.0166896 0.946248 0.0350839 0.100242 0.0277568
4 0.419921 0.210202 0.0631711 0.0310349 0.0274789
4 0.245704 0.227046 0.0201023 0.0485629 0.0269316
10 0.158745 0.7877 0.246979 0.415306 0.0267515
6 0.065744 0.838126 0.131547 0.312034 0.0264956
6 0.0382105 0.891945 0.07841 0.209617 0.0264312
10 0.449629 0.209976 0.0269492 0.0287817 0.0263129
11 0.769772 0.419901 0.0857586 0.0549312 0.0262784
10 0.755918 0.852772 0.0655315 0.26706 0.0261496
6 0.0647297 0.708221 0.130919 0.467863 0.0260988
11 0.757647 0.416195 0.072682 0.0510643 0.0260699
1 0.450078 0.553956 0.0742353 0.0631614 0.0260248
4 0.288304 0.322507 0.0369788 0.0706363 0.0258863
10 0.0133455 0.634803 0.0262969 0.647174 0.0258722
10 0.156639 0.499201 0.311817 0.982873 0.0257869
0 0.0139464 0.691512 0.0282167 0.472305 0.0255902
10 0.375455 0.222075 0.0502197 0.0665945 0.0254736
10 0.0125349 0.618265 0.0250917 0.699718 0.0252213
10 0.354932 0.218748 0.024892 0.0734071 0.0251972
4 0.24115 0.218871 0.057687 0.0506721 0.0251042
1 0.338987 0.50233 0.675187 0.988896 0.025101
11 0.818205 0.424266 0.10801 0.058043 0.0250747
10 0.992075 0.415714 0.0163408 0.193504 0.0249995
10 0.0184184 0.516104 0.0387741 0.929066 0.0246272
10 0.473126 0.0429895 0.152023 0.085623 0.0243151
4 0.423073 0.22621 0.114046 0.139258 0.0240719
7 0.375442 0.0609142 0.0483473 0.014771 0.0239897
10 0.363115 0.212854 0.0583257 0.0612559 0.0239859
11 0.837547 0.572824 0.268802 0.412095 0.023933
10 0.459858 0.206953 0.0319964 0.0441579 0.0238786
4 0.420241 0.212254 0.0799859 0.0331121 0.0237104
10 0.134316 0.497661 0.275287 0.981199 0.0237007
11 0.820962 0.422649 0.0953126 0.053725 0.0235692
10 0.0193706 0.511616 0.0387981 0.941442 0.0232384
4 0.38577 0.244482 0.0478485 0.0653947 0.0231657
10 0.832182 0.359866 0.0307369 0.077589 0.0231171
6 0.0142206 0.721317 0.0288118 0.450164 0.0230411
11 0.014627 0.938227 0.0299486 0.116142 0.0229939
10 0.764296 0.774915 0.0431771 0.10084 0.0227835
6 0.988231 0.407851 0.0237679 0.165576 0.0226768
6 0.98815 0.421873 0.0242808 0.189698 0.0226627
10 0.12573 0.509263 0.0671365 0.338453 0.0225461
10 0.181222 0.682286 0.345076 0.617447 0.022542
10 0.103674 0.672362 0.2098 0.625316 0.0225115
10 0.255859 0.500435 0.512601 0.990829 0.0224337
10 0.00700908 0.593746 0.0142271 0.448753 0.022324
10 0.0585718 0.568892 0.119437 0.826919 0.0222346
10 0.782618 0.379676 0.037986 0.0907492 0.0221828
10 0.357267 0.220461 0.0358093 0.064004 0.0220374
1 0.498839 0.655978 0.977472 0.671042 0.0220261
10 0.449542 0.0421999 0.193805 0.0838472 0.0220033
11 0.0628111 0.943737 0.130511 0.10741 0.0219667
10 0.0360197 0.518569 0.0731798 0.84631 0.0218533
6 0.988464 0.419538 0.0236568 0.181495 0.0217847
11 0.809668 0.427336 0.11719 0.0683442 0.021587
10 0.0144163 0.51759 0.0295516 0.893057 0.0214696
10 0.365569 0.208837 0.0418232 0.0593589 0.0213895
6 0.871923 0.628324 0.189994 0.304475 0.0210704
6 0.984936 0.425077 0.0305128 0.41954 0.0210365
10 0.771898 0.373758 0.0379081 0.0967448 0.0210272
11 0.871846 0.42622 0.252577 0.240263 0.0207915
10 0.0976731 0.791581 0.0706903 0.206614 0.0206699
6 0.988266 0.390144 0.023789 0.135491 0.0205898
1 0.497561 0.652372 0.977831 0.678797 0.0205806
2 0.426645 0.0420327 0.107892 0.0811517 0.0203517
10 0.226497 0.228503 0.0208702 0.0622805 0.0202656
10 0.136579 0.583848 0.278157 0.803656 0.0199078
10 0.0842143 0.7976 0.0560285 0.197691 0.019798
7 0.920685 0.632167 0.0918716 0.287672 0.0197035
10 0.130783 0.831297 0.256628 0.322856 0.0195981
11 0.0609885 0.93189 0.126639 0.132395 0.0194887
10 0.0277455 0.515788 0.056741 0.775716 0.0194505
10 0.535447 0.047175 0.348051 0.094138 0.0194479
10 0.990916 0.467756 0.0182709 0.41719 0.0194184
10 0.772755 0.358028 0.0333115 0.0856337 0.0194078
11 0.800452 0.451139 0.163094 0.1352 0.0192955
10 0.571184 0.0525876 0.538881 0.106154 0.0192697
4 0.22303 0.224637 0.067729 0.0572647 0.0192518
1 0.493723 0.671638 0.966514 0.638631 0.0188382
10 0.10472 0.626672 0.213687 0.708438 0.018704
6 0.9795 0.489187 0.0433058 0.306315 0.0186717
10 0.178881 0.832194 0.184493 0.320397 0.0186338
1 0.394911 0.500643 0.786334 0.982255 0.0186072
6 0.990025 0.34683 0.0195538 0.291189 0.0185122
4 0.431347 0.270159 0.124913 0.0379678 0.0181074
4 0.607193 0.238073 0.0348241 0.0360436 0.018084
6 0.977697 0.577804 0.045022 0.752729 0.0179724
9 0.478353 0.249298 0.0217237 0.0539497 0.0179396
11 0.0430556 0.958032 0.0864786 0.079669 0.017804
0 0.0804262 0.568808 0.161175 0.819086 0.0176734
4 0.360553 0.243224 0.0308699 0.0430615 0.017507
6 0.867569 0.614 0.205124 0.464211 0.017371
6 0.959622 0.444011 0.0857792 0.515495 0.0173327
4 0.31459 0.23224 0.0448298 0.0432236 0.0172986
10 0.258601 0.586789 0.514957 0.806117 0.0171431
6 0.677882 0.680954 0.0847231 0.158141 0.0170327
1 0.413313 0.502605 0.815644 0.982016 0.0166541
10 0.777832 0.0422355 0.135717 0.0879453 0.0164949
10 0.6208 0.0531013 0.48011 0.108156 0.0164555
7 0.928376 0.627654 0.0707946 0.266369 0.0163695
2 0.760148 0.237848 0.0574581 0.0952047 0.0162861
10 0.0999762 0.787751 0.0718437 0.207629 0.0161258
10 0.23859 0.216408 0.028925 0.0547465 0.0160834
10 0.956384 0.555958 0.0892311 0.577715 0.01585
1 0.491993 0.672649 0.962817 0.63776 0.0157741
6 0.985965 0.626113 0.0283197 0.649562 0.0157171
10 0.619524 0.240443 0.0199733 0.0467248 0.0155383
10 0.156991 0.487723 0.301804 0.946253 0.0155382
6 0.588376 0.660965 0.0607209 0.175083 0.0154705
10 0.0968542 0.797309 0.070236 0.200147 0.0154233
6 0.101514 0.821303 0.13995 0.316933 0.0153506
11 0.115935 0.966167 0.226023 0.0602327 0.0153471
1 0.492883 0.552921 0.96656 0.867925 0.0153265
3 0.141581 0.361847 0.285323 0.710167 0.0152333
1 0.385154 0.513424 0.772721 0.945094 0.0151468
6 0.346894 0.381024 0.0444372 0.064358 0.0148833
10 0.151194 0.5015 0.306291 0.978101 0.0148161
10 0.722923 0.0470361 0.128057 0.0980254 0.0147702
11 0.821618 0.649022 0.335333 0.657381 0.0147328
10 0.130366 0.510745 0.267159 0.948773 0.0145826
1 0.502918 0.601318 0.973381 0.779665 0.0144452
10 0.0782271 0.806537 0.065226 0.197673 0.0144278
1 0.679184 0.657374 0.625488 0.674976 0.0144155
4 0.475349 0.234823 0.240267 0.145068 0.0143668
2 0.7664 0.14526 0.102985 0.289484 0.0143079
11 0.881759 0.546224 0.22838 0.4462 0.0142805
10 0.67737 0.0457448 0.389692 0.0953365 0.0142335
10 0.110887 0.273453 0.0313372 0.0588873 0.0141542
1 0.499533 0.675876 0.965932 0.629122 0.0141518
1 0.58539 0.501497 0.822208 0.94839 0.0138229
1 0.578536 0.523622 0.819236 0.924907 0.0137094
10 0.0333378 0.485932 0.0675675 0.432063 0.0134876
10 0.637082 0.221728 0.0215158 0.0520327 0.0134466
10 0.747616 0.0484962 0.125289 0.101839 0.0134179
6 0.98968 0.283357 0.0211726 0.185715 0.0133494
10 0.940533 0.465772 0.122548 0.706691 0.01333
0 0.920303 0.852752 0.0474346 0.075728 0.0131098
1 0.727547 0.662358 0.523982 0.661074 0.0130661
6 0.990096 0.28519 0.0200624 0.215543 0.0130554
11 0.751415 0.538471 0.473852 0.475115 0.0130476
11 0.0531898 0.980571 0.106905 0.0320737 0.0129542
9 0.346362 0.241456 0.0321996 0.0373172 0.0128705
10 0.619241 0.244146 0.0277613 0.0599088 0.0126951
1 0.542896 0.68781 0.880952 0.598764 0.0126891
10 0.82591 0.0404727 0.118475 0.0869964 0.0125127
11 0.990438 0.277626 0.0192747 0.17799 0.0123221
10 0.119667 0.517222 0.249897 0.940795 0.0121914
1 0.543201 0.656938 0.905676 0.661338 0.0121777
1 0.506955 0.756855 0.96596 0.474699 0.0121485
1 0.508553 0.668854 0.927443 0.627216 0.0120375
1 0.568623 0.648136 0.861419 0.675415 0.0119372
1 0.502542 0.776346 0.953035 0.435059 0.0117999
6 0.952725 0.699179 0.0882978 0.301524 0.0117449
1 0.519153 0.667658 0.946313 0.636441 0.0117328
3 0.428056 0.202358 0.147452 0.183073 0.0113657
3 0.127286 0.3168 0.25714 0.617047 0.0112979
3 0.171043 0.274772 0.339746 0.490641 0.0112497
1 0.520659 0.781067 0.876598 0.41756 0.0111264
1 0.541754 0.730925 0.799966 0.513615 0.0111188
2 0.122803 0.0290508 0.108067 0.0561199 0.0110961
6 0.370232 0.36905 0.0398377 0.0641307 0.0110627
10 0.714672 0.0509401 0.115865 0.107719 0.0110565
7 0.339642 0.0378601 0.153883 0.0730391 0.0109843
4 0.405244 0.266566 0.308481 0.356741 0.0109639
2 0.358434 0.0383657 0.166685 0.0741773 0.010924
3 0.354392 0.239109 0.696527 0.467127 0.0107654
3 0.405721 0.131201 0.832299 0.263551 0.0107582
1 0.596184 0.799364 0.671844 0.385979 0.0107386
1 0.129807 0.719801 0.0954171 0.160612 0.0103571
11 0.848902 0.384143 0.0347385 0.104925 0.0102388
1 0.740546 0.785291 0.176202 0.419636 0.0102375
10 0.686357 0.0505978 0.121671 0.106311 0.0102062
10 0.780198 0.21709 0.453366 0.436397 0.00998025
2 0.114226 0.0378595 0.148337 0.0742403 0.00988165
1 0.596936 0.618988 0.595509 0.72146 0.00983315
10 0.916322 0.322237 0.175448 0.636913 0.00972983
1 0.546943 0.572485 0.375214 0.751952 0.00963574
10 0.987214 0.0576989 0.522232 0.127074 0.00961685
10 0.986593 0.0839746 0.576163 0.170245 0.00953344
10 0.851805 0.0991067 0.122571 0.21251 0.00949693
10 0.0815058 0.0802847 0.166622 0.162243 0.00942732
2 0.109889 0.0268863 0.13773 0.052673 0.00932985
3 0.501096 0.16601 0.981059 0.319982 0.00917441
10 0.511153 0.112971 0.971387 0.229925 0.0089769
6 0.945977 0.863557 0.108484 0.251643 0.00893421
10 0.751725 0.193497 0.290767 0.39078 0.00891841
3 0.591169 0.127957 0.843901 0.262413 0.00887165
3 0.542703 0.145396 0.650789 0.291193 0.00884775
2 0.961558 0.146389 0.082378 0.185105 0.0085124
3 0.0310752 0.119475 0.258639 0.240524 0.00848451
10 0.701596 0.382738 0.118909 0.142521 0.00818022
3 0.667117 0.286012 0.639314 0.502369 0.0078682
