6 0.69951 0.368681 0.103515 0.302743 0.785734
10 0.494495 0.085857 0.0635474 0.174609 0.772152
6 0.355889 0.218801 0.100897 0.208279 0.718786
6 0.519639 0.332956 0.101925 0.244596 0.64362
2 0.762388 0.235311 0.0247266 0.0853592 0.62039
10 0.715289 0.166535 0.0843842 0.132056 0.60843
11 0.369516 0.482944 0.235494 0.33128 0.573072
6 0.596661 0.620469 0.136505 0.366118 0.5548
11 0.317832 0.193626 0.174739 0.296322 0.552948
10 0.159894 0.858815 0.0462369 0.121094 0.546011
11 0.459974 0.278356 0.168844 0.247009 0.523871
6 0.280979 0.272019 0.102722 0.168715 0.489
11 0.792311 0.339307 0.209191 0.32455 0.47779
6 0.459578 0.916402 0.189809 0.167096 0.455645
2 0.738876 0.26484 0.0299381 0.089093 0.410681
7 0.243032 0.685754 0.0451702 0.0994533 0.336104
6 0.427931 0.515117 0.129671 0.276658 0.318592
2 0.0187795 0.0979 0.0352957 0.0910403 0.27713
2 0.0669515 0.147305 0.0341917 0.0718559 0.258709
7 0.431563 0.236844 0.0240141 0.0510259 0.248989
10 0.199697 0.684165 0.386197 0.613485 0.238734
2 0.00573895 0.218972 0.012305 0.0685593 0.23709
2 0.112898 0.227548 0.0418122 0.0852302 0.224356
7 0.309533 0.422137 0.0269805 0.0435646 0.215076
2 0.05567 0.143692 0.0520988 0.0942415 0.205823
7 0.678111 0.620019 0.0330584 0.0713765 0.205321
11 0.284166 0.240262 0.12877 0.234812 0.199301
10 0.966621 0.811773 0.0687429 0.373017 0.1974
2 0.846245 0.271236 0.0217613 0.0750602 0.192594
10 0.125444 0.795598 0.0403818 0.101439 0.192285
2 0.772387 0.237489 0.0221409 0.0832753 0.184239
2 0.0471652 0.122518 0.0284749 0.0565126 0.176144
7 0.317129 0.421804 0.0275092 0.0476344 0.173729
6 0.116208 0.519797 0.0901767 0.276576 0.172662
2 0.00645046 0.250885 0.0133977 0.108461 0.167898
10 0.871145 0.460705 0.180005 0.525249 0.166646
2 0.73794 0.265412 0.0278404 0.080799 0.165033
10 0.0134813 0.717753 0.0272368 0.208068 0.163968
6 0.331074 0.226853 0.0777658 0.1845 0.163481
2 0.838571 0.276137 0.0225863 0.0793608 0.159631
2 0.0915388 0.111132 0.0197942 0.0427138 0.159494
6 0.938211 0.298509 0.0553238 0.234619 0.159259
10 0.939372 0.802551 0.125486 0.39242 0.158447
10 0.877835 0.370681 0.119389 0.328559 0.158274
10 0.925142 0.813626 0.151415 0.370991 0.153538
6 0.294982 0.265146 0.0865127 0.184232 0.153127
7 0.684196 0.605914 0.0378964 0.0989091 0.149476
2 0.0885303 0.113276 0.0169569 0.038172 0.143152
2 0.304036 0.0776616 0.0189539 0.0367225 0.140115
10 0.453258 0.0958063 0.0420269 0.143527 0.139373
2 0.307284 0.0791143 0.0192967 0.0397516 0.138639
2 0.117207 0.216004 0.0362435 0.0659266 0.136341
6 0.399236 0.915709 0.330247 0.167848 0.132082
10 0.965214 0.579278 0.0686241 0.842022 0.129391
2 0.11609 0.0115384 0.026012 0.0240272 0.123582
7 0.830311 0.270263 0.0251587 0.0895023 0.123434
2 0.26453 0.17043 0.0228471 0.0596633 0.123151
2 0.745328 0.237537 0.0225342 0.0903818 0.120671
2 0.75274 0.258439 0.0281752 0.0867592 0.120587
2 0.00455338 0.19373 0.00994149 0.120582 0.118274
2 0.0666269 0.261987 0.0345768 0.0773674 0.117824
2 0.142364 0.0468204 0.0316741 0.077891 0.113338
10 0.874623 0.589142 0.228606 0.824533 0.112801
6 0.065187 0.51989 0.1176 0.199066 0.112526
7 0.68624 0.604757 0.0391857 0.10327 0.111542
2 0.0666207 0.260025 0.0329307 0.0737397 0.109587
6 0.119453 0.274612 0.118465 0.192583 0.109485
10 0.916884 0.595059 0.164188 0.811016 0.107944
10 0.462407 0.0958231 0.0374689 0.140452 0.106366
7 0.807067 0.219853 0.0230609 0.045583 0.10569
6 0.967522 0.835584 0.0675944 0.332211 0.105572
2 0.749273 0.163745 0.0350636 0.083298 0.105514
2 0.15862 0.470527 0.0318878 0.0689586 0.105178
7 0.418779 0.236019 0.0218683 0.048291 0.103136
6 0.462308 0.964448 0.19301 0.0705675 0.10287
2 0.747786 0.23119 0.0237261 0.0849724 0.102556
10 0.753351 0.164969 0.03371 0.0797857 0.102491
6 0.26691 0.280204 0.07612 0.142644 0.102024
10 0.931533 0.677708 0.135212 0.643559 0.10172
7 0.651726 0.580275 0.054167 0.129969 0.101669
6 0.91932 0.941765 0.159093 0.119499 0.100468
7 0.315041 0.770245 0.0423208 0.0999312 0.0993362
10 0.452271 0.0878712 0.0547087 0.175818 0.0988584
2 0.661282 0.587508 0.0420533 0.137401 0.098727
10 0.92515 0.875846 0.149909 0.249369 0.0985853
10 0.012285 0.668021 0.0254001 0.462053 0.0985011
2 0.00920415 0.208097 0.0154225 0.0383057 0.0981858
2 0.854721 0.261965 0.0213245 0.0806662 0.0958333
6 0.354807 0.213838 0.0796654 0.197646 0.0939196
7 0.268437 0.199131 0.0325465 0.0478041 0.093329
2 0.776552 0.237525 0.0232334 0.0859811 0.0929948
6 0.13221 0.492229 0.0806798 0.218868 0.0922681
2 0.85628 0.276312 0.0184011 0.0693032 0.0918755
10 0.0125568 0.773266 0.0264492 0.305918 0.0917704
7 0.831854 0.2415 0.0252338 0.0563113 0.0916173
6 0.264828 0.106305 0.0396171 0.0734645 0.0913633
2 0.137961 0.0498155 0.0313299 0.080508 0.0910622
6 0.342387 0.228223 0.0768882 0.189035 0.0906332
2 0.102102 0.21072 0.0302285 0.057081 0.0895216
2 0.0290013 0.15666 0.0222607 0.044451 0.0889463
2 0.291328 0.0814125 0.0191841 0.0383039 0.088719
11 0.0940321 0.234311 0.189995 0.461395 0.0885221
2 0.859171 0.235776 0.0168349 0.042165 0.0884192
6 0.493362 0.120055 0.0561234 0.104659 0.0883695
10 0.985521 0.8039 0.0288542 0.368013 0.0883408
6 0.295761 0.257513 0.0814301 0.181248 0.0878568
7 0.723861 0.268092 0.0290326 0.0826123 0.0867608
2 0.200737 0.0764549 0.0210391 0.0296115 0.0864996
7 0.796768 0.23764 0.0368978 0.0606777 0.0864232
6 0.0829695 0.299478 0.0667252 0.159988 0.0856145
10 0.441229 0.0915232 0.0504341 0.170339 0.0849434
6 0.934553 0.236992 0.042224 0.0997918 0.0838943
6 0.0915286 0.531416 0.125305 0.230737 0.0838624
6 0.381281 0.199882 0.0828039 0.193745 0.0838143
2 0.00781279 0.100019 0.0168945 0.0917121 0.082074
2 0.858109 0.249682 0.0226212 0.0670004 0.08149
7 0.85271 0.236548 0.0186565 0.0407637 0.0811527
11 0.326571 0.142049 0.161287 0.188491 0.0811422
7 0.832646 0.236688 0.0191422 0.0509665 0.0806309
7 0.739105 0.62672 0.0310312 0.113031 0.080218
6 0.886684 0.284471 0.0891264 0.152912 0.0799375
7 0.827464 0.264621 0.0288991 0.0965354 0.0798823
10 0.0144952 0.619319 0.0275706 0.425345 0.0794288
6 0.934668 0.939489 0.131188 0.124074 0.0792
6 0.876587 0.874724 0.1284 0.251913 0.0791954
6 0.267644 0.281668 0.0900329 0.148439 0.0791811
7 0.848886 0.242495 0.0160924 0.0403679 0.0790979
6 0.404543 0.964879 0.30739 0.0710839 0.0789658
6 0.933318 0.248749 0.0452652 0.121977 0.0786638
6 0.958841 0.940917 0.0827569 0.121889 0.0772195
10 0.866259 0.471676 0.187684 0.574211 0.0772131
2 0.51239 0.965526 0.0676275 0.0702524 0.0771739
11 0.0762871 0.237661 0.157244 0.391474 0.077013
10 0.880808 0.590257 0.183334 0.813368 0.0769194
6 0.495739 0.964436 0.112191 0.0722801 0.0764867
10 0.985945 0.588432 0.0280994 0.815848 0.0752105
10 0.990771 0.722722 0.0206978 0.530334 0.0741924
6 0.400174 0.245812 0.0877618 0.17751 0.0735898
6 0.332563 0.221689 0.0700909 0.179178 0.0732923
7 0.286896 0.77278 0.08002 0.12117 0.0723155
7 0.486016 0.227818 0.0179813 0.0563892 0.0721887
6 0.316516 0.232297 0.076844 0.177256 0.0701173
6 0.290306 0.252383 0.0866477 0.19653 0.0696226
6 0.366211 0.171384 0.0698242 0.150654 0.0688846
11 0.0446871 0.151335 0.081709 0.13232 0.0677813
6 0.287733 0.259614 0.119925 0.191921 0.067703
6 0.425126 0.522835 0.124965 0.260019 0.0674511
6 0.990123 0.719059 0.0206846 0.189879 0.0674496
2 0.103951 0.013232 0.0352989 0.0273563 0.0674473
7 0.81166 0.230559 0.0237249 0.0650726 0.0670706
7 0.301324 0.423643 0.024509 0.043073 0.0669024
10 0.575199 0.121555 0.0520519 0.148134 0.0665516
6 0.370082 0.197042 0.0769392 0.192649 0.065438
7 0.824445 0.276879 0.0230616 0.0817301 0.0652552
2 0.864505 0.256416 0.0224821 0.0830843 0.0652234
7 0.482241 0.220615 0.0303438 0.0442758 0.0647073
7 0.863221 0.267514 0.0176399 0.0720776 0.0646014
2 0.0829738 0.109695 0.0190568 0.0468576 0.0644382
10 0.734085 0.164806 0.0368091 0.0845628 0.0643744
10 0.0161983 0.462739 0.0319997 0.10665 0.06427
10 0.010307 0.740295 0.0224491 0.224296 0.0633857
6 0.361378 0.243051 0.0960271 0.175127 0.0631273
7 0.46076 0.224063 0.0343967 0.0431578 0.0629195
6 0.324085 0.261608 0.0689562 0.151213 0.0627389
6 0.290189 0.249284 0.128221 0.217422 0.0623412
10 0.989376 0.633236 0.0221779 0.718874 0.0623057
2 0.765744 0.171863 0.0201548 0.0693664 0.0622144
10 0.98553 0.531426 0.0272601 0.647367 0.0618938
7 0.502696 0.964854 0.0770967 0.0717371 0.0613094
6 0.300768 0.267582 0.0704282 0.166888 0.0612566
10 0.00696865 0.510783 0.0153483 0.17999 0.0610588
6 0.967099 0.91861 0.0670528 0.166065 0.0607085
6 0.337711 0.234822 0.0753585 0.180737 0.0605595
10 0.987832 0.457636 0.0224674 0.665518 0.0605468
2 0.0643307 0.0811522 0.0236788 0.0389493 0.0601351
2 0.750995 0.25511 0.0183873 0.0760779 0.0600328
7 0.438188 0.226205 0.0322376 0.0724297 0.0600066
11 0.20869 0.195746 0.415659 0.343358 0.0592531
2 0.0665971 0.15738 0.0328878 0.0657658 0.0590386
7 0.797472 0.212804 0.0138966 0.0283724 0.0584765
10 0.0139851 0.488339 0.0284391 0.148487 0.0577191
2 0.279526 0.0787198 0.0149179 0.0323972 0.0575201
11 0.0123864 0.362207 0.0254816 0.403398 0.056397
10 0.00652806 0.482095 0.0134686 0.123935 0.05607
2 0.239349 0.159966 0.0233883 0.0518026 0.0558206
6 0.844544 0.874426 0.268921 0.254955 0.0555991
6 0.303065 0.250421 0.0824891 0.183742 0.0555183
6 0.932385 0.342304 0.0648918 0.330791 0.0554156
2 0.777738 0.173663 0.0240498 0.0678084 0.0548997
10 0.564577 0.211221 0.0981222 0.360705 0.0547209
6 0.259866 0.125104 0.0394314 0.11673 0.0546917
7 0.0331355 0.0777736 0.0167243 0.0294386 0.0545835
7 0.658255 0.615369 0.031938 0.0832544 0.0545621
6 0.356446 0.171766 0.0822096 0.143729 0.0544915
7 0.237162 0.673634 0.0421982 0.116515 0.0534433
2 0.106312 0.205951 0.0266937 0.0530281 0.0533841
2 0.168666 0.4681 0.0272387 0.0719372 0.0533368
6 0.379332 0.162837 0.0544413 0.136037 0.0532074
2 0.057762 0.0815166 0.0218947 0.0399037 0.0527334
11 0.282592 0.0958247 0.0537478 0.0530181 0.0519244
2 0.155709 0.0366699 0.024085 0.0632409 0.0518118
6 0.4075 0.221244 0.0847455 0.201047 0.0515486
10 0.734163 0.173184 0.0412085 0.10397 0.0513208
6 0.386994 0.190929 0.0768587 0.188352 0.0507256
2 0.191831 0.0774953 0.0212047 0.0288302 0.0506648
2 0.0118883 0.107077 0.0275468 0.0874332 0.0500761
7 0.284465 0.194378 0.0160577 0.0434393 0.0495822
10 0.00625589 0.457263 0.0122051 0.162663 0.0491516
6 0.321826 0.25867 0.0735279 0.160435 0.0491203
10 0.00924871 0.861804 0.0209004 0.251117 0.0477364
2 0.510958 0.96884 0.0629248 0.0650927 0.0476861
2 0.0249538 0.156941 0.025073 0.0516327 0.0474782
2 0.215405 0.0753235 0.0176139 0.0313955 0.0473897
10 0.988726 0.432334 0.0204086 0.515878 0.0473131
2 0.0932046 0.263474 0.0566154 0.153224 0.0469656
7 0.323244 0.409066 0.040674 0.0788446 0.0461153
6 0.106274 0.497211 0.0750772 0.161261 0.0459153
6 0.254734 0.280276 0.0795563 0.14343 0.0456139
6 0.573292 0.618009 0.117771 0.364508 0.0453475
7 0.261497 0.685702 0.0417821 0.089967 0.0452839
6 0.302369 0.241404 0.0856894 0.192533 0.0451764
10 0.990922 0.374839 0.0155336 0.718138 0.0448167
2 0.236909 0.158411 0.0366088 0.0671687 0.0447893
6 0.226751 0.172883 0.0432953 0.0977063 0.0447304
6 0.712896 0.367927 0.105926 0.310516 0.0445652
6 0.920076 0.359779 0.0969351 0.363906 0.0439455
2 0.0586524 0.130354 0.0415263 0.0667026 0.0433818
2 0.220932 0.0778317 0.019764 0.0318501 0.0431993
10 0.390632 0.0972439 0.0424923 0.177441 0.0429872
7 0.818929 0.215236 0.0219955 0.0341907 0.0427346
10 0.683053 0.16563 0.0665008 0.133458 0.0426611
2 0.322566 0.0764334 0.0169925 0.0384763 0.0424946
6 0.332818 0.198013 0.0671721 0.139924 0.0422826
11 0.715331 0.642849 0.382085 0.439472 0.04206
11 0.317515 0.459655 0.135835 0.284138 0.0412097
10 0.012725 0.0922693 0.0253952 0.0795252 0.0406292
10 0.695889 0.178617 0.0635024 0.102085 0.0400664
2 0.805507 0.23161 0.0205057 0.0735641 0.0400269
7 0.869569 0.234365 0.0161761 0.0436773 0.0399182
7 0.810202 0.233506 0.0357799 0.0666169 0.0396545
11 0.266353 0.264882 0.15498 0.18844 0.0394291
2 0.281558 0.169746 0.0186724 0.0555835 0.0391424
11 0.435547 0.259909 0.14543 0.184376 0.0389231
11 0.0121857 0.836165 0.023978 0.176502 0.0385487
2 0.738142 0.219664 0.0204163 0.068882 0.0385114
7 0.254565 0.764926 0.0378922 0.107164 0.0383647
6 0.312683 0.249238 0.0828473 0.175762 0.0382193
6 0.948066 0.232271 0.0428729 0.0981598 0.038124
2 0.0687959 0.249692 0.0271213 0.0620111 0.0380815
2 0.0385802 0.124836 0.0264064 0.0552032 0.038029
6 0.684393 0.304736 0.0658213 0.179833 0.0379004
6 0.886868 0.298449 0.0892265 0.170946 0.037836
6 0.420825 0.342018 0.0790233 0.149768 0.0377772
10 0.0110423 0.579585 0.0224009 0.231721 0.0377443
11 0.0482626 0.157236 0.0646437 0.0795865 0.0377435
7 0.219793 0.688951 0.0407992 0.0915314 0.0376245
6 0.685142 0.414048 0.0768969 0.177185 0.0368826
2 0.129291 0.209074 0.0279731 0.0547819 0.0363753
7 0.818279 0.226335 0.0168171 0.0459558 0.036312
6 0.678176 0.309248 0.0605505 0.189877 0.0360146
2 0.78161 0.234638 0.0230043 0.081939 0.035813
7 0.503311 0.212341 0.0146804 0.0414424 0.035629
2 0.0494501 0.150628 0.0657698 0.0953538 0.0356128
6 0.525666 0.917877 0.287848 0.166246 0.0353122
10 0.991714 0.345687 0.0138025 0.636436 0.0352694
11 0.80614 0.450618 0.328672 0.580943 0.0352027
10 0.922289 0.45342 0.0974613 0.541836 0.0343851
11 0.252938 0.197534 0.104244 0.273527 0.0334471
10 0.882729 0.346261 0.102537 0.288957 0.0332151
6 0.135074 0.566268 0.0706153 0.217252 0.0331125
11 0.342158 0.1666 0.205125 0.279387 0.0329173
6 0.459495 0.345539 0.0634456 0.130097 0.0314487
6 0.610411 0.636701 0.175801 0.396616 0.0309982
2 0.0784692 0.0723867 0.016041 0.0380467 0.0306303
7 0.649265 0.61799 0.0311025 0.0833689 0.030438
10 0.618399 0.258005 0.327885 0.49299 0.0301611
10 0.757354 0.580512 0.446143 0.765872 0.0298922
6 0.671119 0.323363 0.0590026 0.21699 0.0295587
6 0.217688 0.123747 0.0516474 0.125527 0.0290703
10 0.584163 0.263143 0.341665 0.431301 0.0290683
6 0.750374 0.455809 0.130305 0.162999 0.0286375
11 0.771904 0.323361 0.14647 0.272237 0.0284109
11 0.377879 0.422797 0.144681 0.22411 0.0281139
6 0.888677 0.318434 0.0984678 0.142368 0.0276044
2 0.086862 0.130821 0.0217057 0.0664054 0.0269146
7 0.775146 0.194681 0.0181447 0.0283811 0.0258909
11 0.681752 0.629499 0.293178 0.386895 0.0257097
11 0.826188 0.309797 0.166202 0.305296 0.0254244
7 0.26904 0.69009 0.039051 0.0948205 0.0253414
6 0.421204 0.311635 0.208948 0.331954 0.0251734
2 0.786072 0.212341 0.0177677 0.0372256 0.0238695
11 0.339779 0.396304 0.15923 0.152394 0.0238073
11 0.420821 0.44478 0.33855 0.441622 0.0225555
11 0.795424 0.360029 0.279627 0.358319 0.0224699
10 0.0937022 0.798582 0.0628098 0.123245 0.0209997
2 0.0655204 0.118076 0.0380221 0.0433737 0.0204146
11 0.793303 0.248241 0.150229 0.114491 0.0203622
7 0.811971 0.248552 0.0399443 0.100933 0.0192123
7 0.78145 0.200568 0.0166754 0.0278693 0.017117
6 0.528981 0.626708 0.065276 0.24821 0.014123
