5 0.373472 0.27011 0.0844998 0.163707 0.800863
6 0.378181 0.590934 0.209286 0.588222 0.732223
10 0.783264 0.567836 0.128863 0.470495 0.730089
5 0.297693 0.527191 0.0815043 0.205438 0.694135
6 0.394928 0.580751 0.176244 0.561148 0.480478
10 0.737158 0.901861 0.135356 0.196314 0.248858
10 0.820847 0.885223 0.0943793 0.227801 0.213441
5 0.7482 0.918198 0.101779 0.163281 0.182653
10 0.772883 0.885543 0.224728 0.229711 0.141377
6 0.844335 0.885202 0.141554 0.229364 0.129712
6 0.419987 0.537187 0.128032 0.475223 0.11178
5 0.754847 0.920982 0.0993473 0.156738 0.10375
2 0.609976 0.163368 0.0222891 0.0745061 0.094612
2 0.616256 0.164928 0.0195948 0.0749279 0.0876475
11 0.263469 0.983463 0.383729 0.0324905 0.0853645
10 0.731906 0.89693 0.122627 0.20398 0.0840882
11 0.328826 0.983924 0.510219 0.0321131 0.0808731
5 0.309702 0.500281 0.0748097 0.139369 0.0790248
2 0.404629 0.986072 0.0535574 0.0278868 0.0774767
11 0.276616 0.29307 0.132373 0.13495 0.076233
2 0.306733 0.985336 0.0522464 0.0294168 0.0714144
10 0.7709 0.887283 0.210524 0.225916 0.0703491
11 0.368205 0.983041 0.191851 0.0344463 0.0692251
10 0.737832 0.92793 0.111241 0.141519 0.0677848
10 0.843871 0.804822 0.133719 0.390853 0.0671853
6 0.86156 0.804624 0.100742 0.390172 0.065651
2 0.327823 0.983884 0.093818 0.0321623 0.0635622
5 0.766826 0.90938 0.101469 0.179064 0.0635255
11 0.739201 0.975124 0.492094 0.0496268 0.0626572
11 0.177393 0.984749 0.256179 0.0286035 0.0616415
6 0.333294 0.983078 0.122626 0.0337637 0.0616161
10 0.696274 0.0125385 0.0406774 0.0255423 0.0593232
10 0.78225 0.856347 0.260228 0.28271 0.0592474
5 0.82215 0.863396 0.0755641 0.176649 0.0586459
2 0.455328 0.986328 0.0358702 0.0272731 0.0563373
5 0.293441 0.496683 0.0756295 0.136103 0.054833
10 0.802729 0.666153 0.183393 0.673712 0.0542689
11 0.377401 0.970422 0.678876 0.0573056 0.0539187
6 0.715449 0.897773 0.187947 0.201751 0.0534488
5 0.403912 0.253658 0.0460332 0.124703 0.0533255
6 0.27705 0.277215 0.153381 0.371976 0.0509785
10 0.0669497 0.629321 0.128909 0.721385 0.0498571
10 0.743727 0.904084 0.125696 0.191424 0.0492601
11 0.335734 0.969806 0.586662 0.0590914 0.049014
11 0.26571 0.96903 0.467729 0.0615799 0.0488485
11 0.681913 0.98294 0.471412 0.0341187 0.0483944
6 0.142407 0.982222 0.195912 0.0335636 0.0482706
6 0.340943 0.505416 0.276601 0.812357 0.0480788
2 0.43329 0.0451478 0.0252884 0.058391 0.0475992
11 0.643815 0.98814 0.367202 0.0243541 0.0475294
5 0.739984 0.978755 0.0842113 0.0422334 0.0470537
10 0.739669 0.967123 0.123992 0.0657053 0.0468552
2 0.412678 0.98546 0.123876 0.0294681 0.0464811
5 0.738808 0.975447 0.0890717 0.0487848 0.0461432
10 0.745436 0.878367 0.328595 0.240111 0.0457796
10 0.0639427 0.67257 0.124512 0.633811 0.0454482
6 0.345634 0.632549 0.269506 0.677678 0.0453933
6 0.12187 0.954619 0.215205 0.0894693 0.0452639
5 0.824545 0.855752 0.0643846 0.163892 0.0450877
11 0.269981 0.306143 0.126587 0.152437 0.0449288
11 0.583555 0.986963 0.308087 0.0256868 0.0437981
5 0.742267 0.140688 0.0253674 0.0490232 0.0435865
2 0.607222 0.165801 0.0312226 0.0840989 0.0435648
11 0.932108 0.963607 0.131129 0.07444 0.0427176
2 0.533391 0.0522041 0.0160082 0.0283113 0.042485
7 0.723719 0.485488 0.0320844 0.118831 0.0424042
6 0.533309 0.985653 0.236276 0.0290723 0.0423796
6 0.959299 0.974771 0.0797995 0.0508564 0.0423693
11 0.76334 0.970708 0.314975 0.0582379 0.0423671
11 0.273724 0.298216 0.133605 0.126775 0.0422632
5 0.322411 0.515394 0.0485817 0.0901116 0.042262
6 0.342053 0.986755 0.127182 0.0276606 0.0420691
11 0.88463 0.978297 0.198894 0.0441299 0.0419997
5 0.372394 0.265388 0.0691423 0.153189 0.0418533
11 0.381505 0.967098 0.557274 0.0650175 0.0416918
5 0.405703 0.25466 0.0418261 0.120285 0.0416752
6 0.483719 0.985988 0.231457 0.0290691 0.0416233
7 0.730497 0.481981 0.0318265 0.11436 0.0415433
5 0.288424 0.505037 0.0769527 0.144997 0.0413675
10 0.0560661 0.757442 0.10972 0.466242 0.0410954
6 0.881147 0.934359 0.0860312 0.13276 0.0410873
11 0.269667 0.354067 0.139548 0.39862 0.041069
2 0.467196 0.969663 0.0401772 0.0606128 0.0407426
11 0.342126 0.691404 0.206932 0.40554 0.0407165
2 0.470993 0.985044 0.045344 0.0300525 0.0406471
2 0.587068 0.0972281 0.0196742 0.038042 0.0405902
5 0.318389 0.555464 0.0452547 0.125665 0.0403549
11 0.347259 0.735155 0.24711 0.521167 0.0400995
5 0.728501 0.984423 0.0843822 0.0315271 0.0400127
5 0.30128 0.56937 0.0589399 0.119149 0.0398394
6 0.274634 0.22623 0.147545 0.268875 0.0395874
6 0.931724 0.943833 0.131738 0.112865 0.0393328
2 0.386187 0.990823 0.0793856 0.0188929 0.0392755
2 0.576432 0.610057 0.0165298 0.0367638 0.0387604
6 0.674048 0.920397 0.446618 0.16064 0.0384834
10 0.018631 0.771712 0.035415 0.422297 0.0383838
11 0.47942 0.968916 0.782191 0.0609901 0.038325
10 0.725756 0.941798 0.117701 0.11481 0.0374982
10 0.805481 0.799133 0.205761 0.403684 0.0373553
5 0.292394 0.526411 0.0666567 0.101234 0.0372672
7 0.705829 0.0123988 0.0589421 0.027075 0.0371172
11 0.24505 0.486592 0.0388995 0.0633953 0.0371036
6 0.0200763 0.810863 0.0392197 0.352252 0.0363831
10 0.427296 0.0374546 0.038261 0.0733979 0.0363795
2 0.420085 0.0491369 0.0225452 0.0513718 0.0354231
6 0.544445 0.717818 0.0177352 0.0454794 0.0350201
11 0.570857 0.955613 0.732495 0.0890851 0.0349584
11 0.366423 0.993059 0.178359 0.015887 0.0348297
6 0.957094 0.989385 0.0808226 0.0213713 0.0346331
6 0.347571 0.643606 0.266622 0.709198 0.0345001
10 0.706697 0.0117111 0.0436482 0.0243326 0.0344904
10 0.718861 0.92385 0.112633 0.15097 0.034309
10 0.755011 0.140522 0.019905 0.0491196 0.0341896
5 0.718493 0.970956 0.0537941 0.0586468 0.033382
5 0.321683 0.531136 0.0384007 0.0622707 0.0325471
2 0.440111 0.986358 0.0434861 0.0274696 0.0322351
6 0.308131 0.262491 0.225082 0.344913 0.0320315
2 0.42158 0.0614089 0.0273436 0.0920959 0.0319909
11 0.201308 0.993344 0.270577 0.0130202 0.0319111
6 0.348312 0.541921 0.264822 0.493119 0.0316857
11 0.359766 0.993023 0.159144 0.015269 0.0316746
5 0.753331 0.976894 0.0710767 0.0462645 0.0316107
6 0.529362 0.713816 0.0162972 0.0472264 0.0315238
5 0.401677 0.258293 0.0403063 0.116261 0.0314911
5 0.409116 0.25142 0.0451504 0.123795 0.0312542
11 0.334775 0.607886 0.261794 0.616107 0.0309314
6 0.421096 0.540639 0.136267 0.482752 0.0307207
2 0.590382 0.0165174 0.0463079 0.0338088 0.0307106
6 0.883475 0.932564 0.0378508 0.137221 0.0306815
2 0.206051 0.517974 0.0127107 0.0545997 0.0306618
11 0.943275 0.990573 0.110473 0.0201647 0.0305753
11 0.60127 0.262439 0.0569921 0.169807 0.0305396
11 0.275572 0.296428 0.14064 0.122087 0.0304765
5 0.281681 0.551843 0.0673849 0.1604 0.0302963
10 0.693281 0.0124186 0.0585995 0.0273944 0.0302683
6 0.346013 0.64546 0.260132 0.696596 0.0299895
11 0.164477 0.992759 0.214981 0.0129161 0.0299065
6 0.758391 0.96681 0.137841 0.0651288 0.0297385
7 0.72423 0.478676 0.0459745 0.109402 0.0297381
5 0.826678 0.834783 0.0570899 0.121428 0.0296862
5 0.323872 0.504577 0.0683962 0.146422 0.029608
2 0.440439 0.990214 0.0946307 0.0208139 0.0292623
10 0.011752 0.72014 0.0205206 0.501154 0.0290767
2 0.715128 0.478294 0.0445843 0.114296 0.0290063
11 0.264438 0.329568 0.114052 0.189042 0.0286664
11 0.335691 0.64818 0.205171 0.477603 0.0284629
5 0.305638 0.585446 0.0370232 0.0869298 0.0283229
10 0.94309 0.884672 0.11164 0.232125 0.028173
6 0.0717399 0.980524 0.107545 0.0374538 0.0279406
2 0.434624 0.0389288 0.0337897 0.0772331 0.0277926
6 0.778885 0.986844 0.204857 0.0264421 0.0277834
5 0.413523 0.26066 0.0707371 0.152164 0.0277757
10 0.320605 0.460437 0.121606 0.336414 0.0277184
10 0.0125295 0.665078 0.0230056 0.620795 0.0275874
11 0.335506 0.747454 0.24287 0.501321 0.0274066
11 0.27146 0.347783 0.135977 0.243424 0.0271734
6 0.376185 0.643734 0.260282 0.708871 0.0271249
11 0.178733 0.992632 0.198571 0.0128657 0.0270754
2 0.37861 0.991373 0.124226 0.0181572 0.0270565
11 0.190495 0.993875 0.19962 0.0115097 0.0270078
6 0.729341 0.911265 0.122412 0.178799 0.0268474
5 0.326623 0.502393 0.0530372 0.117642 0.026843
6 0.0431955 0.886917 0.0858029 0.220753 0.0267887
5 0.281892 0.528227 0.0764884 0.160957 0.0267245
6 0.394424 0.649884 0.191087 0.692309 0.0265811
5 0.280027 0.542974 0.0671052 0.181013 0.0265497
10 0.690643 0.883175 0.470426 0.234744 0.026518
5 0.2936 0.499904 0.0753937 0.147047 0.0264691
6 0.256986 0.986815 0.081946 0.0254294 0.0261975
5 0.328034 0.544698 0.0432812 0.143166 0.0260288
10 0.967223 0.575024 0.0571634 0.849478 0.0259918
11 0.366731 0.750369 0.227344 0.491523 0.0259027
7 0.709054 0.986559 0.0421473 0.0263687 0.0257152
10 0.821158 0.890357 0.152266 0.222869 0.0256393
5 0.290172 0.573775 0.098639 0.297793 0.0255236
6 0.352547 0.531719 0.232036 0.783856 0.0254734
10 0.994391 0.920966 0.0103794 0.156854 0.0254667
11 0.286305 0.600751 0.123616 0.563942 0.0252126
5 0.366056 0.246099 0.0686169 0.116601 0.0251967
5 0.308481 0.575671 0.0402829 0.10557 0.0251168
2 0.692215 0.883831 0.0529529 0.079076 0.0249049
10 0.111795 0.900329 0.211257 0.196935 0.0246678
11 0.626234 0.993182 0.187545 0.0136144 0.024517
5 0.335466 0.536309 0.0308259 0.159258 0.0244549
2 0.412446 0.0457492 0.0205211 0.0495324 0.0241895
6 0.38729 0.64397 0.203454 0.702092 0.0240506
5 0.321884 0.49855 0.075005 0.132701 0.0239619
11 0.626686 0.994284 0.206592 0.011545 0.0239369
11 0.14089 0.993225 0.189545 0.0125603 0.0238606
7 0.606933 0.0105633 0.0452442 0.0217299 0.0238222
10 0.777528 0.920463 0.0691627 0.156843 0.0236425
11 0.613915 0.993994 0.167335 0.0114487 0.0235602
5 0.269283 0.526764 0.0645921 0.199427 0.0233851
6 0.419158 0.514411 0.118699 0.4306 0.0233122
2 0.574597 0.0233803 0.029173 0.0462392 0.0231897
2 0.589663 0.162983 0.0203279 0.0801887 0.0230198
5 0.355765 0.272645 0.0928854 0.175349 0.0229676
5 0.319472 0.494548 0.0644977 0.132642 0.0228957
2 0.545396 0.605783 0.0212878 0.042757 0.0228713
6 0.35956 0.533373 0.237864 0.467008 0.0227172
5 0.283478 0.584551 0.0471411 0.0874927 0.0226941
6 0.376428 0.540505 0.19563 0.478108 0.0226849
6 0.364154 0.652769 0.220266 0.685888 0.0226329
11 0.276139 0.412371 0.136045 0.45529 0.0225855
2 0.449127 0.053285 0.0249645 0.108453 0.0225439
5 0.280745 0.587929 0.0475929 0.0795102 0.0225174
6 0.0438959 0.935019 0.0820604 0.127596 0.0222415
11 0.370638 0.934204 0.158566 0.135126 0.0221483
10 0.608377 0.897782 0.626632 0.202542 0.0221427
5 0.840636 0.859928 0.060791 0.166179 0.0220431
11 0.280717 0.696885 0.154701 0.56504 0.0219884
5 0.351017 0.269734 0.0697459 0.161077 0.0219252
10 0.855629 0.8856 0.0649023 0.226219 0.0219201
11 0.368255 0.719028 0.188768 0.450682 0.0218756
2 0.628468 0.16264 0.0185288 0.0757078 0.0216071
2 0.202135 0.508008 0.0117472 0.079994 0.0214807
2 0.708474 0.876455 0.0413179 0.0525061 0.0212754
7 0.566835 0.288369 0.0171235 0.0398373 0.0211905
2 0.752474 0.275807 0.0189781 0.195658 0.0210996
10 0.672954 0.0115948 0.0252153 0.0246642 0.021044
10 0.69715 0.944966 0.128437 0.10916 0.0209087
5 0.342142 0.271107 0.0717316 0.164487 0.0208808
7 0.707649 0.474588 0.0394917 0.106972 0.0207665
10 0.0113467 0.883888 0.0203898 0.21553 0.0205792
6 0.514747 0.991785 0.0816742 0.0166183 0.0204709
5 0.359178 0.27535 0.0977007 0.188939 0.0204016
7 0.329919 0.574892 0.0241612 0.0736966 0.0203646
10 0.409692 0.0361222 0.0316128 0.072028 0.0202161
2 0.548118 0.0504478 0.0163489 0.0305793 0.0201547
11 0.251083 0.386155 0.0982709 0.282538 0.0200316
2 0.582347 0.151743 0.017866 0.0625043 0.0197798
11 0.717632 0.825768 0.391419 0.349112 0.0197344
5 0.38276 0.270457 0.0831579 0.177675 0.019178
5 0.424453 0.251173 0.0404209 0.122692 0.0191224
10 0.922472 0.105567 0.0117649 0.0361797 0.0189182
11 0.646841 0.993628 0.110808 0.0131002 0.0186493
5 0.280799 0.525901 0.0966017 0.20865 0.0184368
7 0.57633 0.286038 0.0180686 0.0386077 0.0182907
10 0.854323 0.886341 0.0557138 0.216667 0.0178212
10 0.785326 0.66222 0.156443 0.646885 0.0177539
6 0.840988 0.726236 0.0424633 0.217645 0.0172429
2 0.757249 0.266613 0.0196676 0.210849 0.0171569
4 0.970399 0.992072 0.0580927 0.0156754 0.0169522
11 0.353276 0.619686 0.138286 0.313463 0.016912
5 0.336706 0.511907 0.0331178 0.101244 0.0168225
2 0.465923 0.0476118 0.0267454 0.0991646 0.0167039
7 0.226671 0.490137 0.0357844 0.0662647 0.016675
2 0.630562 0.160111 0.0188054 0.0712185 0.016503
2 0.382345 0.0495943 0.0194939 0.0633833 0.0163127
6 0.356642 0.575932 0.22937 0.545214 0.0162931
5 0.413773 0.267261 0.0819319 0.164121 0.0157727
2 0.382221 0.0562857 0.0257986 0.103464 0.0156229
6 0.305278 0.15879 0.106056 0.132743 0.0153494
5 0.83687 0.826013 0.0507183 0.106642 0.0151735
5 0.719607 0.877519 0.0401587 0.0569647 0.0149951
2 0.849158 0.833797 0.0238909 0.114586 0.0149267
5 0.400195 0.212959 0.0292334 0.0504406 0.0149186
5 0.734114 0.837094 0.0592791 0.0709485 0.0148905
11 0.307141 0.261058 0.218363 0.244582 0.0147991
5 0.260734 0.530841 0.0756745 0.192233 0.0145785
6 0.0755249 0.994441 0.0775205 0.0110249 0.0142904
2 0.675715 0.89307 0.0482232 0.0918825 0.0142893
5 0.268335 0.519416 0.0774942 0.185401 0.014247
6 0.39957 0.530778 0.182961 0.480385 0.0142172
6 0.045263 0.992181 0.0762279 0.0142519 0.0141391
2 0.850924 0.853572 0.0314266 0.152148 0.0141044
2 0.565543 0.096551 0.0236452 0.0438251 0.0138798
10 0.639664 0.54455 0.0442822 0.250289 0.0138116
5 0.425295 0.25619 0.0492019 0.136723 0.0136601
11 0.338574 0.526518 0.15426 0.388039 0.0134985
6 0.06759 0.9938 0.0712262 0.0118198 0.0133179
5 0.339725 0.300173 0.102015 0.228526 0.013261
10 0.813958 0.567062 0.109875 0.464933 0.0132223
7 0.747891 0.474738 0.0315831 0.100443 0.0131592
6 0.380036 0.562148 0.106123 0.417672 0.0129854
2 0.599875 0.108873 0.0180155 0.0642357 0.0129743
11 0.263527 0.519629 0.135831 0.24216 0.0126247
2 0.574421 0.174393 0.0182085 0.0815258 0.012599
11 0.37026 0.48804 0.0743495 0.191535 0.0125329
10 0.313232 0.479338 0.118518 0.312083 0.0125304
2 0.653274 0.156858 0.0155403 0.0700151 0.0123704
2 0.505588 0.0526469 0.0206236 0.0384329 0.0121644
5 0.309821 0.287097 0.18844 0.234343 0.0121383
5 0.256617 0.53648 0.0642924 0.186063 0.0118705
10 0.331509 0.0384348 0.243282 0.0761092 0.0117659
11 0.410557 0.0965508 0.0279342 0.0354528 0.0117502
11 0.715382 0.14815 0.0613478 0.0583712 0.0116906
5 0.344897 0.502407 0.0413682 0.116836 0.0116332
7 0.690415 0.49056 0.0392293 0.138052 0.0113602
2 0.765402 0.339179 0.0160952 0.0619116 0.0113458
6 0.347708 0.536061 0.116716 0.434361 0.0111667
5 0.255531 0.534362 0.0623966 0.180566 0.0108045
5 0.713477 0.147735 0.0339291 0.0613151 0.0104161
6 0.411294 0.311037 0.227953 0.254077 0.0103584
5 0.331911 0.273515 0.048566 0.164038 0.0103372
11 0.249638 0.533359 0.0535935 0.177936 0.0101935
11 0.347108 0.486166 0.0568442 0.126311 0.0101437
2 0.622329 0.102309 0.0125413 0.0505627 0.00994954
7 0.800895 0.0351632 0.220713 0.0746736 0.00994116
2 0.649952 0.145499 0.0134042 0.0535226 0.00980251
