9 0.566296 0.428828 0.197273 0.28837 0.829648
6 0.970784 0.785892 0.0595502 0.403855 0.4586
9 0.434543 0.462555 0.210474 0.259159 0.380112
10 0.443647 0.457013 0.130755 0.248364 0.316508
10 0.446968 0.44532 0.176946 0.281152 0.201188
0 0.430602 0.495796 0.19463 0.188802 0.188924
9 0.501887 0.443917 0.345443 0.301001 0.182287
6 0.974554 0.74812 0.0521337 0.323117 0.167534
9 0.474897 0.657532 0.176294 0.224554 0.163014
11 0.500045 0.906652 0.989281 0.183981 0.13737
9 0.668079 0.425675 0.110444 0.240635 0.134748
9 0.638021 0.429383 0.19143 0.272837 0.133714
6 0.971736 0.70689 0.0581875 0.578314 0.131525
10 0.969913 0.638571 0.062788 0.71903 0.129183
10 0.595476 0.653592 0.0728509 0.143062 0.126887
11 0.498408 0.908931 0.987403 0.179203 0.121638
6 0.949784 0.791577 0.10137 0.412631 0.118275
6 0.974433 0.691435 0.0532329 0.208671 0.111563
9 0.463632 0.483681 0.271857 0.231946 0.105758
10 0.963906 0.516041 0.073588 0.970686 0.0997635
10 0.958679 0.513123 0.0831375 0.973429 0.099756
11 0.939288 0.796471 0.12411 0.402529 0.0993302
10 0.962649 0.723536 0.0763025 0.548283 0.0957696
9 0.461346 0.446695 0.276285 0.308581 0.0861834
6 0.974127 0.764678 0.0535841 0.342398 0.0850957
11 0.972468 0.855597 0.0571133 0.285463 0.0840687
10 0.962041 0.531474 0.0771414 0.944287 0.0835864
11 0.494607 0.912243 0.977472 0.17311 0.0825849
6 0.960618 0.745947 0.0798017 0.504721 0.0817403
10 0.46014 0.443842 0.143658 0.280965 0.0815459
6 0.0357228 0.920547 0.0731525 0.160536 0.08067
9 0.518801 0.389362 0.0961168 0.188071 0.0802974
6 0.0777612 0.917019 0.154809 0.167551 0.0744072
10 0.451221 0.439995 0.132166 0.280089 0.074006
11 0.968747 0.798741 0.0624714 0.404438 0.0737289
10 0.481067 0.43851 0.178404 0.288473 0.0715573
9 0.620825 0.432915 0.106981 0.270487 0.0712359
6 0.972295 0.685709 0.0584232 0.197997 0.0685857
11 0.9393 0.875333 0.121594 0.251294 0.0677077
6 0.976057 0.666945 0.051422 0.156611 0.0674348
10 0.975876 0.576776 0.0491186 0.791618 0.067287
10 0.959219 0.511457 0.0824808 0.984094 0.0664322
11 0.503878 0.736054 0.996876 0.527522 0.0663992
9 0.45413 0.447231 0.126011 0.283459 0.0660044
6 0.967753 0.746715 0.064949 0.328505 0.0658375
11 0.4984 0.90442 0.982562 0.189834 0.0655144
9 0.593437 0.667838 0.505364 0.340962 0.0635184
9 0.575315 0.40264 0.321395 0.330998 0.0629416
9 0.672289 0.406856 0.118798 0.277622 0.0622607
9 0.464908 0.445487 0.103778 0.285203 0.0620188
6 0.0263421 0.888359 0.0544646 0.22157 0.0619548
9 0.544026 0.435127 0.213186 0.282416 0.0619033
10 0.984639 0.743316 0.0319422 0.480124 0.0608863
6 0.106557 0.911881 0.214063 0.17736 0.0601439
11 0.442351 0.910758 0.87649 0.177245 0.0592645
10 0.408463 0.447945 0.096279 0.217564 0.0587567
6 0.0587358 0.895511 0.119984 0.20861 0.0586022
6 0.985478 0.774922 0.0297195 0.359492 0.0585083
9 0.557117 0.684936 0.34788 0.294956 0.0580621
10 0.944474 0.619402 0.112001 0.762655 0.0577857
6 0.98154 0.794589 0.0394361 0.400931 0.0570251
6 0.124754 0.915969 0.248769 0.170179 0.0565732
10 0.48054 0.513039 0.085471 0.143924 0.0563177
11 0.503828 0.95849 0.977693 0.0826182 0.0562325
11 0.93929 0.908208 0.122903 0.186234 0.0556538
9 0.584038 0.562021 0.527485 0.555565 0.0550417
6 0.170692 0.906135 0.336845 0.19026 0.0549106
10 0.977232 0.557265 0.0445318 0.889231 0.0542706
6 0.980605 0.793944 0.0409674 0.404404 0.0535791
10 0.450922 0.508429 0.159381 0.158042 0.0529555
0 0.435486 0.510558 0.178909 0.153136 0.0528666
6 0.977964 0.794567 0.0474152 0.404312 0.0524916
11 0.497637 0.905042 0.982421 0.188864 0.0516035
10 0.492096 0.458329 0.0804068 0.251524 0.0513439
6 0.583403 0.0339411 0.132878 0.0682034 0.0512791
6 0.982132 0.794048 0.0377502 0.400411 0.0511127
11 0.971258 0.890788 0.0586788 0.216738 0.0506292
6 0.986163 0.758005 0.0283588 0.328977 0.0504132
6 0.184132 0.911344 0.36495 0.180528 0.0500704
9 0.55003 0.687584 0.414397 0.294949 0.0500274
10 0.968214 0.550437 0.0594885 0.899734 0.0498833
9 0.568134 0.466149 0.498394 0.363335 0.0493481
10 0.968476 0.496282 0.0644009 0.764991 0.0492175
2 0.587099 0.67019 0.0654107 0.117445 0.0489567
10 0.481309 0.451869 0.0821308 0.266737 0.0484777
9 0.609321 0.418925 0.0867355 0.242859 0.0478991
6 0.6841 0.0356801 0.17443 0.0714496 0.047857
10 0.502808 0.431256 0.121308 0.265612 0.0477159
10 0.0365766 0.782568 0.0735356 0.426729 0.0476224
10 0.596277 0.64842 0.0550798 0.129288 0.0472306
6 0.238742 0.903256 0.469462 0.197138 0.0467919
7 0.243022 0.437819 0.0685271 0.0962248 0.0466595
11 0.501062 0.714533 0.973285 0.566655 0.0460754
6 0.900291 0.881802 0.206752 0.237691 0.0459796
6 0.987253 0.765964 0.0260818 0.342396 0.045894
10 0.616121 0.641627 0.0577595 0.129356 0.04586
10 0.0561712 0.65672 0.113648 0.680964 0.0457642
6 0.98636 0.768847 0.0280676 0.357692 0.0456949
10 0.63193 0.0347562 0.269888 0.0701013 0.04569
6 0.0471063 0.847792 0.0951123 0.301794 0.044239
10 0.0610726 0.710478 0.119434 0.576141 0.0441594
10 0.054704 0.760756 0.108473 0.470644 0.0435462
6 0.0286774 0.934299 0.0597045 0.133625 0.0435238
0 0.38879 0.469662 0.124496 0.236951 0.042878
10 0.47943 0.50814 0.101019 0.15295 0.0427561
6 0.910386 0.806761 0.190052 0.386717 0.0426707
10 0.0226699 0.734605 0.0450017 0.501972 0.0426564
10 0.0345323 0.760694 0.0695403 0.465867 0.0426439
11 0.500733 0.960277 0.962222 0.0790582 0.0422369
10 0.934023 0.507073 0.128318 0.987561 0.0419989
7 0.111785 0.723056 0.103659 0.141617 0.0418389
10 0.0602243 0.785738 0.119035 0.423088 0.041584
9 0.616345 0.43142 0.123854 0.275076 0.0414806
10 0.494287 0.504859 0.0756342 0.147336 0.0407377
6 0.244434 0.916008 0.485003 0.172197 0.0402909
10 0.397622 0.458952 0.14331 0.248925 0.0402311
10 0.734188 0.0389367 0.212131 0.0782019 0.0400982
6 0.983809 0.798451 0.0335672 0.394606 0.0400626
11 0.447322 0.901695 0.881708 0.195481 0.0400454
11 0.506426 0.963748 0.977971 0.0727985 0.0399108
11 0.347928 0.914971 0.693744 0.172839 0.0399096
6 0.966038 0.753774 0.0688368 0.33943 0.0396696
11 0.984675 0.850121 0.030425 0.287836 0.0395193
0 0.411208 0.512407 0.167475 0.168423 0.0391069
6 0.588088 0.0355393 0.061842 0.0720759 0.0390884
6 0.984969 0.763443 0.0319099 0.377692 0.0390458
6 0.882315 0.920341 0.240539 0.162011 0.0389146
10 0.389035 0.458346 0.126406 0.245349 0.0386265
10 0.496302 0.495918 0.0717465 0.159343 0.0385412
11 0.329513 0.901501 0.657211 0.200143 0.0384862
7 0.973832 0.877476 0.0546411 0.152435 0.0384728
2 0.748206 0.51794 0.123839 0.1615 0.0383318
6 0.789933 0.924607 0.427718 0.153095 0.0382828
3 0.282267 0.283389 0.547675 0.553287 0.0382577
2 0.517694 0.811815 0.0702091 0.0393139 0.0382201
6 0.0778184 0.953613 0.155619 0.0950889 0.0381788
10 0.590174 0.654826 0.0627422 0.132218 0.0380787
10 0.0718359 0.59182 0.144223 0.815376 0.0376505
6 0.615885 0.0380328 0.0605916 0.0769875 0.0374062
7 0.959297 0.874793 0.0390242 0.137731 0.0371129
9 0.485152 0.449474 0.0928878 0.279978 0.0370627
10 0.422905 0.416209 0.0878901 0.162868 0.0366887
10 0.444565 0.414612 0.114593 0.158168 0.0366176
6 0.120993 0.867517 0.241797 0.265514 0.0364748
6 0.980511 0.613752 0.0407034 0.327077 0.0362388
0 0.43588 0.516463 0.174267 0.144719 0.0359913
9 0.505674 0.465661 0.355992 0.26645 0.0357178
9 0.593663 0.255036 0.0375623 0.0449133 0.0355553
6 0.0160792 0.852376 0.0331439 0.225236 0.0354639
10 0.604311 0.0360811 0.0654721 0.0727228 0.0353318
11 0.927625 0.950403 0.147085 0.101529 0.0351475
10 0.0675834 0.536818 0.134448 0.934962 0.0347622
6 0.97881 0.697899 0.0458257 0.217753 0.0345485
10 0.12139 0.798734 0.239554 0.401254 0.0344372
0 0.436381 0.517676 0.20561 0.157662 0.0344003
6 0.785412 0.968835 0.432446 0.0633058 0.0343263
10 0.966781 0.365923 0.0703001 0.662665 0.0342886
10 0.564445 0.0353493 0.0639299 0.0722255 0.0339424
9 0.579956 0.691272 0.447727 0.277067 0.0335543
7 0.982891 0.845752 0.0345791 0.231088 0.0335201
6 0.707482 0.929694 0.593351 0.14083 0.0333035
10 0.4604 0.496372 0.126496 0.157509 0.0331606
9 0.51722 0.378428 0.0889349 0.166211 0.0329042
10 0.393501 0.460917 0.140302 0.249803 0.0326365
6 0.979112 0.885675 0.0439724 0.228675 0.0324905
6 0.855257 0.964529 0.292527 0.0722398 0.0324588
9 0.551234 0.435521 0.181326 0.288437 0.0323757
10 0.507479 0.197857 0.0481904 0.248407 0.032374
10 0.725398 0.488073 0.0560089 0.106647 0.032164
10 0.0712153 0.523277 0.143461 0.953167 0.0321309
6 0.967719 0.92847 0.0664807 0.146913 0.0321234
10 0.382071 0.457385 0.112262 0.244504 0.0320987
10 0.135158 0.571454 0.269583 0.855032 0.0318466
11 0.37385 0.962651 0.723473 0.0746607 0.0317889
6 0.181075 0.860151 0.359523 0.279959 0.0315346
6 0.796193 0.890343 0.419753 0.222803 0.0313822
3 0.280981 0.30234 0.548947 0.595855 0.0313053
10 0.901192 0.509744 0.206529 0.98909 0.0312591
6 0.981828 0.885473 0.0373915 0.228421 0.0310717
9 0.601039 0.442632 0.265712 0.316454 0.0309308
9 0.589434 0.410349 0.0807322 0.227091 0.0309027
10 0.102976 0.526686 0.206691 0.952926 0.0307792
10 0.927592 0.508453 0.140454 0.982092 0.0307246
6 0.546214 0.0356664 0.071836 0.0731308 0.0307117
10 0.138991 0.627257 0.276498 0.741253 0.0306959
7 0.983066 0.868714 0.0340353 0.250312 0.0305505
11 0.955212 0.773338 0.0888993 0.375496 0.030545
4 0.583594 0.260111 0.0402585 0.0571128 0.0304226
6 0.702261 0.967719 0.556311 0.0652979 0.0303985
10 0.473726 0.512359 0.120503 0.15066 0.0301384
6 0.0116086 0.920372 0.0242176 0.160262 0.0301193
7 0.981633 0.875447 0.0376349 0.19376 0.029884
0 0.424171 0.513781 0.191297 0.156234 0.0295454
6 0.140105 0.965635 0.277571 0.0696585 0.029441
11 0.290123 0.965901 0.544249 0.0691302 0.029285
2 0.953493 0.885745 0.0373406 0.157478 0.0291277
9 0.516708 0.667146 0.163941 0.218513 0.0291031
6 0.531221 0.0363403 0.0717505 0.0752067 0.0290236
11 0.510993 0.960895 0.980993 0.078417 0.0289708
6 0.203487 0.967361 0.394707 0.0664163 0.0287437
11 0.496298 0.772619 0.98005 0.451238 0.0286341
6 0.0109941 0.91832 0.0228601 0.158342 0.0285328
10 0.131607 0.510707 0.262072 0.97649 0.0284725
9 0.466608 0.500485 0.192542 0.16667 0.0283755
3 0.437323 0.501256 0.86362 0.983935 0.0282908
11 0.512518 0.961088 0.984511 0.0779656 0.0282257
10 0.94046 0.532168 0.114505 0.942099 0.0279916
10 0.0690467 0.529144 0.140891 0.93839 0.0277986
10 0.0227953 0.574241 0.0463565 0.831611 0.0277144
10 0.425471 0.463696 0.170638 0.250237 0.0276108
6 0.97171 0.648694 0.0543594 0.124888 0.0275725
10 0.485056 0.656424 0.138438 0.215494 0.0274949
7 0.819708 0.591126 0.0361767 0.127793 0.0269019
9 0.652277 0.427093 0.0908612 0.184876 0.0264425
10 0.488087 0.536941 0.0670682 0.0929736 0.0263341
10 0.513016 0.0366976 0.0906154 0.0763834 0.0262141
9 0.605019 0.641493 0.486837 0.398103 0.0260571
6 0.983822 0.599547 0.0334053 0.223062 0.025898
6 0.981881 0.905227 0.0372522 0.190475 0.0257656
7 0.0194861 0.86186 0.0405459 0.0498764 0.0257293
9 0.638991 0.422768 0.0891766 0.246457 0.0257161
10 0.149423 0.510369 0.294831 0.974227 0.0256621
10 0.462489 0.41258 0.122144 0.161279 0.0254625
6 0.981109 0.647502 0.0415766 0.127304 0.0253722
10 0.733193 0.478064 0.0481129 0.0891777 0.0252841
9 0.634373 0.437793 0.223671 0.264615 0.025076
10 0.455876 0.456321 0.150857 0.251434 0.0250314
6 0.280501 0.849972 0.553521 0.301605 0.0250079
5 0.505039 0.666874 0.132623 0.199223 0.0248681
9 0.493551 0.515143 0.345071 0.185082 0.0248355
9 0.589551 0.684978 0.518356 0.302932 0.0247138
11 0.504223 0.694357 0.968922 0.601468 0.024685
4 0.433313 0.442283 0.161434 0.250151 0.0246775
9 0.580937 0.559243 0.532818 0.606062 0.0245365
10 0.703519 0.445026 0.0567268 0.199247 0.0244809
6 0.665267 0.972569 0.647071 0.0552656 0.0244593
11 0.51269 0.96874 0.960643 0.0623215 0.0242143
11 0.505044 0.896048 0.986802 0.209309 0.0241069
9 0.603814 0.635003 0.48868 0.405992 0.0239048
10 0.373625 0.453273 0.10934 0.274332 0.0237029
10 0.509146 0.0375656 0.0761861 0.0782603 0.0234845
6 0.0123436 0.882926 0.0273543 0.227475 0.023395
10 0.455434 0.443913 0.173013 0.260454 0.0232038
9 0.568892 0.486735 0.182367 0.186586 0.023111
10 0.404098 0.509933 0.130914 0.131398 0.0229171
9 0.495959 0.356946 0.060297 0.114808 0.0225545
7 0.236474 0.440922 0.0803209 0.107014 0.0225233
10 0.405625 0.505373 0.11999 0.121456 0.0224337
11 0.36018 0.82388 0.706099 0.356212 0.022152
0 0.413501 0.516404 0.170568 0.140183 0.0220754
10 0.387857 0.472195 0.121368 0.204897 0.0219283
3 0.336666 0.393003 0.662637 0.774951 0.0213368
11 0.507314 0.941688 0.972197 0.11694 0.0211402
9 0.656169 0.622087 0.695107 0.746619 0.020752
10 0.467204 0.533542 0.103904 0.120781 0.0203537
11 0.50553 0.73281 0.958022 0.528689 0.0199147
10 0.490801 0.495151 0.113952 0.15656 0.0197155
10 0.435308 0.519714 0.13534 0.135857 0.0194848
10 0.28617 0.779964 0.561946 0.440476 0.0193205
3 0.368119 0.498702 0.725531 0.982086 0.0189258
9 0.479824 0.453694 0.195945 0.285818 0.0185149
3 0.407195 0.281736 0.762294 0.562053 0.018506
10 0.71851 0.446664 0.123911 0.245361 0.0184133
2 0.546129 0.688715 0.0763682 0.131707 0.0184006
2 0.564098 0.666606 0.0587323 0.104485 0.0183677
9 0.550978 0.499566 0.244361 0.176637 0.0180629
7 0.519136 0.464995 0.0546256 0.197257 0.0175659
9 0.505069 0.457227 0.078453 0.185897 0.0173266
10 0.617049 0.627792 0.029216 0.131043 0.0172871
10 0.719158 0.492485 0.0763371 0.11578 0.0171635
10 0.157819 0.509687 0.310117 0.957544 0.0170319
3 0.252829 0.209216 0.485648 0.392357 0.0169568
3 0.434752 0.207936 0.222221 0.304019 0.0168567
2 0.515617 0.501007 0.0477569 0.131303 0.0164661
10 0.63964 0.609258 0.0861274 0.157672 0.016297
3 0.349792 0.214028 0.40908 0.340956 0.0161148
9 0.532877 0.518061 0.181741 0.143916 0.0159652
10 0.498522 0.499112 0.070044 0.156236 0.01593
11 0.467941 0.73324 0.912592 0.40689 0.0158476
11 0.499617 0.623644 0.984801 0.737003 0.015828
11 0.555326 0.682436 0.654393 0.333155 0.0153481
10 0.478432 0.373427 0.053821 0.155818 0.0151067
9 0.518113 0.482946 0.127863 0.21888 0.015036
10 0.500507 0.500707 0.0711962 0.155138 0.0148353
7 0.533378 0.475006 0.0384285 0.130484 0.0145444
9 0.52897 0.39778 0.117629 0.200758 0.0142785
11 0.983438 0.741255 0.0800097 0.301757 0.0139371
10 0.699495 0.411713 0.0430702 0.153897 0.0134668
9 0.513689 0.431484 0.0913761 0.208325 0.0132663
3 0.400454 0.49757 0.784117 0.92862 0.013233
9 0.578258 0.555702 0.523386 0.594318 0.0132074
9 0.532012 0.758749 0.391454 0.14667 0.0130777
11 0.769522 0.400156 0.0567486 0.0901662 0.0130453
9 0.451893 0.568578 0.773755 0.54486 0.0127992
11 0.984556 0.788733 0.0825159 0.31334 0.0126986
9 0.525174 0.464994 0.0930548 0.191883 0.0120748
3 0.417377 0.504768 0.806363 0.921056 0.0117598
9 0.480514 0.413793 0.114084 0.206608 0.0114711
9 0.464827 0.562254 0.715409 0.546799 0.0109603
10 0.465394 0.477539 0.853365 0.840444 0.0106114
