9 0.673583 0.465252 0.178629 0.255233 0.840677
11 0.484627 0.0686619 0.959165 0.13712 0.296316
1 0.623915 0.674915 0.19078 0.18599 0.271345
1 0.716003 0.684494 0.395686 0.306543 0.238287
1 0.59858 0.669827 0.142564 0.176367 0.159457
11 0.490682 0.069223 0.971827 0.138825 0.128609
10 0.972479 0.0826618 0.0564197 0.166702 0.119397
11 0.486702 0.0685596 0.963975 0.137001 0.116814
10 0.970085 0.496014 0.0595799 0.978041 0.115607
1 0.014499 0.966527 0.029112 0.0686104 0.108811
10 0.969629 0.28062 0.0606692 0.562702 0.100173
11 0.620703 0.0660656 0.647168 0.133628 0.0967083
10 0.974314 0.0680299 0.0534479 0.136184 0.0964287
10 0.971034 0.220129 0.0587204 0.441464 0.0937285
1 0.01664 0.938853 0.0338728 0.125561 0.0934191
11 0.668533 0.0663978 0.547516 0.134022 0.0934026
11 0.710256 0.0671735 0.466559 0.135432 0.090563
10 0.964143 0.496448 0.0693079 0.98993 0.0845489
1 0.0130158 0.983737 0.0262435 0.0331602 0.0843343
1 0.209155 0.651312 0.402172 0.37222 0.0839716
11 0.725183 0.0690788 0.449917 0.138169 0.0825149
1 0.713384 0.70139 0.396326 0.261798 0.0816704
10 0.97939 0.493687 0.0415323 0.980419 0.0782125
11 0.633055 0.0687167 0.635014 0.137422 0.0777632
10 0.969899 0.404508 0.0598774 0.802344 0.0753218
10 0.971419 0.151531 0.0578537 0.306344 0.0740593
10 0.968411 0.495589 0.0623371 0.986179 0.0737718
11 0.798359 0.0682707 0.294361 0.138343 0.0727127
10 0.695163 0.667677 0.0713444 0.135411 0.07242
10 0.969466 0.237215 0.0615679 0.475378 0.0719486
1 0.206248 0.657477 0.389683 0.3635 0.0716651
10 0.980099 0.4932 0.0400134 0.979395 0.0708705
4 0.692329 0.314826 0.0377009 0.0404559 0.0704895
11 0.770662 0.0694815 0.396981 0.138942 0.069962
10 0.968566 0.314272 0.0631702 0.634428 0.0666684
1 0.0585733 0.94245 0.116843 0.117514 0.0639909
11 0.572433 0.0695374 0.762664 0.138646 0.0635086
1 0.0122089 0.969377 0.0252098 0.0626182 0.063208
11 0.845263 0.0678928 0.252006 0.136407 0.0618058
9 0.74417 0.46516 0.143995 0.232634 0.0613582
4 0.846585 0.525125 0.130312 0.126424 0.0610592
4 0.836077 0.531624 0.150377 0.133246 0.0608228
1 0.211393 0.650299 0.391858 0.375787 0.0606693
10 0.968346 0.143006 0.0630962 0.287682 0.0602399
11 0.485478 0.0184923 0.912947 0.0377245 0.059348
10 0.981153 0.0759279 0.039445 0.155272 0.0590097
1 0.0666659 0.968503 0.133316 0.0649217 0.0587199
1 0.678014 0.678832 0.301657 0.20386 0.0580481
1 0.0233983 0.969694 0.0482332 0.0617572 0.0572224
10 0.700126 0.656458 0.0638831 0.115515 0.0565336
11 0.441736 0.0558011 0.85379 0.114204 0.0560781
11 0.467655 0.0177294 0.875676 0.0364893 0.0555958
1 0.313396 0.738875 0.161432 0.188864 0.0524196
10 0.981887 0.0757257 0.0379382 0.153912 0.0518663
1 0.11919 0.618092 0.126451 0.265188 0.0512566
11 0.486614 0.059162 0.911879 0.118949 0.0509277
1 0.721917 0.738514 0.404338 0.464631 0.0508111
10 0.978306 0.0842215 0.0458494 0.171285 0.0504043
11 0.473849 0.0167504 0.894169 0.0342954 0.0494653
10 0.969339 0.0795708 0.0589533 0.161821 0.0489446
10 0.691776 0.671659 0.071349 0.138623 0.0487081
11 0.512984 0.0178172 0.829452 0.0363574 0.0478702
10 0.973378 0.0503098 0.0555289 0.102415 0.0472953
1 0.115009 0.977681 0.227552 0.0451576 0.0470822
6 0.340845 0.0718864 0.66212 0.14427 0.0466063
4 0.835791 0.511561 0.0737572 0.0771868 0.0461656
1 0.0117857 0.945477 0.0242532 0.112718 0.0452233
6 0.164469 0.0634192 0.326321 0.128841 0.0450008
11 0.48728 0.062889 0.951619 0.127012 0.0447418
10 0.969566 0.125588 0.0582642 0.253071 0.0447232
10 0.970236 0.147339 0.0586407 0.299753 0.044659
4 0.837933 0.506191 0.0506931 0.0632137 0.0445491
10 0.970845 0.173028 0.0591809 0.353741 0.0442675
6 0.249912 0.073608 0.495452 0.147499 0.0441628
10 0.968841 0.0891308 0.0582909 0.180685 0.0440974
10 0.969446 0.137025 0.057629 0.276781 0.0434863
4 0.335871 0.0182827 0.629608 0.0377346 0.0434609
5 0.394915 0.0182524 0.745851 0.0373477 0.0434505
6 0.984284 0.676818 0.029185 0.623523 0.0433744
10 0.974368 0.179882 0.0534809 0.368361 0.043259
11 0.609933 0.0188268 0.624468 0.0385469 0.0431697
10 0.934705 0.0755918 0.134957 0.155005 0.0428338
10 0.973316 0.191669 0.0559866 0.391068 0.0424431
11 0.453014 0.0679478 0.893392 0.136286 0.0420632
11 0.490095 0.0635407 0.962527 0.127073 0.0417343
6 0.235115 0.0609892 0.45563 0.123197 0.0417125
6 0.983366 0.654303 0.0307085 0.671723 0.0417043
10 0.934155 0.502693 0.126058 0.991484 0.04116
6 0.108769 0.0672435 0.217234 0.137477 0.0411004
1 0.112547 0.602911 0.127316 0.267683 0.0405291
1 0.166489 0.934832 0.330887 0.132947 0.040478
6 0.314231 0.058106 0.599754 0.117536 0.0404718
11 0.665835 0.0194691 0.500094 0.0395812 0.0399664
6 0.974875 0.571024 0.0482813 0.860101 0.0398158
11 0.579163 0.0178118 0.662215 0.0365837 0.0397663
11 0.710398 0.0231267 0.430719 0.0470193 0.0397265
10 0.981044 0.124835 0.0389393 0.252778 0.0396962
1 0.148559 0.652165 0.251934 0.348451 0.0396592
10 0.970966 0.4976 0.058194 0.970449 0.0393846
4 0.79098 0.464376 0.243957 0.262868 0.0387405
9 0.752552 0.444927 0.107131 0.181196 0.0383644
4 0.245233 0.0173215 0.46327 0.0360274 0.0383385
10 0.98457 0.0535617 0.0316533 0.11075 0.03825
10 0.9866 0.493542 0.0251098 0.963685 0.0381422
10 0.976859 0.494232 0.0457276 0.974127 0.0380316
10 0.986653 0.221908 0.0251333 0.447376 0.0379601
11 0.765829 0.0281196 0.333348 0.0574724 0.0378981
6 0.941311 0.914023 0.119857 0.173663 0.0375993
10 0.987294 0.229266 0.0238578 0.465393 0.0374335
1 0.219763 0.930239 0.43764 0.142807 0.0371418
4 0.167316 0.0155151 0.318482 0.032406 0.0370219
10 0.958621 0.330242 0.0501863 0.659917 0.0367744
1 0.718911 0.602145 0.40324 0.582531 0.0365095
10 0.985848 0.149467 0.0266909 0.305018 0.0365005
1 0.294132 0.736157 0.211217 0.19378 0.0364098
1 0.195376 0.981283 0.385842 0.037549 0.0363984
1 0.480131 0.738029 0.952349 0.520607 0.0362657
1 0.10089 0.652045 0.178959 0.344145 0.0359029
1 0.496562 0.92217 0.980622 0.154419 0.0347259
1 0.293593 0.931968 0.579931 0.139377 0.0343886
4 0.823921 0.503312 0.0473293 0.0649877 0.0339799
9 0.623388 0.399836 0.0554503 0.0950695 0.03396
9 0.722796 0.466008 0.102193 0.242204 0.0337763
10 0.986601 0.173703 0.0253238 0.353801 0.0337429
1 0.493618 0.921267 0.985716 0.155969 0.0337065
1 0.272338 0.980618 0.534007 0.0388918 0.033499
6 0.979096 0.86032 0.0436298 0.275851 0.0333979
4 0.862917 0.50659 0.118326 0.0882449 0.0327102
4 0.821373 0.533153 0.185666 0.132871 0.0326066
9 0.611339 0.403775 0.0529615 0.0987175 0.0325168
1 0.210181 0.714563 0.405753 0.537212 0.0323901
1 0.232484 0.624605 0.443824 0.426891 0.0321009
1 0.491254 0.928675 0.955802 0.142022 0.0320664
1 0.49525 0.920627 0.97266 0.159338 0.0318875
4 0.116238 0.0116658 0.221932 0.024665 0.0311295
9 0.62181 0.426451 0.0761688 0.150874 0.0311029
6 0.979186 0.900737 0.0431535 0.199251 0.0309874
6 0.813662 0.964756 0.369707 0.0713709 0.030874
1 0.497832 0.913029 0.983176 0.173878 0.0308145
1 0.686296 0.757184 0.491403 0.482595 0.0303505
10 0.974696 0.0307997 0.0532743 0.0629707 0.0300257
11 0.494731 0.0723395 0.972265 0.145634 0.02995
6 0.984848 0.822792 0.0305721 0.349054 0.0294708
1 0.496015 0.920433 0.986655 0.157937 0.0292712
4 0.849531 0.526496 0.132609 0.113723 0.0289459
5 0.655516 0.7042 0.0689953 0.098856 0.02885
1 0.419813 0.929146 0.821899 0.142216 0.0287804
1 0.314152 0.746652 0.161031 0.175837 0.0286859
6 0.861138 0.96529 0.276777 0.0707533 0.0286559
1 0.171296 0.536458 0.343744 0.592887 0.0286212
1 0.338707 0.980894 0.655997 0.0384158 0.0286187
6 0.986457 0.783262 0.0260233 0.418926 0.0285495
1 0.205324 0.533065 0.404442 0.609217 0.0285176
1 0.765319 0.663518 0.313325 0.327178 0.0282543
1 0.196912 0.616019 0.398434 0.770707 0.0280463
4 0.824379 0.53938 0.184689 0.144129 0.0280402
1 0.225067 0.700739 0.432614 0.517879 0.0279783
11 0.475735 0.0705821 0.94428 0.143451 0.0276048
1 0.478825 0.734451 0.934736 0.523604 0.0275791
11 0.492307 0.0723301 0.98058 0.145879 0.0275132
10 0.9567 0.0646233 0.0843723 0.192094 0.027462
1 0.224879 0.617504 0.444137 0.774686 0.02736
9 0.701396 0.458301 0.0854829 0.219801 0.0273489
9 0.656057 0.470903 0.167033 0.255303 0.0271369
1 0.235351 0.650571 0.449453 0.374437 0.0269674
1 0.150956 0.619263 0.303474 0.772251 0.026885
4 0.830644 0.532633 0.152301 0.128567 0.0267391
10 0.677128 0.682984 0.0947628 0.156665 0.0266673
11 0.495836 0.977588 0.955401 0.0449843 0.0264757
1 0.480572 0.734034 0.94083 0.527268 0.0263826
11 0.873126 0.0219916 0.219054 0.0435027 0.0263281
6 0.732485 0.972843 0.466858 0.0547658 0.0262408
6 0.917984 0.960329 0.16635 0.0820551 0.0261492
1 0.486135 0.915684 0.953916 0.168467 0.0260965
11 0.497558 0.975962 0.962668 0.048584 0.0259456
1 0.717228 0.625544 0.40792 0.667487 0.025815
1 0.71123 0.736712 0.396672 0.362279 0.0255764
1 0.667441 0.76303 0.534198 0.474709 0.025498
11 0.822426 0.0303336 0.216404 0.0619816 0.0253639
11 0.492907 0.0689989 0.972338 0.138202 0.025059
1 0.661928 0.703947 0.501709 0.262206 0.0249516
1 0.483246 0.910944 0.950591 0.176817 0.0247574
1 0.0568061 0.990708 0.115644 0.0192781 0.0244825
1 0.429244 0.979409 0.830936 0.0420904 0.0243571
11 0.497104 0.976126 0.96203 0.0483255 0.0243335
10 0.98722 0.0347372 0.025626 0.0712907 0.024279
11 0.492758 0.0720844 0.975398 0.145709 0.0242165
1 0.568699 0.663337 0.104086 0.161431 0.0241416
10 0.972894 0.0119233 0.0545192 0.0235444 0.0240236
9 0.630024 0.419871 0.0833014 0.136467 0.0239433
11 0.918187 0.0487955 0.159527 0.0991378 0.0238005
11 0.496639 0.976803 0.966523 0.0474606 0.023706
11 0.498514 0.0740852 0.971044 0.150136 0.0236873
11 0.473086 0.979575 0.91283 0.041501 0.0236858
9 0.754182 0.459566 0.336497 0.298537 0.0230435
4 0.81169 0.51468 0.069299 0.0865825 0.0229979
1 0.479372 0.905948 0.940013 0.186069 0.0226628
9 0.753992 0.465739 0.114264 0.236864 0.0226243
1 0.182816 0.616048 0.375504 0.776302 0.0222468
1 0.0812227 0.617846 0.163181 0.776894 0.0221777
6 0.656167 0.97721 0.630415 0.0459343 0.0220196
1 0.0652475 0.991347 0.130878 0.0176994 0.0220058
1 0.0992704 0.735996 0.193693 0.537174 0.0219509
1 0.223422 0.729384 0.443701 0.548278 0.021736
11 0.496324 0.0696699 0.963316 0.140542 0.0217015
2 0.055213 0.524 0.110141 0.587501 0.0216894
1 0.0931901 0.528387 0.18659 0.6019 0.0216554
1 0.481149 0.793654 0.927442 0.410738 0.021488
2 0.0255981 0.472542 0.0524312 0.430448 0.0213794
6 0.9902 0.474149 0.0186653 0.291079 0.0209485
1 0.702552 0.695862 0.34794 0.235723 0.0206162
7 0.377297 0.321642 0.0394516 0.12403 0.020553
10 0.702474 0.630677 0.0525373 0.0550906 0.0205408
1 0.633745 0.671629 0.1925 0.167833 0.0203781
5 0.648577 0.709172 0.0741876 0.0962879 0.0202616
5 0.668228 0.704219 0.070215 0.0926654 0.020206
4 0.650561 0.010858 0.176227 0.0217432 0.0197691
1 0.078098 0.991722 0.156093 0.0171669 0.0197632
4 0.665144 0.0107397 0.171236 0.0213851 0.0193978
4 0.637659 0.0107387 0.177281 0.0216348 0.0193813
11 0.501363 0.97649 0.948339 0.0469362 0.0193157
1 0.476257 0.773567 0.924122 0.443024 0.0192233
10 0.777926 0.457381 0.0583634 0.165784 0.019055
10 0.985402 0.0832268 0.0916338 0.169106 0.0190464
1 0.0685071 0.613446 0.141831 0.783325 0.0190161
1 0.637516 0.703963 0.258336 0.235187 0.018776
1 0.556731 0.696316 0.200366 0.232609 0.0187508
7 0.0930952 0.394584 0.184352 0.329019 0.0185661
4 0.677194 0.0108486 0.161665 0.0213298 0.0185043
4 0.0906945 0.991955 0.173357 0.0163473 0.0184903
10 0.963008 0.0109943 0.0578539 0.0218926 0.0184541
1 0.441054 0.65595 0.889154 0.362258 0.0184398
6 0.0423565 0.0689085 0.0925265 0.141829 0.0183118
1 0.861257 0.448904 0.119041 0.35105 0.0183089
9 0.742337 0.467851 0.166745 0.246394 0.0181437
4 0.106519 0.991849 0.171577 0.0165238 0.0180929
4 0.0708975 0.00743698 0.137766 0.0161573 0.0179969
4 0.0841377 0.00756247 0.16186 0.0163397 0.0179869
1 0.112593 0.528157 0.223248 0.593301 0.0179452
1 0.23245 0.744418 0.387368 0.179041 0.0178925
10 0.987354 0.0704624 0.105354 0.185506 0.0178861
1 0.721141 0.624606 0.380335 0.307424 0.0178587
1 0.224448 0.612198 0.446921 0.775848 0.0178563
4 0.154111 0.00770273 0.235871 0.0160211 0.0175869
10 0.776215 0.452131 0.0631953 0.15154 0.0175406
4 0.130826 0.992374 0.143655 0.0152494 0.017488
4 0.144725 0.991869 0.140095 0.0160223 0.0174131
1 0.631231 0.885634 0.559546 0.232389 0.0172849
4 0.0540559 0.00673115 0.103311 0.0140833 0.0170876
2 0.0361905 0.61205 0.0752726 0.760293 0.0167833
11 0.547749 0.977774 0.869037 0.0440874 0.0167701
4 0.0654106 0.00705105 0.120047 0.0152217 0.016704
4 0.159728 0.991747 0.132319 0.0161827 0.0166535
4 0.0949829 0.0073049 0.180489 0.015758 0.016518
4 0.799015 0.546986 0.0695422 0.0877813 0.0160894
9 0.62857 0.465667 0.105669 0.247819 0.0160875
4 0.170617 0.992084 0.140635 0.0156542 0.0158802
10 0.690569 0.380013 0.0328214 0.0583283 0.0158088
10 0.720164 0.667733 0.0606622 0.124033 0.0156991
4 0.706613 0.312416 0.0351806 0.0389351 0.0156945
1 0.475469 0.762842 0.918472 0.462252 0.0156759
10 0.985305 0.0939206 0.0898338 0.19119 0.0154646
1 0.475517 0.795071 0.936305 0.402525 0.0150332
1 0.707922 0.618958 0.408158 0.696756 0.015
7 0.118328 0.390992 0.234316 0.318808 0.0149159
2 0.0516704 0.619192 0.109767 0.7713 0.0148988
1 0.474383 0.764087 0.900389 0.408428 0.014708
10 0.725033 0.649735 0.0532776 0.104634 0.014647
1 0.469547 0.866848 0.939801 0.266109 0.0146189
1 0.0519887 0.641383 0.103927 0.367973 0.0144762
4 0.860658 0.507926 0.122749 0.381308 0.0141251
6 0.90136 0.978794 0.139843 0.0428785 0.0138335
10 0.875374 0.696234 0.105865 0.535895 0.0133423
4 0.758811 0.678178 0.184328 0.120221 0.0132633
10 0.783122 0.549693 0.0619454 0.0813915 0.0131046
1 0.195973 0.822958 0.189173 0.0518982 0.0129395
1 0.288564 0.627908 0.557002 0.39563 0.0128731
1 0.351061 0.58925 0.704257 0.731884 0.012818
10 0.941454 0.189432 0.0149343 0.373299 0.0127779
4 0.855313 0.542455 0.109708 0.11519 0.0127609
4 0.868066 0.523982 0.107925 0.0967167 0.0125195
10 0.399022 0.0644614 0.156489 0.131458 0.0125129
1 0.386506 0.764296 0.730875 0.290247 0.0125004
9 0.724805 0.574254 0.353714 0.559689 0.0124137
1 0.594118 0.695385 0.147827 0.199201 0.011998
9 0.622902 0.478736 0.122296 0.24339 0.0118419
10 0.373064 0.0613972 0.136812 0.125472 0.0113528
3 0.472144 0.255858 0.922816 0.521096 0.0113241
1 0.217198 0.535773 0.43162 0.612756 0.010316
1 0.0667645 0.499986 0.158006 0.544347 0.0102851
3 0.466887 0.240001 0.908857 0.491837 0.0101771
1 0.132068 0.522153 0.270886 0.594653 0.00991681
9 0.602587 0.464046 0.0914889 0.236667 0.00989915
3 0.459431 0.306132 0.859564 0.575889 0.00950583
10 0.75218 0.64802 0.0672563 0.134102 0.0090323
3 0.465285 0.329265 0.788977 0.454443 0.00796616
3 0.393921 0.334119 0.753794 0.50946 0.00782642
4 0.335774 0.212516 0.601315 0.427623 0.00775483
3 0.266879 0.325909 0.507601 0.391682 0.00764069
3 0.262668 0.224369 0.388266 0.438515 0.00736098
