10 0.904458 0.626165 0.0462322 0.199498 0.77123
10 0.322505 0.8564 0.0706016 0.281146 0.741108
0 0.632401 0.566668 0.0658626 0.141663 0.650877
10 0.35434 0.874131 0.102018 0.249278 0.558728
10 0.157947 0.762964 0.0537145 0.173414 0.493568
10 0.49999 0.549194 0.0734759 0.282803 0.344366
10 0.855836 0.37718 0.022576 0.0731503 0.270228
10 0.854371 0.3736 0.0264902 0.0793276 0.231494
10 0.907607 0.379566 0.0193674 0.0671796 0.217346
10 0.859797 0.37632 0.0208992 0.0748707 0.212475
6 0.0336821 0.915333 0.0689861 0.171838 0.17992
6 0.264431 0.695178 0.0647443 0.200068 0.177986
10 0.846018 0.373441 0.0209288 0.0725971 0.177949
6 0.295767 0.896771 0.0932892 0.200563 0.173753
10 0.623196 0.518932 0.0517334 0.191743 0.166145
6 0.328377 0.887062 0.157846 0.224151 0.159744
6 0.0349191 0.943524 0.0714302 0.114117 0.150956
7 0.388675 0.741522 0.0412373 0.158528 0.144282
7 0.384259 0.710884 0.0329899 0.0839511 0.142702
10 0.377211 0.829933 0.0924126 0.330164 0.141025
10 0.506908 0.614816 0.0423346 0.129367 0.124522
10 0.624991 0.515053 0.0369748 0.179584 0.124037
10 0.510849 0.613169 0.0500201 0.152097 0.119104
6 0.0357984 0.876785 0.0730007 0.248764 0.117219
10 0.629452 0.506562 0.0410348 0.181729 0.115682
6 0.0513587 0.916307 0.104037 0.169809 0.114672
10 0.846017 0.37965 0.023246 0.0671996 0.112573
6 0.282868 0.892272 0.0933163 0.210082 0.111975
10 0.626972 0.512144 0.0446791 0.163172 0.111674
6 0.0147369 0.91419 0.030382 0.175174 0.109089
6 0.047875 0.94976 0.0966375 0.101989 0.108465
6 0.26718 0.692557 0.0472903 0.180452 0.10515
11 0.986626 0.371223 0.0281595 0.107356 0.102375
11 0.988366 0.396367 0.024185 0.161273 0.102066
10 0.0262815 0.846518 0.0530532 0.305155 0.0979329
10 0.173907 0.75349 0.0374812 0.155168 0.0972709
10 0.8439 0.369404 0.0192659 0.0776995 0.0965287
6 0.987035 0.422269 0.0257664 0.200863 0.0957933
10 0.437176 0.555271 0.0434488 0.208538 0.0944247
6 0.261652 0.675158 0.0542899 0.154228 0.0942459
2 0.259939 0.0669032 0.053834 0.132233 0.0940647
6 0.0141481 0.925095 0.0295708 0.151973 0.092639
6 0.285953 0.714322 0.0571462 0.221165 0.0920773
10 0.432187 0.553236 0.0730469 0.214245 0.0911801
6 0.35937 0.908584 0.0868863 0.182635 0.090409
6 0.300686 0.901699 0.0679735 0.195293 0.0874532
6 0.27461 0.679183 0.0452938 0.156734 0.0873344
6 0.0158599 0.947916 0.0323063 0.105433 0.0834758
6 0.331159 0.886102 0.102845 0.230335 0.0829415
6 0.950352 0.938866 0.100568 0.119361 0.0821495
10 0.83848 0.372956 0.0197994 0.0733911 0.0797642
6 0.28032 0.676199 0.0747479 0.149513 0.0791117
6 0.274878 0.671426 0.04445 0.141203 0.0776579
4 0.233652 0.277268 0.0433249 0.0418954 0.0766535
10 0.344735 0.74813 0.0413483 0.173725 0.0740097
10 0.360976 0.820221 0.108968 0.353738 0.0723124
6 0.982573 0.42092 0.0351469 0.189082 0.0715627
10 0.0515631 0.871406 0.105466 0.260671 0.0707716
10 0.344615 0.745241 0.0422836 0.173352 0.0699572
10 0.133828 0.76633 0.0397131 0.184201 0.0687872
10 0.028811 0.706393 0.0575499 0.592147 0.0676749
10 0.990189 0.447842 0.0218328 0.537284 0.0676295
10 0.0155206 0.769897 0.0328347 0.458134 0.067215
6 0.252507 0.887361 0.136326 0.222362 0.0668107
6 0.98221 0.433389 0.0361345 0.212732 0.0656502
10 0.050218 0.780319 0.0999375 0.443431 0.0636031
10 0.378612 0.887851 0.080796 0.226593 0.0633265
10 0.899036 0.380114 0.0186701 0.065621 0.0630277
6 0.248974 0.697035 0.0484096 0.19292 0.0629484
10 0.624311 0.506697 0.0374631 0.157095 0.0627047
11 0.258173 0.649655 0.0522714 0.103262 0.062348
10 0.174532 0.754315 0.0389472 0.153183 0.0618415
6 0.349408 0.902506 0.0977993 0.19875 0.061647
10 0.984984 0.517753 0.0305292 0.400199 0.0605995
10 0.59862 0.523208 0.0452951 0.205596 0.0605096
7 0.40351 0.738507 0.0360795 0.146744 0.0599822
10 0.593715 0.52405 0.0397641 0.203886 0.0599734
11 0.256844 0.656033 0.0497526 0.112812 0.0594881
4 0.244859 0.275892 0.062396 0.0437877 0.0590774
10 0.369658 0.31893 0.0411244 0.219521 0.0585441
6 0.640862 0.514439 0.0425583 0.162256 0.058419
10 0.459797 0.591001 0.0414557 0.137208 0.0566993
11 0.25729 0.631456 0.0447249 0.0655861 0.0563608
6 0.265996 0.711809 0.0866067 0.242144 0.0560809
2 0.156838 0.0700622 0.141255 0.139501 0.0560629
6 0.0174718 0.798827 0.0356354 0.188467 0.0558985
10 0.425657 0.59932 0.0344613 0.11831 0.0552341
6 0.331889 0.905337 0.0879395 0.189923 0.0551305
6 0.0142525 0.967672 0.0292091 0.0664174 0.0543733
7 0.363943 0.737656 0.038298 0.149332 0.0539589
10 0.42482 0.574024 0.0828074 0.297788 0.0535278
10 0.991797 0.346834 0.0186277 0.58466 0.0534829
10 0.0502029 0.737998 0.100541 0.531136 0.0534711
10 0.467229 0.592448 0.0411472 0.138206 0.0534051
2 0.209604 0.053418 0.0566787 0.107512 0.0533212
10 0.346313 0.861678 0.0582257 0.280989 0.0532488
6 0.286833 0.905077 0.0740313 0.189906 0.0528216
2 0.194205 0.068016 0.0437238 0.138124 0.0527174
10 0.446771 0.595272 0.0348897 0.121726 0.0525742
10 0.45565 0.593632 0.0376041 0.129012 0.0524893
11 0.985649 0.382545 0.0277765 0.110509 0.0522115
10 0.991251 0.387875 0.0200218 0.667578 0.0521311
6 0.249074 0.669688 0.0483511 0.143607 0.0517754
10 0.592317 0.521992 0.0445908 0.209751 0.0516959
10 0.136346 0.768841 0.0626871 0.195493 0.0515032
10 0.269204 0.258187 0.0286609 0.0504482 0.0514703
7 0.280243 0.260662 0.0263208 0.0510415 0.0511412
10 0.979872 0.64317 0.0421705 0.683228 0.0511224
10 0.984351 0.636436 0.0314344 0.65742 0.0505354
10 0.284403 0.851242 0.0580059 0.266671 0.0505319
11 0.971934 0.401354 0.0568062 0.156205 0.0500214
10 0.33262 0.85984 0.058432 0.281431 0.0498907
6 0.985372 0.441888 0.0293255 0.180529 0.0494305
6 0.281193 0.898946 0.0728129 0.197074 0.0486731
10 0.45172 0.555263 0.0449165 0.216645 0.0482785
6 0.244387 0.6907 0.0477822 0.189046 0.0479961
10 0.420673 0.563229 0.0355291 0.183629 0.0478292
6 0.274474 0.889685 0.0700431 0.17086 0.0469575
10 0.918442 0.378934 0.0184378 0.0704252 0.0466437
10 0.989476 0.34293 0.0226721 0.14675 0.0459223
10 0.333088 0.828009 0.0612813 0.220521 0.0458376
10 0.376764 0.559626 0.0503757 0.241591 0.0457286
6 0.0140563 0.767711 0.0302661 0.112626 0.0456832
2 0.19644 0.074439 0.0417974 0.148856 0.0454467
6 0.0128036 0.762861 0.0273711 0.11561 0.044303
6 0.101885 0.933388 0.20098 0.133609 0.0442185
6 0.0163165 0.984474 0.0328334 0.0316071 0.04389
6 0.985297 0.778111 0.0297775 0.395159 0.0432788
10 0.118664 0.769778 0.0440963 0.193461 0.0430746
11 0.129654 0.976293 0.19623 0.0471681 0.0430597
6 0.287736 0.85249 0.0965195 0.28507 0.0426402
10 0.980123 0.6003 0.039802 0.565395 0.0423912
2 0.181086 0.0700583 0.0473936 0.142574 0.0423577
6 0.238232 0.692719 0.052756 0.203952 0.0421257
6 0.334995 0.744019 0.0923432 0.184322 0.0418654
6 0.00889416 0.881834 0.0185626 0.244065 0.0417864
6 0.29518 0.697503 0.0811703 0.197862 0.0415166
10 0.130815 0.784873 0.0324194 0.148613 0.0413942
6 0.649466 0.51781 0.0391542 0.15609 0.0413761
6 0.984714 0.456652 0.0303858 0.187225 0.0412133
6 0.988483 0.791623 0.0237991 0.399839 0.0411313
6 0.317114 0.907838 0.173228 0.186827 0.0409619
10 0.35912 0.795514 0.0492602 0.0848279 0.0403423
10 0.947318 0.362242 0.0164997 0.0604826 0.0403206
10 0.390577 0.5561 0.046835 0.209298 0.0402997
10 0.457259 0.55322 0.0772887 0.291244 0.0401204
6 0.987417 0.659526 0.0253325 0.141189 0.0400361
6 0.982874 0.461111 0.0345001 0.227481 0.0399558
7 0.418153 0.735998 0.033653 0.148029 0.0399395
10 0.44322 0.60682 0.0332739 0.101822 0.0398743
10 0.98759 0.298641 0.0248993 0.563577 0.0398585
6 0.0121744 0.749263 0.0249077 0.0763972 0.0396422
10 0.989718 0.642349 0.0202183 0.56118 0.039492
11 0.265377 0.633539 0.0393023 0.0695174 0.0393796
6 0.970491 0.419365 0.059161 0.188794 0.038962
10 0.131691 0.0190607 0.0572614 0.0394146 0.0387708
10 0.871499 0.381535 0.017226 0.069619 0.0377202
6 0.0409016 0.96673 0.0717312 0.0684977 0.0376573
10 0.405328 0.878952 0.0879501 0.240186 0.0376551
10 0.869856 0.370851 0.0182932 0.0889841 0.0372015
10 0.121173 0.0719728 0.127329 0.14349 0.0366985
2 0.278619 0.0581447 0.0397488 0.116463 0.0365175
10 0.36952 0.563167 0.0514299 0.324244 0.0364109
10 0.12519 0.0243206 0.0556544 0.0501599 0.0358523
10 0.359423 0.796045 0.0486102 0.0836178 0.0356508
4 0.190891 0.282929 0.0538526 0.0428464 0.0353666
7 0.0529957 0.832455 0.0201812 0.0406943 0.0353433
7 0.256069 0.614511 0.022374 0.034093 0.0350111
10 0.966376 0.205289 0.0284437 0.182859 0.0343849
0 0.733046 0.496443 0.0421318 0.0925911 0.0341938
6 0.348408 0.741636 0.122885 0.185796 0.0339952
10 0.655315 0.530656 0.0401546 0.183083 0.0339712
6 0.985473 0.724488 0.0291798 0.332724 0.0337588
10 0.991687 0.87888 0.01735 0.239085 0.0336239
10 0.131863 0.771319 0.0401719 0.177473 0.0334199
4 0.267863 0.27123 0.0556984 0.044653 0.0334192
10 0.980663 0.499262 0.0365227 0.324931 0.0333176
10 0.991545 0.193454 0.0161695 0.327428 0.0328261
6 0.336446 0.750396 0.0839525 0.198253 0.0322407
7 0.409006 0.699522 0.0330912 0.0838585 0.0321848
4 0.883231 0.353123 0.0536612 0.047975 0.0320725
10 0.147891 0.0166994 0.0428489 0.0341794 0.0317512
4 0.204506 0.283031 0.0392563 0.0449351 0.0314824
7 0.0705138 0.810624 0.0223282 0.0442994 0.0314649
2 0.316342 0.0349457 0.0266103 0.0700613 0.0314461
10 0.615719 0.559405 0.0485629 0.135239 0.0313872
10 0.140616 0.619638 0.0351228 0.14106 0.0313665
6 0.265662 0.890357 0.0667453 0.208251 0.0313183
6 0.316364 0.672637 0.0435621 0.140195 0.0310598
6 0.225104 0.692679 0.0514673 0.202469 0.0309632
2 0.189816 0.0725157 0.254762 0.144852 0.0308335
10 0.174906 0.648759 0.0357517 0.118675 0.0307197
4 0.250581 0.275789 0.0387425 0.0398683 0.0307042
6 0.289272 0.861114 0.0801435 0.27718 0.0304601
11 0.271847 0.633487 0.0416317 0.0669781 0.0304221
6 0.351321 0.739788 0.12886 0.185802 0.0303654
6 0.257572 0.907986 0.341303 0.187092 0.0301766
2 0.253558 0.0344913 0.0193306 0.0625673 0.0300943
10 0.140562 0.77331 0.0692705 0.188503 0.0300536
10 0.162769 0.0185568 0.0554741 0.0379552 0.0287679
2 0.403651 0.485136 0.0313294 0.0579612 0.0287582
2 0.276711 0.0448484 0.0333652 0.0906195 0.0285223
4 0.213259 0.278806 0.0324611 0.0376722 0.0285117
4 0.256265 0.272845 0.0455844 0.0429191 0.0283743
10 0.177301 0.650598 0.0326519 0.112266 0.0283545
2 0.482973 0.0107389 0.0536481 0.0222935 0.028232
2 0.455744 0.00974888 0.0449841 0.0203309 0.0276063
2 0.407513 0.484349 0.0364772 0.0583862 0.0274379
3 0.948313 0.505319 0.10579 0.968241 0.0272243
2 0.434185 0.475642 0.0235475 0.0544478 0.0270316
4 0.258103 0.274361 0.0443837 0.0392427 0.0269387
6 0.276111 0.989095 0.0985733 0.0229147 0.0268096
10 0.135805 0.753279 0.0260734 0.0751466 0.0266744
10 0.0938944 0.351688 0.0099261 0.0221564 0.0265466
6 0.260016 0.613427 0.0490272 0.241049 0.0265317
4 0.213425 0.279571 0.0295691 0.0363643 0.0265296
0 0.918165 0.394802 0.0184145 0.0560153 0.0262259
3 0.300968 0.128869 0.583865 0.255255 0.0260153
0 0.938797 0.655375 0.125903 0.670626 0.0258717
2 0.293626 0.0418679 0.0261065 0.0865592 0.025871
4 0.313345 0.270906 0.023698 0.031583 0.0258468
0 0.647389 0.538653 0.0481563 0.182181 0.0258166
2 0.156753 0.0259101 0.0498719 0.0529392 0.0257684
2 0.163948 0.0441358 0.129269 0.0908766 0.0256104
6 0.315146 0.662835 0.0463644 0.126442 0.0254711
6 0.381339 0.974086 0.175415 0.0514298 0.025406
2 0.451438 0.470335 0.0237362 0.0552162 0.0253775
7 0.412302 0.698751 0.034049 0.0897298 0.0253607
7 0.281203 0.0333185 0.0289376 0.063868 0.0253102
2 0.422788 0.47992 0.0385005 0.0592319 0.0252986
10 0.881304 0.379614 0.0146751 0.0717072 0.0250196
2 0.381722 0.489424 0.0230625 0.061412 0.0249034
0 0.613552 0.575894 0.0544175 0.115924 0.0246551
11 0.362324 0.740637 0.0894846 0.171545 0.0245214
10 0.384816 0.554396 0.0571643 0.232554 0.0245035
7 0.308204 0.0378774 0.0271768 0.0761047 0.0244368
6 0.30443 0.736585 0.076395 0.175377 0.0241527
2 0.530597 0.0152952 0.0697251 0.030999 0.0238059
6 0.618878 0.469064 0.0332885 0.0962546 0.0238029
6 0.66516 0.509291 0.0370698 0.148894 0.0238014
10 0.0314557 0.358461 0.0356219 0.0556881 0.0237886
10 0.832244 0.379791 0.0172327 0.0618104 0.0237362
4 0.254395 0.274406 0.0320643 0.0430702 0.0236128
10 0.39553 0.600826 0.0369651 0.126028 0.0232136
0 0.391393 0.970581 0.274124 0.0595242 0.0229624
10 0.116132 0.804197 0.142822 0.288372 0.0228189
3 0.407855 0.433215 0.793342 0.856276 0.0227849
10 0.133534 0.765899 0.137699 0.205997 0.0225738
2 0.179358 0.0168502 0.0384671 0.0346049 0.0223247
2 0.554466 0.0182693 0.0608768 0.037915 0.0223234
0 0.723366 0.500198 0.0538569 0.0984527 0.0221532
6 0.650771 0.48655 0.0348513 0.122516 0.0218969
6 0.181307 0.666434 0.0228524 0.06048 0.0218001
6 0.427373 0.90149 0.371508 0.195895 0.0216578
11 0.415848 0.674811 0.0513103 0.119884 0.0216258
10 0.37192 0.624786 0.0295438 0.0890312 0.0212417
3 0.299827 0.188784 0.58529 0.372107 0.0212334
6 0.251356 0.568208 0.0455494 0.167092 0.0207931
10 0.343625 0.777225 0.0447767 0.127195 0.0207581
10 0.949169 0.622319 0.104893 0.611731 0.0207283
10 0.343051 0.817536 0.0637732 0.198573 0.0206011
10 0.348928 0.775779 0.0412998 0.124629 0.0202929
10 0.174144 0.684497 0.108266 0.331222 0.0202717
6 0.224262 0.601119 0.0616938 0.211823 0.0202542
11 0.324762 0.707905 0.209456 0.237963 0.0201998
3 0.435373 0.25672 0.859494 0.51417 0.0201905
11 0.386524 0.979203 0.380477 0.0423636 0.0200586
6 0.211369 0.670886 0.0441468 0.176854 0.0197609
3 0.293092 0.0966005 0.575308 0.191357 0.0195011
6 0.669909 0.500164 0.0359985 0.134117 0.0193828
3 0.280237 0.162562 0.557422 0.319467 0.0193403
10 0.380926 0.800857 0.0412597 0.073909 0.018248
0 0.900923 0.657598 0.198702 0.660154 0.0178468
10 0.202347 0.614235 0.0513307 0.220584 0.0177117
6 0.28253 0.741487 0.16275 0.310058 0.0175453
6 0.683363 0.317288 0.039504 0.0604054 0.0173557
10 0.182268 0.663314 0.0212726 0.0724401 0.0171756
3 0.321487 0.111064 0.530154 0.222709 0.0168071
6 0.248082 0.725652 0.0410561 0.14779 0.0165419
6 0.295113 0.571103 0.0491245 0.189466 0.0163286
3 0.477053 0.983191 0.486669 0.0307538 0.0162997
3 0.440137 0.281328 0.866196 0.564769 0.0161905
11 0.331531 0.708973 0.229911 0.241146 0.0161415
6 0.270392 0.569673 0.034311 0.0831324 0.0161266
10 0.37937 0.793235 0.0541815 0.0864645 0.0157137
10 0.37197 0.660947 0.0495945 0.179907 0.0156453
6 0.19586 0.739226 0.0655842 0.295486 0.01564
10 0.358292 0.761867 0.0846262 0.133222 0.0155559
10 0.351235 0.764026 0.106194 0.142985 0.0150993
6 0.189251 0.672471 0.0371176 0.078945 0.0146114
3 0.335147 0.0686604 0.525018 0.140454 0.0141304
10 0.919628 0.632473 0.0542873 0.209144 0.013907
3 0.37565 0.127229 0.71198 0.260421 0.0138651
3 0.429662 0.228872 0.807786 0.464024 0.013491
7 0.332068 0.267814 0.0224691 0.0337371 0.01299
3 0.421673 0.367683 0.470802 0.732114 0.0119377
10 0.303385 0.765848 0.518492 0.438227 0.0116172
10 0.550945 0.577938 0.0292171 0.11568 0.0115823
0 0.754263 0.494706 0.0483672 0.092564 0.00982859
3 0.922132 0.0409025 0.135763 0.155384 0.00861095
