4 0.31885 0.259156 0.111049 0.0780975 0.804187
4 0.449807 0.236448 0.0680206 0.0527524 0.605315
4 0.469552 0.23577 0.0493738 0.0514279 0.179619
4 0.416621 0.238747 0.0363888 0.0492529 0.170567
4 0.522902 0.225255 0.0579716 0.0530863 0.139848
10 0.279204 0.223413 0.0250728 0.0529199 0.135444
4 0.528292 0.225191 0.0541839 0.0524682 0.11904
10 0.280363 0.221182 0.0203399 0.0482309 0.114306
10 0.414571 0.236231 0.0259617 0.0509961 0.109249
11 0.926267 0.359621 0.148906 0.142792 0.108646
10 0.272263 0.226323 0.0295748 0.059347 0.105203
4 0.429344 0.238951 0.0468208 0.0519503 0.100187
11 0.922365 0.364099 0.156813 0.155595 0.0899599
10 0.268666 0.222445 0.0295383 0.0607488 0.0842593
4 0.4232 0.238743 0.0614911 0.0518426 0.0832443
10 0.395356 0.225939 0.0288247 0.062145 0.081323
4 0.242128 0.244042 0.0973496 0.0900579 0.078727
10 0.384233 0.223416 0.0263876 0.0587399 0.0781657
4 0.423996 0.23489 0.0791706 0.0570822 0.076343
10 0.393672 0.222528 0.0259242 0.0558899 0.0759552
4 0.525288 0.226325 0.0540146 0.0523615 0.0658353
10 0.413445 0.226379 0.03959 0.0737527 0.0624326
4 0.43016 0.233653 0.0638666 0.0569639 0.0619562
10 0.400141 0.239224 0.0282147 0.0500216 0.0600272
4 0.235195 0.248348 0.114292 0.102947 0.0584232
10 0.427391 0.229035 0.0436887 0.0714176 0.0551153
6 0.0468015 0.895551 0.0952984 0.20041 0.054439
4 0.433743 0.237369 0.0362046 0.0512912 0.0543487
4 0.429198 0.237379 0.0536954 0.0517337 0.0527145
11 0.043735 0.942194 0.0894736 0.110205 0.0500398
4 0.237208 0.23623 0.1108 0.0813298 0.0492784
4 0.504287 0.223558 0.0467263 0.0530035 0.0490234
4 0.513656 0.222374 0.0470569 0.0488669 0.0469615
10 0.435275 0.237711 0.0260989 0.0524675 0.0448938
6 0.0391846 0.85682 0.0797824 0.273187 0.0447223
4 0.230331 0.244461 0.10292 0.096251 0.0440733
11 0.886594 0.357303 0.228462 0.156874 0.0437925
10 0.160849 0.501397 0.317316 0.972914 0.0426143
11 0.886053 0.383193 0.229839 0.195602 0.0422053
4 0.239569 0.235869 0.0900187 0.0779213 0.042186
4 0.248718 0.229318 0.0481329 0.062763 0.0412549
10 0.364736 0.227904 0.0230321 0.0636207 0.0407311
11 0.916124 0.34649 0.137162 0.0947243 0.0406454
4 0.423324 0.221523 0.0713443 0.0695069 0.0403898
11 0.920922 0.369539 0.163107 0.140262 0.0401425
6 0.816094 0.367763 0.0361065 0.0771675 0.0397034
4 0.512822 0.237069 0.0340357 0.030866 0.0392843
0 0.0817609 0.616028 0.162815 0.7243 0.0391881
10 0.414709 0.218808 0.0288757 0.055221 0.037962
0 0.080832 0.605139 0.161776 0.711837 0.0378171
4 0.258956 0.242189 0.0665076 0.0991149 0.0376099
10 0.150962 0.499558 0.299503 0.974463 0.0373944
4 0.441537 0.227753 0.0585606 0.0614653 0.037171
4 0.231763 0.234557 0.0829196 0.0748639 0.0369739
6 0.807771 0.364983 0.0470282 0.072918 0.0366286
4 0.552069 0.226767 0.0581629 0.0523341 0.0358979
10 0.263713 0.230624 0.028501 0.0547413 0.0357468
0 0.080867 0.615618 0.161706 0.722598 0.0355696
4 0.955214 0.466501 0.0929718 0.089209 0.0347446
6 0.991764 0.405932 0.0165718 0.195447 0.0344488
10 0.764542 0.774351 0.0421457 0.0942834 0.033566
6 0.989937 0.361537 0.021228 0.266346 0.0334582
10 0.761421 0.774588 0.041748 0.0945969 0.0332893
6 0.0620879 0.915049 0.126197 0.164324 0.0332068
11 0.959728 0.276654 0.0857658 0.193437 0.0329872
6 0.985616 0.321535 0.0295008 0.361554 0.0327717
4 0.572956 0.23792 0.0232702 0.0392019 0.0324539
10 0.176295 0.398456 0.054805 0.281854 0.0318241
10 0.392584 0.244769 0.0257319 0.049599 0.0317915
10 0.304253 0.219734 0.0193089 0.0452181 0.0313963
11 0.950673 0.367826 0.102007 0.137506 0.0313086
4 0.558402 0.224677 0.0552557 0.0520869 0.0312905
10 0.350956 0.232206 0.0230205 0.0610247 0.0304847
10 0.352262 0.226131 0.0284103 0.0600782 0.0303837
6 0.801023 0.368119 0.0454065 0.0748854 0.0302719
4 0.267227 0.258253 0.0448793 0.0807496 0.029934
10 0.382645 0.22591 0.0650993 0.0732629 0.029817
11 0.929567 0.332084 0.113655 0.0789518 0.0295512
4 0.414411 0.236086 0.0819216 0.0569448 0.0295496
6 0.0347897 0.791561 0.0709249 0.398171 0.0292912
10 0.179855 0.394957 0.0526146 0.267255 0.0292159
4 0.770877 0.328243 0.120831 0.12904 0.0291371
4 0.427763 0.20415 0.0828634 0.0448667 0.0289696
4 0.494797 0.230453 0.0481669 0.052616 0.0289352
11 0.962766 0.244509 0.0799698 0.126273 0.0286356
4 0.235211 0.247409 0.0589633 0.10472 0.0283521
4 0.254006 0.225101 0.0613372 0.0597012 0.0280496
4 0.225147 0.239907 0.0857018 0.0870541 0.0280159
4 0.429409 0.221234 0.0766314 0.0611442 0.0280156
10 0.359645 0.219435 0.0348755 0.0623814 0.0278698
11 0.911093 0.398481 0.182619 0.117296 0.0277927
6 0.987549 0.383535 0.0244546 0.153455 0.0275784
6 0.988773 0.425562 0.0225919 0.176258 0.026929
4 0.235644 0.244883 0.0645086 0.0970628 0.0268335
10 0.439576 0.240186 0.0314753 0.0493189 0.0266375
10 0.493719 0.22813 0.0228165 0.054396 0.0264238
9 0.374895 0.241392 0.0220026 0.0487874 0.0262784
6 0.989086 0.429132 0.0216559 0.171294 0.02609
4 0.554405 0.219911 0.0500024 0.0491104 0.0259682
4 0.0741956 0.494011 0.150744 0.415316 0.0258335
6 0.988057 0.375988 0.0238 0.143579 0.0257648
6 0.0600129 0.878774 0.12161 0.233229 0.0257628
0 0.0632342 0.716213 0.12768 0.497842 0.025716
10 0.486223 0.230812 0.0217082 0.0536633 0.0254529
10 0.365556 0.218037 0.044878 0.066833 0.0252963
10 0.145255 0.581913 0.288966 0.807445 0.0252947
4 0.578558 0.238512 0.033877 0.0413892 0.0252795
11 0.928562 0.397738 0.147711 0.11506 0.0252669
10 0.276955 0.322921 0.0354481 0.0759985 0.0251369
10 0.490303 0.229063 0.0406442 0.0486336 0.0250812
7 0.895204 0.53309 0.049425 0.0768347 0.0248874
10 0.096462 0.792203 0.0683257 0.208461 0.024863
6 0.0638615 0.948368 0.129303 0.0982291 0.0248247
9 0.398585 0.245781 0.0540322 0.0544796 0.0248171
10 0.48778 0.224376 0.0283779 0.058728 0.0247941
10 0.167586 0.400523 0.0591374 0.280516 0.0247706
10 0.489955 0.225797 0.0265799 0.0433981 0.0247542
10 0.456024 0.207287 0.0261499 0.0260087 0.0245753
6 0.992253 0.437779 0.0157583 0.418912 0.0244581
4 0.329212 0.257672 0.108174 0.0840962 0.0242732
6 0.0686057 0.740064 0.138539 0.485887 0.0242315
10 0.286783 0.319436 0.0383257 0.0852091 0.0240468
4 0.530116 0.23668 0.0374169 0.0420929 0.0237993
10 0.0966189 0.792581 0.0709026 0.214236 0.0236913
10 0.135222 0.575909 0.27018 0.821407 0.0236419
10 0.174018 0.80756 0.205376 0.366779 0.0235354
10 0.184063 0.697889 0.213448 0.589144 0.0234398
10 0.20293 0.5031 0.41124 0.964956 0.0234296
10 0.0379984 0.508625 0.0779981 0.916022 0.023405
4 0.217057 0.258175 0.093391 0.124367 0.0230358
10 0.358681 0.23587 0.0236759 0.0530484 0.0228244
10 0.223394 0.254101 0.0608977 0.116225 0.0226588
10 0.231478 0.252896 0.0696892 0.116461 0.0226003
4 0.581914 0.236573 0.0221433 0.0398878 0.0223517
4 0.988496 0.469038 0.0240326 0.0893298 0.0223288
0 0.0987434 0.63605 0.197915 0.689978 0.0222419
10 0.0207553 0.514742 0.0413854 0.926106 0.0220641
10 0.353934 0.236275 0.0550742 0.0570493 0.0215953
10 0.118264 0.613514 0.238508 0.74417 0.0214435
10 0.0166023 0.52123 0.0350382 0.916546 0.0214331
10 0.291259 0.325262 0.0413425 0.0753096 0.0214217
10 0.488658 0.212074 0.0479913 0.077631 0.0214135
11 0.964009 0.219942 0.0768907 0.0769584 0.0213208
4 0.329826 0.226469 0.0875854 0.0373494 0.0212504
10 0.097373 0.789616 0.0673784 0.194039 0.0211885
10 0.167869 0.407442 0.049716 0.273156 0.0211207
10 0.0993809 0.512776 0.200887 0.925171 0.0211173
6 0.970567 0.271595 0.0611829 0.472157 0.0210656
10 0.292284 0.322774 0.0374514 0.0749376 0.0210547
10 0.141166 0.627809 0.282686 0.719163 0.0210419
6 0.0764657 0.826657 0.150925 0.330966 0.0210089
4 0.322328 0.252801 0.140302 0.1168 0.0208374
10 0.443567 0.207166 0.0410028 0.0277148 0.0208021
10 0.209973 0.240214 0.0477332 0.0923751 0.0207988
10 0.0148001 0.627065 0.0297561 0.689065 0.0207855
1 0.503917 0.585768 0.979508 0.80691 0.0207829
6 0.0143836 0.773198 0.0292466 0.409721 0.0207724
10 0.477739 0.219988 0.0248077 0.0279439 0.0206615
7 0.375842 0.0652571 0.0625358 0.0267917 0.0206314
0 0.0749978 0.772123 0.148665 0.432962 0.0206155
10 0.0128118 0.623664 0.02573 0.690581 0.020579
10 0.0822622 0.797318 0.0552411 0.200732 0.0205724
10 0.179453 0.352279 0.0468362 0.192486 0.0204944
4 0.337767 0.230595 0.0879099 0.0409094 0.0204689
1 0.33101 0.50111 0.661607 0.981869 0.0203897
4 0.365295 0.242514 0.0479222 0.0368224 0.0203705
0 0.0135527 0.688064 0.0272992 0.500018 0.0203601
10 0.109888 0.494676 0.222954 0.971886 0.0202832
4 0.340082 0.223677 0.068882 0.03343 0.0202804
10 0.150138 0.592592 0.302012 0.784651 0.0201993
10 0.186321 0.602051 0.363732 0.770079 0.0201483
10 0.498098 0.226223 0.0647421 0.0521832 0.019963
10 0.282411 0.230425 0.0535944 0.0422396 0.0199499
4 0.353005 0.233148 0.0717797 0.0531604 0.0198272
1 0.491093 0.581596 0.952219 0.820257 0.0197092
0 0.110395 0.774356 0.107673 0.261873 0.0196914
0 0.107618 0.781166 0.104039 0.255385 0.0196312
6 0.991088 0.292488 0.0174925 0.197086 0.01952
10 0.0946212 0.798175 0.0678615 0.201376 0.0194871
10 0.760502 0.79034 0.0535978 0.124721 0.0193213
4 0.213181 0.253399 0.160929 0.107602 0.0193003
1 0.449028 0.549622 0.0727966 0.0564622 0.0190667
6 0.0127582 0.725784 0.0257943 0.433665 0.0190643
7 0.893096 0.574493 0.0512179 0.166086 0.0189166
11 0.0143271 0.946651 0.0297485 0.0978043 0.0188669
10 0.360822 0.214771 0.0716748 0.056335 0.0186766
4 0.492957 0.221857 0.0900485 0.0643478 0.0186637
4 0.296847 0.258076 0.117648 0.103055 0.018448
4 0.348532 0.220436 0.0692543 0.0405236 0.0182169
4 0.300182 0.232719 0.0840958 0.0343877 0.0180607
10 0.010457 0.534292 0.0211031 0.710752 0.0178421
11 0.112605 0.7359 0.108691 0.18162 0.0177657
10 0.310333 0.225124 0.0200101 0.0398419 0.0176157
10 0.731847 0.0509754 0.119194 0.105308 0.0174859
10 0.108235 0.275068 0.0310205 0.0583202 0.0174827
10 0.0792495 0.540373 0.16165 0.833373 0.017467
10 0.00748277 0.597184 0.015132 0.5056 0.0170975
11 0.904675 0.528756 0.195114 0.426314 0.0170317
1 0.493662 0.666379 0.961411 0.652553 0.0170011
10 0.984085 0.50102 0.0325562 0.847976 0.0169801
10 0.580175 0.224664 0.051639 0.0509456 0.0169688
6 0.949098 0.637098 0.104319 0.342198 0.0168181
1 0.462964 0.67763 0.889745 0.632983 0.0167552
1 0.554369 0.707663 0.498794 0.56192 0.0167088
4 0.0525904 0.462192 0.107716 0.374446 0.0166563
10 0.175712 0.441247 0.0902864 0.432816 0.016572
10 0.493534 0.0423124 0.265554 0.0842129 0.0162893
11 0.927729 0.419216 0.257077 0.17656 0.0162839
10 0.190706 0.374235 0.0518368 0.224226 0.0161982
1 0.113376 0.763973 0.104869 0.228334 0.0161867
6 0.93715 0.61714 0.122555 0.367198 0.0161506
1 0.371122 0.571211 0.741457 0.838693 0.0161342
1 0.485739 0.582634 0.939131 0.81899 0.0160747
1 0.492155 0.680368 0.954231 0.624053 0.0159922
10 0.252704 0.678601 0.408481 0.630324 0.0157068
7 0.855156 0.492962 0.0323781 0.0618228 0.0156543
6 0.818486 0.376075 0.0387026 0.0845711 0.0153874
3 0.758909 0.211486 0.482816 0.422503 0.0153517
10 0.364324 0.241725 0.0865877 0.0802711 0.015249
11 0.852828 0.377575 0.143627 0.0797317 0.0152377
10 0.0735638 0.805503 0.0544317 0.194402 0.01518
4 0.202418 0.246567 0.0620852 0.103066 0.0150641
2 0.0932581 0.665292 0.0297686 0.0754427 0.0150635
1 0.443495 0.736743 0.747342 0.509331 0.0149177
10 0.571777 0.0500806 0.553029 0.100625 0.0148165
4 0.285131 0.233509 0.0689313 0.0424818 0.0147958
10 0.925411 0.256911 0.153283 0.502717 0.0147718
1 0.336857 0.505396 0.679021 0.961138 0.0146456
10 0.162935 0.442797 0.045589 0.239692 0.0146168
4 0.392637 0.252682 0.255465 0.084453 0.0145889
4 0.0451042 0.447375 0.093019 0.410797 0.0145624
10 0.788939 0.380635 0.0434814 0.0954194 0.0145185
4 0.0882523 0.475509 0.17707 0.839156 0.0144314
10 0.199231 0.368436 0.0486665 0.212638 0.0142243
10 0.789267 0.360645 0.0387841 0.0575155 0.0142182
10 0.142385 0.44458 0.285125 0.863108 0.0141504
1 0.331954 0.503262 0.666658 0.962434 0.0140847
11 0.123232 0.72271 0.0983401 0.151488 0.0139909
10 0.153509 0.452393 0.0454586 0.28678 0.0138328
10 0.0941115 0.433004 0.188929 0.821802 0.0137836
10 0.132209 0.479958 0.270463 0.939969 0.0137834
10 0.778712 0.0427219 0.18099 0.0890824 0.0137616
10 0.922228 0.347252 0.158212 0.676958 0.0137581
1 0.488163 0.523376 0.88414 0.934999 0.0136356
4 0.412024 0.227215 0.190627 0.124071 0.0135705
1 0.588219 0.824325 0.429494 0.347933 0.0135349
1 0.490732 0.763783 0.929028 0.462301 0.0132491
10 0.60738 0.222824 0.0426905 0.100249 0.0131841
10 0.774878 0.361905 0.0543774 0.0706292 0.0130564
4 0.279499 0.274729 0.425076 0.189607 0.0129416
1 0.491727 0.623484 0.936036 0.728669 0.0128231
7 0.350147 0.0386681 0.149276 0.0757589 0.0127531
1 0.491658 0.70287 0.898248 0.576419 0.0127283
3 0.504647 0.213853 0.978341 0.417677 0.0126211
1 0.468104 0.799355 0.713664 0.384823 0.0126077
4 0.465383 0.260118 0.505875 0.172515 0.0125942
1 0.32209 0.586468 0.641368 0.806082 0.0125438
1 0.476966 0.799911 0.82665 0.39171 0.0125298
3 0.121327 0.360273 0.242498 0.704674 0.0124626
1 0.499309 0.702828 0.72058 0.556876 0.0124373
10 0.745778 0.0542984 0.133695 0.113693 0.0123366
4 0.166912 0.262032 0.0514894 0.0841563 0.0121103
10 0.936154 0.22179 0.134581 0.448502 0.0120491
7 0.342098 0.03803 0.146921 0.0740063 0.0119492
1 0.540464 0.505449 0.873612 0.951539 0.0116545
10 0.205634 0.321429 0.0370742 0.158189 0.0116391
10 0.911935 0.0616639 0.122735 0.134042 0.0115559
4 0.170443 0.38406 0.332584 0.416362 0.0115495
3 0.719967 0.273991 0.575269 0.537483 0.011519
1 0.735643 0.647896 0.523593 0.686992 0.0115057
3 0.670216 0.218281 0.667665 0.419883 0.0115043
1 0.120106 0.744888 0.1039 0.201916 0.0113934
10 0.0668046 0.812562 0.058951 0.201935 0.0113904
1 0.115565 0.764128 0.105406 0.227684 0.0113892
10 0.84511 0.0942739 0.0920014 0.194426 0.0113663
3 0.56068 0.158404 0.859494 0.312919 0.0113094
11 0.762147 0.547017 0.471373 0.518296 0.0112042
2 0.123868 0.0312121 0.104525 0.0598087 0.0109847
3 0.678462 0.188003 0.313077 0.375086 0.0108744
3 0.382962 0.136387 0.782944 0.27662 0.0107773
5 0.78453 0.769861 0.038133 0.0891417 0.0106609
4 0.510901 0.257305 0.662918 0.237007 0.0104687
10 0.165595 0.274827 0.0572859 0.129418 0.0104233
3 0.565796 0.146731 0.886411 0.294148 0.0101262
10 0.164492 0.265113 0.042852 0.081392 0.0101143
2 0.115703 0.0288795 0.111567 0.0549018 0.00996093
4 0.227834 0.358944 0.438834 0.478541 0.00992077
1 0.669153 0.571671 0.665507 0.795579 0.00977657
10 0.230468 0.358418 0.0435738 0.132699 0.00976788
10 0.989232 0.245096 0.0219752 0.346897 0.00974714
6 0.838973 0.633933 0.242661 0.503207 0.00961172
10 0.026407 0.06996 0.0550188 0.146376 0.00953986
10 0.986047 0.054303 0.514358 0.109944 0.00939466
10 0.0345125 0.11822 0.25372 0.236758 0.00922244
10 0.515476 0.119879 0.973826 0.238182 0.00903738
10 0.244725 0.34267 0.0358465 0.0967584 0.00859963
2 0.106793 0.0372784 0.180461 0.0726055 0.00825713
3 0.681932 0.331216 0.317144 0.215517 0.00791268
10 0.985674 0.139609 0.301254 0.113447 0.00655155
3 0.460173 0.290218 0.380287 0.427423 0.00653598
