6 0.700473 0.368543 0.105095 0.304668 0.786709
10 0.49508 0.0863433 0.0626123 0.17558 0.75878
6 0.354452 0.220489 0.0941783 0.200975 0.704065
2 0.761058 0.232108 0.0255906 0.0941793 0.683018
6 0.282984 0.275086 0.0960437 0.162042 0.622482
6 0.517773 0.334023 0.0986523 0.243367 0.613025
10 0.160022 0.858517 0.0458451 0.120388 0.579675
11 0.461253 0.280093 0.171615 0.254759 0.578345
11 0.370063 0.483876 0.232024 0.334708 0.492857
6 0.598126 0.620434 0.137836 0.366734 0.477954
10 0.716784 0.165475 0.0851967 0.128685 0.477554
2 0.738569 0.264038 0.0301449 0.0910651 0.475613
11 0.791775 0.337964 0.205994 0.326293 0.465037
6 0.455827 0.91529 0.199924 0.169721 0.434285
11 0.317037 0.186836 0.175145 0.284446 0.371365
7 0.242901 0.68671 0.0447397 0.0963697 0.339193
11 0.0446316 0.299301 0.0897847 0.241067 0.265203
10 0.125538 0.794911 0.0393284 0.101308 0.245878
6 0.428018 0.514876 0.12798 0.275246 0.244978
11 0.286827 0.247528 0.124808 0.210278 0.23548
7 0.431632 0.237155 0.0237373 0.0506393 0.214321
2 0.0189081 0.0982198 0.0351935 0.091744 0.210607
10 0.967026 0.81039 0.0681107 0.37627 0.190108
10 0.0138323 0.719813 0.0277444 0.205037 0.188847
11 0.0444955 0.288542 0.0898266 0.215844 0.188359
2 0.740838 0.264793 0.0286898 0.0820138 0.17596
7 0.307992 0.421865 0.0258245 0.0439415 0.174336
6 0.332357 0.230283 0.0720517 0.174537 0.17342
6 0.281972 0.26825 0.100515 0.178377 0.172681
10 0.878507 0.453882 0.164871 0.512185 0.168777
7 0.673487 0.602568 0.0405497 0.12478 0.167782
7 0.316948 0.421953 0.0264387 0.0479234 0.166832
2 0.847089 0.271461 0.0217434 0.0732151 0.158308
10 0.200674 0.672269 0.383254 0.592598 0.157177
2 0.839864 0.27683 0.0228634 0.0764773 0.152538
10 0.93859 0.794816 0.126083 0.408246 0.1507
7 0.681404 0.62218 0.031867 0.076254 0.146834
10 0.105085 0.216021 0.0309241 0.0832987 0.146721
10 0.926747 0.812934 0.148366 0.372322 0.144018
10 0.453687 0.0961321 0.0418812 0.144225 0.143898
2 0.00574809 0.241167 0.0123904 0.105659 0.141219
6 0.396128 0.914194 0.344045 0.170907 0.13868
11 0.0104322 0.254569 0.0209874 0.0991156 0.138258
2 0.772757 0.23483 0.0226729 0.0889304 0.136897
2 0.142624 0.0410652 0.0309409 0.0646758 0.120415
2 0.00435375 0.207617 0.00914472 0.0931089 0.117989
6 0.461019 0.963566 0.194089 0.0724578 0.117674
11 0.12435 0.264523 0.0717435 0.174202 0.116188
10 0.880177 0.366926 0.119253 0.316893 0.11607
10 0.96692 0.567926 0.0655201 0.862922 0.114959
2 0.66447 0.589315 0.0397507 0.138956 0.114225
7 0.42049 0.23616 0.0215096 0.0474505 0.113867
10 0.0133961 0.76853 0.0277874 0.309806 0.113313
2 0.75053 0.163492 0.033616 0.0828716 0.11224
6 0.292299 0.25837 0.0964519 0.188994 0.111261
2 0.115949 0.0113146 0.0252999 0.0238644 0.10853
6 0.289869 0.259982 0.0813465 0.182124 0.108511
10 0.113594 0.21747 0.0416032 0.0839967 0.108407
2 0.753685 0.259847 0.0279251 0.0873668 0.105656
10 0.876564 0.587389 0.225293 0.826371 0.105192
6 0.288534 0.262442 0.109851 0.18117 0.105
10 0.913091 0.594928 0.171099 0.813116 0.104256
6 0.938272 0.304063 0.0540292 0.247927 0.104076
10 0.984224 0.803408 0.0320914 0.383151 0.103203
7 0.828951 0.269506 0.0254852 0.0903487 0.102814
2 0.85304 0.25989 0.0220917 0.0823356 0.102698
6 0.267998 0.28268 0.0722321 0.135904 0.101753
2 0.739866 0.239603 0.0233171 0.106484 0.100067
7 0.832505 0.241093 0.0256685 0.0553667 0.0998022
2 0.0661435 0.144646 0.0326966 0.0678328 0.0977028
10 0.450662 0.0894819 0.0547369 0.177273 0.0973453
2 0.746417 0.228809 0.0237086 0.094537 0.0972532
6 0.49252 0.11984 0.055802 0.107538 0.0965282
6 0.967559 0.843884 0.0674473 0.316502 0.0964779
6 0.362303 0.226312 0.0717688 0.186589 0.096157
10 0.0125374 0.665675 0.0254777 0.449598 0.0956856
10 0.932418 0.675615 0.134052 0.647345 0.0955503
7 0.808117 0.223127 0.0244211 0.0534782 0.0948168
7 0.829558 0.262121 0.028574 0.0969756 0.0936702
2 0.860347 0.255114 0.0218178 0.0815339 0.0934223
2 0.856946 0.245915 0.0219961 0.0611601 0.0920578
2 0.85969 0.236114 0.0172894 0.04419 0.0918741
7 0.834168 0.238579 0.0208881 0.0519634 0.0915042
7 0.650825 0.580745 0.055053 0.132398 0.0897974
2 0.511772 0.965366 0.0694012 0.070606 0.089541
6 0.289626 0.257253 0.0850755 0.189489 0.0894045
10 0.92855 0.877532 0.144515 0.246677 0.0886788
2 0.263579 0.169104 0.0222169 0.0598486 0.088016
6 0.264612 0.106719 0.0386627 0.0831432 0.0873802
2 0.855819 0.276182 0.0182667 0.0673036 0.0871404
10 0.979524 0.579103 0.0403898 0.836206 0.0858106
6 0.376788 0.198019 0.0771451 0.189531 0.0857311
6 0.351411 0.233247 0.0715616 0.178617 0.0850782
10 0.735179 0.165437 0.0370112 0.0879045 0.0844891
10 0.441761 0.0919888 0.0481305 0.170238 0.0837926
6 0.297026 0.269696 0.0707972 0.167697 0.0835905
6 0.920043 0.942184 0.158504 0.118705 0.0835577
6 0.497616 0.964163 0.112325 0.0728346 0.0827897
7 0.795947 0.235853 0.0359795 0.062067 0.0825482
10 0.98265 0.614064 0.0356205 0.765892 0.082405
11 0.00930115 0.231779 0.0187326 0.0872907 0.0808375
10 0.0656804 0.215031 0.0333316 0.065222 0.0807707
6 0.395977 0.964261 0.335681 0.0722913 0.0805734
6 0.426542 0.524402 0.124158 0.254739 0.0797504
7 0.660424 0.619461 0.0311893 0.080533 0.079414
11 0.0446126 0.154817 0.0720112 0.14829 0.0793555
6 0.267155 0.281426 0.0894661 0.147355 0.079247
7 0.852658 0.237386 0.0189896 0.040828 0.0787869
7 0.810399 0.230652 0.0248655 0.0658889 0.0787169
10 0.0103903 0.739456 0.0229926 0.234964 0.0784843
2 0.774243 0.175703 0.0261358 0.071424 0.0782209
7 0.268002 0.198837 0.0337193 0.0497089 0.0779092
11 0.0547807 0.322269 0.112844 0.290123 0.0771999
7 0.722076 0.267454 0.0296657 0.0845304 0.0767344
6 0.372705 0.205321 0.0693674 0.187805 0.076654
7 0.690438 0.606719 0.0387439 0.105952 0.0753334
10 0.0132086 0.648609 0.0261059 0.505614 0.0745598
7 0.848756 0.242074 0.0164585 0.0401112 0.0740561
7 0.698303 0.613791 0.0367839 0.103141 0.0738323
2 0.0465296 0.122885 0.0301345 0.0601312 0.0737864
7 0.485571 0.228751 0.017582 0.0548071 0.0731859
11 0.0418586 0.26826 0.0853863 0.169295 0.0731023
10 0.105849 0.212348 0.0277386 0.0768255 0.0729573
7 0.73982 0.627421 0.0313144 0.115944 0.0722683
2 0.151389 0.0370195 0.024042 0.0609448 0.0712384
7 0.181996 0.462285 0.0333784 0.0820425 0.0707483
10 0.116618 0.227791 0.0514925 0.107412 0.0704226
2 0.762708 0.171863 0.0215958 0.0709585 0.0702531
10 0.69032 0.165463 0.0704158 0.131134 0.0699639
2 0.145509 0.285443 0.021051 0.0751737 0.0687735
6 0.960352 0.940678 0.0794212 0.121881 0.0685308
11 0.0544131 0.147566 0.0583904 0.108398 0.0683618
6 0.938818 0.939438 0.123113 0.124159 0.0683472
2 0.777855 0.233049 0.0238398 0.0937162 0.068007
11 0.319886 0.144388 0.167213 0.201224 0.0672712
7 0.825567 0.279276 0.0236891 0.0771289 0.0667421
6 0.989944 0.719354 0.021139 0.19194 0.0666756
10 0.107846 0.970297 0.213913 0.058728 0.0663404
6 0.316964 0.231817 0.0667936 0.167395 0.0662979
10 0.877899 0.875102 0.126171 0.251398 0.0659398
6 0.93626 0.251906 0.0471516 0.131253 0.0650122
10 0.984708 0.479863 0.0279739 0.881929 0.0649573
7 0.301512 0.422884 0.0233245 0.0434351 0.0644757
7 0.4345 0.224319 0.0324119 0.0765319 0.0628798
6 0.690516 0.398789 0.082886 0.227495 0.0627624
7 0.30065 0.0813963 0.0241062 0.0396837 0.0626478
10 0.110663 0.23233 0.043793 0.104658 0.0625622
11 0.0075766 0.290721 0.016131 0.105514 0.0618537
10 0.992843 0.728368 0.0165141 0.385156 0.0617714
2 0.0912617 0.110453 0.0190891 0.0430568 0.0606695
2 0.758093 0.164089 0.0311024 0.0774917 0.0605355
2 0.778483 0.172775 0.0239798 0.067875 0.0604842
6 0.934708 0.237215 0.0428411 0.0997896 0.0603558
10 0.72551 0.173863 0.0577317 0.0997217 0.0601794
11 0.290402 0.263609 0.136071 0.188075 0.0590658
2 0.103897 0.0129757 0.0352615 0.0270026 0.0589698
7 0.282289 0.194707 0.0158314 0.0435689 0.0587898
2 0.0285912 0.155796 0.0170182 0.0368654 0.058694
6 0.323096 0.261872 0.0688354 0.153473 0.0580469
11 0.114006 0.294508 0.0466805 0.0991439 0.0579047
7 0.862547 0.267151 0.017789 0.0683793 0.0578978
7 0.481871 0.221129 0.0292143 0.0435842 0.0578903
10 0.0092848 0.752899 0.0203431 0.267055 0.0578097
10 0.983381 0.458753 0.0307434 0.84053 0.0577819
2 0.146202 0.29764 0.0166745 0.0517885 0.0576119
2 0.499185 0.96519 0.0769269 0.0712315 0.0572098
6 0.397511 0.246218 0.0943059 0.174636 0.0560626
10 0.113892 0.271301 0.0667665 0.190454 0.0559521
6 0.967652 0.920613 0.0665346 0.161582 0.0556778
2 0.237498 0.160879 0.0363914 0.0717874 0.0555955
7 0.321089 0.40911 0.0389461 0.0773249 0.055451
10 0.727686 0.197397 0.0982683 0.198887 0.0554007
10 0.987146 0.521551 0.0232214 0.608961 0.054827
6 0.310879 0.243438 0.0702373 0.160937 0.0544924
6 0.368493 0.169114 0.0672962 0.14929 0.0544458
2 0.240998 0.160219 0.0223748 0.0499927 0.0533509
6 0.303619 0.249832 0.076379 0.178404 0.0532136
6 0.361453 0.242252 0.100154 0.177173 0.0531911
7 0.798128 0.212775 0.0135785 0.0295355 0.0523094
2 0.0634174 0.0812852 0.0249007 0.0395933 0.0521872
10 0.853737 0.473354 0.229067 0.598339 0.0518402
2 0.307829 0.0790794 0.0207209 0.0395063 0.0508466
10 0.55258 0.205955 0.131366 0.398372 0.0506343
6 0.294406 0.265612 0.142418 0.188956 0.0504959
7 0.86332 0.315395 0.0287843 0.063446 0.0504122
2 0.136677 0.259774 0.0349462 0.12938 0.0502221
11 0.428198 0.304378 0.293443 0.315235 0.0502203
7 0.806686 0.233475 0.0355241 0.0673239 0.0500263
10 0.00975785 0.855103 0.0218089 0.256385 0.0498257
11 0.118166 0.270733 0.0414419 0.0685748 0.0497793
6 0.256834 0.282032 0.0755245 0.139492 0.0494112
10 0.739693 0.169949 0.0318827 0.097877 0.0492306
6 0.708357 0.367215 0.10501 0.310101 0.0491019
2 0.754264 0.255132 0.0200526 0.0858767 0.0486074
6 0.331574 0.214385 0.0617812 0.160217 0.0485429
2 0.505529 0.968223 0.0652067 0.0661502 0.0484059
2 0.23505 0.169059 0.0349298 0.0855504 0.0483788
10 0.517927 0.224254 0.133411 0.447292 0.0481544
6 0.576875 0.617037 0.119866 0.36539 0.0481286
2 0.803654 0.230057 0.0219495 0.0863428 0.0480446
10 0.00465002 0.477026 0.0098532 0.120203 0.0475741
6 0.688948 0.414049 0.0812158 0.186468 0.0475115
10 0.552321 0.0991629 0.0820041 0.186962 0.0470141
10 0.0917255 0.265379 0.0438774 0.180499 0.0469282
11 0.260832 0.19035 0.107314 0.255722 0.0469236
6 0.253549 0.139642 0.0396667 0.150098 0.0468344
6 0.515113 0.91493 0.370646 0.173618 0.0462082
2 0.868993 0.232986 0.0162048 0.0463111 0.0461048
7 0.395089 0.241392 0.0142977 0.0493785 0.0456953
10 0.56386 0.0966167 0.085494 0.185498 0.0456125
6 0.843855 0.875203 0.249859 0.253673 0.0456025
6 0.412264 0.216566 0.0795876 0.193754 0.0454003
10 0.881007 0.45035 0.225443 0.840653 0.0451548
10 0.695734 0.179173 0.0626692 0.0998339 0.0446758
6 0.379444 0.187287 0.0686925 0.173471 0.0446707
2 0.792318 0.227388 0.0200811 0.0603881 0.0446035
6 0.314978 0.241984 0.078567 0.163259 0.0445539
2 0.0119375 0.0999193 0.0263138 0.0908649 0.044528
6 0.382669 0.160263 0.0510958 0.13107 0.0442812
6 0.396711 0.195342 0.0747131 0.190959 0.0433501
7 0.458327 0.224341 0.0368612 0.0449582 0.0429714
6 0.888812 0.298951 0.0902966 0.17133 0.0429407
2 0.213238 0.0747239 0.0179386 0.0329004 0.042452
10 0.988824 0.436571 0.0197189 0.489514 0.0419466
7 0.0333474 0.0780905 0.0159755 0.0290669 0.0418847
6 0.280067 0.100473 0.058352 0.0726836 0.0415721
2 0.190041 0.0774309 0.0210341 0.0288876 0.0415369
2 0.0127198 0.10759 0.029152 0.0949372 0.0409934
6 0.31727 0.251385 0.066411 0.167201 0.0409857
10 0.013372 0.0916011 0.0257251 0.0790023 0.0406534
10 0.987669 0.392207 0.0217785 0.748021 0.0406171
11 0.0119735 0.822274 0.0245224 0.20013 0.0406133
11 0.270967 0.267063 0.13579 0.178413 0.0405486
2 0.781402 0.230614 0.0239202 0.0926797 0.040485
6 0.42926 0.917185 0.157893 0.167597 0.0404409
2 0.770041 0.190516 0.018433 0.0390603 0.0395917
6 0.923795 0.332215 0.090712 0.308335 0.0395836
10 0.399452 0.0958161 0.0417126 0.177404 0.0394447
2 0.277812 0.168759 0.0183317 0.0541894 0.0392261
7 0.65257 0.619297 0.0303541 0.0822043 0.0388393
7 0.818393 0.214296 0.0223463 0.0343269 0.0384717
10 0.916758 0.39896 0.103705 0.441925 0.0382006
11 0.103431 0.214232 0.094043 0.0907269 0.0380974
6 0.683549 0.312858 0.0644691 0.200286 0.0377401
6 0.468844 0.502831 0.100335 0.284888 0.0374415
10 0.72597 0.649254 0.408852 0.457757 0.0373411
2 0.184029 0.0773443 0.015843 0.0278344 0.036616
6 0.679467 0.313696 0.0604397 0.201517 0.0365647
11 0.35543 0.17271 0.261625 0.327243 0.0363813
11 0.0512005 0.320078 0.0705201 0.271468 0.0363653
6 0.333684 0.191801 0.0612682 0.123913 0.0363428
10 0.0748024 0.211867 0.0259848 0.0604084 0.0354385
6 0.420785 0.287045 0.0755535 0.166814 0.0352914
7 0.263402 0.685623 0.0410541 0.0894775 0.0347393
10 0.00817021 0.441358 0.0188697 0.488182 0.034435
2 0.271841 0.0824434 0.0181685 0.0344193 0.033948
7 0.219205 0.687944 0.0404826 0.0932409 0.033836
6 0.420496 0.340495 0.0745705 0.142956 0.0336743
10 0.757029 0.588879 0.456766 0.803845 0.0334863
7 0.818799 0.228519 0.0177582 0.0487191 0.0326531
11 0.808442 0.441334 0.329947 0.577532 0.0326477
10 0.92024 0.447753 0.104446 0.532538 0.0324629
10 0.0904511 0.221116 0.0679433 0.088796 0.0323584
6 0.236447 0.104369 0.0408739 0.0865948 0.0323566
6 0.673914 0.323846 0.0592091 0.220172 0.0323098
10 0.5876 0.243699 0.321314 0.474191 0.0315433
11 0.489281 0.298864 0.215319 0.311045 0.0309157
2 0.739118 0.21198 0.0167508 0.0566021 0.0302053
6 0.751978 0.45419 0.120558 0.16327 0.030198
11 0.409872 0.252716 0.119252 0.18935 0.029793
2 0.0794786 0.140178 0.020101 0.0639535 0.0297482
7 0.878781 0.246989 0.0279816 0.064504 0.0294209
11 0.812788 0.305776 0.186798 0.349377 0.0290462
7 0.506975 0.214016 0.0146152 0.0406409 0.0288188
10 0.991551 0.302381 0.0136391 0.549479 0.0282149
10 0.879687 0.342505 0.106179 0.272284 0.0280321
2 0.0743073 0.0742976 0.0181353 0.0397772 0.0277189
6 0.217347 0.130246 0.0505394 0.138137 0.0273477
10 0.622953 0.250269 0.344401 0.49577 0.0272058
11 0.775705 0.320699 0.152598 0.276692 0.0265984
2 0.561683 0.968811 0.0678436 0.0626596 0.0259203
6 0.890531 0.316159 0.0999125 0.146691 0.0256048
7 0.343279 0.0758128 0.0179252 0.037556 0.0247251
6 0.61133 0.644861 0.17837 0.413319 0.0245986
11 0.785904 0.356825 0.259471 0.34953 0.0245726
7 0.303245 0.187643 0.0145662 0.0406459 0.0245487
6 0.680844 0.629096 0.29283 0.391909 0.0242815
10 0.101031 0.795908 0.0487493 0.118537 0.0241057
2 0.168342 0.309446 0.0221304 0.0692545 0.0237009
11 0.794602 0.251014 0.173143 0.130611 0.0235602
11 0.342242 0.39734 0.148494 0.144472 0.0235274
7 0.26924 0.690085 0.0386705 0.0941162 0.0226122
7 0.878549 0.228904 0.0165083 0.0500737 0.0223311
7 0.809856 0.245516 0.043276 0.100359 0.0208362
11 0.425755 0.430036 0.347323 0.467699 0.0194779
2 0.78685 0.195531 0.0191362 0.0440671 0.0161933
6 0.572334 0.32389 0.0756326 0.246899 0.0161922
10 0.157983 0.650058 0.301256 0.554752 0.0152006
6 0.530217 0.617746 0.0666689 0.271212 0.0144673
7 0.719755 0.213925 0.0233966 0.0420893 0.0128602
