6 0.377746 0.591788 0.209131 0.596727 0.789318
5 0.680892 0.466049 0.125768 0.191045 0.780623
10 0.786462 0.566177 0.119538 0.471141 0.767525
5 0.740403 0.901831 0.135399 0.196646 0.361823
5 0.752547 0.915807 0.103137 0.167186 0.189469
5 0.818489 0.884055 0.0869019 0.227899 0.183544
5 0.762524 0.885968 0.206234 0.228956 0.180055
5 0.821559 0.852462 0.0709717 0.155308 0.13609
2 0.61547 0.164113 0.0184399 0.0743349 0.128592
6 0.409099 0.540139 0.144888 0.491418 0.126419
11 0.39202 0.260399 0.0539179 0.066773 0.121485
2 0.606344 0.159046 0.0195544 0.0712425 0.106667
2 0.616883 0.170996 0.0157314 0.0642769 0.0917283
5 0.757585 0.920082 0.098147 0.158526 0.0882791
5 0.742375 0.896414 0.114153 0.206345 0.0824016
2 0.60888 0.161139 0.0284181 0.0806422 0.0788275
11 0.25787 0.983554 0.369214 0.0323347 0.0750526
10 0.798288 0.884489 0.132576 0.229789 0.0741511
11 0.318272 0.984128 0.471525 0.0321785 0.0724634
5 0.814503 0.856612 0.0728353 0.157626 0.0661134
10 0.766746 0.875632 0.217232 0.24479 0.0657847
2 0.405699 0.985406 0.0572139 0.0294728 0.0632282
2 0.619356 0.160237 0.0189963 0.0750094 0.0631081
6 0.284115 0.286194 0.169186 0.393233 0.0619906
2 0.586711 0.100107 0.0194512 0.0417127 0.0612679
2 0.532843 0.052341 0.0167172 0.0296819 0.0596808
2 0.431566 0.0453721 0.0250018 0.0544832 0.0594373
10 0.74041 0.881823 0.265038 0.23421 0.0581771
11 0.188346 0.985003 0.271829 0.0282678 0.0549818
2 0.307037 0.985012 0.0604488 0.0300953 0.0546659
5 0.735598 0.970602 0.0833804 0.0585907 0.0544793
11 0.345234 0.983463 0.183124 0.033239 0.0542854
10 0.696329 0.0126841 0.0401792 0.0258669 0.0534111
2 0.426773 0.984157 0.0457388 0.0317001 0.0529067
11 0.358506 0.983035 0.170688 0.0343775 0.0504982
2 0.598647 0.152125 0.0158863 0.0684891 0.0497486
5 0.809175 0.871226 0.0778457 0.187399 0.0497211
6 0.3515 0.642781 0.280589 0.714365 0.0467497
2 0.590413 0.153765 0.0158936 0.0589458 0.046021
2 0.624563 0.163151 0.0174072 0.0766939 0.0454569
2 0.453918 0.986133 0.0353866 0.0277506 0.0451328
5 0.734497 0.476713 0.0364401 0.135907 0.0451096
5 0.743535 0.972012 0.0934549 0.0561873 0.0448443
5 0.73878 0.968241 0.127967 0.0634595 0.0445463
11 0.343611 0.968515 0.608452 0.0619023 0.0444273
5 0.822491 0.854817 0.0669891 0.157436 0.0440456
10 0.0645093 0.617877 0.12569 0.742938 0.0433436
11 0.363348 0.96745 0.645618 0.0642544 0.0430027
11 0.261014 0.968069 0.468007 0.0637466 0.0427582
5 0.732658 0.985161 0.0720604 0.0291638 0.0422894
2 0.431916 0.0368656 0.0334328 0.0736466 0.0420326
2 0.467212 0.970133 0.0403813 0.0597128 0.0420156
2 0.328979 0.984009 0.101013 0.0323814 0.0413213
11 0.583553 0.985922 0.283965 0.0281203 0.0411467
5 0.824769 0.842974 0.0623524 0.134638 0.0405737
11 0.422672 0.985748 0.300827 0.0295456 0.0399923
11 0.63088 0.9865 0.362263 0.0280992 0.0399705
6 0.956475 0.975776 0.0850506 0.0489065 0.0398842
2 0.573977 0.0980533 0.0227636 0.0416269 0.0394438
10 0.05655 0.744694 0.109768 0.49277 0.0394369
10 0.0650119 0.666959 0.126475 0.645366 0.0394186
5 0.832619 0.842726 0.0527145 0.132981 0.0392161
11 0.476858 0.986126 0.378866 0.028833 0.0392096
10 0.841936 0.804031 0.121652 0.389022 0.0386784
10 0.429769 0.0358109 0.0361485 0.0702955 0.0385846
2 0.387726 0.990056 0.0970742 0.0200779 0.0384068
5 0.712498 0.453411 0.10117 0.151668 0.0383061
5 0.744091 0.966016 0.147091 0.0680374 0.0379847
6 0.93356 0.937847 0.129494 0.126023 0.0375167
10 0.853332 0.886568 0.113627 0.227458 0.0373124
2 0.470136 0.984598 0.0472665 0.0309766 0.0368626
6 0.538385 0.984899 0.235758 0.0308662 0.0363936
10 0.0470695 0.802187 0.0938543 0.380499 0.0360808
7 0.244607 0.477997 0.0311017 0.0451995 0.0359687
6 0.13871 0.982593 0.195279 0.0327621 0.0359248
5 0.686338 0.503156 0.13111 0.127689 0.0358841
5 0.71357 0.463861 0.0527209 0.155277 0.0358131
10 0.774038 0.656226 0.28448 0.688684 0.0355903
7 0.708652 0.012718 0.0649314 0.0275335 0.0354181
5 0.74212 0.96701 0.0945798 0.0664053 0.035188
10 0.0190865 0.771135 0.0364208 0.423068 0.0350443
11 0.340205 0.589136 0.262131 0.599667 0.0349848
11 0.707823 0.975119 0.527431 0.0501714 0.0347418
2 0.609915 0.732631 0.0170352 0.0454516 0.0345902
5 0.707844 0.925203 0.0892964 0.147988 0.0340104
10 0.781586 0.486399 0.10407 0.314754 0.0339916
5 0.83557 0.838425 0.048098 0.127137 0.0338315
5 0.819184 0.847845 0.0583543 0.13226 0.0338169
5 0.752905 0.988524 0.07573 0.0226048 0.0337934
10 0.754304 0.140852 0.0221012 0.0492765 0.0336543
11 0.932116 0.967476 0.130448 0.0664406 0.0336324
11 0.663496 0.984203 0.451393 0.0317415 0.0334677
5 0.738918 0.474163 0.0351947 0.147653 0.033404
10 0.659975 0.91466 0.392215 0.171935 0.032862
6 0.0201892 0.809968 0.0395031 0.354851 0.0325691
10 0.707403 0.0119402 0.0456425 0.024949 0.0324137
11 0.411368 0.960554 0.507836 0.0793879 0.0323779
6 0.956099 0.989266 0.084091 0.0218959 0.0321311
2 0.381624 0.990285 0.119708 0.0201542 0.0320763
10 0.794465 0.56436 0.110434 0.478758 0.0320272
11 0.345756 0.988175 0.189173 0.0253126 0.0318712
5 0.657507 0.453039 0.0924461 0.148916 0.0316735
2 0.587053 0.0153697 0.0467671 0.0318993 0.0314587
5 0.722349 0.481594 0.035279 0.118807 0.0313681
6 0.117413 0.950039 0.213041 0.0977474 0.0311934
6 0.886273 0.933247 0.0898621 0.133417 0.0311466
2 0.585152 0.155816 0.0176956 0.063049 0.031008
7 0.248832 0.476265 0.0299361 0.040563 0.0306209
5 0.66457 0.455483 0.0988151 0.149904 0.030548
2 0.428096 0.056404 0.0346065 0.114897 0.0302766
11 0.239275 0.991053 0.364971 0.0173504 0.0299239
5 0.660908 0.451852 0.0908091 0.147158 0.029747
6 0.397244 0.588942 0.170883 0.58658 0.0296542
10 0.778402 0.731075 0.266193 0.544015 0.029554
6 0.943161 0.989625 0.11119 0.0220317 0.0291903
11 0.493178 0.969854 0.705943 0.0595982 0.0289651
2 0.579068 0.0241912 0.0295506 0.048793 0.0286918
5 0.741316 0.140895 0.0256176 0.048225 0.0286284
10 0.947425 0.879064 0.106209 0.243128 0.0284286
10 0.848901 0.741117 0.120583 0.513785 0.028373
11 0.189782 0.993385 0.225702 0.0124285 0.0282256
11 0.19084 0.993269 0.237857 0.0128599 0.0280004
11 0.349059 0.686349 0.265026 0.625972 0.0279727
2 0.44497 0.0545715 0.0265545 0.112239 0.0275756
6 0.53443 0.702771 0.0178567 0.0335431 0.0273794
10 0.781995 0.499649 0.108629 0.344532 0.0273464
2 0.437381 0.989927 0.104578 0.0217386 0.0272653
2 0.709318 0.980386 0.0396579 0.0392821 0.0270389
5 0.831786 0.837446 0.0560514 0.128044 0.0270067
6 0.279332 0.254767 0.16247 0.332116 0.0268721
11 0.325593 0.572898 0.21924 0.557418 0.0268495
10 0.695191 0.902472 0.209626 0.196559 0.0264462
6 0.408494 0.499669 0.129907 0.412606 0.0263366
5 0.705768 0.932603 0.0857988 0.134882 0.0260971
10 0.0123812 0.722307 0.0221099 0.497739 0.0260518
11 0.205454 0.992912 0.212542 0.0136314 0.0258495
5 0.656677 0.471752 0.125697 0.202349 0.0257288
5 0.711471 0.966971 0.0922987 0.0653591 0.025472
2 0.606632 0.010081 0.0447281 0.0209886 0.0254212
11 0.165177 0.99318 0.217001 0.0121438 0.0254097
5 0.712097 0.453563 0.0975918 0.149041 0.0253781
10 0.963925 0.572298 0.0609419 0.861297 0.0253713
11 0.612113 0.993274 0.186606 0.0133638 0.0253233
2 0.544788 0.0510902 0.0170138 0.0314955 0.0250903
6 0.886626 0.932072 0.0339628 0.139084 0.0250839
11 0.388183 0.26211 0.0552318 0.0717547 0.0250696
11 0.297825 0.632043 0.195366 0.479623 0.0250341
2 0.583654 0.161379 0.0170032 0.0703187 0.0249382
11 0.602318 0.993963 0.203084 0.0123362 0.0248946
6 0.380672 0.375089 0.0648468 0.139698 0.02463
11 0.346089 0.631151 0.265942 0.680501 0.0245142
10 0.675817 0.011912 0.0282933 0.0253651 0.0244877
2 0.350187 0.283403 0.0249816 0.0353311 0.0244379
5 0.796137 0.870109 0.0979711 0.195299 0.0243536
11 0.604343 0.99104 0.261984 0.0182565 0.0242962
5 0.699465 0.476231 0.079705 0.105307 0.0242664
5 0.773531 0.990109 0.15619 0.0203631 0.024262
2 0.891863 0.966753 0.0535141 0.0667226 0.0241822
11 0.348044 0.541639 0.304982 0.917666 0.0241464
5 0.728011 0.464304 0.0598695 0.175819 0.0240815
5 0.809441 0.86693 0.0805539 0.189311 0.024063
6 0.884278 0.976098 0.181015 0.0492564 0.0239722
10 0.749289 0.168506 0.0262634 0.100621 0.0238906
5 0.768228 0.987486 0.0943024 0.0259476 0.0238241
10 0.0454331 0.883668 0.0901238 0.228895 0.023781
2 0.372954 0.993349 0.124474 0.0145306 0.0237353
11 0.628948 0.99305 0.173854 0.0133815 0.0236741
6 0.405526 0.463979 0.134563 0.349242 0.0236183
10 0.0126498 0.660726 0.0236511 0.629559 0.0235691
6 0.400919 0.485529 0.134994 0.389228 0.023546
2 0.410476 0.044702 0.0204325 0.0485963 0.0234428
7 0.562724 0.285513 0.0183676 0.03415 0.0233751
10 0.993118 0.816661 0.011281 0.36427 0.0232538
11 0.629168 0.994717 0.252246 0.0115578 0.0232497
11 0.360816 0.263294 0.0505141 0.071994 0.0231552
6 0.694084 0.883709 0.0578268 0.0826227 0.0231047
10 0.674805 0.879363 0.428124 0.240835 0.0230606
6 0.0695674 0.980027 0.109718 0.0381883 0.0229977
10 0.994293 0.91919 0.0103155 0.160628 0.0229039
10 0.270988 0.541529 0.202289 0.911882 0.0228496
11 0.181092 0.992994 0.191725 0.0123722 0.0228456
6 0.226571 0.993833 0.141427 0.0123564 0.0225219
6 0.414609 0.517852 0.128814 0.447525 0.0225116
6 0.431393 0.536201 0.131281 0.482472 0.0224866
11 0.413393 0.256441 0.0503084 0.0651973 0.0224795
11 0.623359 0.993586 0.211886 0.0131529 0.0221502
6 0.342361 0.623393 0.276092 0.662435 0.0221005
6 0.391108 0.525435 0.133357 0.440684 0.0220656
11 0.364821 0.258945 0.051257 0.0678399 0.0218241
6 0.264856 0.98693 0.0789551 0.0258091 0.0218153
10 0.719048 0.0110328 0.0709223 0.0242215 0.0218107
2 0.415534 0.0556042 0.0294789 0.113939 0.0216465
11 0.357316 0.992741 0.146022 0.0155571 0.0215695
10 0.78598 0.665663 0.163007 0.658385 0.0215407
11 0.556106 0.953277 0.637895 0.094408 0.0214863
10 0.603154 0.901949 0.573395 0.194713 0.0213915
2 0.414091 0.0477436 0.0223849 0.0495354 0.0213268
6 0.336415 0.636822 0.277222 0.692648 0.0212992
6 0.347586 0.991768 0.126565 0.0171227 0.0210125
6 0.294311 0.464389 0.195751 0.754008 0.0209841
6 0.37655 0.641905 0.220385 0.683884 0.0209368
6 0.145046 0.993603 0.186488 0.0112387 0.0207502
6 0.295767 0.305803 0.208068 0.433104 0.0206939
5 0.716707 0.456007 0.0990067 0.152105 0.0206474
5 0.723412 0.462608 0.0754324 0.155388 0.0206359
5 0.832559 0.853505 0.0544743 0.148939 0.0204862
5 0.64591 0.461563 0.092611 0.158162 0.0203909
6 0.290738 0.274302 0.157304 0.367871 0.0203686
2 0.753346 0.277204 0.0156855 0.15864 0.0202466
10 0.108464 0.899012 0.205878 0.199521 0.0201761
5 0.643931 0.471184 0.075939 0.192704 0.0201194
11 0.375325 0.896558 0.170095 0.208246 0.0200536
7 0.57335 0.282885 0.020166 0.0398733 0.0199028
2 0.598791 0.104902 0.0187158 0.0512433 0.0198993
10 0.768817 0.556253 0.163686 0.445363 0.0198658
2 0.227347 0.479465 0.0207997 0.0430752 0.0198523
5 0.696279 0.936689 0.0897269 0.125444 0.0196475
11 0.362662 0.795596 0.241625 0.411482 0.019506
5 0.725405 0.461257 0.0859313 0.16041 0.019417
2 0.642109 0.158825 0.0161151 0.0752617 0.0193589
6 0.272999 0.201503 0.15468 0.218955 0.0190079
6 0.0446636 0.930968 0.0840304 0.136089 0.0188941
2 0.464621 0.0457744 0.0282697 0.0952545 0.0188071
11 0.376302 0.542403 0.182219 0.494793 0.0186242
6 0.663377 0.984428 0.0933186 0.0308933 0.0186145
6 0.371358 0.64396 0.25024 0.706229 0.0185362
10 0.0116248 0.882762 0.0208285 0.216994 0.0184557
10 0.407489 0.0346319 0.0304887 0.0694601 0.018424
11 0.649472 0.993066 0.138947 0.0128639 0.0182289
5 0.734317 0.463648 0.063236 0.176487 0.018148
11 0.421496 0.0857187 0.0296703 0.0536275 0.0181345
2 0.378741 0.0467505 0.0196197 0.0725104 0.0180597
6 0.377082 0.526704 0.134428 0.438994 0.0174708
11 0.335312 0.641134 0.271599 0.702356 0.0174216
11 0.341175 0.619117 0.267422 0.658585 0.0173423
5 0.726426 0.459541 0.0940231 0.161058 0.0172851
6 0.354783 0.397443 0.0727575 0.168969 0.0172313
5 0.703232 0.443361 0.108312 0.129848 0.0172155
11 0.71935 0.816344 0.361983 0.370111 0.0171917
11 0.277456 0.69167 0.207947 0.546768 0.0170298
11 0.304204 0.638895 0.169815 0.470478 0.01696
10 0.922403 0.104881 0.0125784 0.0368206 0.0169523
11 0.296952 0.644174 0.293941 0.699542 0.0169179
5 0.684942 0.508806 0.135109 0.123438 0.0168596
7 0.665917 0.012263 0.0938583 0.0274679 0.0168341
11 0.374839 0.532994 0.176781 0.478601 0.0166385
6 0.497435 0.991246 0.0816247 0.0176443 0.0165874
6 0.379379 0.519775 0.12648 0.411147 0.0165422
2 0.376552 0.0553178 0.0278937 0.112791 0.016522
6 0.384275 0.624207 0.150233 0.378178 0.0163574
11 0.60362 0.226109 0.0386464 0.0735638 0.0163064
5 0.706558 0.879712 0.0557212 0.0711157 0.0162479
2 0.459084 0.318447 0.019698 0.042163 0.0162151
11 0.344973 0.846342 0.247335 0.311096 0.0162035
5 0.734384 0.837506 0.0612772 0.0710081 0.0161878
2 0.218576 0.434677 0.0380241 0.132423 0.015997
2 0.63258 0.158802 0.014285 0.0683133 0.0158328
5 0.749694 0.474265 0.0355253 0.153837 0.0157143
2 0.558274 0.0480667 0.0169018 0.029521 0.015554
10 0.183319 0.442756 0.0776171 0.712532 0.0154092
4 0.969797 0.992062 0.0601852 0.0161007 0.0152739
6 0.335469 0.260438 0.0548837 0.0781029 0.0152526
2 0.509479 0.0531406 0.021739 0.0391969 0.0151604
6 0.370317 0.641424 0.295464 0.708692 0.0149894
2 0.212416 0.486967 0.0210975 0.0619172 0.0149747
2 0.601872 0.10867 0.0204345 0.0530665 0.0149633
5 0.679244 0.516443 0.139839 0.114487 0.01477
6 0.379357 0.486506 0.180597 0.39548 0.0146612
5 0.688708 0.526032 0.14753 0.0900101 0.0144139
5 0.699538 0.468059 0.171988 0.225072 0.0141055
6 0.67714 0.896352 0.0529294 0.111685 0.0139623
5 0.681298 0.520501 0.142055 0.112778 0.0139486
5 0.729912 0.1511 0.0333467 0.0683295 0.0138804
10 0.743349 0.454508 0.0473887 0.21665 0.0138373
11 0.504264 0.0952822 0.168762 0.19515 0.0136099
6 0.0472115 0.992305 0.0801378 0.0141994 0.0134921
6 0.297652 0.193582 0.149479 0.202717 0.0134323
2 0.557341 0.149256 0.0185247 0.0679666 0.0134233
10 0.461398 0.0284542 0.0333456 0.0574364 0.0133795
2 0.646248 0.146853 0.0137711 0.0605734 0.0132429
2 0.619288 0.108291 0.0151043 0.0572371 0.0129857
6 0.0608698 0.993635 0.0684379 0.0120169 0.0129328
6 0.0748602 0.994225 0.0853781 0.0114521 0.0128121
11 0.337588 0.54888 0.108051 0.41984 0.0125267
11 0.277398 0.642954 0.525486 0.707325 0.0124958
11 0.487215 0.028343 0.14036 0.0572737 0.0124281
11 0.401136 0.0963516 0.0302874 0.0421413 0.0123043
2 0.451227 0.692618 0.0646595 0.138367 0.0122744
6 0.0669338 0.993664 0.0782226 0.0120344 0.0121785
10 0.323237 0.0456348 0.235754 0.091123 0.0120905
11 0.350985 0.538695 0.0887987 0.300322 0.0117622
10 0.821493 0.572188 0.089704 0.4663 0.0117146
10 0.258031 0.0321473 0.121609 0.0635426 0.0115074
7 0.796595 0.0363882 0.253785 0.075815 0.0114863
2 0.640932 0.138665 0.012997 0.0469222 0.0110932
6 0.344087 0.396673 0.0557975 0.167446 0.010964
10 0.607649 0.474003 0.0366892 0.185009 0.0107117
5 0.7373 0.429355 0.0270266 0.0910273 0.0103945
7 0.342983 0.425149 0.0509581 0.128086 0.00942179
10 0.969399 0.141308 0.0528477 0.207844 0.0080385
