9 0.649403 0.56646 0.201578 0.303553 0.811618
1 0.699489 0.785229 0.445468 0.397259 0.381239
10 0.676831 0.804751 0.0660706 0.132611 0.336783
1 0.566192 0.812177 0.156342 0.213672 0.315434
10 0.971305 0.504784 0.0572264 0.971914 0.16957
9 0.742925 0.571924 0.141954 0.260778 0.138388
10 0.965395 0.500866 0.0668941 0.990943 0.130302
11 0.49968 0.107328 0.99003 0.213765 0.129226
1 0.239718 0.88843 0.182128 0.219428 0.129056
9 0.60819 0.840268 0.251474 0.271294 0.120755
10 0.970138 0.500662 0.0604249 0.984168 0.118353
4 0.495561 0.0712075 0.975442 0.142188 0.113062
1 0.239329 0.864398 0.223893 0.262394 0.111591
10 0.9735 0.113303 0.0545895 0.227481 0.104288
10 0.972623 0.12295 0.0547794 0.248982 0.103313
10 0.972348 0.582185 0.057071 0.830027 0.102729
4 0.494556 0.0678417 0.966792 0.135166 0.100864
4 0.492867 0.0602173 0.957506 0.120289 0.0969863
9 0.702669 0.671794 0.440562 0.628043 0.0914052
7 0.0207495 0.775101 0.0427642 0.0928984 0.0841808
10 0.973283 0.335159 0.053672 0.66088 0.0830497
10 0.973263 0.585059 0.055419 0.830944 0.0826774
1 0.253002 0.861767 0.248876 0.268122 0.0819604
9 0.695863 0.543451 0.302851 0.349915 0.0819474
10 0.974418 0.41339 0.0516039 0.814472 0.0807151
10 0.975117 0.602685 0.0512307 0.787953 0.0804927
10 0.973135 0.234409 0.0541771 0.469724 0.0800147
4 0.542437 0.059782 0.820167 0.119794 0.0755897
10 0.970565 0.498801 0.0581838 0.99152 0.0754092
1 0.186423 0.82909 0.365617 0.334854 0.074302
10 0.974272 0.628383 0.0538183 0.749936 0.0705631
4 0.472906 0.0516522 0.910765 0.103912 0.0704096
10 0.971411 0.361389 0.056778 0.717331 0.0688036
4 0.489456 0.0573473 0.943143 0.1148 0.067563
4 0.507649 0.103324 0.925323 0.207201 0.067426
1 0.178128 0.776418 0.349752 0.439107 0.0673209
11 0.180037 0.881002 0.343133 0.232644 0.0653568
4 0.600331 0.0629359 0.684275 0.12608 0.0653117
10 0.97898 0.427184 0.042613 0.633762 0.0622136
1 0.559623 0.806163 0.146691 0.203378 0.0618144
10 0.694077 0.793125 0.0536778 0.127389 0.060081
4 0.816756 0.62516 0.0494316 0.0911901 0.0598943
10 0.979668 0.448828 0.0411053 0.531835 0.0598341
9 0.677393 0.398823 0.0365317 0.0452345 0.0598189
1 0.178027 0.720405 0.351535 0.551874 0.0596577
10 0.955463 0.116839 0.0893297 0.237586 0.0591806
4 0.822339 0.615783 0.0444019 0.0679478 0.0590854
10 0.660293 0.817735 0.0548805 0.097223 0.0589664
9 0.751723 0.545265 0.0890309 0.191874 0.058606
4 0.848604 0.642117 0.1262 0.133508 0.0585054
4 0.497347 0.0623966 0.970703 0.125582 0.0584273
9 0.68642 0.560304 0.132396 0.254537 0.0583749
9 0.58922 0.521693 0.0780737 0.164678 0.0570747
10 0.983726 0.543596 0.0321823 0.778246 0.0570736
4 0.501233 0.0295419 0.840989 0.0606187 0.0570115
4 0.652411 0.0642074 0.590723 0.12856 0.0565967
5 0.672163 0.035031 0.447626 0.0712784 0.0562288
5 0.589276 0.0334347 0.48064 0.0684352 0.0547882
5 0.550742 0.0300728 0.576558 0.0613387 0.0547071
9 0.665895 0.542953 0.220774 0.341862 0.054633
10 0.976107 0.712521 0.0481629 0.574367 0.0545377
1 0.197406 0.782288 0.392924 0.42705 0.0541646
6 0.132469 0.979881 0.253929 0.0384083 0.0535028
5 0.626715 0.0335077 0.357179 0.0683613 0.0533539
6 0.687155 0.106481 0.593851 0.213359 0.0523227
11 0.600363 0.10429 0.74038 0.2089 0.0519632
5 0.709745 0.0341763 0.435324 0.0698432 0.0517093
6 0.704383 0.0617006 0.54811 0.122763 0.0514344
10 0.663474 0.816318 0.0574622 0.0952959 0.0513816
1 0.629429 0.813261 0.277943 0.221128 0.0513388
5 0.408812 0.0280376 0.766768 0.0568033 0.0503398
5 0.447092 0.0264741 0.841486 0.0539459 0.0503108
11 0.488766 0.104043 0.960934 0.208629 0.0500436
7 0.016703 0.777014 0.0355271 0.0918026 0.0500393
6 0.0798738 0.97606 0.153919 0.0478323 0.0500186
1 0.0265554 0.769555 0.0535408 0.144202 0.0495366
5 0.364686 0.0290773 0.704688 0.0591029 0.0492393
6 0.983424 0.760431 0.032057 0.475908 0.0486978
1 0.17399 0.662767 0.344639 0.666867 0.0480785
1 0.19072 0.717896 0.378154 0.556041 0.0480455
4 0.373067 0.0561305 0.716829 0.113273 0.0474866
11 0.191945 0.98091 0.36223 0.0369334 0.047399
6 0.7619 0.108827 0.477803 0.219442 0.0468005
1 0.152376 0.839754 0.304099 0.313876 0.0465497
7 0.983602 0.293818 0.0343554 0.209603 0.0463485
10 0.94988 0.119184 0.0994047 0.24429 0.0460554
9 0.646559 0.836901 0.315523 0.273004 0.0458994
7 0.98363 0.300389 0.0341818 0.220408 0.0458529
5 0.32786 0.0367745 0.63333 0.0749017 0.0456264
11 0.494903 0.106966 0.98645 0.216079 0.0453002
9 0.731534 0.556551 0.146255 0.229459 0.0447197
10 0.0742611 0.658403 0.147862 0.673956 0.0443072
11 0.155337 0.891472 0.303574 0.214417 0.0433572
10 0.698907 0.808072 0.0538592 0.105682 0.043319
10 0.0747715 0.772186 0.149963 0.445754 0.0431869
10 0.0696939 0.723865 0.139558 0.539421 0.0431102
10 0.0291481 0.692626 0.0588268 0.584923 0.0428192
11 0.485487 0.105237 0.95966 0.211333 0.0427987
11 0.0752673 0.827457 0.15207 0.339573 0.042723
7 0.308445 0.973968 0.0364355 0.042195 0.0425268
1 0.12252 0.772604 0.246364 0.44433 0.042302
10 0.973169 0.0882085 0.0554689 0.179373 0.0421944
9 0.641073 0.827381 0.294111 0.257874 0.0414262
11 0.119896 0.947644 0.235714 0.102681 0.0411897
7 0.982671 0.325389 0.0358671 0.268233 0.0411687
1 0.12109 0.721095 0.242443 0.549725 0.0408358
11 0.076073 0.876692 0.153805 0.245396 0.0406277
11 0.488052 0.0984926 0.964628 0.19847 0.0402993
4 0.841191 0.64877 0.140368 0.142754 0.0400704
9 0.694272 0.574623 0.136669 0.276263 0.039801
11 0.42046 0.0940955 0.829084 0.188183 0.0397051
6 0.0716223 0.941865 0.142927 0.117315 0.0397033
10 0.0370756 0.644324 0.0740398 0.682598 0.039697
10 0.986498 0.390672 0.027189 0.439744 0.0396219
10 0.0351593 0.74564 0.0716033 0.481301 0.0395278
1 0.124666 0.661075 0.251228 0.669099 0.0393312
10 0.702573 0.795147 0.0545115 0.118212 0.0391495
11 0.221127 0.902594 0.4264 0.195353 0.0391159
6 0.984023 0.812971 0.0313034 0.375545 0.0388864
10 0.963726 0.496869 0.0672405 0.990896 0.0388752
1 0.824835 0.783479 0.199764 0.419612 0.038649
6 0.829146 0.110553 0.350531 0.224563 0.0385987
6 0.791887 0.0633048 0.417114 0.127907 0.0384346
9 0.734667 0.576008 0.142818 0.268741 0.0384003
9 0.587421 0.500454 0.0689529 0.119069 0.038324
5 0.255528 0.0350488 0.496386 0.0703613 0.0379893
10 0.982647 0.195381 0.0360888 0.389787 0.0379833
1 0.467973 0.828385 0.884576 0.332913 0.0379158
10 0.982709 0.144452 0.0359547 0.290976 0.0377759
9 0.668232 0.399829 0.0392321 0.0436735 0.0376808
9 0.661391 0.400099 0.0411553 0.04891 0.0375864
10 0.982177 0.110229 0.0370725 0.226817 0.0374926
5 0.761174 0.0346742 0.351504 0.0710254 0.0372217
11 0.215928 0.985683 0.38404 0.027519 0.0371911
11 0.0299773 0.823615 0.0621116 0.334386 0.0365478
10 0.98399 0.362986 0.032683 0.354357 0.0363924
1 0.761605 0.774973 0.335501 0.42942 0.0360917
1 0.17848 0.901901 0.353958 0.195266 0.0355583
10 0.654366 0.822819 0.0599405 0.116308 0.0354414
6 0.984386 0.86105 0.0312817 0.27996 0.0353716
10 0.985502 0.107006 0.0289635 0.218933 0.0346388
11 0.6291 0.10733 0.726479 0.214956 0.0343864
4 0.823426 0.665021 0.186558 0.181968 0.0342591
6 0.982635 0.896221 0.0356138 0.211558 0.0342395
1 0.217987 0.807629 0.428327 0.37504 0.0340493
6 0.10477 0.989672 0.088546 0.0208164 0.0340443
1 0.474123 0.784031 0.885176 0.418805 0.0337494
4 0.267259 0.0624963 0.520714 0.124981 0.0335281
10 0.965541 0.499103 0.0615386 0.992204 0.0333731
7 0.600212 0.964128 0.0567898 0.0326986 0.0333055
10 0.664889 0.802513 0.054703 0.122758 0.0330952
10 0.028761 0.634844 0.0575829 0.691752 0.0330931
9 0.582166 0.523508 0.080565 0.165685 0.0328575
4 0.817592 0.652571 0.193319 0.151409 0.0328572
9 0.644476 0.571808 0.191844 0.286542 0.0320791
6 0.0264346 0.874284 0.0550603 0.243036 0.0320579
10 0.655607 0.814961 0.0354074 0.086236 0.031855
6 0.86812 0.091558 0.272148 0.186714 0.0317231
5 0.524275 0.0359007 0.213726 0.0743483 0.0317073
5 0.517865 0.0341392 0.22932 0.0707838 0.0310823
9 0.693313 0.663165 0.455023 0.642942 0.0310343
10 0.0695102 0.631076 0.139913 0.72785 0.0309557
4 0.777443 0.650034 0.0730363 0.104951 0.0308051
10 0.651487 0.792945 0.141967 0.231697 0.0303208
10 0.986821 0.273221 0.0268719 0.282031 0.0302216
11 0.316291 0.0945943 0.618478 0.1884 0.0300193
9 0.588828 0.56955 0.0884052 0.293223 0.0286704
4 0.181113 0.0287786 0.352621 0.0575438 0.0285408
6 0.0803797 0.990512 0.14158 0.0192334 0.0285273
9 0.579259 0.518771 0.0728992 0.154675 0.0285256
11 0.493486 0.104944 0.981288 0.212929 0.0282513
4 0.762645 0.656307 0.0917924 0.103039 0.0275896
4 0.829106 0.69559 0.172368 0.240183 0.0273794
9 0.666134 0.429755 0.0671838 0.115721 0.0271916
6 0.189821 0.993429 0.221926 0.010561 0.0270437
6 0.178506 0.993979 0.2442 0.0104866 0.0270301
11 0.254118 0.984336 0.304071 0.0297968 0.0267699
4 0.760798 0.652054 0.0788329 0.0930359 0.0263987
10 0.991638 0.658456 0.0152309 0.542394 0.0262109
4 0.844113 0.642965 0.136087 0.126312 0.026142
2 0.494928 0.0332976 0.198916 0.0687295 0.0261367
5 0.508031 0.0342681 0.185085 0.0710509 0.0261052
9 0.623567 0.52679 0.157824 0.320022 0.0260965
11 0.47524 0.909425 0.866191 0.176503 0.0260704
3 0.456851 0.499604 0.892342 0.983251 0.0260258
7 0.299606 0.978485 0.0670685 0.0401298 0.025727
1 0.0596338 0.60622 0.122307 0.77256 0.0256953
6 0.0345871 0.956545 0.0703116 0.0852493 0.0256616
3 0.370288 0.307978 0.710792 0.612202 0.0255674
1 0.845215 0.781999 0.155991 0.421789 0.0254725
10 0.991607 0.640437 0.0153889 0.487314 0.025446
1 0.241757 0.889703 0.187704 0.219337 0.0253468
10 0.637119 0.837333 0.0680884 0.145033 0.0252912
9 0.757398 0.549711 0.0839492 0.192085 0.0251064
6 0.82556 0.0328872 0.218423 0.0670509 0.0250278
10 0.691774 0.826508 0.201591 0.248702 0.0249974
3 0.329509 0.495862 0.649623 0.982135 0.0248143
4 0.118285 0.0222758 0.233629 0.0446166 0.0247496
1 0.164193 0.636711 0.326056 0.722843 0.0245189
6 0.125421 0.993592 0.188941 0.0126049 0.0243036
1 0.727346 0.783878 0.410515 0.408419 0.0240205
11 0.447844 0.974906 0.813552 0.0436178 0.0239366
11 0.46877 0.885221 0.894066 0.221035 0.0238669
6 0.118698 0.992994 0.114164 0.0140757 0.0237409
1 0.250095 0.917675 0.200616 0.166338 0.02361
1 0.113438 0.634116 0.23246 0.724947 0.0236064
4 0.182499 0.066063 0.360731 0.132611 0.023509
11 0.287749 0.983357 0.532494 0.0315914 0.0233935
1 0.278326 0.894547 0.46434 0.210599 0.0232754
7 0.327255 0.974609 0.0367465 0.0415522 0.0232272
1 0.0580293 0.599948 0.11818 0.788147 0.0232078
3 0.326247 0.496471 0.648664 0.982984 0.0231782
6 0.219206 0.992976 0.207174 0.0108551 0.0225507
11 0.212677 0.993312 0.21375 0.0102379 0.0223978
1 0.686221 0.827332 0.431211 0.312291 0.0221823
3 0.475196 0.364725 0.322626 0.273368 0.021935
6 0.0209457 0.924714 0.0428116 0.147438 0.0218386
10 0.704003 0.779785 0.0308729 0.111145 0.0217773
1 0.73455 0.706796 0.388877 0.560836 0.0217686
10 0.665905 0.814852 0.241078 0.326313 0.0216926
11 0.326091 0.918036 0.626744 0.165445 0.0216211
1 0.520934 0.800972 0.0901104 0.189648 0.0215414
4 0.86286 0.639369 0.121026 0.104506 0.0215129
1 0.698071 0.796006 0.447129 0.384956 0.0212831
3 0.39902 0.496447 0.787036 0.988204 0.0212594
10 0.706243 0.78879 0.0377558 0.116795 0.0212209
1 0.521816 0.825533 0.128476 0.244824 0.0211693
6 0.917016 0.0445498 0.165312 0.0899694 0.0210772
9 0.696264 0.609802 0.120212 0.214135 0.021048
11 0.458765 0.976499 0.775683 0.0395863 0.0203078
7 0.0122316 0.811553 0.0253283 0.167379 0.0202109
10 0.68026 0.370504 0.0375797 0.101144 0.0201573
10 0.87683 0.711364 0.109388 0.551522 0.0200871
6 0.0492712 0.0783723 0.0998787 0.157807 0.0200083
10 0.708406 0.797678 0.0513996 0.122382 0.0198409
6 0.871709 0.0275234 0.149546 0.0556012 0.0195006
4 0.858515 0.637798 0.123901 0.11937 0.0193913
11 0.234764 0.993573 0.22909 0.0110012 0.0193535
10 0.703351 0.302064 0.0206992 0.0477175 0.0192474
6 0.240031 0.993043 0.154664 0.0110096 0.019206
1 0.467523 0.822815 0.898831 0.34629 0.0191974
6 0.238361 0.993361 0.199221 0.0112137 0.0190933
9 0.691785 0.398981 0.0366374 0.0458144 0.0189768
9 0.702168 0.670585 0.415803 0.61195 0.0189034
4 0.0681129 0.0165641 0.136439 0.0337572 0.0187536
3 0.48745 0.30963 0.956743 0.629552 0.0185953
9 0.570059 0.841363 0.264982 0.276254 0.0184724
1 0.148396 0.514748 0.30039 0.958822 0.0183404
1 0.371034 0.861799 0.568668 0.273655 0.0180954
3 0.332756 0.38158 0.553896 0.427135 0.0179155
6 0.986345 0.967359 0.029003 0.0675247 0.0177724
4 0.847075 0.617654 0.0688217 0.0732108 0.0176376
1 0.472059 0.840199 0.90334 0.314212 0.0176045
6 0.0209533 0.970023 0.0430962 0.0569187 0.0175974
9 0.718791 0.542549 0.075282 0.166903 0.0175036
1 0.138478 0.520474 0.284531 0.951381 0.0174313
3 0.273507 0.29056 0.433533 0.560771 0.0173428
3 0.428522 0.374355 0.547002 0.314043 0.0173103
6 0.257899 0.99286 0.197019 0.0120239 0.0172138
6 0.297323 0.948868 0.0999278 0.101522 0.0172133
10 0.657297 0.836241 0.163726 0.21866 0.0171646
10 0.802956 0.637618 0.0608576 0.130146 0.0169328
1 0.272333 0.991504 0.13144 0.0143579 0.0167532
1 0.553033 0.842863 0.173107 0.273737 0.0167509
3 0.390859 0.370575 0.594963 0.361646 0.0167459
10 0.64894 0.812316 0.17129 0.189846 0.0166742
10 0.642224 0.816826 0.0447955 0.0916851 0.0166684
10 0.775913 0.57643 0.05143 0.216935 0.0166483
9 0.663107 0.524147 0.0985016 0.183127 0.0165157
9 0.69685 0.541358 0.101314 0.208607 0.0164462
10 0.703866 0.765666 0.0271699 0.0912668 0.0161439
5 0.572915 0.845666 0.144169 0.128981 0.0160335
11 0.486269 0.113532 0.967377 0.231214 0.0159766
10 0.773318 0.533559 0.0392516 0.122544 0.0155941
9 0.687631 0.6708 0.407689 0.604867 0.0154745
1 0.643178 0.805512 0.551282 0.378275 0.0152028
3 0.443807 0.316046 0.839836 0.633804 0.0151151
3 0.270348 0.339796 0.454195 0.546479 0.0150309
1 0.0372745 0.0112079 0.0759567 0.0242045 0.0150299
9 0.631653 0.89871 0.299762 0.149897 0.0149827
11 0.490609 0.108099 0.958859 0.219379 0.0146284
3 0.462719 0.345483 0.889621 0.685363 0.014498
7 0.315824 0.986903 0.0594068 0.0215067 0.0144684
1 0.673891 0.842758 0.426844 0.291756 0.014468
9 0.563259 0.494704 0.0562369 0.112807 0.0143171
9 0.619663 0.489807 0.0682512 0.10683 0.0136354
1 0.72283 0.854561 0.401937 0.255919 0.0135712
9 0.730364 0.628681 0.367161 0.701195 0.0132112
1 0.863897 0.875549 0.126157 0.248524 0.0131847
1 0.517832 0.842406 0.120457 0.26974 0.012633
1 0.610169 0.782816 0.220615 0.159952 0.0124834
3 0.299641 0.444065 0.557608 0.461531 0.0121231
4 0.0537541 0.010195 0.110219 0.0225627 0.0117935
1 0.585017 0.832516 0.538856 0.291548 0.0115524
4 0.47893 0.174703 0.937419 0.362511 0.0112434
3 0.239835 0.455339 0.461041 0.667589 0.0104452
10 0.870238 0.435285 0.115062 0.755286 0.0103011
10 0.864192 0.45026 0.131889 0.685216 0.00999644
3 0.158693 0.328189 0.252091 0.549921 0.00985478
10 0.794397 0.367617 0.266707 0.713724 0.00962752
