6 0.376989 0.601309 0.211388 0.61384 0.81539
5 0.678418 0.465783 0.121684 0.162694 0.657338
5 0.815811 0.888155 0.0902344 0.216068 0.590375
5 0.743083 0.898183 0.144891 0.204991 0.559756
5 0.763972 0.890385 0.195559 0.219203 0.45781
2 0.61578 0.165181 0.0190573 0.0733483 0.102627
5 0.729017 0.901951 0.126997 0.197062 0.0987771
2 0.607119 0.160317 0.0214851 0.0701021 0.0986436
11 0.391599 0.25927 0.0548919 0.0667422 0.0942621
11 0.265486 0.983539 0.378841 0.0326137 0.0864774
2 0.584804 0.0960321 0.0202046 0.0369825 0.0846217
11 0.328449 0.983835 0.512571 0.0323285 0.07838
6 0.954474 0.98342 0.0865234 0.0331131 0.0778297
11 0.343107 0.983986 0.191243 0.032419 0.0710333
6 0.411019 0.540251 0.14906 0.492687 0.0693254
2 0.431965 0.0452247 0.0240504 0.0542253 0.0666016
5 0.692807 0.890126 0.347692 0.216363 0.0665184
5 0.792876 0.888984 0.127941 0.220226 0.063765
2 0.409018 0.98581 0.0490075 0.028678 0.0599803
2 0.618799 0.172881 0.0157778 0.0618366 0.0597794
7 0.956635 0.988566 0.0821856 0.0233252 0.0591651
11 0.3568 0.983585 0.1686 0.0334221 0.0586903
6 0.284283 0.297335 0.169042 0.417872 0.0583164
5 0.743987 0.142071 0.0242323 0.0492477 0.0575753
2 0.532872 0.052473 0.0167675 0.0284349 0.055208
2 0.600461 0.155607 0.0165842 0.0668796 0.0550246
2 0.306011 0.985388 0.0587381 0.029229 0.0534203
11 0.186523 0.984806 0.263125 0.0285379 0.0524338
5 0.733809 0.984692 0.0848375 0.0301634 0.0521999
11 0.930588 0.9813 0.133379 0.0374869 0.0516723
10 0.697455 0.0128305 0.0427946 0.0259686 0.0505388
2 0.605005 0.163189 0.0326956 0.0815643 0.0482175
11 0.337059 0.968155 0.602198 0.0624458 0.0458293
5 0.742901 0.978325 0.101943 0.0432177 0.0454858
2 0.327258 0.984621 0.0965857 0.0308905 0.0452937
5 0.733624 0.901269 0.0943816 0.196349 0.0450713
11 0.272553 0.968509 0.489286 0.0626552 0.0448177
11 0.345828 0.968877 0.608769 0.0609606 0.0446808
2 0.620722 0.160594 0.0195038 0.070981 0.0446728
11 0.424627 0.986512 0.352859 0.0284019 0.0446507
2 0.39041 0.989155 0.0878587 0.0218097 0.0440848
5 0.742833 0.982335 0.075769 0.0348459 0.0440748
2 0.590273 0.154556 0.0172339 0.059636 0.0431648
11 0.477589 0.986501 0.431613 0.0271106 0.0428354
5 0.708592 0.451142 0.0979595 0.129821 0.0419564
10 0.754175 0.142531 0.0206896 0.0511614 0.0409363
10 0.0663084 0.633424 0.127767 0.715321 0.0408422
6 0.93309 0.934537 0.131128 0.132211 0.0393802
2 0.755903 0.340463 0.0237529 0.0875975 0.03878
5 0.74776 0.979593 0.102494 0.0410511 0.0383481
10 0.0647643 0.667621 0.126146 0.645448 0.0381128
6 0.141946 0.982119 0.200488 0.0337355 0.0380231
2 0.390062 0.989616 0.101194 0.0211891 0.0375424
2 0.590077 0.0968058 0.0181172 0.0390951 0.0371504
5 0.65917 0.456839 0.0923975 0.130443 0.0365931
2 0.5882 0.0167323 0.0444459 0.034153 0.0364034
7 0.597923 0.734444 0.0236969 0.0591678 0.03619
11 0.393613 0.963108 0.550798 0.0734998 0.0357052
11 0.347375 0.988991 0.180221 0.0236727 0.0355562
6 0.422738 0.538916 0.138682 0.488516 0.0352978
7 0.707645 0.0127162 0.0638398 0.027449 0.0352853
10 0.0553456 0.750515 0.107909 0.480996 0.0351836
5 0.758036 0.95521 0.193951 0.0889471 0.0351581
11 0.242913 0.991011 0.380264 0.017308 0.0348638
2 0.625141 0.163747 0.0182604 0.0753596 0.0347672
2 0.599194 0.72215 0.03813 0.0970095 0.0335597
7 0.647895 0.707761 0.0295885 0.0442712 0.0332391
2 0.465453 0.971273 0.0420667 0.0573404 0.0330363
2 0.455287 0.988379 0.037343 0.023177 0.0330192
10 0.0447692 0.80668 0.0896262 0.372439 0.0330138
6 0.0206641 0.81005 0.0403408 0.355964 0.03252
10 0.428675 0.0364996 0.0341475 0.0684721 0.032494
6 0.0190449 0.775029 0.0362318 0.41448 0.0322005
5 0.734646 0.974616 0.159407 0.0509193 0.0320653
6 0.120093 0.951698 0.216617 0.0944898 0.031985
2 0.431978 0.985537 0.0434256 0.0290488 0.0318051
11 0.656179 0.986093 0.417725 0.0282741 0.0317912
11 0.349019 0.696529 0.269524 0.604865 0.0317569
11 0.203762 0.992879 0.276293 0.0137772 0.0314354
10 0.707977 0.0118495 0.043828 0.024444 0.03136
2 0.43756 0.0374467 0.028169 0.0712952 0.0313554
11 0.584766 0.986739 0.279648 0.0261118 0.0306865
5 0.820628 0.867463 0.0779951 0.184694 0.0306724
11 0.930173 0.989566 0.132581 0.0223044 0.0305918
11 0.328393 0.593895 0.241337 0.606158 0.0305731
7 0.255036 0.480856 0.050572 0.063564 0.0305624
5 0.786547 0.895441 0.163534 0.216923 0.0305237
11 0.192108 0.993323 0.275343 0.0128519 0.03017
2 0.585759 0.158322 0.0195297 0.0690308 0.029855
11 0.399635 0.257485 0.0516106 0.0647426 0.0295627
11 0.670688 0.983092 0.498654 0.0337565 0.0293735
7 0.612461 0.73187 0.0216959 0.0586624 0.0293092
5 0.674391 0.455179 0.0928997 0.125632 0.0292476
6 0.534518 0.985688 0.204392 0.0288696 0.0291852
6 0.178211 0.981671 0.176296 0.0346741 0.0290649
2 0.413895 0.0451728 0.0193283 0.0480098 0.0285139
11 0.347287 0.636631 0.267615 0.593459 0.0284266
11 0.327957 0.577536 0.225337 0.571261 0.0278735
5 0.695614 0.453714 0.0954409 0.128539 0.0278542
5 0.656299 0.480935 0.133785 0.195471 0.027822
11 0.341159 0.642552 0.288268 0.701611 0.027788
7 0.353575 0.285582 0.0269284 0.035077 0.0276079
2 0.379304 0.993266 0.110668 0.014762 0.0275491
11 0.165814 0.99292 0.226162 0.0127463 0.0274744
11 0.347028 0.542784 0.301668 0.910074 0.0274625
2 0.718887 0.818405 0.0276611 0.0595001 0.0268196
6 0.279905 0.244659 0.164667 0.310629 0.0266763
5 0.719064 0.454423 0.0675044 0.129299 0.0264512
2 0.447289 0.0547645 0.0226179 0.106156 0.0264408
2 0.606669 0.0107683 0.0445639 0.0219525 0.0264065
2 0.574511 0.0239996 0.0290003 0.0470938 0.0262176
5 0.688349 0.446182 0.109256 0.103971 0.0261538
11 0.855371 0.981692 0.277824 0.0362576 0.0259852
11 0.335385 0.539094 0.302575 0.914804 0.0259271
2 0.468546 0.987462 0.047923 0.0252705 0.0254415
11 0.201145 0.993253 0.185347 0.0127251 0.0253377
2 0.731199 0.246195 0.0626549 0.266236 0.0252532
5 0.647132 0.475108 0.0885714 0.173095 0.0250757
11 0.345126 0.633277 0.285237 0.681867 0.0249459
5 0.716254 0.971518 0.0922544 0.0559788 0.024927
11 0.352001 0.643064 0.287564 0.71421 0.0247932
5 0.672329 0.890608 0.409529 0.220462 0.0247818
5 0.781893 0.888889 0.160804 0.220284 0.0247287
5 0.716032 0.450676 0.0923507 0.127725 0.0246197
2 0.545223 0.0513772 0.0167881 0.0295223 0.02458
7 0.242302 0.476226 0.0380175 0.0489872 0.0243908
10 0.746922 0.165382 0.0242961 0.0953892 0.0242126
2 0.444779 0.0601636 0.0270054 0.0957256 0.0241634
11 0.355034 0.992511 0.146199 0.0161243 0.02393
10 0.0108345 0.727198 0.0187855 0.482074 0.0239014
6 0.380686 0.376283 0.0636019 0.137961 0.0238301
11 0.503666 0.9659 0.686821 0.0683239 0.0237583
11 0.592916 0.949327 0.715846 0.103591 0.0236817
11 0.30913 0.642561 0.356757 0.711417 0.0236787
2 0.674694 0.0118833 0.0296716 0.0253059 0.0236374
2 0.582757 0.733517 0.0437683 0.10709 0.0235943
7 0.568467 0.28716 0.0198432 0.0385845 0.0234856
5 0.737848 0.954681 0.24495 0.0903058 0.0232958
7 0.239981 0.479961 0.0382771 0.0573408 0.0232748
2 0.581879 0.166859 0.0179487 0.0754455 0.023258
6 0.0692927 0.980079 0.110872 0.0380396 0.0232421
2 0.713141 0.821372 0.0327443 0.0666378 0.023115
11 0.314765 0.608455 0.264602 0.571311 0.02289
11 0.90344 0.990971 0.192195 0.020477 0.0227505
6 0.289583 0.445136 0.193447 0.713672 0.0226085
10 0.0444701 0.887514 0.0879282 0.221391 0.0224232
2 0.417824 0.0569613 0.0279682 0.106729 0.0223489
6 0.41282 0.51859 0.135595 0.45025 0.0223464
2 0.756565 0.277868 0.0214571 0.221924 0.0223197
5 0.827704 0.822262 0.0550667 0.0928523 0.0222946
5 0.784651 0.898829 0.0613401 0.195118 0.0222701
6 0.843947 0.888159 0.171676 0.22091 0.0221503
6 0.488183 0.992728 0.164077 0.0163388 0.0221044
11 0.148719 0.993134 0.191945 0.012264 0.0220555
6 0.993538 0.919434 0.0114626 0.161614 0.0220065
5 0.802425 0.895362 0.098641 0.21631 0.021959
6 0.223845 0.99351 0.138075 0.0123463 0.0218279
5 0.718326 0.453076 0.0903875 0.129123 0.0217758
10 0.0134077 0.664956 0.0247437 0.629379 0.0217021
5 0.731446 0.14999 0.0282862 0.06485 0.0215774
2 0.344524 0.991652 0.13082 0.0176777 0.0213134
11 0.365752 0.258498 0.0525043 0.0687201 0.0212867
6 0.263745 0.987121 0.082273 0.0251837 0.0212739
11 0.689969 0.898574 0.194059 0.202309 0.0211831
5 0.648576 0.89894 0.457271 0.203124 0.0210746
5 0.708341 0.884084 0.0473227 0.0726604 0.0210487
10 0.719869 0.0106496 0.069446 0.0231757 0.0210085
6 0.290437 0.308454 0.198622 0.439067 0.0209644
6 0.402993 0.594537 0.171024 0.59818 0.0209296
5 0.712206 0.455975 0.0941923 0.134375 0.0208692
2 0.412424 0.0469267 0.0208982 0.0473658 0.0208385
11 0.179467 0.992694 0.174554 0.012989 0.0207918
5 0.773657 0.885783 0.202845 0.229879 0.0206539
6 0.416036 0.256514 0.0255621 0.0632905 0.0204708
11 0.343829 0.622746 0.269228 0.666982 0.0204064
6 0.273641 0.20662 0.156986 0.230653 0.0204039
6 0.358774 0.264385 0.0515204 0.0733681 0.0203438
2 0.766865 0.34117 0.020601 0.0855046 0.0202116
5 0.704 0.982305 0.0523763 0.0354868 0.0202029
6 0.802532 0.661961 0.206423 0.68612 0.0201834
5 0.714081 0.871546 0.0918574 0.134215 0.0200536
7 0.538396 0.716463 0.0198184 0.0436763 0.0200318
5 0.717819 0.451698 0.0728461 0.128549 0.0199999
6 0.291206 0.274826 0.154941 0.371487 0.0198004
7 0.662421 0.0123205 0.0926618 0.0273299 0.0197019
10 0.110728 0.902394 0.208802 0.193351 0.0196683
5 0.645126 0.462991 0.0959535 0.13677 0.0195651
6 0.138277 0.993633 0.196662 0.0120962 0.0194778
6 0.379139 0.634656 0.222367 0.673541 0.0193939
2 0.920891 0.105574 0.0117393 0.0356092 0.0193719
11 0.69282 0.884463 0.0555844 0.0883858 0.0192538
5 0.709943 0.888669 0.296182 0.22254 0.0192009
7 0.575261 0.286626 0.0219033 0.0404396 0.0190163
2 0.412005 0.035425 0.0270048 0.0673173 0.0189227
11 0.370273 0.93065 0.161219 0.142883 0.0188323
6 0.0451283 0.934506 0.084127 0.129283 0.0187994
11 0.376279 0.553313 0.194131 0.519314 0.0187463
6 0.406792 0.465219 0.14259 0.353431 0.0186717
2 0.565136 0.0947548 0.0245397 0.0411339 0.0186308
5 0.682012 0.47415 0.116912 0.192162 0.0185202
5 0.731556 0.836035 0.0580034 0.06823 0.018436
11 0.549975 0.651892 0.655327 0.70611 0.0184298
2 0.374537 0.0456138 0.0181083 0.0561451 0.0183053
2 0.760446 0.30584 0.0218424 0.164467 0.0179939
11 0.547498 0.735689 0.658021 0.529333 0.0179759
5 0.692085 0.433592 0.10218 0.078281 0.0179742
11 0.282936 0.694609 0.241964 0.60247 0.0179656
11 0.704635 0.883581 0.0989752 0.178555 0.0179173
11 0.347416 0.833644 0.256912 0.33657 0.0177737
5 0.82976 0.839881 0.0557152 0.130407 0.0175737
5 0.707658 0.453042 0.10137 0.124934 0.0175042
2 0.464364 0.0419557 0.0219714 0.0713858 0.0174665
5 0.79169 0.987775 0.098897 0.0248839 0.0174309
11 0.374993 0.826676 0.214208 0.347287 0.0173857
10 0.0114972 0.88441 0.0204389 0.214466 0.0173004
6 0.636166 0.993865 0.171308 0.0113184 0.0172728
7 0.625773 0.741848 0.0246535 0.0485406 0.0172631
11 0.365352 0.644927 0.268465 0.706791 0.0171944
2 0.61134 0.104196 0.017771 0.0411261 0.0169424
5 0.695662 0.452145 0.114778 0.11364 0.0168587
2 0.617238 0.0974769 0.0142347 0.0382599 0.0167986
5 0.497338 0.992172 0.0750566 0.0158066 0.0167756
6 0.600259 0.99099 0.233065 0.0176239 0.0167597
6 0.798206 0.661119 0.215819 0.689466 0.0166934
2 0.37864 0.0556927 0.026972 0.108901 0.0166705
2 0.727913 0.814486 0.0287651 0.0565556 0.0165254
11 0.614929 0.99484 0.229743 0.0105793 0.0164828
5 0.710052 0.459847 0.0746991 0.118106 0.0164724
5 0.652104 0.46042 0.0998154 0.138014 0.0164348
11 0.375387 0.643496 0.269174 0.703783 0.0163211
6 0.380096 0.515244 0.127415 0.397855 0.0163199
11 0.197941 0.992867 0.117922 0.0129021 0.0162925
11 0.370138 0.262804 0.0596663 0.0754006 0.0162194
5 0.846642 0.879538 0.0532192 0.201546 0.0161613
11 0.396343 0.641921 0.150689 0.353229 0.0161335
6 0.612462 0.993507 0.203289 0.0126707 0.0160186
11 0.37757 0.534581 0.200022 0.482504 0.0158344
10 0.258549 0.503999 0.173011 0.838524 0.0158017
11 0.28999 0.643414 0.168471 0.434455 0.015786
2 0.645845 0.159059 0.0157366 0.0708442 0.0157068
7 0.972732 0.992365 0.0528446 0.0159761 0.015638
2 0.76076 0.267949 0.0190093 0.244051 0.015591
6 0.802005 0.548138 0.20826 0.465324 0.0155701
5 0.652613 0.480535 0.142475 0.196416 0.0155615
10 0.450071 0.0306453 0.0312532 0.0648969 0.0155191
2 0.698513 0.820479 0.0325338 0.0658366 0.0154779
6 0.3732 0.525711 0.132798 0.428569 0.0151202
2 0.558099 0.0476832 0.0159827 0.0278428 0.0150073
5 0.803991 0.843129 0.0635544 0.115082 0.0149875
6 0.368816 0.524753 0.219564 0.467374 0.0149186
5 0.750599 0.476147 0.286184 0.227806 0.0146449
11 0.419637 0.0862385 0.0284429 0.0517084 0.0145787
5 0.721464 0.450648 0.0832309 0.124375 0.0145256
5 0.631119 0.991819 0.137437 0.0160634 0.0143069
6 0.330448 0.259726 0.0581132 0.081661 0.0142355
5 0.729433 0.456357 0.0612773 0.134896 0.0142312
6 0.0470052 0.992004 0.0792367 0.0147034 0.0140731
2 0.507156 0.0534198 0.0211656 0.0366852 0.0140529
11 0.278888 0.643171 0.531833 0.706281 0.0140184
5 0.776229 0.896316 0.195221 0.212703 0.0139323
5 0.713227 0.471282 0.212475 0.228658 0.0138644
5 0.709684 0.910882 0.10518 0.180668 0.0137448
5 0.725839 0.456079 0.0618359 0.132027 0.0136996
6 0.52142 0.710228 0.0193341 0.0512921 0.0136339
6 0.986926 0.992501 0.0237135 0.0168625 0.0135488
6 0.301932 0.191985 0.134965 0.200646 0.0135203
6 0.298066 0.1835 0.138622 0.185349 0.0135058
7 0.58629 0.777863 0.0327753 0.0734857 0.0131808
6 0.0606132 0.993518 0.0687685 0.0122603 0.0130177
6 0.0764667 0.993993 0.0841539 0.0117363 0.0129163
6 0.802958 0.66049 0.203984 0.685887 0.0128654
2 0.493799 0.308681 0.0248671 0.078821 0.012669
11 0.438359 0.648507 0.369525 0.701035 0.012581
10 0.769446 0.660318 0.313402 0.682721 0.0123907
2 0.447958 0.692902 0.0684727 0.133672 0.0123127
5 0.70236 0.47319 0.130032 0.173861 0.0121754
6 0.0672224 0.993536 0.0800906 0.0123808 0.0121289
10 0.211116 0.480841 0.125765 0.779463 0.0120813
10 0.851009 0.887898 0.0567278 0.220409 0.0120375
5 0.723802 0.471862 0.113276 0.175466 0.0119923
2 0.643472 0.143975 0.0134618 0.0496662 0.011696
11 0.505248 0.0947653 0.169798 0.193631 0.0115565
2 0.529241 0.0186849 0.0749616 0.0355372 0.0114724
2 0.666718 0.895225 0.0495705 0.0908476 0.0112948
11 0.403439 0.0975942 0.0291639 0.0381229 0.0112242
10 0.330923 0.0438242 0.231054 0.086708 0.0111271
7 0.811732 0.0384298 0.211152 0.0771604 0.0109569
10 0.225533 0.0325361 0.160038 0.0646041 0.0106982
5 0.847807 0.818065 0.0224709 0.0804137 0.0105111
10 0.938227 0.1215 0.0314451 0.171851 0.0104969
10 0.25989 0.0384938 0.11748 0.0759719 0.0104928
7 0.871095 0.0395752 0.149388 0.0784355 0.0104456
2 0.330877 0.287284 0.0262098 0.0492684 0.0104374
11 0.488355 0.028936 0.15048 0.058106 0.0101979
5 0.613614 0.4745 0.0618503 0.109993 0.00988797
7 0.777424 0.0372593 0.228281 0.0759711 0.00980492
5 0.616058 0.502504 0.0735165 0.132629 0.00962263
6 0.744744 0.597145 0.30282 0.560381 0.00932248
5 0.719077 0.509199 0.0724615 0.169433 0.0083477
5 0.717147 0.509861 0.0811502 0.150072 0.00820401
