10 0.329398 0.857425 0.0765868 0.286578 0.836111
10 0.391311 0.857038 0.0960373 0.287215 0.828315
10 0.471391 0.829249 0.0883454 0.344394 0.82567
10 0.787218 0.921433 0.0920663 0.139226 0.786441
0 0.632312 0.539405 0.0677576 0.202237 0.583198
10 0.157783 0.763179 0.0549272 0.176085 0.44678
10 0.896744 0.42273 0.0250832 0.0991821 0.345859
10 0.622776 0.518711 0.0524463 0.197408 0.293237
6 0.98643 0.422909 0.0268816 0.202977 0.215571
10 0.496922 0.540078 0.0691944 0.273136 0.214677
0 0.633416 0.565286 0.0594872 0.139362 0.196748
2 0.780008 0.989937 0.0318242 0.0202667 0.160429
10 0.892642 0.421325 0.0237486 0.0963846 0.149777
10 0.629708 0.505888 0.0392318 0.183029 0.148301
10 0.892664 0.419775 0.0233644 0.0955615 0.147122
10 0.768988 0.990467 0.0488897 0.0195194 0.1406
11 0.986736 0.369479 0.027997 0.108961 0.137627
11 0.98726 0.365295 0.0267252 0.103247 0.119832
6 0.0336119 0.911665 0.0692124 0.178322 0.116003
2 0.259927 0.0663254 0.0522477 0.131362 0.11426
11 0.989417 0.39518 0.0221704 0.164327 0.112672
10 0.992404 0.396972 0.0177078 0.240906 0.10544
6 0.259317 0.687745 0.052983 0.181812 0.105304
10 0.636126 0.507579 0.0404798 0.162555 0.10472
6 0.98247 0.421396 0.0347115 0.185053 0.103817
6 0.986612 0.478599 0.0271397 0.327106 0.0989701
10 0.0281752 0.84305 0.0570412 0.311337 0.097087
6 0.0347034 0.946406 0.0707338 0.108287 0.0947823
4 0.949016 0.938858 0.10317 0.122446 0.0942966
6 0.0351509 0.867319 0.0723447 0.265944 0.0942579
10 0.507757 0.613259 0.0467067 0.146178 0.0914033
10 0.602165 0.524593 0.0440251 0.201316 0.090948
10 0.782501 0.988716 0.0885715 0.0230787 0.0909078
10 0.506129 0.616407 0.0387336 0.121867 0.0905272
10 0.600276 0.525093 0.0425412 0.206075 0.0854028
6 0.0520553 0.916077 0.105897 0.17065 0.082761
6 0.968457 0.421523 0.0628036 0.180218 0.0826829
2 0.209235 0.0663731 0.0568655 0.133274 0.0822213
6 0.048397 0.950989 0.0982323 0.0996272 0.0800883
6 0.985877 0.455141 0.0273996 0.170438 0.0800766
11 0.969478 0.403834 0.0605967 0.15176 0.0764421
6 0.987882 0.440196 0.0231924 0.15711 0.0752661
6 0.985753 0.414743 0.0260633 0.166679 0.0714955
7 0.280077 0.260758 0.0257076 0.0505988 0.0713819
10 0.494626 0.540123 0.0594208 0.265779 0.0705994
2 0.155791 0.0711583 0.141597 0.141924 0.0705167
6 0.26919 0.673478 0.0444038 0.141197 0.0700892
6 0.259744 0.673796 0.0487782 0.145593 0.0690337
11 0.956567 0.390532 0.0395596 0.0845063 0.0675915
10 0.0515792 0.865302 0.106004 0.271982 0.0653879
10 0.649423 0.51714 0.0428972 0.176208 0.0647313
2 0.194946 0.0678909 0.0437646 0.138467 0.0646208
6 0.979171 0.524632 0.0406582 0.388405 0.0641145
6 0.251646 0.673228 0.046883 0.145969 0.0638247
4 0.236897 0.277091 0.0422093 0.042185 0.0636284
6 0.981624 0.490407 0.0359388 0.233985 0.0626109
10 0.631731 0.507039 0.0362351 0.16037 0.0622579
11 0.986215 0.376735 0.0262543 0.0986144 0.0614998
10 0.0272295 0.707655 0.0545601 0.590538 0.0608067
10 0.989726 0.323194 0.0227211 0.619691 0.0603495
10 0.882419 0.42238 0.021187 0.0985496 0.0602344
10 0.428836 0.551381 0.0771801 0.215313 0.0602078
10 0.64594 0.512353 0.0395646 0.165687 0.0595761
6 0.942483 0.372375 0.0256058 0.0776822 0.0576827
6 0.0146288 0.951141 0.0297874 0.0990906 0.056394
10 0.0127459 0.779423 0.0268831 0.440347 0.0563814
10 0.0488361 0.777453 0.0970336 0.447303 0.0559872
10 0.991395 0.361231 0.0199148 0.647644 0.0547316
6 0.942822 0.366553 0.0187195 0.0650045 0.0545066
10 0.649496 0.527435 0.0442875 0.182573 0.0539517
11 0.955246 0.375836 0.0376469 0.0762275 0.0538521
0 0.651461 0.529215 0.0543982 0.207335 0.0534323
10 0.175028 0.753151 0.0400879 0.1578 0.0533002
10 0.945853 0.990262 0.0455484 0.0200655 0.0526808
10 0.130388 0.768145 0.0376687 0.186728 0.0522959
2 0.268271 0.258398 0.027521 0.0492544 0.0521361
10 0.845029 0.372965 0.0251287 0.0748278 0.0521357
6 0.282211 0.670763 0.0407267 0.13395 0.0512563
10 0.438635 0.552475 0.0500444 0.21936 0.0512469
2 0.272098 0.26183 0.0316468 0.0531036 0.0511633
2 0.277187 0.0663353 0.0373499 0.132 0.0505463
6 0.967934 0.431525 0.0652151 0.161076 0.050417
2 0.27651 0.061062 0.040554 0.121494 0.049427
10 0.842506 0.989998 0.0631454 0.017878 0.049128
2 0.178309 0.0703582 0.0473403 0.14315 0.0487583
10 0.370215 0.318426 0.0414575 0.225809 0.0471751
2 0.246307 0.0617217 0.0363959 0.122373 0.0466192
0 0.658668 0.542178 0.0586576 0.194496 0.0465482
10 0.0493206 0.737406 0.0988504 0.528356 0.0465043
10 0.0439631 0.688095 0.0880598 0.63045 0.0463249
6 0.984542 0.603271 0.0310261 0.573623 0.0456466
2 0.120713 0.072793 0.108347 0.145454 0.0455966
10 0.993122 0.880606 0.0148661 0.234515 0.0452358
10 0.177925 0.650286 0.0331289 0.103643 0.0444545
6 0.013485 0.969234 0.0278002 0.0633939 0.0443479
6 0.953348 0.370921 0.0358881 0.0914704 0.0435035
10 0.176383 0.649519 0.0367905 0.10801 0.0433998
6 0.0174727 0.78938 0.0359063 0.166564 0.0431557
10 0.451425 0.82929 0.100161 0.345544 0.0430593
6 0.972902 0.651635 0.0551943 0.683352 0.0430387
10 0.986732 0.277845 0.0268501 0.537652 0.043024
10 0.599883 0.5214 0.0378808 0.198256 0.0430028
10 0.495924 0.549253 0.0804896 0.291726 0.0424941
6 0.261672 0.668778 0.043434 0.126252 0.0423813
6 0.334998 0.817463 0.102565 0.35408 0.0416004
6 0.00924317 0.884704 0.0193562 0.237336 0.0414248
2 0.309712 0.0755149 0.0426083 0.151464 0.0413164
2 0.187933 0.0743642 0.042234 0.15002 0.0412617
10 0.143635 0.631938 0.0354989 0.0958517 0.0411875
11 0.258697 0.64388 0.0473066 0.0878153 0.0411817
10 0.442167 0.59702 0.0339426 0.115118 0.0410419
6 0.978678 0.651289 0.0436993 0.669415 0.0410319
2 0.186415 0.0727766 0.222998 0.144399 0.0408292
10 0.374057 0.823105 0.147949 0.347934 0.0407357
10 0.354905 0.853994 0.0630185 0.29241 0.0406173
10 0.946681 0.940076 0.022921 0.038321 0.0395843
10 0.424491 0.600648 0.0399979 0.117893 0.0395199
10 0.577216 0.523405 0.0386891 0.212238 0.0394208
10 0.292674 0.856775 0.0690676 0.287882 0.0393738
4 0.248274 0.274594 0.060983 0.0441613 0.0392811
10 0.132089 0.0198831 0.0595037 0.0409806 0.0390555
10 0.370074 0.860494 0.12743 0.282868 0.0388005
6 0.0164657 0.987397 0.0333931 0.0257166 0.038657
10 0.4431 0.596307 0.039234 0.11795 0.038572
10 0.628616 0.493442 0.0354847 0.139401 0.0384445
11 0.258197 0.631191 0.0426866 0.0626151 0.0382886
6 0.0130803 0.764888 0.0280272 0.118186 0.0381521
6 0.0142434 0.765857 0.0308479 0.110526 0.0380407
10 0.94428 0.943771 0.0333269 0.0528609 0.0380062
10 0.990125 0.175857 0.0186213 0.344957 0.0379583
7 0.381059 0.701695 0.0353042 0.0709206 0.0378147
10 0.450284 0.595026 0.0350208 0.120979 0.037719
6 0.113857 0.941854 0.223718 0.116953 0.037614
10 0.456361 0.589418 0.039778 0.136186 0.037239
10 0.135477 0.768502 0.0617095 0.199177 0.0371919
0 0.795388 0.984079 0.128605 0.0302237 0.037085
10 0.43046 0.591203 0.037969 0.131806 0.0370185
4 0.204142 0.284402 0.0409305 0.0463009 0.0367062
7 0.0525075 0.83264 0.0186159 0.0383841 0.0360443
2 0.125947 0.0245125 0.0552581 0.0504331 0.0359993
10 0.372789 0.5589 0.0496861 0.244047 0.0359686
2 0.3193 0.0376437 0.0289124 0.0751748 0.035552
4 0.191625 0.283958 0.0556436 0.0452825 0.0351852
10 0.990629 0.800478 0.019479 0.387202 0.0348909
2 0.11631 0.0183132 0.0475341 0.037307 0.0345525
11 0.141006 0.977561 0.216989 0.0444168 0.0345322
6 0.0118426 0.750459 0.0242724 0.0736457 0.0344428
6 0.653763 0.516992 0.0377472 0.157684 0.034181
7 0.169669 0.285821 0.0361937 0.0459771 0.0339884
10 0.806495 0.991422 0.049383 0.0163864 0.0336695
10 0.372778 0.858754 0.069602 0.289186 0.033601
6 0.365863 0.813893 0.15524 0.366585 0.0335745
10 0.304672 0.866509 0.0694182 0.270608 0.0335408
2 0.459282 0.00997194 0.0417742 0.0207406 0.033352
10 0.128608 0.784012 0.0334618 0.154632 0.0331492
6 0.989862 0.788672 0.0209019 0.388725 0.0330796
6 0.979045 0.742038 0.0423912 0.314931 0.0330082
4 0.217037 0.278905 0.0307167 0.0386127 0.0321712
6 0.23738 0.677672 0.0450144 0.164293 0.0321285
6 0.918439 0.332355 0.025845 0.0391429 0.031719
10 0.149423 0.0180241 0.0428458 0.0369387 0.0314996
10 0.838245 0.375831 0.0229311 0.0653281 0.0313395
0 0.61259 0.566433 0.0562274 0.13773 0.0309865
6 0.932318 0.362759 0.0283854 0.062394 0.0308758
6 0.294117 0.715149 0.0526138 0.209905 0.0305531
4 0.947473 0.93883 0.108304 0.12293 0.0305408
7 0.278572 0.0316813 0.0282368 0.0592879 0.0304169
2 0.253542 0.0330528 0.0192712 0.0567043 0.0303526
2 0.406642 0.484943 0.0299333 0.0570142 0.0302867
2 0.517484 0.0128881 0.0604484 0.0266187 0.0301196
2 0.485511 0.0104039 0.0471024 0.0217772 0.0301044
10 0.978482 0.961897 0.0445259 0.0785976 0.0300038
6 0.245164 0.692274 0.0434123 0.176413 0.0297757
2 0.295521 0.047296 0.0271476 0.0981647 0.0296803
0 0.615508 0.562984 0.0551429 0.141341 0.0296617
2 0.154937 0.0247127 0.0490015 0.0502444 0.0290578
6 0.0398335 0.64396 0.0670695 0.168789 0.0290087
2 0.163999 0.0191995 0.0580767 0.0393563 0.0289763
10 0.131462 0.769721 0.0403761 0.180745 0.0288979
8 0.27376 0.990881 0.143406 0.0195969 0.0288503
2 0.54814 0.0207061 0.0480509 0.0429359 0.0288031
2 0.409788 0.483607 0.0327945 0.057585 0.0285845
7 0.311439 0.266765 0.0212368 0.035438 0.0285283
10 0.443615 0.608061 0.0366408 0.0958346 0.0284222
6 0.402941 0.677817 0.0708536 0.133613 0.0281768
10 0.449426 0.576738 0.0413926 0.164073 0.0280885
10 0.804629 0.921551 0.0819159 0.129657 0.0279618
10 0.414572 0.864797 0.0908904 0.27697 0.0278214
2 0.526254 0.0167179 0.0720544 0.0343698 0.0277851
10 0.810864 0.926529 0.101881 0.145313 0.0276826
4 0.215293 0.279843 0.0302685 0.0372459 0.0276503
10 0.13606 0.679191 0.0354834 0.252114 0.0275647
2 0.305938 0.0396578 0.0281796 0.0799557 0.0274729
3 0.299829 0.118892 0.579593 0.235237 0.0273343
10 0.977356 0.685449 0.04713 0.619491 0.0271208
2 0.162192 0.0495492 0.123143 0.102023 0.0270792
2 0.436062 0.476291 0.021266 0.0542921 0.027061
10 0.0935117 0.352378 0.00944689 0.0216587 0.0267431
6 0.951465 0.653562 0.101016 0.68719 0.0264749
10 0.140541 0.77311 0.0634891 0.189871 0.0259197
2 0.499995 0.0110021 0.0536456 0.0229705 0.0259148
6 0.407762 0.67054 0.066617 0.124474 0.025914
6 0.936589 0.409448 0.117203 0.13733 0.0257377
11 0.926512 0.416687 0.0404707 0.113494 0.0256562
2 0.325186 0.0372918 0.0651765 0.0746732 0.0256336
10 0.432761 0.8305 0.145128 0.337493 0.0256085
4 0.877972 0.348463 0.0303453 0.0446545 0.025569
2 0.4372 0.00938066 0.0340433 0.0188159 0.0255256
6 0.327576 0.765623 0.0977462 0.241469 0.0255208
6 0.882273 0.33405 0.0153307 0.0282817 0.0254361
2 0.282988 0.0510905 0.0310985 0.104434 0.0253318
2 0.451431 0.4707 0.0229128 0.0550015 0.0249809
10 0.369605 0.857026 0.0710612 0.290848 0.0249057
10 0.176079 0.659491 0.0254503 0.0843076 0.0245117
2 0.382318 0.48823 0.0226906 0.0603167 0.0243783
0 0.664197 0.537811 0.0505173 0.191723 0.0242654
10 0.820636 0.924241 0.071163 0.137354 0.024249
10 0.13454 0.754721 0.0254836 0.0807083 0.0241018
10 0.189162 0.391944 0.0506967 0.110709 0.02388
10 0.464617 0.902752 0.106099 0.198218 0.0238542
10 0.397192 0.608882 0.0255749 0.0812508 0.0237853
2 0.116492 0.0363943 0.0705728 0.0756815 0.023752
6 0.910741 0.345269 0.0449135 0.0759575 0.0237282
7 0.395167 0.695988 0.0364952 0.0710677 0.0231843
10 0.851086 0.983603 0.260924 0.0295824 0.0231331
2 0.178073 0.0177007 0.0404375 0.0363719 0.0229966
2 0.911162 0.423661 0.0203241 0.0947583 0.0229815
11 0.933126 0.402965 0.114063 0.107779 0.0228813
10 0.177959 0.754241 0.0427196 0.154919 0.0227236
10 0.404389 0.832093 0.267075 0.340829 0.0226135
3 0.245841 0.0764111 0.494756 0.154117 0.0225622
6 0.925968 0.378677 0.0745743 0.0816401 0.0224769
2 0.427485 0.478232 0.0316249 0.0573488 0.0224571
10 0.0987553 0.831017 0.183417 0.342654 0.0224518
10 0.968543 0.618486 0.0625259 0.622823 0.0223375
10 0.398055 0.616612 0.0346486 0.0917479 0.0223277
2 0.376398 0.501425 0.0323462 0.105578 0.0222774
4 0.246809 0.276099 0.0310035 0.0458965 0.0218254
10 0.410586 0.805842 0.0477564 0.140077 0.0216434
8 0.460358 0.990937 0.0906389 0.0187647 0.0215184
10 0.164908 0.644502 0.0388134 0.112974 0.0214341
3 0.443336 0.432642 0.876944 0.853785 0.0213638
10 0.354826 0.825039 0.0679862 0.352253 0.0213353
10 0.380979 0.628038 0.0362525 0.0988294 0.0213239
4 0.933653 0.647849 0.133831 0.696059 0.0212088
10 0.40399 0.591779 0.038639 0.137024 0.021062
10 0.42717 0.858574 0.0877098 0.289867 0.02106
10 0.0315526 0.359316 0.0346663 0.0542036 0.0209003
10 0.53368 0.615557 0.0449677 0.139477 0.020814
0 0.603779 0.570806 0.0553004 0.129692 0.0207589
3 0.294437 0.0811004 0.57065 0.159598 0.0205775
10 0.396713 0.984279 0.0825085 0.0314832 0.0200792
6 0.367821 0.782783 0.173503 0.317458 0.0199514
2 0.460286 0.468487 0.0253608 0.0530508 0.0199224
6 0.668203 0.505086 0.0353812 0.149431 0.0198551
3 0.306333 0.0719724 0.540778 0.145296 0.0197988
10 0.813118 0.927192 0.0719392 0.127608 0.0197078
11 0.91797 0.423431 0.0655033 0.116741 0.0196464
10 0.724415 0.922229 0.207245 0.150311 0.0195082
3 0.436133 0.251349 0.85236 0.50276 0.0194211
3 0.315075 0.109833 0.554275 0.221141 0.0193339
2 0.381734 0.502963 0.0304788 0.101666 0.0192153
10 0.133345 0.767671 0.139426 0.210351 0.0191718
10 0.771588 0.915753 0.0684335 0.1199 0.0191457
10 0.203625 0.609409 0.0530612 0.216716 0.0191272
0 0.606733 0.528874 0.132287 0.223856 0.018886
8 0.458705 0.991371 0.276131 0.0181782 0.0183001
10 0.366181 0.619247 0.0284474 0.090177 0.0178821
10 0.371476 0.554833 0.0757513 0.27389 0.0178361
2 0.220689 0.0229197 0.0374112 0.0452464 0.0174925
6 0.18407 0.664503 0.0400207 0.0826794 0.0174565
10 0.544719 0.569824 0.044738 0.174751 0.0174398
6 0.362672 0.672518 0.0536178 0.117041 0.0174371
6 0.345603 0.760509 0.195903 0.278954 0.0171414
7 0.324083 0.266133 0.0214725 0.0359637 0.0170329
3 0.255109 0.149885 0.503985 0.29665 0.016513
10 0.837295 0.925027 0.0623411 0.145451 0.016414
3 0.394029 0.135826 0.752739 0.276867 0.0159039
10 0.364841 0.858676 0.161243 0.292308 0.0158025
6 0.202255 0.672011 0.0401307 0.170221 0.0155736
10 0.843533 0.924963 0.209279 0.147416 0.0155051
10 0.61112 0.0781125 0.0456656 0.165887 0.0152531
10 0.399057 0.83867 0.255471 0.327042 0.0151209
3 0.453021 0.122192 0.908265 0.249346 0.0150101
3 0.438962 0.277329 0.861003 0.558964 0.0146527
3 0.430709 0.234103 0.815551 0.474055 0.0145806
7 0.809751 0.966932 0.0510035 0.0266386 0.0144824
10 0.83574 0.390884 0.0203039 0.0461869 0.014455
10 0.0948025 0.771843 0.180835 0.194408 0.0139814
3 0.346736 0.0675185 0.543684 0.138202 0.012977
6 0.277591 0.549704 0.0364622 0.124539 0.0122801
3 0.388664 0.360607 0.652715 0.719355 0.0120765
6 0.368839 0.75818 0.137446 0.197131 0.0119394
10 0.548621 0.577709 0.0311834 0.132473 0.0115539
10 0.351911 0.80252 0.0711921 0.225849 0.010995
2 0.322184 0.0451637 0.480249 0.0924123 0.0103751
10 0.544484 0.479829 0.224736 0.350266 0.0102257
11 0.90909 0.399678 0.0301716 0.041354 0.00850761
3 0.916474 0.0415959 0.146494 0.182717 0.00828096
3 0.68143 0.103049 0.573818 0.355747 0.00814392
