4 0.727729 0.351665 0.108653 0.112238 0.74071
4 0.678944 0.565817 0.30521 0.311716 0.475667
4 0.46104 0.279609 0.147716 0.171037 0.292358
4 0.8421 0.352354 0.0605387 0.0660155 0.248914
3 0.864907 0.329875 0.127879 0.131001 0.236415
4 0.41525 0.280497 0.245052 0.181324 0.233089
4 0.853718 0.348774 0.0892098 0.0815827 0.186
4 0.639449 0.362747 0.0904898 0.110983 0.128421
9 0.616797 0.312574 0.163327 0.202152 0.116892
4 0.384909 0.278058 0.307477 0.201209 0.114183
4 0.416762 0.256866 0.243455 0.232599 0.108188
4 0.371628 0.282597 0.333684 0.19569 0.0933695
10 0.319405 0.313659 0.0788687 0.130678 0.0909345
9 0.609147 0.296663 0.142077 0.158523 0.0896698
4 0.463004 0.253272 0.144104 0.216759 0.0865974
10 0.0287983 0.863586 0.0588809 0.256424 0.0783667
4 0.846748 0.347359 0.061144 0.0705119 0.072902
10 0.029899 0.819858 0.0607198 0.341829 0.0707202
4 0.671947 0.488932 0.272461 0.152116 0.0698803
3 0.29103 0.501992 0.580444 0.980878 0.0679974
4 0.657172 0.364144 0.0820048 0.104262 0.067828
4 0.44274 0.284026 0.141218 0.150598 0.067634
1 0.104198 0.740114 0.207765 0.503723 0.0665294
10 0.0340736 0.747462 0.0688567 0.483644 0.0651203
10 0.0329151 0.719023 0.0658453 0.538982 0.0639636
9 0.661512 0.313006 0.24782 0.203494 0.0625848
3 0.840189 0.32579 0.0892392 0.124354 0.0612046
3 0.178384 0.502005 0.354819 0.978014 0.0610875
1 0.110647 0.742592 0.219143 0.502105 0.0610055
4 0.667211 0.353993 0.225528 0.124437 0.0608326
4 0.647588 0.368106 0.126545 0.103325 0.0600657
4 0.379084 0.257361 0.332421 0.247501 0.0598741
4 0.435421 0.277068 0.163769 0.166384 0.0591367
6 0.841511 0.646347 0.100739 0.226125 0.0590964
10 0.0290271 0.895661 0.0597678 0.195804 0.0570363
1 0.0946884 0.735433 0.18657 0.486913 0.0544762
6 0.837944 0.643694 0.0834775 0.215357 0.0518042
4 0.0324052 0.450293 0.0656716 0.111501 0.0512684
10 0.0266014 0.659831 0.0533345 0.652368 0.0504313
10 0.45415 0.206858 0.08116 0.121688 0.0499473
10 0.0717226 0.744456 0.143917 0.495585 0.0496173
10 0.0442906 0.849571 0.0892771 0.285683 0.0495177
10 0.279146 0.322554 0.14893 0.149671 0.0495023
4 0.647461 0.362573 0.0730932 0.112376 0.0491095
4 0.731645 0.575025 0.40866 0.335146 0.0490989
10 0.459594 0.208956 0.078786 0.12876 0.0484144
10 0.0208326 0.619847 0.0421168 0.732471 0.0475019
1 0.153967 0.661094 0.30618 0.660792 0.0456236
10 0.0201495 0.616351 0.0407941 0.739288 0.0443274
3 0.281028 0.503066 0.557047 0.991305 0.0438973
10 0.051232 0.737808 0.101956 0.495438 0.0435871
10 0.627663 0.36768 0.0672907 0.102897 0.0434189
10 0.0645678 0.760923 0.129835 0.46248 0.0430813
4 0.661695 0.364376 0.0784832 0.101894 0.0428056
10 0.789697 0.325796 0.0341596 0.113694 0.0427736
4 0.409606 0.263683 0.269143 0.22074 0.0427314
4 0.375391 0.290859 0.187061 0.149531 0.042178
3 0.167467 0.502025 0.334648 0.982155 0.0417938
10 0.625615 0.361938 0.069669 0.113717 0.0414719
11 0.878186 0.642938 0.188678 0.263268 0.040685
10 0.961898 0.294606 0.0805192 0.571048 0.0405395
4 0.441978 0.262158 0.171569 0.205735 0.0403083
10 0.0464663 0.879205 0.0935946 0.229125 0.0399145
1 0.0839141 0.685288 0.169366 0.603878 0.0398858
10 0.440396 0.247224 0.0896093 0.204477 0.0395198
4 0.341784 0.317169 0.277791 0.120316 0.0391633
3 0.877193 0.293345 0.180878 0.20976 0.0387721
10 0.96343 0.340687 0.0773397 0.654717 0.0387397
10 0.798426 0.324213 0.0357546 0.112554 0.0384662
10 0.633298 0.360635 0.0752877 0.117223 0.037903
1 0.162821 0.622134 0.324743 0.737199 0.0378192
4 0.826998 0.348331 0.0735771 0.0815621 0.0372668
3 0.499527 0.462202 0.993615 0.891414 0.03687
4 0.722523 0.346388 0.143449 0.127849 0.036628
10 0.784499 0.326816 0.0393146 0.128614 0.0365413
4 0.375418 0.313828 0.179821 0.102695 0.0362827
10 0.0187949 0.884275 0.0414399 0.219421 0.0360844
4 0.437617 0.289012 0.0881731 0.126473 0.0358692
10 0.952719 0.397717 0.100105 0.762746 0.035685
3 0.607846 0.20187 0.760415 0.397257 0.0356057
4 0.739562 0.585682 0.431322 0.356382 0.0354757
10 0.0529761 0.656267 0.106168 0.653493 0.03541
4 0.372671 0.296965 0.209786 0.150825 0.0351872
1 0.193674 0.739539 0.383968 0.509799 0.0349026
10 0.57799 0.308334 0.0932886 0.154904 0.034124
1 0.103101 0.629993 0.206006 0.721484 0.0339677
4 0.393657 0.274735 0.105447 0.150178 0.0334379
3 0.248252 0.500012 0.500931 0.961765 0.0332388
10 0.0184149 0.900916 0.0397596 0.186917 0.0332246
10 0.976751 0.40112 0.0480043 0.765913 0.033104
10 0.0218989 0.585805 0.0448132 0.79897 0.0330564
10 0.0468784 0.500064 0.0940111 0.966716 0.0327893
10 0.964582 0.226482 0.0742278 0.436568 0.0324992
10 0.340817 0.316019 0.0588751 0.111756 0.0324674
1 0.204321 0.653451 0.405531 0.675346 0.0324628
10 0.0279144 0.951931 0.0544616 0.0879135 0.0319989
4 0.705676 0.354368 0.103126 0.115691 0.0319786
10 0.0171953 0.872203 0.0383819 0.242943 0.0317744
10 0.979478 0.404344 0.0408815 0.745352 0.031587
10 0.989704 0.350202 0.0210943 0.127304 0.0315849
10 0.580917 0.314114 0.0920441 0.166063 0.03149
4 0.641028 0.571111 0.256386 0.302066 0.0314808
4 0.357084 0.299646 0.189479 0.144227 0.0314668
10 0.943256 0.311057 0.118535 0.599511 0.0314529
4 0.503826 0.272871 0.0605136 0.117057 0.0314194
10 0.473277 0.206385 0.0779079 0.120692 0.0313165
4 0.986463 0.395199 0.0264559 0.185002 0.0312142
10 0.214597 0.75661 0.218818 0.477876 0.0311267
4 0.0135715 0.44486 0.027788 0.111953 0.0310152
4 0.0286849 0.457177 0.0582907 0.126947 0.0309881
10 0.777866 0.325416 0.0361038 0.127787 0.03096
4 0.984825 0.409847 0.0304317 0.211922 0.0307865
1 0.114036 0.623371 0.22845 0.734886 0.0307082
3 0.248136 0.390759 0.493529 0.760338 0.0306486
10 0.251283 0.389083 0.174888 0.301214 0.0305002
4 0.444896 0.287331 0.190045 0.182619 0.0304428
10 0.30219 0.321767 0.0671607 0.113313 0.0304348
1 0.351352 0.501304 0.693132 0.987858 0.0302158
10 0.0365248 0.82902 0.0646241 0.32938 0.0300688
10 0.570974 0.315371 0.0655081 0.113425 0.0299843
4 0.0165233 0.450774 0.0332294 0.105112 0.0299468
10 0.0146294 0.862867 0.0315805 0.259224 0.029888
4 0.502509 0.270622 0.080628 0.115503 0.0297761
10 0.0391969 0.618242 0.077904 0.735031 0.0295516
10 0.221125 0.461724 0.0848246 0.381703 0.0295163
1 0.164712 0.535987 0.329408 0.918251 0.0294523
3 0.560771 0.207471 0.850294 0.400323 0.0293774
10 0.0119512 0.629968 0.0246824 0.70509 0.0293604
4 0.692732 0.318084 0.32994 0.194103 0.0292068
10 0.989717 0.358812 0.0207981 0.122363 0.0291788
3 0.165751 0.374726 0.333934 0.732218 0.0290754
10 0.989095 0.327908 0.0224981 0.188014 0.0287997
4 0.357263 0.320875 0.164491 0.0999558 0.0287502
10 0.946084 0.211258 0.110863 0.414956 0.0286627
3 0.502551 0.345219 0.976277 0.67285 0.0286355
4 0.510594 0.259019 0.0537034 0.0887049 0.0284705
10 0.0590711 0.575739 0.117402 0.824192 0.0284452
10 0.956885 0.102358 0.0929743 0.20236 0.0283916
10 0.946911 0.496791 0.1118 0.941771 0.028371
4 0.673339 0.553026 0.255079 0.284609 0.028354
3 0.263154 0.357768 0.518852 0.697457 0.0283422
4 0.988968 0.388957 0.0220746 0.186742 0.0281975
10 0.249862 0.331324 0.131179 0.137161 0.0278803
1 0.226572 0.744418 0.449327 0.501558 0.0277911
10 0.944144 0.467119 0.115921 0.888147 0.0277908
4 0.366959 0.317047 0.190922 0.109037 0.0277819
10 0.256409 0.35274 0.144696 0.185807 0.0276727
10 0.278245 0.405054 0.161462 0.33455 0.0275198
3 0.499547 0.431018 0.982322 0.835175 0.0272702
10 0.046241 0.501763 0.0933963 0.958672 0.0271105
10 0.985601 0.475228 0.0295132 0.899794 0.0269806
1 0.209508 0.742589 0.40671 0.504462 0.0268769
10 0.783972 0.337256 0.0363358 0.127082 0.0268253
1 0.143962 0.424095 0.290049 0.821719 0.0266543
4 0.675072 0.352448 0.154114 0.120068 0.0265288
4 0.591977 0.00814285 0.485231 0.0151159 0.0265058
10 0.989533 0.322296 0.0213821 0.211311 0.0263689
4 0.0114832 0.439409 0.0242224 0.140207 0.0261921
10 0.0193595 0.782996 0.0397988 0.413209 0.026185
10 0.0187744 0.92083 0.0397817 0.148038 0.0259922
10 0.281197 0.391006 0.167361 0.325624 0.0256662
10 0.954632 0.360631 0.093609 0.616348 0.0253556
4 0.489488 0.261827 0.121545 0.163526 0.025339
4 0.986482 0.434396 0.0266262 0.253428 0.0251462
10 0.598345 0.36109 0.0701498 0.108519 0.0251183
4 0.507631 0.259062 0.0789773 0.0959747 0.0250978
1 0.169707 0.503911 0.343886 0.968274 0.0250248
1 0.230924 0.698824 0.391691 0.595825 0.0248482
1 0.270183 0.604407 0.541265 0.772386 0.0247505
1 0.211532 0.753334 0.417948 0.484836 0.0246413
3 0.6478 0.358627 0.693576 0.699567 0.0246142
10 0.0198236 0.797015 0.0414141 0.353947 0.0245665
4 0.624841 0.483659 0.183526 0.119661 0.0241512
10 0.237655 0.355976 0.13556 0.194825 0.0239499
3 0.260294 0.501948 0.51837 0.988271 0.0236631
10 0.093247 0.855493 0.182635 0.280188 0.0236043
1 0.148725 0.502956 0.299447 0.976455 0.0234775
4 0.697033 0.351169 0.0895339 0.112174 0.0234314
1 0.423071 0.194528 0.298809 0.364994 0.0233847
9 0.729562 0.624442 0.419874 0.43846 0.0232752
1 0.104622 0.503676 0.211952 0.94747 0.0230595
10 0.0490083 0.80363 0.0753664 0.359159 0.0230137
10 0.959735 0.140025 0.0840551 0.277164 0.0228529
9 0.660829 0.468786 0.30071 0.532109 0.0223369
3 0.544656 0.20549 0.875455 0.397475 0.0221903
1 0.094254 0.524708 0.189852 0.413542 0.022137
4 0.581383 0.292789 0.129864 0.157443 0.0220921
1 0.0772245 0.507219 0.155974 0.955409 0.0220899
1 0.257545 0.503014 0.510215 0.98068 0.0220704
10 0.0124793 0.538517 0.0253351 0.891628 0.0220306
10 0.0290887 0.947259 0.055747 0.0983194 0.0219009
10 0.359217 0.311453 0.0561717 0.113309 0.0218964
6 0.709299 0.630708 0.321887 0.200559 0.0218364
10 0.9013 0.0960089 0.20389 0.189989 0.0217144
4 0.540881 0.283203 0.121772 0.139856 0.0214373
10 0.0488507 0.749514 0.0656279 0.435319 0.0213064
4 0.610705 0.506711 0.172212 0.174697 0.0212461
3 0.827649 0.508487 0.356897 0.967679 0.0212271
3 0.568079 0.198634 0.786558 0.386269 0.0211749
10 0.772429 0.33495 0.0365582 0.137277 0.0210629
4 0.811468 0.351363 0.0659778 0.0677983 0.020972
1 0.26248 0.501927 0.519554 0.977901 0.0209473
10 0.053034 0.80502 0.0948185 0.373283 0.0207282
4 0.633469 0.00853532 0.429569 0.0149283 0.0207094
10 0.233548 0.327822 0.0824619 0.164339 0.0204912
1 0.397168 0.498924 0.787804 0.990181 0.0202812
4 0.743246 0.351782 0.0997175 0.119684 0.0202715
3 0.281512 0.263332 0.553549 0.513256 0.020158
10 0.0168471 0.928358 0.0365233 0.132353 0.0201039
10 0.668568 0.354574 0.0723525 0.126258 0.0199153
1 0.127085 0.385737 0.258871 0.743724 0.0198816
10 0.989137 0.475013 0.0220239 0.865734 0.019848
4 0.723845 0.558744 0.256557 0.301879 0.0197917
9 0.68479 0.599257 0.364216 0.360989 0.0196687
1 0.233422 0.542601 0.460607 0.900538 0.0196322
3 0.299198 0.249535 0.58364 0.485302 0.0194081
4 0.642961 0.623856 0.232162 0.186687 0.019311
10 0.00881752 0.791149 0.0171996 0.353904 0.0192955
1 0.0349649 0.551117 0.0703785 0.519468 0.0189833
10 0.985468 0.109921 0.030397 0.210843 0.0188075
10 0.0628358 0.874513 0.0667903 0.239712 0.0187896
1 0.289696 0.747128 0.357705 0.493256 0.0186699
4 0.713835 0.471372 0.19748 0.13215 0.0186406
4 0.526604 0.2625 0.0539362 0.0943015 0.0185675
10 0.967473 0.427631 0.0664514 0.464907 0.0183382
9 0.493335 0.24418 0.110683 0.18376 0.0182491
4 0.812851 0.346017 0.0636391 0.0763166 0.0180783
4 0.71168 0.356955 0.1669 0.140922 0.0180712
1 0.0552566 0.609949 0.112581 0.241209 0.018006
1 0.447912 0.518136 0.873753 0.938419 0.0179253
10 0.0207883 0.506016 0.0423307 0.439245 0.0179196
1 0.29761 0.506631 0.595655 0.966038 0.0178357
10 0.0189353 0.945898 0.0399095 0.0978258 0.0176892
9 0.700313 0.578159 0.344101 0.33846 0.017608
10 0.0157092 0.505142 0.0317504 0.739936 0.0173676
1 0.294106 0.772965 0.397439 0.450252 0.0173432
4 0.667185 0.408599 0.275906 0.409624 0.0173242
3 0.317983 0.332752 0.617021 0.568446 0.017185
10 0.0727449 0.96442 0.108967 0.0655217 0.0170127
4 0.671234 0.363355 0.0871754 0.111864 0.0169685
1 0.0846582 0.511513 0.169631 0.390036 0.0168094
10 0.445376 0.178718 0.292273 0.349055 0.0165723
10 0.0599443 0.778751 0.0825503 0.35884 0.0164271
1 0.0461916 0.423007 0.0949831 0.821632 0.0164239
4 0.684506 0.354548 0.0758802 0.112932 0.0163976
1 0.349558 0.749229 0.680112 0.496003 0.0163504
10 0.0286273 0.84848 0.0575237 0.222324 0.0162414
1 0.345493 0.633955 0.684836 0.721742 0.0162205
3 0.9406 0.488038 0.125967 0.65372 0.0161221
10 0.0372613 0.159532 0.30433 0.325112 0.0160364
4 0.753962 0.560265 0.483072 0.645855 0.0159697
10 0.192109 0.625375 0.0595548 0.21844 0.0159449
4 0.755183 0.492152 0.478853 0.532205 0.0157398
6 0.948415 0.635846 0.103703 0.287267 0.0156056
4 0.385934 0.315433 0.0659653 0.105982 0.0150739
3 0.481746 0.526329 0.938819 0.923055 0.0150662
10 0.335644 0.238001 0.0763794 0.167057 0.0149311
1 0.310025 0.435 0.606862 0.844502 0.0147848
1 0.469178 0.744782 0.906149 0.504933 0.0145312
10 0.549675 0.327686 0.0663821 0.145371 0.0144856
1 0.483553 0.717782 0.927247 0.555908 0.0144647
10 0.0382033 0.091012 0.209693 0.235809 0.0143632
4 0.764092 0.353191 0.101216 0.116191 0.0143082
6 0.952864 0.662663 0.0933557 0.339166 0.0141965
10 0.956879 0.0946226 0.0913405 0.190352 0.0141796
1 0.347579 0.198329 0.668113 0.389897 0.0141387
6 0.734629 0.635495 0.124319 0.170098 0.0140759
4 0.645581 0.122241 0.711527 0.245385 0.0140027
3 0.352354 0.216607 0.678787 0.418562 0.0138117
1 0.493114 0.613231 0.941109 0.461623 0.0136037
4 0.708286 0.554332 0.576186 0.681931 0.0135663
3 0.477892 0.615061 0.937982 0.750924 0.0133799
9 0.50266 0.314689 0.0966847 0.20285 0.0133018
10 0.587579 0.48628 0.128392 0.121438 0.0131954
4 0.65155 0.1128 0.700629 0.228119 0.0130334
1 0.474185 0.622129 0.923923 0.704394 0.0128437
3 0.505971 0.274587 0.961631 0.509755 0.0125897
1 0.504427 0.139722 0.436128 0.275467 0.0125871
10 0.110035 0.27421 0.222317 0.531292 0.0125305
4 0.335051 0.379271 0.442192 0.392943 0.0122506
9 0.553297 0.321097 0.120962 0.199318 0.011881
10 0.0316151 0.136007 0.0649989 0.295378 0.0117996
4 0.467473 0.0740752 0.961603 0.146661 0.0117455
4 0.588232 0.475475 0.512586 0.572834 0.0116419
4 0.647595 0.494602 0.678404 0.71524 0.011583
0 0.61564 0.865112 0.0262311 0.0684995 0.0111614
10 0.797391 0.544105 0.235919 0.377963 0.0111421
1 0.469192 0.759826 0.752212 0.473879 0.0111196
4 0.733026 0.675157 0.443951 0.546661 0.0109605
4 0.838472 0.571206 0.311653 0.629228 0.010874
10 0.515736 0.341756 0.0813415 0.181192 0.0107803
9 0.534983 0.336472 0.10721 0.160055 0.0107427
10 0.86195 0.524269 0.173339 0.541433 0.0106119
10 0.539907 0.310505 0.0687005 0.114317 0.0103873
11 0.534826 0.813054 0.887094 0.367578 0.00999239
0 0.607135 0.869177 0.0398004 0.075717 0.00944694
6 0.624453 0.662731 0.192657 0.14221 0.00848064
4 0.601898 0.651869 0.15758 0.160475 0.00762828
0 0.959989 0.0212994 0.0762329 0.0352524 0.00760153
6 0.572421 0.662099 0.145475 0.193442 0.00682325
