10 0.380753 0.231735 0.124804 0.282076 0.826922
10 0.494584 0.0857669 0.06328 0.17448 0.79678
6 0.701245 0.370728 0.107156 0.300029 0.780968
10 0.713734 0.167765 0.0896028 0.131237 0.669042
2 0.761348 0.232709 0.0253242 0.0939017 0.646658
6 0.293342 0.272154 0.0813311 0.186224 0.5767
6 0.242356 0.254826 0.105851 0.299325 0.552669
11 0.362424 0.480746 0.240579 0.34716 0.549132
6 0.597157 0.619783 0.136012 0.365533 0.532654
6 0.52082 0.336119 0.0892642 0.242492 0.512868
10 0.159785 0.858897 0.0458318 0.120845 0.480638
6 0.459492 0.915858 0.193388 0.168478 0.461222
2 0.738477 0.264001 0.0307682 0.0916676 0.458017
11 0.779863 0.318197 0.189803 0.375187 0.437686
6 0.259169 0.279339 0.137061 0.243576 0.400597
10 0.169085 0.230558 0.0688253 0.200677 0.356983
2 0.0189441 0.0976885 0.0352395 0.0906579 0.279495
10 0.165436 0.196754 0.0583252 0.131878 0.271228
7 0.244297 0.686746 0.0446307 0.0975586 0.259311
6 0.427244 0.514957 0.12358 0.271551 0.259197
2 0.066752 0.148173 0.0334175 0.0742002 0.25531
2 0.113001 0.222572 0.0398162 0.0770569 0.251302
7 0.316977 0.419622 0.0277746 0.0490401 0.242598
7 0.677992 0.620004 0.0324502 0.0719543 0.2232
11 0.00823347 0.251593 0.0165981 0.113119 0.22152
11 0.474729 0.270608 0.149397 0.238101 0.221172
10 0.87845 0.452186 0.171277 0.550099 0.22006
10 0.966716 0.810673 0.068501 0.37528 0.20791
6 0.2281 0.280845 0.088513 0.233382 0.197985
2 0.0911188 0.111006 0.0201226 0.0424428 0.193625
2 0.0887926 0.113136 0.017724 0.0380784 0.192144
11 0.257321 0.179747 0.0512657 0.0846193 0.191934
2 0.0536365 0.145258 0.0565226 0.0986656 0.190892
6 0.330072 0.238107 0.0573252 0.141402 0.1863
2 0.117516 0.212756 0.0312348 0.0559051 0.185931
11 0.196958 0.696985 0.379273 0.574751 0.176029
2 0.00591186 0.242327 0.0124265 0.108923 0.172073
2 0.741025 0.26426 0.0294605 0.0841437 0.168217
2 0.142548 0.0404632 0.0305386 0.0609281 0.165723
10 0.938727 0.795579 0.126388 0.406279 0.163977
11 0.477151 0.250396 0.137223 0.198147 0.163212
11 0.126532 0.273849 0.0899874 0.204916 0.159789
10 0.926993 0.812868 0.148022 0.371902 0.157977
2 0.772148 0.234504 0.0227493 0.0914934 0.155874
10 0.0192754 0.490949 0.0377705 0.160245 0.153339
10 0.0135794 0.720411 0.0274283 0.201169 0.153009
6 0.126421 0.529298 0.0736233 0.231961 0.15294
2 0.11623 0.0117026 0.0258427 0.0244129 0.147912
2 0.840444 0.274982 0.0229535 0.0702646 0.146905
2 0.132415 0.267023 0.0376166 0.0749192 0.141967
6 0.318402 0.238861 0.0777945 0.140568 0.138192
6 0.0736412 0.521805 0.113856 0.200661 0.135329
11 0.419747 0.296388 0.301745 0.295234 0.134778
2 0.740414 0.242163 0.022901 0.102428 0.134741
10 0.973254 0.57277 0.0527203 0.850277 0.132974
10 0.970721 0.510086 0.055924 0.965679 0.131331
11 0.248011 0.189111 0.079833 0.0745329 0.130435
10 0.224081 0.247744 0.0851787 0.301571 0.129703
6 0.396261 0.914535 0.338461 0.17005 0.128209
2 0.752378 0.256843 0.0282692 0.0907235 0.128046
2 0.305865 0.078233 0.0192317 0.0363386 0.127182
2 0.100803 0.210677 0.0265453 0.0555982 0.126636
7 0.249223 0.684717 0.0438756 0.0928747 0.125021
2 0.00486855 0.185744 0.0103473 0.127728 0.124866
7 0.30361 0.421708 0.0267841 0.0460458 0.12332
10 0.458394 0.0951347 0.0381536 0.139844 0.122661
6 0.323078 0.234418 0.0567759 0.133864 0.122099
10 0.125317 0.795578 0.0403624 0.0995373 0.121761
11 0.44171 0.297393 0.233301 0.301124 0.119581
10 0.235203 0.171865 0.0799946 0.136819 0.119516
2 0.0464983 0.122049 0.0283179 0.0565231 0.11719
11 0.261549 0.248197 0.143849 0.296364 0.116527
10 0.92619 0.59801 0.148657 0.806364 0.116433
11 0.268902 0.195714 0.0339536 0.0459661 0.116069
11 0.436663 0.260394 0.275127 0.213756 0.115688
6 0.31678 0.263076 0.0805202 0.181 0.115316
2 0.747341 0.229818 0.0241847 0.0927446 0.114492
10 0.448996 0.0934495 0.0429387 0.149247 0.114256
2 0.0093481 0.208617 0.0157359 0.0386927 0.113344
2 0.0288801 0.153669 0.0230242 0.0414093 0.112031
2 0.125712 0.211783 0.0253542 0.052408 0.108932
2 0.43438 0.258658 0.0270187 0.0838593 0.108274
6 0.967515 0.82308 0.0679428 0.352117 0.107612
6 0.337543 0.252614 0.0694311 0.178041 0.10753
10 0.929449 0.65434 0.138589 0.68962 0.106461
11 0.243472 0.165225 0.0949917 0.119572 0.105707
7 0.774204 0.175175 0.0244846 0.0664297 0.104989
6 0.461816 0.964277 0.190399 0.0709156 0.103883
11 0.161273 0.214671 0.319598 0.360286 0.103373
11 0.220227 0.200251 0.437322 0.362897 0.103056
2 0.262486 0.166848 0.0222501 0.0537177 0.103019
10 0.984496 0.804935 0.0311411 0.378472 0.102351
10 0.927939 0.877007 0.14487 0.246763 0.100549
6 0.920262 0.9417 0.157759 0.119562 0.100489
6 0.334798 0.240434 0.0511727 0.150277 0.100383
10 0.0109866 0.649757 0.0230059 0.391181 0.0985253
2 0.775239 0.234162 0.0240671 0.0957292 0.096115
10 0.012917 0.620789 0.0249951 0.414633 0.0959925
10 0.98121 0.585889 0.037719 0.822907 0.0956263
7 0.834845 0.246586 0.0288077 0.0732845 0.0941277
10 0.221975 0.167846 0.0701924 0.125637 0.0937812
2 0.0840697 0.110416 0.0192914 0.0458847 0.0933499
2 0.66303 0.5885 0.0415138 0.139889 0.0909143
6 0.358453 0.119872 0.0971813 0.141529 0.0899653
2 0.10493 0.207416 0.0247001 0.0537754 0.0897022
10 0.0130523 0.774417 0.0272894 0.30419 0.0895062
10 0.854532 0.539859 0.275221 0.912051 0.0892253
7 0.829224 0.258229 0.0243005 0.0977055 0.0885964
2 0.259498 0.163533 0.0244863 0.0472168 0.0880811
7 0.320365 0.410098 0.0382225 0.071866 0.0876237
2 0.105212 0.0131284 0.03298 0.0270193 0.0875788
2 0.297107 0.0803458 0.0181479 0.0362407 0.086986
10 0.0132205 0.492869 0.0273173 0.152451 0.085916
2 0.00636683 0.101617 0.0131626 0.0953365 0.0852105
2 0.244304 0.145312 0.0330669 0.0734581 0.0849848
7 0.480927 0.227513 0.0187182 0.0581912 0.0840719
10 0.98451 0.614716 0.0318224 0.764812 0.083985
10 0.9015 0.428306 0.130051 0.508388 0.083755
7 0.86776 0.317939 0.0221786 0.0570766 0.0822432
7 0.748693 0.636611 0.0381819 0.125537 0.0821078
10 0.0109526 0.510485 0.0231653 0.207391 0.0820241
2 0.850089 0.272736 0.0201716 0.0644099 0.0807008
7 0.737542 0.623718 0.0289482 0.105569 0.0804962
7 0.870992 0.31588 0.0245138 0.0633139 0.0799654
6 0.397956 0.964922 0.322494 0.0710127 0.079579
2 0.140077 0.264437 0.0330949 0.0714122 0.0791217
7 0.661373 0.619252 0.0318504 0.0758571 0.0784316
10 0.212012 0.164699 0.0532221 0.131998 0.0782468
2 0.153544 0.0366509 0.0238949 0.0591561 0.0776086
2 0.27243 0.16894 0.0199293 0.0528338 0.076848
7 0.722869 0.267719 0.0294014 0.0848212 0.0762957
6 0.935542 0.939182 0.129905 0.124924 0.0762332
2 0.0635398 0.0817718 0.0242459 0.039892 0.0761373
6 0.497876 0.964481 0.1147 0.0722521 0.075136
2 0.10734 0.0912471 0.0559889 0.0754649 0.0751005
10 0.990596 0.711751 0.0205044 0.560288 0.0749252
10 0.0139641 0.478283 0.0283617 0.135026 0.0735701
11 0.0458548 0.155595 0.0800339 0.142747 0.0727599
2 0.0581446 0.082192 0.0214594 0.0406177 0.0725051
11 0.353461 0.39901 0.15017 0.175337 0.0722662
2 0.761151 0.173359 0.0230473 0.0629249 0.0721606
10 0.0100047 0.351733 0.022081 0.566681 0.0720913
10 0.0101111 0.503766 0.0231195 0.196222 0.0715106
6 0.959785 0.941044 0.0812162 0.121569 0.0711806
2 0.0110505 0.125258 0.0217046 0.0499751 0.071042
10 0.111996 0.965953 0.222417 0.0678755 0.0705846
10 0.984538 0.514902 0.0283307 0.872712 0.0699507
2 0.747658 0.249471 0.0200038 0.078234 0.0693597
2 0.0462651 0.207442 0.0212778 0.0385061 0.0692738
10 0.880983 0.875561 0.117174 0.250258 0.0691538
11 0.328227 0.458433 0.167855 0.287768 0.0691037
7 0.439145 0.253759 0.0251728 0.0815531 0.0684443
6 0.111977 0.525587 0.0595471 0.217579 0.0677934
10 0.264354 0.116916 0.0391591 0.103047 0.0673864
2 0.0260074 0.151267 0.0248254 0.0447963 0.067311
10 0.436952 0.0907842 0.0561252 0.171466 0.0655352
2 0.5121 0.96538 0.0697106 0.0707317 0.0653895
7 0.0328804 0.0781361 0.0165557 0.0296201 0.0652886
2 0.108578 0.0156114 0.0479105 0.031853 0.0650875
10 0.0105338 0.455886 0.0218284 0.263329 0.0645106
7 0.696361 0.611441 0.0376715 0.100213 0.0643803
6 0.42072 0.547763 0.117283 0.213795 0.0640561
6 0.296453 0.229712 0.0807194 0.114832 0.0638288
2 0.20089 0.0750742 0.0216805 0.0297917 0.0628664
6 0.307634 0.266835 0.0610778 0.169668 0.0627275
11 0.0558734 0.210999 0.114044 0.332868 0.0617898
2 0.202706 0.0757485 0.0219744 0.0315287 0.0616056
7 0.83785 0.239034 0.0218111 0.0570708 0.0614237
7 0.476821 0.219468 0.0313615 0.0433461 0.0613923
10 0.986191 0.498173 0.025628 0.549945 0.0613024
10 0.904798 0.384148 0.12622 0.42259 0.0609866
6 0.2842 0.282143 0.0757648 0.19611 0.0605988
10 0.0706033 0.502191 0.0997097 0.164075 0.0599324
6 0.967821 0.916354 0.0658976 0.17035 0.0588262
6 0.0126078 0.10805 0.0286796 0.0977892 0.0585019
6 0.281618 0.278462 0.0758833 0.178537 0.0582209
6 0.320166 0.25741 0.0919985 0.180127 0.0578659
11 0.345247 0.401543 0.168511 0.179437 0.0578083
2 0.09141 0.0961549 0.0224572 0.0702912 0.0574179
6 0.838057 0.874472 0.259997 0.253818 0.057412
7 0.783591 0.177298 0.024239 0.068425 0.0563496
10 0.990371 0.724308 0.0201403 0.215129 0.0558314
2 0.012166 0.137996 0.0209201 0.0776777 0.0557736
2 0.191716 0.0770054 0.0212407 0.029914 0.055301
6 0.00948638 0.74319 0.0208492 0.191023 0.0552254
11 0.777626 0.315521 0.172961 0.36731 0.0546375
11 0.0560304 0.245169 0.111858 0.397599 0.0544906
11 0.31917 0.272703 0.242039 0.226041 0.0544259
7 0.855083 0.255209 0.0215252 0.0934817 0.0542387
7 0.106454 0.320137 0.0178824 0.038852 0.0538718
2 0.777634 0.232358 0.0243533 0.0922678 0.0534833
2 0.751909 0.168502 0.0236748 0.0532334 0.0534528
2 0.0380195 0.131487 0.0296547 0.0673029 0.0532263
10 0.215359 0.173602 0.0653175 0.142644 0.0529438
7 0.289448 0.424537 0.0254753 0.0452925 0.0528961
10 0.00920954 0.418221 0.0205636 0.462342 0.0526664
2 0.416699 0.269877 0.0284039 0.102562 0.0515216
7 0.798385 0.23685 0.0382193 0.0703316 0.0513578
11 0.0960494 0.137688 0.19381 0.227998 0.0509371
2 0.316738 0.0765891 0.0164713 0.0359669 0.0507339
2 0.0662127 0.156716 0.0320873 0.0687854 0.0506346
10 0.885901 0.362664 0.129574 0.332882 0.0505228
2 0.243129 0.159423 0.0235556 0.0428122 0.0500219
7 0.826244 0.278908 0.0228146 0.0691269 0.0498095
6 0.348213 0.229586 0.0477472 0.137505 0.0496369
7 0.69657 0.606445 0.040273 0.109605 0.0495693
2 0.227166 0.152386 0.0362764 0.0899946 0.0491259
10 0.987159 0.431006 0.0228767 0.431387 0.0488377
2 0.770351 0.191359 0.0182709 0.0343051 0.0483902
2 0.227185 0.081637 0.0203774 0.0387941 0.0478383
6 0.707567 0.369065 0.10711 0.305023 0.0475109
6 0.00990004 0.752632 0.0215044 0.241221 0.0470649
2 0.742999 0.166529 0.0241233 0.0612774 0.0469324
11 0.245387 0.19378 0.0430272 0.0721339 0.0461826
2 0.510137 0.969071 0.0651111 0.065085 0.0457285
10 0.989987 0.371547 0.0177471 0.665733 0.0456913
10 0.86593 0.239992 0.035836 0.109729 0.0449128
6 0.0669231 0.505927 0.0604164 0.135908 0.0446554
11 0.46371 0.25525 0.197866 0.191897 0.0445975
2 0.284752 0.195406 0.0167882 0.0419141 0.0445204
7 0.847122 0.245333 0.0129837 0.0373449 0.0443371
6 0.0119637 0.0937795 0.0247006 0.0812857 0.0439292
6 0.324307 0.200351 0.0434212 0.0906292 0.0437976
2 0.738587 0.21343 0.0164366 0.0506416 0.0435662
2 0.0212371 0.0751527 0.0218494 0.0523594 0.0432665
2 0.0752359 0.0724353 0.0168185 0.0393775 0.0428989
11 0.214459 0.0965242 0.427672 0.184528 0.0425022
6 0.683807 0.304932 0.0656759 0.173535 0.0423601
2 0.185761 0.0768577 0.0149248 0.0296218 0.0421432
7 0.242914 0.673597 0.0414786 0.117028 0.0421103
2 0.0963029 0.246874 0.0370802 0.132583 0.0416326
2 0.0319134 0.105826 0.018235 0.0513358 0.0400427
6 0.340435 0.20456 0.0437539 0.100862 0.0398083
6 0.571469 0.616676 0.112858 0.364213 0.0397997
2 0.274623 0.0825885 0.0187687 0.0364187 0.0396906
11 0.0120601 0.833948 0.0242803 0.186638 0.039323
7 0.254174 0.764286 0.0350807 0.109531 0.0391255
2 0.0647115 0.137515 0.0443177 0.0784003 0.0389458
2 0.112928 0.0726799 0.0446327 0.0358221 0.0380919
10 0.0140596 0.448901 0.0265714 0.0987252 0.0377725
6 0.453086 0.486197 0.0860836 0.19805 0.0372449
6 0.677689 0.310234 0.0612487 0.186355 0.0372047
10 0.912572 0.338735 0.112143 0.328536 0.036846
11 0.273335 0.219946 0.0690746 0.100918 0.0363117
10 0.55278 0.0963025 0.0898967 0.180424 0.0360113
10 0.727046 0.641304 0.408811 0.433887 0.0359172
6 0.685976 0.416063 0.0789329 0.176665 0.0350156
6 0.528238 0.917233 0.29952 0.167437 0.0350066
7 0.50365 0.214995 0.0154262 0.0439539 0.0349866
6 0.275822 0.224454 0.0596839 0.103729 0.0348921
10 0.732752 0.177963 0.0565014 0.109551 0.0346066
11 0.414417 0.398992 0.320119 0.49925 0.0345945
2 0.803364 0.228955 0.0216864 0.0888758 0.0345705
11 0.324368 0.739592 0.102698 0.190078 0.0344167
7 0.816356 0.220346 0.0251387 0.0504867 0.0338573
2 0.0922592 0.229851 0.0329196 0.0968102 0.0336712
11 0.495397 0.291495 0.17177 0.29469 0.0330285
7 0.651185 0.618678 0.0310969 0.0833045 0.0329658
6 0.672147 0.325229 0.0603754 0.215944 0.0326122
2 0.220137 0.0755302 0.0178322 0.0330854 0.0325391
11 0.325236 0.488554 0.269339 0.332503 0.032407
6 0.595518 0.629754 0.160224 0.38215 0.0321255
10 0.992105 0.313295 0.0134392 0.542125 0.0320847
6 0.680472 0.162988 0.0591595 0.129078 0.0317586
11 0.0453377 0.164753 0.0676136 0.0903624 0.0316802
10 0.201993 0.111194 0.0339547 0.0699901 0.0316431
7 0.79845 0.180393 0.0237839 0.0713964 0.0315571
10 0.143817 0.223392 0.0423102 0.192332 0.0314824
6 0.329548 0.194371 0.0446713 0.0764727 0.0309687
2 0.135891 0.0703069 0.0222251 0.0406344 0.0309348
11 0.388778 0.376677 0.39672 0.546326 0.0307683
2 0.102461 0.233367 0.0421797 0.0938829 0.0305206
2 0.0887493 0.128154 0.019653 0.063331 0.0303083
10 0.232042 0.109246 0.0383755 0.0983269 0.0298911
11 0.266729 0.1933 0.377558 0.264542 0.0282471
7 0.220862 0.687849 0.0416341 0.0927032 0.0281371
11 0.815466 0.412731 0.331063 0.549145 0.0279667
7 0.813994 0.234549 0.0366306 0.0712299 0.0270829
2 0.0580811 0.123023 0.0344827 0.0430301 0.0269391
7 0.874954 0.306207 0.0319796 0.0877882 0.0262855
11 0.221174 0.138597 0.0527043 0.104101 0.0259759
7 0.390319 0.434312 0.0447416 0.0759151 0.0256194
10 0.713671 0.201756 0.030665 0.0603408 0.0251561
11 0.758595 0.338474 0.232793 0.415031 0.0244008
10 0.76044 0.573271 0.426919 0.749352 0.0241937
11 0.308732 0.183176 0.067653 0.0745802 0.0237533
6 0.354175 0.238405 0.124803 0.160068 0.0236138
6 0.348583 0.191441 0.0459479 0.100981 0.0236033
11 0.807572 0.302574 0.136412 0.32371 0.0231734
7 0.800605 0.261589 0.0310493 0.107215 0.0230859
6 0.666136 0.163667 0.0558983 0.133573 0.022412
11 0.679983 0.628932 0.289832 0.380483 0.02151
11 0.152144 0.0923824 0.235049 0.0885191 0.0198408
10 0.553789 0.273269 0.441547 0.343531 0.0197239
11 0.156684 0.674736 0.288236 0.498901 0.0188979
11 0.801224 0.295901 0.123105 0.30727 0.018116
2 0.785034 0.197702 0.0186195 0.0370801 0.0181125
6 0.644394 0.164351 0.0586694 0.137426 0.0158944
6 0.532567 0.632233 0.0642058 0.230294 0.015545
11 0.192559 0.126524 0.0321724 0.0685692 0.0151176
