6 0.376832 0.594958 0.209546 0.605399 0.817386
5 0.737804 0.906598 0.139314 0.188412 0.808738
5 0.676478 0.455237 0.111286 0.15905 0.77366
5 0.815655 0.892312 0.0882288 0.209357 0.619867
5 0.764123 0.89523 0.184283 0.207205 0.386024
5 0.762254 0.892323 0.19453 0.209569 0.31485
2 0.610733 0.159273 0.0238841 0.0717405 0.0785476
2 0.614523 0.163818 0.0197183 0.0720366 0.0707035
2 0.4062 0.985876 0.0574173 0.0283203 0.0647186
11 0.392411 0.259608 0.0542297 0.0668182 0.0631567
11 0.266666 0.983847 0.389105 0.0317755 0.0627478
5 0.748032 0.89328 0.229862 0.211136 0.0614358
11 0.339385 0.984237 0.526506 0.0313734 0.0606488
10 0.75181 0.14142 0.0233574 0.0484067 0.0589826
10 0.695184 0.0124967 0.0393037 0.0256809 0.0589318
2 0.431716 0.0444637 0.0258659 0.0619995 0.0560689
5 0.753676 0.925157 0.109729 0.148068 0.0559845
5 0.75212 0.904434 0.109188 0.190547 0.0545499
5 0.742521 0.141422 0.0259482 0.0466771 0.0540622
6 0.413179 0.538022 0.144308 0.488159 0.0540391
2 0.306114 0.985843 0.0563852 0.0283923 0.0527827
6 0.95605 0.979964 0.0853296 0.0398488 0.0513186
2 0.585472 0.0965901 0.0201504 0.0381736 0.0508578
2 0.533253 0.0528724 0.0166451 0.0290156 0.0492844
11 0.183344 0.984225 0.262363 0.0294952 0.0491129
2 0.4558 0.987248 0.0357674 0.0253832 0.0470924
11 0.362022 0.983347 0.177106 0.0337843 0.0470421
7 0.957045 0.989222 0.081814 0.0218432 0.0467419
6 0.283251 0.293069 0.166965 0.407712 0.0454953
5 0.808255 0.891863 0.106384 0.214417 0.0448365
5 0.768716 0.888428 0.204863 0.22069 0.0437526
5 0.66135 0.476288 0.128363 0.205623 0.0431775
2 0.603058 0.155048 0.0181939 0.070138 0.042359
5 0.761542 0.901729 0.203879 0.201679 0.0392312
6 0.421693 0.536686 0.136819 0.485554 0.0388875
10 0.706393 0.0116352 0.0432328 0.0244024 0.0388689
2 0.389854 0.989063 0.0977055 0.0219883 0.038317
11 0.348203 0.970378 0.62696 0.0578157 0.038233
6 0.347857 0.984081 0.160242 0.0319145 0.0378268
11 0.277722 0.968205 0.496377 0.063127 0.0373662
11 0.358917 0.970598 0.644494 0.0573154 0.0372891
10 0.0630341 0.646762 0.121253 0.687797 0.0362683
10 0.70436 0.0122932 0.0565321 0.0268895 0.0360726
10 0.745207 0.151862 0.025977 0.0711991 0.0357652
7 0.535134 0.715832 0.0188216 0.0413914 0.035744
2 0.468366 0.972187 0.0397283 0.0552798 0.0356608
5 0.777991 0.912085 0.108444 0.174569 0.0356427
2 0.434658 0.038767 0.031491 0.0764229 0.035282
6 0.407016 0.586727 0.167548 0.583865 0.034204
6 0.141131 0.982188 0.19702 0.0335863 0.0339856
10 0.062849 0.687156 0.121648 0.605497 0.0338306
10 0.690616 0.0121977 0.0546359 0.0268874 0.0336631
11 0.472505 0.98691 0.354344 0.0272856 0.0333957
2 0.42873 0.0376401 0.0352903 0.0727315 0.0326924
11 0.931079 0.973675 0.133014 0.0527907 0.032633
10 0.069701 0.56721 0.136089 0.841744 0.0325793
2 0.620009 0.159423 0.0199933 0.0711633 0.0324549
2 0.428159 0.0570929 0.0323282 0.111637 0.0323228
7 0.248523 0.475686 0.0371473 0.0450009 0.0322771
10 0.0548916 0.767562 0.107659 0.450423 0.0320561
11 0.348115 0.64623 0.264522 0.518002 0.0318342
6 0.42102 0.985739 0.15887 0.0294029 0.0318314
7 0.470226 0.986842 0.0494041 0.026264 0.0315969
2 0.385274 0.989508 0.114971 0.0214815 0.0311962
5 0.668438 0.449229 0.090791 0.142331 0.0311927
2 0.434426 0.986099 0.0484718 0.02785 0.0310719
5 0.807662 0.890739 0.125669 0.216648 0.0309279
2 0.622003 0.161335 0.0194126 0.0755202 0.0307386
6 0.537246 0.986695 0.23369 0.0271343 0.0305735
5 0.736064 0.919154 0.11975 0.168681 0.0305664
6 0.931992 0.936481 0.132285 0.128723 0.030521
11 0.350895 0.688755 0.267132 0.616263 0.0304391
6 0.018919 0.776569 0.0361406 0.402525 0.0303021
5 0.652917 0.450353 0.0906441 0.145078 0.030271
5 0.791696 0.893173 0.179194 0.214992 0.0302615
2 0.337442 0.985159 0.117627 0.030422 0.0295985
5 0.739929 0.956006 0.137891 0.0880125 0.0293436
10 0.0458349 0.814325 0.0916901 0.358457 0.0289697
11 0.933798 0.989844 0.128307 0.0217995 0.0289372
6 0.0203726 0.81413 0.0398823 0.345173 0.0289015
5 0.746356 0.987082 0.115803 0.0260689 0.0288423
5 0.689889 0.904678 0.339656 0.194417 0.0287999
11 0.3417 0.589717 0.264207 0.597629 0.0286382
2 0.587465 0.0162978 0.0478796 0.033238 0.0284533
11 0.644547 0.983339 0.637452 0.0336914 0.0282486
6 0.119216 0.953089 0.215321 0.0920305 0.0281826
11 0.394442 0.963383 0.542891 0.073044 0.0280352
10 0.806199 0.0610697 0.0133248 0.0343792 0.0278212
2 0.446165 0.0539935 0.0245854 0.10581 0.0277869
7 0.243787 0.479487 0.0362044 0.0528999 0.0277787
6 0.412071 0.528589 0.138495 0.469831 0.0275992
5 0.801032 0.889411 0.111788 0.21511 0.0275914
11 0.653519 0.988781 0.448438 0.0226038 0.0274356
6 0.218924 0.979932 0.144408 0.0378863 0.0264447
6 0.349615 0.989073 0.166897 0.0233453 0.0263904
5 0.669773 0.892779 0.404149 0.213145 0.0262661
5 0.709066 0.927042 0.0985989 0.146574 0.0261904
5 0.830163 0.818319 0.0498001 0.0867239 0.0260264
11 0.484532 0.964734 0.786786 0.0689028 0.0259505
5 0.761876 0.938857 0.210134 0.12443 0.0257534
11 0.242746 0.991587 0.38453 0.0161148 0.025351
11 0.32621 0.569124 0.220353 0.550578 0.0252215
10 0.674505 0.0121126 0.0255658 0.0255673 0.025087
6 0.279421 0.258328 0.163882 0.33986 0.0249428
2 0.444714 0.0612427 0.0266679 0.0932676 0.0246331
11 0.166657 0.993333 0.22368 0.0120613 0.0245755
2 0.892233 0.965816 0.0515804 0.0683251 0.0244744
5 0.710949 0.910374 0.138654 0.181258 0.0243998
6 0.944248 0.880736 0.113043 0.239928 0.0242846
5 0.712113 0.44604 0.0857393 0.143791 0.024231
6 0.408139 0.507588 0.131452 0.425159 0.0241067
11 0.201569 0.99331 0.257238 0.0126541 0.0240726
2 0.579537 0.0243209 0.0310648 0.0484645 0.0239556
5 0.732865 0.84259 0.0650867 0.0647639 0.0237355
2 0.586209 0.152501 0.018347 0.061743 0.0236679
2 0.417741 0.0582435 0.0285727 0.105792 0.023493
7 0.609006 0.730173 0.0247203 0.0569273 0.0234615
11 0.592731 0.988608 0.330721 0.0228386 0.0234427
2 0.416098 0.0485852 0.0229587 0.0528973 0.0233676
11 0.338732 0.539236 0.295123 0.910648 0.0233099
11 0.319924 0.607274 0.246296 0.570523 0.0232142
2 0.756707 0.341496 0.025755 0.0825321 0.0231572
10 0.0131422 0.724921 0.0232946 0.491263 0.0231152
6 0.380832 0.376891 0.0683927 0.146202 0.0230102
11 0.400945 0.257802 0.0516836 0.0660941 0.0229548
5 0.709313 0.449705 0.1003 0.148257 0.0228698
10 0.755078 0.140893 0.0263528 0.0481562 0.022281
5 0.800954 0.905323 0.11145 0.195024 0.0222719
2 0.58721 0.15704 0.0206373 0.0693517 0.0222093
11 0.342214 0.624818 0.274899 0.668968 0.0220269
11 0.34942 0.54245 0.306837 0.907482 0.0220199
2 0.605405 0.011032 0.0472027 0.0222543 0.0219751
11 0.195875 0.993701 0.199102 0.0115122 0.0219687
11 0.203658 0.993757 0.201549 0.0117343 0.0219583
2 0.370358 0.992776 0.139209 0.0157088 0.0219364
2 0.545543 0.0508018 0.0169746 0.0306985 0.0217985
5 0.694015 0.910419 0.0847152 0.178549 0.0216758
6 0.0707044 0.980239 0.109481 0.0378437 0.0215134
6 0.350809 0.643874 0.284771 0.7114 0.0213911
10 0.721932 0.903849 0.111253 0.191527 0.0213313
2 0.708055 0.823015 0.0275115 0.0575105 0.0213124
2 0.409922 0.0436254 0.0209624 0.0558315 0.0212774
11 0.180463 0.993233 0.19597 0.0119835 0.0211927
10 0.73023 0.00987855 0.0447848 0.0201727 0.021186
10 0.0143407 0.674951 0.0262334 0.603054 0.0211859
6 0.404193 0.470436 0.140237 0.364875 0.0211807
2 0.591188 0.0999021 0.0183827 0.0474335 0.0211807
10 0.0544371 0.030994 0.0440827 0.0629319 0.0211236
11 0.151683 0.993611 0.206095 0.0114755 0.0209459
6 0.529014 0.713389 0.020684 0.0529026 0.0209065
5 0.724134 0.986421 0.0859706 0.0266846 0.0208848
10 0.0436641 0.889597 0.086154 0.217101 0.0208124
2 0.342908 0.992467 0.104151 0.0154546 0.0207084
5 0.787241 0.901342 0.064473 0.194622 0.0206954
6 0.99418 0.923006 0.0103579 0.154035 0.0204814
5 0.705521 0.884141 0.0938556 0.116579 0.0203527
6 0.342768 0.631309 0.284688 0.679175 0.020168
6 0.478848 0.992697 0.225593 0.016922 0.0199997
6 0.848779 0.890188 0.1665 0.217775 0.0199229
5 0.756147 0.988809 0.112267 0.0232521 0.0198696
11 0.27618 0.608044 0.130981 0.448306 0.019741
7 0.571048 0.289625 0.0182963 0.0413947 0.0197386
5 0.722205 0.858573 0.0993529 0.0948614 0.0197225
5 0.699243 0.884484 0.0684791 0.0732336 0.0196524
6 0.410547 0.430478 0.125795 0.274703 0.0196045
11 0.869332 0.976818 0.233898 0.0460697 0.0196019
6 0.274662 0.209249 0.157577 0.235357 0.0195763
11 0.289141 0.450366 0.189657 0.726493 0.0194858
2 0.359503 0.99282 0.140303 0.0152301 0.0194646
5 0.831345 0.852103 0.0559698 0.153563 0.0194387
10 0.100262 0.83936 0.191895 0.317151 0.019217
10 0.411802 0.0357431 0.0293413 0.0712667 0.019124
11 0.317239 0.633102 0.32379 0.692389 0.0190585
6 0.265257 0.987155 0.0726272 0.0250649 0.0189397
6 0.389816 0.512177 0.131591 0.413429 0.0188772
11 0.613335 0.994077 0.183685 0.0117853 0.0188709
6 0.224468 0.994102 0.140981 0.0112469 0.0188396
11 0.36353 0.262809 0.0507864 0.07227 0.0185324
5 0.654195 0.457004 0.0965095 0.154485 0.0184713
6 0.290041 0.274733 0.154138 0.369716 0.0183945
11 0.295017 0.683694 0.241924 0.552542 0.0183445
11 0.901774 0.99156 0.198173 0.019203 0.0182524
6 0.356797 0.393155 0.0759566 0.165192 0.0182318
6 0.139771 0.993943 0.19308 0.0114627 0.0182148
5 0.647094 0.901935 0.457176 0.199111 0.018214
11 0.341371 0.61495 0.260259 0.649214 0.0180825
6 0.384002 0.524086 0.136 0.438451 0.0180558
6 0.383866 0.623447 0.21192 0.655654 0.0180201
10 0.0977503 0.766335 0.189989 0.460273 0.0180168
5 0.804005 0.901264 0.0854772 0.201534 0.0179515
11 0.614371 0.994479 0.162307 0.0110324 0.0178684
10 0.107699 0.905731 0.203709 0.18789 0.0178408
11 0.591979 0.912136 0.654379 0.178765 0.0177343
11 0.631058 0.99388 0.153869 0.0116035 0.0177215
5 0.652393 0.457183 0.101624 0.150676 0.0176628
6 0.37954 0.262237 0.0566149 0.0726891 0.0176077
11 0.377291 0.546565 0.183714 0.507632 0.017534
11 0.339407 0.625932 0.267041 0.670599 0.0175093
11 0.346278 0.814132 0.258758 0.372712 0.0174833
5 0.640993 0.472517 0.0859259 0.186136 0.0174509
10 0.771843 0.139928 0.0245428 0.0474204 0.017407
5 0.715707 0.444821 0.0893321 0.142038 0.0173873
2 0.463106 0.0447012 0.0252099 0.0899627 0.0173867
7 0.509119 0.991161 0.0697671 0.0176491 0.0172233
5 0.692548 0.41907 0.101343 0.0883718 0.0171037
6 0.0426272 0.935803 0.0789193 0.126339 0.0170996
10 0.0109154 0.884297 0.0191719 0.215154 0.017062
10 0.0113431 0.616979 0.0205769 0.691364 0.0170113
10 0.993658 0.810282 0.0106949 0.379913 0.0169805
5 0.683032 0.926277 0.0981586 0.14716 0.0167474
7 0.678262 0.945155 0.0238249 0.0293747 0.0166773
6 0.36183 0.646073 0.267983 0.702645 0.0166385
2 0.89095 0.985835 0.0517504 0.0277924 0.0166119
7 0.575731 0.287937 0.0201496 0.0428824 0.0166049
2 0.379748 0.0474505 0.0193617 0.0663521 0.0165955
11 0.295542 0.642571 0.167162 0.458665 0.0165031
5 0.766818 0.899596 0.209833 0.205597 0.0164443
11 0.365566 0.258754 0.0503623 0.0689018 0.0163611
6 0.373413 0.642629 0.268907 0.705809 0.016045
5 0.573921 0.993217 0.129795 0.0140225 0.0160436
11 0.392659 0.636615 0.153804 0.352618 0.0159294
2 0.378939 0.055592 0.027839 0.110267 0.0159125
11 0.373458 0.53088 0.187646 0.477718 0.0158481
6 0.473447 0.638752 0.019792 0.0478143 0.0158148
11 0.202025 0.993883 0.139429 0.0111508 0.0157753
6 0.382632 0.508833 0.128531 0.380553 0.0156839
4 0.970945 0.992577 0.0576321 0.0151972 0.0156017
5 0.786594 0.893119 0.152489 0.207587 0.0155805
5 0.83424 0.853708 0.0499115 0.154716 0.015534
10 0.847376 0.88605 0.0479826 0.213421 0.0155282
7 0.676163 0.698515 0.0244989 0.0432161 0.0153765
11 0.419919 0.0856562 0.0293555 0.0538906 0.0153049
2 0.348335 0.281264 0.0234424 0.0392673 0.0152092
11 0.597815 0.994785 0.304276 0.0108715 0.0151739
5 0.823914 0.886623 0.0946119 0.22008 0.015128
5 0.728702 0.149647 0.0307021 0.061965 0.0150979
11 0.639026 0.993691 0.132874 0.0119986 0.0150837
2 0.215193 0.488227 0.022124 0.0674085 0.0149726
2 0.604261 0.829094 0.0245561 0.0370092 0.0149611
11 0.370649 0.935349 0.161446 0.133143 0.0149284
5 0.692425 0.466452 0.137959 0.206998 0.014911
2 0.459404 0.317113 0.0200995 0.046357 0.0149105
11 0.609417 0.993738 0.184603 0.0126868 0.014896
5 0.735718 0.940527 0.265461 0.122291 0.0147956
5 0.692697 0.889164 0.0559725 0.0912226 0.0145466
2 0.922137 0.105211 0.0119606 0.0361765 0.0145232
6 0.322823 0.138107 0.0475676 0.0895755 0.0144034
10 0.454982 0.0306343 0.0327729 0.0631916 0.0143056
2 0.557803 0.0484864 0.0159804 0.0288585 0.014192
5 0.722732 0.445377 0.0633979 0.141231 0.014157
5 0.703611 0.438598 0.091112 0.120513 0.0140038
5 0.787172 0.903351 0.182965 0.200098 0.0139781
5 0.706266 0.473856 0.193535 0.230501 0.0139599
5 0.707932 0.448987 0.0953712 0.146398 0.0139357
2 0.768032 0.338974 0.0221404 0.0823958 0.0138062
6 0.295544 0.193327 0.136842 0.202266 0.0137844
10 0.849104 0.887543 0.0635473 0.220717 0.0137811
10 0.85141 0.884403 0.0638329 0.226985 0.0136149
6 0.0471713 0.992248 0.0769488 0.014306 0.0135574
7 0.71409 0.824452 0.0395659 0.0655519 0.0135078
2 0.509147 0.0538968 0.0208601 0.0375588 0.0134433
11 0.276969 0.642402 0.519274 0.707221 0.0134286
5 0.703339 0.876541 0.154442 0.146 0.0133149
11 0.50959 0.0910219 0.180832 0.186036 0.0132558
2 0.608452 0.107063 0.017163 0.0509569 0.0132049
5 0.719862 0.45623 0.0999621 0.168813 0.0131326
11 0.517687 0.0997221 0.193518 0.201775 0.013098
2 0.646465 0.155559 0.0171842 0.0690518 0.0129885
2 0.571906 0.167809 0.01814 0.0786207 0.0129438
5 0.724337 0.448161 0.0692594 0.147498 0.0128993
6 0.373732 0.48208 0.180217 0.388494 0.0127407
2 0.929419 0.068854 0.0233646 0.124716 0.0127053
2 0.562857 0.695623 0.0213992 0.0291096 0.0126955
6 0.0615996 0.993446 0.0661251 0.0124164 0.0126743
5 0.72981 0.418975 0.034216 0.0859217 0.0126309
11 0.343831 0.590184 0.148317 0.473765 0.0124198
6 0.075619 0.994188 0.0799962 0.011492 0.0122757
2 0.485436 0.0371008 0.0234346 0.0727588 0.0122458
5 0.663478 0.47944 0.144277 0.217903 0.0122414
6 0.328656 0.257013 0.0559203 0.0788991 0.0121756
2 0.619898 0.0981724 0.0136936 0.0449379 0.0119817
5 0.804157 0.836641 0.0568215 0.0921835 0.0119085
5 0.677806 0.902032 0.0778776 0.138265 0.0118714
6 0.0683123 0.99338 0.0740541 0.0126394 0.0118482
11 0.404703 0.0961448 0.0298314 0.0412723 0.0118453
10 0.318043 0.0360532 0.253385 0.0712603 0.0117987
10 0.217149 0.491841 0.131667 0.804677 0.0117821
7 0.70182 0.828917 0.0423964 0.0612166 0.0117814
10 0.246403 0.0262784 0.156715 0.051194 0.0115681
11 0.483418 0.0284342 0.136502 0.0571636 0.0112106
6 0.674421 0.383271 0.167589 0.391726 0.0111517
11 0.448243 0.692702 0.0661661 0.13515 0.0111218
11 0.699046 0.849417 0.0850017 0.0794516 0.0109876
2 0.554405 0.0945708 0.0274794 0.0476169 0.010439
2 0.849451 0.813403 0.0197289 0.0716195 0.0101179
5 0.295105 0.757985 0.0840218 0.110092 0.00994098
2 0.654045 0.144501 0.0141854 0.0583367 0.00948406
5 0.617722 0.503987 0.0731735 0.140196 0.00923625
7 0.802906 0.0356224 0.26172 0.0727956 0.00899855
10 0.971022 0.171458 0.0515152 0.318151 0.00770391
