1 0.0653664 0.160089 0.130114 0.214613 0.741321
1 0.221374 0.612487 0.441923 0.741019 0.634384
1 0.329091 0.06977 0.140114 0.142203 0.628858
1 0.442602 0.114958 0.197828 0.23437 0.422491
1 0.431305 0.0978055 0.156347 0.197372 0.265082
1 0.125233 0.0241187 0.106441 0.0485786 0.244634
1 0.155223 0.0308492 0.162265 0.0622961 0.215003
1 0.103394 0.0165404 0.0524111 0.0327727 0.200296
1 0.0789241 0.0150175 0.0911248 0.0298756 0.193247
1 0.214874 0.534216 0.432316 0.937186 0.188647
1 0.46328 0.101479 0.147648 0.202324 0.186845
1 0.234894 0.523603 0.463323 0.953028 0.183686
1 0.0818959 0.601043 0.162895 0.792379 0.16022
1 0.277766 0.0703312 0.26677 0.143182 0.158582
1 0.907858 0.260012 0.186999 0.514187 0.156883
1 0.45576 0.129183 0.246594 0.260321 0.150027
1 0.0155044 0.357116 0.0311365 0.296685 0.139532
1 0.53301 0.0245085 0.114252 0.05011 0.136624
1 0.549989 0.124841 0.191665 0.251216 0.136261
1 0.153202 0.0455706 0.210364 0.0903889 0.13574
1 0.133774 0.0165424 0.0805873 0.033679 0.135048
1 0.200375 0.0322476 0.0845599 0.0652866 0.129154
1 0.0182765 0.378191 0.0369323 0.32657 0.127627
1 0.0786688 0.0126874 0.0825867 0.0255603 0.126982
1 0.127233 0.0437488 0.236097 0.0872398 0.126851
1 0.426117 0.0254441 0.145004 0.05208 0.126624
1 0.272606 0.626306 0.544455 0.74493 0.124315
1 0.0866101 0.519743 0.170253 0.949395 0.123323
1 0.908521 0.262623 0.183613 0.524341 0.119395
10 0.155696 0.0216753 0.0424091 0.0432298 0.118698
1 0.411573 0.0190962 0.127775 0.038723 0.118306
1 0.495573 0.632381 0.98409 0.738207 0.114602
1 0.0631302 0.00810477 0.0551493 0.0167411 0.113571
10 0.203875 0.0338295 0.0620322 0.0680134 0.113483
10 0.211555 0.0228394 0.0536683 0.046262 0.112784
1 0.0633739 0.487816 0.125963 0.559845 0.112448
1 0.0932116 0.586382 0.18558 0.820431 0.111637
1 0.245897 0.0552748 0.199781 0.114028 0.10904
1 0.0643877 0.124093 0.128055 0.242213 0.109029
1 0.359991 0.631909 0.708816 0.731574 0.106539
1 0.0534019 0.456188 0.108358 0.721333 0.106068
1 0.428124 0.120203 0.494743 0.24312 0.102803
1 0.0597161 0.57809 0.119795 0.821676 0.101858
1 0.67886 0.250698 0.646751 0.511295 0.100144
1 0.0656869 0.011386 0.123225 0.0253598 0.0982803
1 0.0938999 0.525745 0.185136 0.942712 0.0981617
1 0.173144 0.0294793 0.106786 0.0591396 0.0973408
1 0.284715 0.628815 0.566295 0.739762 0.0963784
10 0.146192 0.0177048 0.0657241 0.0354932 0.0955932
1 0.311813 0.0370396 0.110661 0.0742761 0.0946736
1 0.57858 0.0251557 0.202206 0.0512919 0.0926917
1 0.28617 0.644367 0.561906 0.707865 0.0912181
1 0.455147 0.141994 0.449113 0.286888 0.0899328
1 0.471368 0.633804 0.933878 0.734612 0.0890981
1 0.421354 0.636744 0.832528 0.723206 0.087571
1 0.0241015 0.431943 0.0495829 0.444088 0.086815
1 0.116501 0.0150292 0.171811 0.0325424 0.0864815
1 0.0171732 0.352027 0.0345656 0.562372 0.0860147
1 0.388553 0.0180497 0.145022 0.0367421 0.0856447
1 0.0873155 0.527338 0.172975 0.632876 0.085553
1 0.0106037 0.334705 0.0206491 0.175135 0.0840053
1 0.0710639 0.566773 0.144836 0.78391 0.0832489
4 0.765658 0.0706468 0.186253 0.143069 0.081921
1 0.380331 0.0357535 0.212085 0.0713288 0.0813003
1 0.43039 0.0192681 0.105749 0.0389445 0.0809008
10 0.773647 0.23371 0.0562176 0.115979 0.0792899
1 0.0661743 0.420514 0.131923 0.776854 0.0790552
1 0.266958 0.0797762 0.505686 0.158794 0.0787659
1 0.700947 0.243902 0.594431 0.490563 0.0786435
1 0.0720896 0.598977 0.146115 0.753211 0.0769035
1 0.186721 0.539483 0.381406 0.914442 0.0753065
1 0.215503 0.510873 0.412757 0.439354 0.0752537
1 0.0491038 0.503039 0.0997126 0.943789 0.0750463
10 0.175983 0.0300963 0.0980563 0.0602955 0.0738071
1 0.0172096 0.299249 0.0338503 0.559753 0.0733277
1 0.559731 0.123331 0.504081 0.252841 0.0731348
1 0.32288 0.0167902 0.0891556 0.0336615 0.0720262
1 0.377007 0.0674068 0.113022 0.136624 0.0718144
1 0.468819 0.0263062 0.276102 0.0533334 0.0715751
1 0.0461995 0.00879897 0.0877405 0.0198075 0.0702844
1 0.526006 0.0142765 0.0941096 0.0292754 0.0694785
1 0.0345054 0.540563 0.0709586 0.763082 0.0693007
1 0.0942694 0.552559 0.187091 0.652718 0.0692963
1 0.0102945 0.369067 0.0197177 0.242831 0.0692516
1 0.527773 0.0994256 0.376324 0.204651 0.0669377
1 0.902304 0.241062 0.197003 0.479654 0.0667056
1 0.670801 0.355129 0.66283 0.721958 0.0666322
1 0.488227 0.638747 0.961514 0.722987 0.0663816
1 0.671171 0.290694 0.663607 0.58853 0.0661906
1 0.587939 0.219003 0.82714 0.456834 0.0656307
1 0.890822 0.280408 0.22042 0.560195 0.0652584
1 0.255427 0.0295362 0.179636 0.0600135 0.0643176
1 0.550716 0.151265 0.614277 0.310332 0.0642791
1 0.0328956 0.387451 0.0679827 0.266918 0.063799
1 0.469904 0.0177515 0.21161 0.0357995 0.0633575
1 0.384785 0.0167717 0.250474 0.0342262 0.0628432
1 0.466555 0.646666 0.917057 0.705608 0.0628298
1 0.723201 0.277815 0.553696 0.556917 0.0624079
10 0.492727 0.0143646 0.0850315 0.0297846 0.0622593
11 0.247838 0.883907 0.495475 0.231818 0.0620949
11 0.248252 0.886053 0.497519 0.226635 0.0616976
1 0.378009 0.016259 0.104527 0.0327939 0.0616364
10 0.0818094 0.818471 0.163426 0.362998 0.0614248
1 0.160628 0.113487 0.312437 0.222888 0.0612827
1 0.729783 0.0715533 0.354204 0.146511 0.0610838
1 0.573012 0.13975 0.324308 0.282269 0.0609624
4 0.917452 0.0568575 0.168144 0.115745 0.0605141
1 0.919209 0.218873 0.165077 0.437711 0.0604317
1 0.615846 0.0295679 0.135207 0.0605125 0.0598858
1 0.247895 0.837412 0.495396 0.326513 0.0596003
1 0.248608 0.782538 0.496575 0.437674 0.0594884
1 0.594596 0.502319 0.81659 0.993806 0.0594765
10 0.547596 0.0133447 0.0832897 0.0276523 0.0591483
1 0.259415 0.737395 0.513439 0.525703 0.0589049
1 0.35486 0.101461 0.654357 0.207187 0.0585007
10 0.151282 0.0291166 0.0566703 0.0580365 0.0584887
1 0.562502 0.0534532 0.184941 0.108446 0.0580217
1 0.286989 0.126452 0.557444 0.247625 0.0577444
1 0.252555 0.839926 0.504798 0.319792 0.0573273
1 0.670969 0.217921 0.477963 0.43716 0.0565977
1 0.679528 0.25808 0.633818 0.515407 0.0565441
1 0.353588 0.663549 0.694404 0.665343 0.0564315
4 0.913591 0.0852046 0.172264 0.170815 0.0561909
4 0.988878 0.19639 0.0228624 0.177823 0.0557889
1 0.180023 0.0186503 0.0974373 0.0379815 0.0557597
10 0.184288 0.0175466 0.0846389 0.0359811 0.0549038
1 0.628382 0.152297 0.347104 0.307909 0.0546381
1 0.619232 0.212498 0.616562 0.430579 0.0544549
1 0.354797 0.0887617 0.0895295 0.102048 0.0540637
1 0.176363 0.536032 0.361202 0.921126 0.0540368
1 0.11699 0.611268 0.228357 0.767166 0.0538992
1 0.0080438 0.0345251 0.0159029 0.0676037 0.0538944
1 0.710497 0.198929 0.327565 0.395862 0.0533937
1 0.241128 0.696469 0.481507 0.606738 0.0532074
10 0.0794623 0.763547 0.15967 0.47214 0.0521155
1 0.502192 0.501754 0.970239 0.983989 0.0518138
10 0.560051 0.0134023 0.0837848 0.0276814 0.0517407
1 0.986581 0.276747 0.0271149 0.317349 0.0513323
10 0.473807 0.0149643 0.103409 0.0309804 0.0512535
10 0.474599 0.0146302 0.077556 0.0298965 0.0512016
1 0.803557 0.258823 0.387322 0.519237 0.0510948
1 0.279118 0.014349 0.143709 0.0293204 0.0509647
1 0.100254 0.130268 0.19615 0.260838 0.0500227
10 0.234381 0.0173875 0.0553458 0.0345655 0.0489368
1 0.842578 0.259236 0.0519291 0.107207 0.0488735
1 0.843636 0.257209 0.0502373 0.0999459 0.0488616
1 0.582363 0.232348 0.83197 0.476584 0.0487288
1 0.921649 0.30861 0.156506 0.41464 0.0487092
1 0.367484 0.0758825 0.0822451 0.128719 0.0486262
1 0.68313 0.374175 0.633168 0.749658 0.0479338
1 0.0174641 0.130416 0.0348083 0.250124 0.0475401
1 0.904984 0.501367 0.192214 0.990579 0.0471991
1 0.988594 0.235071 0.023444 0.153823 0.0467766
1 0.196113 0.54561 0.398383 0.849008 0.0464446
10 0.453676 0.0184328 0.0892247 0.0377443 0.0463889
4 0.984031 0.314136 0.0320265 0.37931 0.0462452
1 0.6319 0.116774 0.320996 0.237503 0.0461121
1 0.364173 0.0141294 0.0789432 0.0278505 0.0458743
1 0.807059 0.244393 0.386252 0.48811 0.0449158
10 0.592502 0.0147557 0.0971718 0.0300413 0.0446064
1 0.165949 0.506199 0.3243 0.431753 0.0441795
1 0.0726726 0.681298 0.14505 0.636927 0.0440784
4 0.985697 0.247693 0.0298008 0.417139 0.0440766
10 0.756751 0.233142 0.0466721 0.111475 0.0438484
1 0.31437 0.64413 0.581501 0.698953 0.0436988
1 0.702015 0.0674094 0.465547 0.139025 0.0433197
1 0.167177 0.141826 0.330315 0.277544 0.0431712
1 0.611545 0.0649516 0.520346 0.130667 0.0431081
1 0.0112098 0.0495226 0.022515 0.0970663 0.0429707
10 0.602507 0.0237753 0.0819508 0.0481788 0.0427558
1 0.0390847 0.575144 0.0816737 0.802755 0.0426798
1 0.134519 0.617445 0.262401 0.758198 0.0426552
1 0.00978696 0.405168 0.018995 0.278448 0.0420182
1 0.174922 0.629273 0.349401 0.736274 0.0419386
10 0.268992 0.0139613 0.0782954 0.028327 0.0419297
1 0.988327 0.213843 0.024996 0.42243 0.0419236
1 0.495474 0.685077 0.958245 0.629601 0.0418799
1 0.272851 0.0161354 0.163546 0.0326317 0.0417588
1 0.645925 0.49995 0.705993 0.993177 0.0415045
10 0.232529 0.0297002 0.0645484 0.0598815 0.041037
1 0.722439 0.0936079 0.248485 0.19098 0.0409566
10 0.082333 0.872334 0.16486 0.25799 0.0409147
4 0.987866 0.224783 0.0251064 0.152501 0.0406962
4 0.828151 0.0716186 0.339197 0.144424 0.0406621
1 0.00966395 0.0869897 0.0195138 0.171149 0.0406034
1 0.693137 0.706278 0.613439 0.585435 0.0403796
4 0.915455 0.134493 0.170265 0.272045 0.0403636
1 0.894641 0.326076 0.209905 0.454675 0.0402137
1 0.501692 0.662727 0.982332 0.671404 0.040061
10 0.780045 0.227465 0.0435809 0.10052 0.0399819
1 0.483808 0.163767 0.903151 0.334994 0.039803
1 0.111123 0.678412 0.219384 0.641678 0.0397895
1 0.069483 0.633843 0.143566 0.731846 0.0392529
1 0.0287109 0.154694 0.0589497 0.200623 0.0391053
1 0.125307 0.52172 0.251921 0.924711 0.0390301
1 0.111583 0.864665 0.220284 0.270962 0.0389635
10 0.876318 0.0503738 0.104827 0.102777 0.0388109
1 0.240214 0.522221 0.476753 0.950908 0.0385781
10 0.258684 0.0139938 0.0932927 0.0288444 0.0385523
1 0.119354 0.809852 0.235735 0.377473 0.0385132
1 0.65725 0.0247388 0.26778 0.0505739 0.038374
10 0.250047 0.0155007 0.0870147 0.0308101 0.0383009
1 0.98802 0.238451 0.0247023 0.0996316 0.0382538
4 0.765658 0.032714 0.155092 0.0664172 0.0382525
4 0.984358 0.300105 0.0323519 0.298659 0.0382028
1 0.887732 0.260814 0.150208 0.22412 0.0371691
1 0.968063 0.500458 0.0667274 0.974743 0.0370519
10 0.97564 0.0996346 0.0513302 0.200099 0.0369143
1 0.699002 0.786364 0.598801 0.42411 0.0368012
4 0.988244 0.187545 0.0253195 0.129468 0.0367994
1 0.285196 0.869003 0.467243 0.260557 0.0365048
11 0.310241 0.914312 0.377659 0.172059 0.0364676
1 0.0670017 0.228899 0.135609 0.392547 0.0360545
1 0.906275 0.45678 0.188914 0.905082 0.0360492
1 0.457994 0.669738 0.883976 0.65531 0.0358786
10 0.978011 0.152268 0.0472641 0.307179 0.0357765
1 0.425844 0.500156 0.834908 0.98215 0.0355287
10 0.110591 0.749014 0.218628 0.499865 0.0354768
1 0.345993 0.0154671 0.0891572 0.0312326 0.0353007
1 0.294183 0.11392 0.241139 0.227773 0.0351881
1 0.369981 0.118257 0.688133 0.239288 0.0350489
1 0.794192 0.932298 0.40258 0.134982 0.0349798
10 0.852119 0.0512821 0.0491089 0.104639 0.034924
1 0.790258 0.211984 0.433644 0.428123 0.0348926
1 0.501644 0.791618 0.984946 0.42003 0.0348494
1 0.220335 0.543516 0.411392 0.783818 0.0345203
1 0.175191 0.572999 0.361022 0.804668 0.0343952
1 0.537703 0.197751 0.656168 0.400139 0.0341741
1 0.774648 0.501714 0.459854 0.988156 0.0341348
1 0.687388 0.684957 0.632537 0.627129 0.0337714
1 0.96616 0.488121 0.0686861 0.944937 0.0337272
1 0.220876 0.65971 0.436078 0.685166 0.0337212
1 0.0578635 0.17506 0.122521 0.186601 0.0336776
1 0.902942 0.153358 0.195563 0.310234 0.0330974
1 0.499609 0.817636 0.969108 0.367471 0.0327812
1 0.823416 0.883725 0.354177 0.23106 0.0318579
1 0.625153 0.399593 0.733062 0.803314 0.0316629
1 0.754791 0.0977226 0.437165 0.199483 0.0316411
1 0.883183 0.878753 0.238374 0.242357 0.031549
1 0.889463 0.826441 0.227199 0.345061 0.0311456
1 0.163482 0.869264 0.324378 0.261776 0.0311065
1 0.877293 0.92939 0.247119 0.142572 0.0308217
1 0.103738 0.264908 0.206947 0.507046 0.0308002
1 0.211888 0.838021 0.427558 0.326662 0.0307075
1 0.95906 0.501246 0.0844044 0.982191 0.0305039
1 0.937463 0.808377 0.130645 0.381029 0.0300131
10 0.79403 0.237946 0.0579531 0.114821 0.0296013
1 0.366952 0.0816763 0.123111 0.164819 0.0295958
1 0.383311 0.800355 0.751308 0.398824 0.0295591
1 0.939929 0.735422 0.125934 0.523921 0.0293536
1 0.853713 0.497382 0.294586 0.979208 0.0292977
1 0.00932198 0.149093 0.0183745 0.291758 0.029269
1 0.935042 0.864253 0.134832 0.272423 0.0291756
1 0.904202 0.369209 0.194364 0.575243 0.0290235
1 0.844295 0.183077 0.313874 0.378207 0.0283195
1 0.759558 0.961154 0.468542 0.0785374 0.0282889
1 0.50269 0.82764 0.972992 0.34746 0.0280849
10 0.983778 0.114202 0.0337999 0.215508 0.0280557
10 0.109585 0.90642 0.21607 0.190228 0.027958
10 0.985647 0.0540836 0.0289852 0.111047 0.0279016
11 0.250759 0.958537 0.480959 0.0830553 0.0276823
1 0.376853 0.0671759 0.0934806 0.135588 0.0275476
11 0.32337 0.968015 0.332997 0.0651262 0.0273874
10 0.0759182 0.905047 0.152522 0.194863 0.0272106
1 0.251268 0.652636 0.393064 0.66002 0.0270568
1 0.314796 0.0859989 0.114418 0.124827 0.0270493
10 0.910621 0.314342 0.0193865 0.0555663 0.0266236
4 0.987705 0.390313 0.025045 0.439154 0.0266186
1 0.656681 0.0192053 0.0975997 0.0391383 0.0258907
1 0.267684 0.540622 0.508936 0.902787 0.0255213
1 0.463314 0.893853 0.902695 0.211653 0.025411
1 0.383209 0.0690043 0.0908767 0.141183 0.0253755
1 0.860185 0.959803 0.278444 0.0820017 0.0253092
1 0.962471 0.3879 0.0791553 0.592405 0.0251077
1 0.186067 0.768634 0.372458 0.462302 0.0250789
1 0.0652372 0.134279 0.118985 0.199789 0.0246542
1 0.756625 0.248246 0.23915 0.380189 0.0241735
1 0.165029 0.912216 0.324849 0.177816 0.0237022
1 0.488706 0.90286 0.914039 0.19714 0.0235031
1 0.295064 0.541705 0.393743 0.896801 0.023366
1 0.618774 0.728064 0.432796 0.546761 0.023211
1 0.913646 0.959851 0.175361 0.0820633 0.0228919
1 0.16798 0.705173 0.332191 0.5869 0.0217785
1 0.368516 0.88992 0.599155 0.221632 0.0216903
1 0.502937 0.645451 0.968841 0.692754 0.0216727
1 0.155168 0.683129 0.300919 0.628036 0.0213133
10 0.732992 0.251809 0.0612022 0.159061 0.0212913
1 0.117033 0.964032 0.229132 0.0727969 0.0209679
1 0.848745 0.354331 0.305089 0.622259 0.0199684
1 0.0305569 0.167424 0.0640186 0.133052 0.019593
11 0.37909 0.969781 0.217976 0.0619513 0.0193085
1 0.447764 0.510616 0.258506 0.899044 0.0192415
1 0.500264 0.628661 0.979825 0.729188 0.0189658
1 0.187297 0.969974 0.364514 0.0610719 0.0189343
11 0.395066 0.920441 0.234463 0.160914 0.0188456
1 0.0329306 0.191335 0.0689109 0.138533 0.0183291
11 0.392178 0.969956 0.486309 0.0615321 0.0181529
1 0.502317 0.583534 0.979499 0.817526 0.0175802
1 0.0877952 0.169 0.119283 0.186216 0.016917
1 0.499841 0.605875 0.970623 0.77393 0.0157665
