10 0.697663 0.777094 0.0683052 0.294837 0.848318
10 0.739842 0.801246 0.0886383 0.319978 0.834206
10 0.519763 0.674531 0.0614752 0.273861 0.812548
10 0.828155 0.823957 0.0940105 0.304761 0.79347
10 0.481551 0.654492 0.056401 0.239373 0.752433
10 0.559425 0.597296 0.0462812 0.220849 0.716349
10 0.156203 0.766101 0.0603237 0.185965 0.450587
0 0.633874 0.548827 0.0645497 0.184538 0.439204
6 0.260758 0.692515 0.057113 0.194885 0.222296
6 0.315428 0.79044 0.0733724 0.21158 0.177868
6 0.949103 0.937841 0.103166 0.125127 0.151215
6 0.986729 0.426704 0.0261921 0.204945 0.124537
6 0.0318806 0.913159 0.065726 0.176442 0.118152
6 0.277363 0.687044 0.0721608 0.159899 0.117061
10 0.930398 0.50827 0.0340956 0.129336 0.113155
2 0.260272 0.065544 0.0518844 0.130204 0.106985
6 0.278912 0.698052 0.0636219 0.182303 0.105936
6 0.0341741 0.862553 0.0706856 0.27558 0.104963
6 0.270711 0.702761 0.086842 0.210112 0.103756
6 0.258034 0.671569 0.0436149 0.138308 0.102343
10 0.525253 0.673542 0.0571672 0.276747 0.0978443
6 0.034101 0.94539 0.0693263 0.110908 0.0959453
6 0.99043 0.412846 0.0202703 0.192403 0.0935799
6 0.278843 0.682932 0.0476131 0.154756 0.0924297
6 0.0278936 0.842097 0.0568881 0.311858 0.0900823
6 0.982834 0.42728 0.0346767 0.19855 0.0885298
6 0.05123 0.915338 0.104653 0.172086 0.0870752
0 0.633674 0.534066 0.0612391 0.211102 0.0861465
6 0.0480227 0.949688 0.0978607 0.102318 0.0838525
10 0.384004 0.747121 0.0397137 0.166735 0.083439
6 0.343935 0.771352 0.0683949 0.230554 0.0827995
11 0.988145 0.370481 0.0247429 0.104702 0.0805578
10 0.0206638 0.800665 0.0416984 0.397318 0.0804959
6 0.279806 0.689701 0.0467054 0.166403 0.0800519
6 0.456769 0.594316 0.0362482 0.117656 0.0797354
6 0.260583 0.677837 0.048429 0.15714 0.0778371
10 0.0231941 0.744082 0.047428 0.510568 0.0767903
6 0.293751 0.672596 0.0420423 0.131497 0.0764088
6 0.293893 0.676036 0.0456408 0.131974 0.0762425
6 0.34832 0.767817 0.0682888 0.230417 0.0760829
7 0.386544 0.710553 0.0324322 0.0781628 0.0737291
10 0.92843 0.51052 0.0324709 0.13014 0.0718767
6 0.255994 0.69394 0.0461508 0.179974 0.0709285
10 0.562835 0.602545 0.0579559 0.234135 0.0708235
10 0.0263978 0.707556 0.0527929 0.588697 0.0707941
10 0.173036 0.755219 0.0397145 0.158271 0.0695791
10 0.691808 0.784894 0.0668166 0.303224 0.0694332
7 0.279528 0.260483 0.026362 0.0504267 0.0681585
10 0.0491179 0.776726 0.0978756 0.447036 0.0679557
10 0.156894 0.697332 0.0735296 0.349141 0.0670676
6 0.0516379 0.862039 0.106437 0.278554 0.067034
6 0.456255 0.592873 0.0357252 0.116995 0.0667902
6 0.986083 0.39847 0.0289564 0.143434 0.0660647
10 0.932036 0.5104 0.0308233 0.127508 0.0646385
10 0.991912 0.392156 0.0182623 0.417803 0.06439
6 0.015485 0.949074 0.031459 0.104214 0.0639709
2 0.156646 0.0703489 0.143702 0.140388 0.0638189
2 0.212118 0.0634459 0.0593265 0.127795 0.0635416
6 0.456586 0.591995 0.0367988 0.115429 0.0629549
10 0.633292 0.517108 0.0535073 0.210222 0.0628217
10 0.48034 0.603455 0.064497 0.344065 0.0628072
10 0.146589 0.60637 0.0395802 0.145215 0.0627068
2 0.195705 0.0668876 0.044554 0.136555 0.0593182
6 0.63142 0.496568 0.0468224 0.144596 0.0589901
6 0.974941 0.394036 0.0517263 0.136787 0.0587768
6 0.967376 0.419443 0.0666372 0.185366 0.0586943
11 0.988209 0.378751 0.0247547 0.105912 0.0582917
11 0.258289 0.655104 0.0445552 0.108182 0.0577854
10 0.497337 0.657061 0.0493851 0.238235 0.0565166
4 0.237237 0.276692 0.0452339 0.0442986 0.0563196
2 0.406948 0.48439 0.0275697 0.0547822 0.0560483
10 0.991017 0.32475 0.0195763 0.60986 0.0558831
10 0.0512237 0.724622 0.10222 0.552368 0.0552048
2 0.409812 0.48368 0.023936 0.0546682 0.0548389
10 0.527728 0.60567 0.0446796 0.21601 0.0546197
10 0.495738 0.657617 0.0497109 0.237707 0.0545817
6 0.985598 0.478927 0.029141 0.33237 0.0542164
10 0.543623 0.670976 0.0567849 0.279158 0.053603
10 0.691742 0.785701 0.0648757 0.297944 0.0533937
10 0.992002 0.35438 0.018133 0.577634 0.052953
10 0.84458 0.36642 0.0281471 0.0840733 0.052951
6 0.312027 0.74956 0.0511752 0.269654 0.0525337
10 0.0465561 0.673967 0.0928324 0.65725 0.0519839
6 0.632409 0.496096 0.0461106 0.143868 0.0519229
11 0.256851 0.641786 0.0432676 0.0867097 0.0518041
11 0.256291 0.630699 0.044571 0.0657508 0.0514035
10 0.689993 0.784727 0.0675976 0.302893 0.0511319
6 0.981166 0.459859 0.0381872 0.258513 0.0507492
10 0.977843 0.646741 0.0455652 0.684579 0.0505961
6 0.0146358 0.96762 0.0301709 0.067071 0.0503322
6 0.948101 0.937926 0.107725 0.124806 0.0500484
10 0.990868 0.337731 0.018936 0.252627 0.0495571
10 0.976597 0.646852 0.048164 0.689356 0.0495479
10 0.506775 0.652984 0.0541413 0.232119 0.0494807
10 0.509209 0.647781 0.0387985 0.21447 0.0492139
6 0.00928011 0.881051 0.0196532 0.242629 0.0491575
10 0.370449 0.317094 0.0409636 0.222961 0.0483542
10 0.175563 0.754747 0.0386059 0.161213 0.0482993
10 0.500176 0.67273 0.0577094 0.273945 0.0481676
6 0.278943 0.701554 0.0890951 0.199742 0.0475571
10 0.178115 0.650193 0.0334314 0.109382 0.0472232
10 0.174817 0.647392 0.0355294 0.110358 0.047115
6 0.965513 0.403677 0.0723232 0.149937 0.0470604
10 0.991357 0.843684 0.0183025 0.304988 0.0467743
10 0.173918 0.754007 0.0450339 0.15421 0.0450351
6 0.234612 0.696342 0.0476404 0.200385 0.0448084
2 0.278342 0.0644594 0.0373824 0.128905 0.0447316
6 0.353897 0.757124 0.0663763 0.20154 0.0446628
10 0.450879 0.655114 0.0450479 0.241054 0.0445735
2 0.267925 0.257686 0.0277903 0.0491034 0.0444798
2 0.182079 0.0697148 0.0483254 0.141553 0.0442131
10 0.543764 0.672696 0.0503965 0.278158 0.0441965
2 0.278086 0.0609727 0.0404659 0.121659 0.0438936
6 0.23737 0.678506 0.0427078 0.167557 0.0438683
10 0.991374 0.883587 0.0188372 0.22977 0.0430479
10 0.145306 0.636439 0.0456485 0.21148 0.0418942
10 0.971068 0.653115 0.0591187 0.682039 0.041872
6 0.0132447 0.766741 0.027879 0.136679 0.0417732
2 0.434276 0.47703 0.0228668 0.0523029 0.0415789
0 0.659755 0.566717 0.0543267 0.140086 0.0411602
10 0.716433 0.78598 0.0627142 0.296853 0.0409196
10 0.131029 0.0198325 0.0592155 0.040991 0.0401754
10 0.596064 0.569559 0.0429482 0.227122 0.040157
10 0.545818 0.671012 0.054655 0.276753 0.0398305
10 0.985815 0.627569 0.0284889 0.631098 0.0397942
10 0.9887 0.793903 0.0234751 0.39144 0.0396549
6 0.0136342 0.749742 0.0283294 0.0815108 0.0395753
10 0.114846 0.0719356 0.135764 0.143538 0.0395459
6 0.0163958 0.985565 0.0332422 0.029751 0.0395081
6 0.0143052 0.768258 0.030565 0.127675 0.0392806
6 0.0410537 0.646395 0.0630955 0.152714 0.0391635
10 0.704056 0.793421 0.0724993 0.319466 0.0386538
2 0.45223 0.47155 0.0239047 0.0525454 0.0385712
6 0.0110815 0.809631 0.0237472 0.193826 0.0379409
10 0.726799 0.806745 0.103932 0.321595 0.0378816
10 0.987916 0.270086 0.0245674 0.521855 0.0373869
10 0.543284 0.665661 0.0534333 0.279467 0.0372839
2 0.192455 0.0739353 0.0419175 0.148371 0.0371776
2 0.46485 0.4689 0.0221796 0.050576 0.0370105
7 0.397876 0.738032 0.034028 0.153207 0.036997
6 0.304196 0.667108 0.0428612 0.11883 0.036405
10 0.775932 0.804865 0.0716468 0.326528 0.036232
10 0.125391 0.0242219 0.0578871 0.0500199 0.0362147
6 0.107388 0.938347 0.212028 0.124305 0.0358172
10 0.846889 0.356987 0.0310818 0.109599 0.0356521
2 0.425976 0.47908 0.0266838 0.0541952 0.0352904
10 0.830234 0.775749 0.103336 0.413578 0.0352041
6 0.959813 0.428329 0.0812649 0.20822 0.0350794
6 0.116905 0.974102 0.220394 0.0512875 0.0350123
10 0.990337 0.767228 0.0185406 0.353411 0.0348875
6 0.416313 0.596276 0.0362965 0.121611 0.0348506
6 0.335211 0.784433 0.0563941 0.198669 0.0348467
10 0.169195 0.644916 0.0356341 0.11267 0.0347202
2 0.381629 0.487539 0.022055 0.056109 0.0344614
2 0.460414 0.469602 0.0244855 0.0519678 0.0344173
10 0.512392 0.663255 0.122015 0.269593 0.0343265
6 0.231302 0.611417 0.0618157 0.182327 0.0342018
6 0.34833 0.760861 0.0392802 0.18891 0.0339817
6 0.22271 0.699174 0.0484278 0.203483 0.0336369
2 0.421735 0.480211 0.0188581 0.052442 0.0334459
10 0.137339 0.622355 0.0348253 0.179514 0.0333563
4 0.249128 0.27432 0.0610449 0.0456459 0.0329118
2 0.190219 0.071779 0.25365 0.143519 0.0328648
10 0.638952 0.505276 0.0470013 0.175897 0.0327081
11 0.964967 0.37862 0.0734278 0.191617 0.0316402
10 0.615667 0.543349 0.0526899 0.225854 0.0311525
10 0.126633 0.768108 0.0593252 0.200499 0.0308364
6 0.975153 0.961907 0.0509062 0.0782812 0.0304748
2 0.318376 0.0380388 0.0276498 0.0763664 0.0304106
6 0.227862 0.693023 0.0599712 0.207399 0.029895
7 0.170077 0.28648 0.0366124 0.0471982 0.0296248
10 0.149363 0.0173693 0.044208 0.0356211 0.0295848
4 0.193324 0.284279 0.0563917 0.0474173 0.0295808
2 0.517511 0.0115352 0.0586055 0.0237877 0.0294772
10 0.460968 0.657061 0.0554883 0.249015 0.0294008
10 0.491566 0.673302 0.0683229 0.265624 0.0291673
10 0.674629 0.775396 0.0494813 0.29834 0.0291039
2 0.254998 0.0343444 0.0188571 0.0594524 0.0290527
3 0.298473 0.123842 0.579842 0.244768 0.0290341
2 0.485242 0.0103969 0.0480693 0.0215703 0.0289734
10 0.72166 0.798724 0.0714243 0.314704 0.0287636
10 0.358753 0.744145 0.0366218 0.163734 0.0283245
7 0.581963 0.458409 0.0215772 0.0401778 0.028267
10 0.173895 0.620532 0.0415853 0.184817 0.0282443
6 0.910773 0.94691 0.180755 0.107079 0.0280204
2 0.165086 0.0190164 0.0611873 0.0390345 0.027988
10 0.707944 0.796312 0.0745223 0.31805 0.0272874
2 0.296894 0.0475676 0.0263713 0.0990871 0.0271717
10 0.859356 0.363298 0.0266005 0.0891685 0.0271356
7 0.403559 0.736206 0.0325131 0.152541 0.0269539
2 0.154187 0.0248096 0.0514282 0.0507067 0.0268116
10 0.505719 0.650093 0.0598628 0.224398 0.0266781
2 0.165521 0.0482208 0.122239 0.0996392 0.0266357
2 0.490727 0.461728 0.0225634 0.048103 0.0266135
10 0.133406 0.672521 0.0341307 0.291851 0.0261547
11 0.28435 0.807506 0.0693857 0.215312 0.0259356
10 0.137445 0.766143 0.131033 0.214139 0.0258681
2 0.527668 0.0145099 0.0699442 0.0295127 0.0257283
10 0.713372 0.797666 0.0670258 0.317789 0.0257171
10 0.942894 0.636234 0.117694 0.714077 0.0255632
7 0.280913 0.0318782 0.0269997 0.0594966 0.0255505
10 0.504387 0.570398 0.03022 0.0682157 0.0255266
4 0.206353 0.283644 0.0416695 0.0490918 0.0254312
6 0.180429 0.674956 0.0242711 0.0530234 0.0251925
10 0.437489 0.625682 0.0426154 0.220212 0.0250425
2 0.499193 0.0106252 0.0579229 0.0223143 0.0248963
2 0.475467 0.46599 0.0258103 0.0492429 0.0248575
6 0.201926 0.612993 0.0495367 0.201006 0.0245503
6 0.28675 0.794885 0.0524957 0.199475 0.0243299
10 0.374687 0.315467 0.0396887 0.215821 0.0243182
2 0.284223 0.0527089 0.0309769 0.107998 0.024277
2 0.448669 0.00910304 0.0493554 0.0192573 0.024226
4 0.216917 0.278892 0.0309838 0.0401817 0.0242039
7 0.217209 0.279205 0.0297534 0.0395036 0.0240783
6 0.614081 0.526476 0.0495302 0.196548 0.0239888
6 0.259217 0.575748 0.0468381 0.181146 0.0239684
10 0.453516 0.654335 0.0585497 0.251024 0.0239226
6 0.686486 0.318514 0.0365062 0.0605002 0.0238119
2 0.552275 0.0180322 0.0537658 0.0371019 0.0236992
2 0.307444 0.0414533 0.0275833 0.0844576 0.0232479
6 0.257279 0.558891 0.0414123 0.151951 0.0231762
10 0.857713 0.829981 0.0677118 0.308261 0.022981
10 0.725978 0.792904 0.143582 0.320142 0.0229423
10 0.475679 0.715372 0.0447968 0.121202 0.0229252
0 0.602235 0.567397 0.0571901 0.145716 0.0228775
6 0.232867 0.577694 0.0409157 0.0963897 0.0227109
2 0.367857 0.484298 0.0258901 0.053473 0.0226609
6 0.36908 0.622476 0.0381473 0.113195 0.0226417
0 0.670625 0.53833 0.0513422 0.187251 0.0226031
3 0.222165 0.0761558 0.445906 0.152185 0.0224701
10 0.125231 0.69166 0.11622 0.383662 0.0224271
10 0.710252 0.799753 0.07195 0.3156 0.0223909
3 0.426196 0.451325 0.828632 0.892727 0.022291
2 0.17783 0.0176322 0.0413655 0.0362753 0.0222865
10 0.919681 0.646785 0.164043 0.688342 0.022252
10 0.750884 0.7379 0.0740072 0.198565 0.0221667
10 0.135629 0.775374 0.0695987 0.193516 0.0221209
10 0.452149 0.655733 0.0562449 0.252551 0.0220738
4 0.243296 0.27655 0.0318455 0.0469945 0.0219665
10 0.146459 0.642444 0.0401875 0.145872 0.0218867
10 0.716897 0.774736 0.0685867 0.275088 0.0218057
10 0.0945198 0.351195 0.00928642 0.0214562 0.02178
10 0.675996 0.782908 0.0623179 0.304661 0.0216965
10 0.681015 0.783293 0.0661714 0.289476 0.0216633
2 0.192438 0.183478 0.0208805 0.102305 0.0216599
0 0.606019 0.543986 0.0477308 0.188858 0.0212185
2 0.363538 0.491932 0.0250364 0.0573863 0.0211427
3 0.291445 0.0830148 0.572488 0.163168 0.020928
10 0.101671 0.804727 0.170243 0.301317 0.0208961
10 0.71905 0.787256 0.0624753 0.287981 0.0208331
10 0.731373 0.793609 0.167791 0.328354 0.0208179
10 0.491273 0.583446 0.0320071 0.094114 0.0200887
3 0.277121 0.154598 0.553556 0.304752 0.0198889
8 0.698311 0.885593 0.036451 0.074885 0.0198616
7 0.404136 0.704409 0.0311918 0.0815222 0.0198374
3 0.436229 0.245794 0.859863 0.491652 0.0197514
10 0.0314766 0.357969 0.035518 0.0555414 0.0197444
10 0.860327 0.330674 0.0237568 0.158849 0.0197024
3 0.302549 0.108824 0.563575 0.216864 0.0193634
6 0.333532 0.702334 0.0430654 0.0998934 0.0189586
6 0.933417 0.392885 0.0758295 0.119034 0.0189293
3 0.306669 0.0682342 0.535776 0.137795 0.018685
6 0.200729 0.62243 0.0662118 0.223464 0.0185396
6 0.38856 0.555701 0.0401904 0.184699 0.0185307
10 0.17665 0.678304 0.102893 0.297731 0.0183482
0 0.604871 0.545729 0.142852 0.237873 0.0181402
6 0.647916 0.485782 0.0372081 0.134818 0.0180351
2 0.219718 0.0236087 0.038486 0.0468771 0.0179524
10 0.395696 0.638154 0.0639634 0.383164 0.0179498
6 0.269935 0.566539 0.0372766 0.0900838 0.0178414
6 0.207088 0.656076 0.0407917 0.151502 0.0176363
10 0.541742 0.602574 0.068138 0.205977 0.0175904
6 0.189053 0.669098 0.0370053 0.0772296 0.0171757
7 0.32432 0.267026 0.0221135 0.0362683 0.0170479
6 0.200106 0.66045 0.0421378 0.147301 0.0170205
10 0.856659 0.727843 0.122977 0.509753 0.0163503
10 0.707689 0.718464 0.0497439 0.150244 0.0163302
7 0.403835 0.703518 0.0312891 0.0797442 0.0159805
10 0.670944 0.792124 0.0562304 0.27208 0.0159098
10 0.767761 0.690002 0.0350521 0.0862311 0.0158495
6 0.187979 0.652499 0.0559187 0.160559 0.0156538
10 0.181516 0.73194 0.0537865 0.189777 0.0153891
6 0.295235 0.547662 0.0391116 0.147201 0.0153174
10 0.731945 0.836963 0.111863 0.259602 0.0152294
10 0.682496 0.816861 0.0688905 0.216215 0.0151122
10 0.522395 0.615968 0.143478 0.238559 0.0149626
6 0.244618 0.747725 0.286403 0.287185 0.0146185
3 0.379622 0.118657 0.723623 0.241887 0.0146171
10 0.499635 0.596693 0.047755 0.122839 0.0140792
3 0.335938 0.0644061 0.503159 0.131875 0.0135493
10 0.610911 0.0771953 0.0482184 0.163854 0.0132935
10 0.834645 0.382645 0.022357 0.0582004 0.0126079
10 0.776351 0.707219 0.0473723 0.125096 0.012407
3 0.411099 0.195129 0.776195 0.394931 0.0123016
10 0.719664 0.836311 0.140549 0.257129 0.0121488
10 0.632607 0.77544 0.330309 0.340373 0.0114919
10 0.515587 0.553768 0.0250641 0.077748 0.0106611
10 0.521596 0.612055 0.324397 0.368146 0.0101532
10 0.421505 0.585929 0.30394 0.335423 0.00908769
3 0.924536 0.0306847 0.111829 0.0937362 0.00846748
