4 0.613934 0.507011 0.233653 0.272821 0.876766
4 0.732795 0.352956 0.117945 0.117875 0.767807
10 0.455827 0.41279 0.0613244 0.10081 0.319507
4 0.648102 0.363455 0.0798126 0.0913088 0.314979
4 0.841405 0.35357 0.0646536 0.0694165 0.312695
10 0.466118 0.484745 0.0872695 0.259693 0.263771
10 0.450656 0.484501 0.0655388 0.257834 0.215107
4 0.463587 0.28231 0.136398 0.123068 0.195961
4 0.451661 0.282771 0.119398 0.121315 0.170721
10 0.477686 0.491122 0.111776 0.255246 0.166435
10 0.449136 0.40923 0.0535986 0.090239 0.102779
10 0.463201 0.404913 0.0564985 0.0887802 0.0899023
3 0.857064 0.332653 0.104841 0.117977 0.0853482
10 0.324883 0.313918 0.0585147 0.115252 0.0839111
10 0.0294066 0.866387 0.0603112 0.252971 0.0792312
10 0.032798 0.820829 0.0663298 0.341069 0.0770344
4 0.641436 0.364856 0.0731293 0.0921368 0.0673971
4 0.65781 0.371655 0.0649512 0.0821129 0.0661595
10 0.0338061 0.75706 0.0683269 0.466614 0.0661127
10 0.0296577 0.895222 0.0612819 0.196727 0.0638363
10 0.0412465 0.839554 0.0837753 0.304028 0.0619736
4 0.845734 0.353192 0.0563 0.0589709 0.0609704
4 0.622784 0.459683 0.206548 0.17807 0.0600959
4 0.448021 0.28795 0.0836723 0.103525 0.0587556
10 0.0373184 0.689498 0.0748276 0.597673 0.0561348
3 0.283146 0.503204 0.565893 0.979164 0.0525247
4 0.620787 0.357364 0.0745153 0.0825034 0.0522963
10 0.305857 0.316101 0.054259 0.112136 0.0522099
10 0.0459245 0.787792 0.0923733 0.406056 0.0508256
4 0.440473 0.294581 0.0904408 0.0985169 0.0500928
3 0.17149 0.503459 0.34233 0.976186 0.0491586
4 0.633726 0.365258 0.0648568 0.0849237 0.0485627
10 0.305346 0.345499 0.0495308 0.0880681 0.0476212
10 0.0475653 0.745244 0.0953002 0.48945 0.0464214
10 0.0268618 0.611778 0.0544704 0.74901 0.0462752
4 0.667383 0.356967 0.067376 0.083087 0.0460313
4 0.411571 0.282422 0.260597 0.162013 0.0442464
10 0.0287545 0.63744 0.0575534 0.69948 0.0441944
10 0.46787 0.394673 0.0456255 0.068795 0.0438111
4 0.571281 0.50514 0.332118 0.282085 0.041139
4 0.496767 0.27654 0.0951587 0.113365 0.0405122
4 0.594906 0.39509 0.158091 0.066874 0.0401427
4 0.397525 0.299673 0.198932 0.100487 0.0397472
10 0.320117 0.323409 0.0503042 0.0954548 0.0394404
4 0.673125 0.365381 0.060899 0.0887052 0.0394162
1 0.167275 0.63057 0.329049 0.720934 0.0393413
4 0.500277 0.271968 0.0964876 0.111534 0.0385808
4 0.569031 0.390345 0.105043 0.0596422 0.0385372
10 0.434388 0.428865 0.0578169 0.135891 0.038518
4 0.6194 0.354976 0.0745257 0.0835563 0.0382456
1 0.149056 0.622857 0.294112 0.738543 0.0381289
1 0.172201 0.639975 0.338273 0.702543 0.0379082
10 0.464975 0.392931 0.0553029 0.13818 0.0372856
10 0.0472778 0.654941 0.094466 0.66266 0.0372666
10 0.0481708 0.837121 0.0583348 0.307592 0.0372552
4 0.399648 0.300696 0.19691 0.0953257 0.0369586
10 0.474014 0.40504 0.0533652 0.0927711 0.0366712
1 0.133971 0.644762 0.266872 0.692775 0.0366264
4 0.49835 0.504702 0.115147 0.210696 0.0364037
4 0.46203 0.243131 0.17367 0.216092 0.0363348
10 0.0473838 0.688213 0.0960146 0.590347 0.0362699
4 0.503634 0.270395 0.085776 0.109125 0.0360921
4 0.509989 0.280155 0.232325 0.15473 0.0359571
10 0.33967 0.317561 0.0508312 0.102776 0.0356452
1 0.115118 0.649268 0.231588 0.682973 0.0355425
4 0.417188 0.301373 0.101945 0.0970303 0.0354602
10 0.0468665 0.652398 0.0931216 0.669647 0.0353539
10 0.0483674 0.837955 0.0598762 0.302744 0.0353447
10 0.028366 0.956894 0.0550974 0.0777178 0.0351648
10 0.466698 0.498163 0.0875046 0.248936 0.034636
3 0.484328 0.503119 0.954379 0.980178 0.0341023
4 0.682806 0.362036 0.0658819 0.0897905 0.0340904
3 0.139362 0.504935 0.280941 0.968286 0.0337979
10 0.0171899 0.898074 0.0370286 0.192822 0.0337937
4 0.504898 0.27046 0.0671366 0.104741 0.0337153
4 0.715054 0.354358 0.107946 0.122204 0.033366
4 0.501719 0.275816 0.107837 0.114177 0.0333489
10 0.0173026 0.884949 0.0381774 0.21841 0.0333218
1 0.190603 0.633907 0.37768 0.712847 0.0332668
10 0.619502 0.380009 0.0447533 0.0549544 0.0330252
10 0.301263 0.357241 0.0550871 0.124445 0.0328166
1 0.0788756 0.743214 0.157171 0.48865 0.0324488
10 0.505619 0.515764 0.167872 0.311896 0.0323509
4 0.614193 0.520106 0.231664 0.250861 0.0320823
4 0.382927 0.303155 0.182897 0.106664 0.0319867
10 0.0528426 0.501599 0.105713 0.974315 0.0315877
1 0.182896 0.649165 0.361538 0.686548 0.0314754
1 0.103931 0.748861 0.20489 0.488374 0.0314473
4 0.986945 0.412749 0.0254364 0.186434 0.0312877
4 0.591132 0.506755 0.194641 0.26915 0.0310973
1 0.0953323 0.744791 0.189541 0.493368 0.0310726
4 0.0147554 0.451351 0.0296892 0.10549 0.0307098
4 0.590817 0.00705692 0.41448 0.0139438 0.0305392
10 0.452095 0.369857 0.0454755 0.136286 0.0304737
4 0.405859 0.29384 0.101961 0.107747 0.0304601
10 0.0120942 0.668272 0.024653 0.627814 0.0304067
4 0.555062 0.466195 0.0907042 0.157977 0.0302133
10 0.291013 0.323859 0.0711762 0.126402 0.0298903
10 0.955981 0.10386 0.0952858 0.203611 0.0296946
10 0.0156683 0.877327 0.0348906 0.233287 0.0294276
10 0.481204 0.512699 0.104384 0.222841 0.0291159
4 0.930276 0.0957901 0.147832 0.188745 0.0290753
4 0.988776 0.390753 0.0224813 0.152684 0.0290545
4 0.561669 0.487993 0.141086 0.234642 0.0286535
4 0.577682 0.373149 0.108469 0.0916216 0.0286234
4 0.366105 0.29467 0.112316 0.114841 0.0286136
4 0.71994 0.374798 0.120248 0.171551 0.0285494
10 0.54375 0.433897 0.0637897 0.0819589 0.0285488
4 0.389542 0.309618 0.19277 0.0933427 0.0285045
1 0.125458 0.58484 0.250363 0.567999 0.0284716
1 0.132273 0.546987 0.263571 0.499941 0.0284552
4 0.125125 0.505748 0.247802 0.398375 0.028341
10 0.466485 0.499713 0.0924466 0.24466 0.0282888
4 0.0430583 0.514066 0.0874197 0.359576 0.0282219
4 0.0111891 0.441799 0.0230389 0.140285 0.0281242
10 0.0456278 0.501392 0.0925559 0.960494 0.0280388
10 0.990823 0.360875 0.0175156 0.104658 0.0277078
10 0.445901 0.505116 0.0621188 0.220526 0.0275521
3 0.95905 0.297075 0.0852924 0.57223 0.0275486
1 0.219825 0.503371 0.44194 0.98141 0.0272314
4 0.553503 0.507255 0.120446 0.251816 0.0271804
10 0.220731 0.449897 0.0848005 0.423832 0.0271335
10 0.0173765 0.919083 0.0367023 0.151814 0.0271024
1 0.304618 0.504082 0.605298 0.983343 0.0268316
10 0.471377 0.524859 0.106415 0.262462 0.0268283
4 0.403905 0.306551 0.0836709 0.0812921 0.026706
3 0.245078 0.502092 0.495777 0.959992 0.0266258
10 0.433317 0.412771 0.0555792 0.0987863 0.0266205
3 0.966675 0.369041 0.0682725 0.424023 0.0266109
4 0.522101 0.260322 0.0599872 0.0872054 0.0260849
4 0.665701 0.367798 0.0760902 0.102657 0.0260146
10 0.213274 0.568994 0.079997 0.220683 0.0260077
10 0.0350907 0.776867 0.0671202 0.343847 0.0259028
4 0.540216 0.499653 0.289899 0.280602 0.0258937
10 0.0167516 0.5133 0.0352984 0.937884 0.0258031
4 0.86519 0.359206 0.089083 0.0767179 0.0257898
4 0.990552 0.401371 0.0183427 0.18291 0.0256883
4 0.596749 0.355975 0.100419 0.0857141 0.0256539
4 0.572477 0.509841 0.210707 0.278566 0.0255869
3 0.141312 0.505384 0.283474 0.962427 0.0255558
10 0.278215 0.399634 0.0771672 0.267733 0.0254827
10 0.230501 0.467784 0.0789671 0.379724 0.0253684
10 0.514117 0.495055 0.181087 0.268497 0.0252408
4 0.737396 0.355197 0.102656 0.107495 0.0252122
10 0.039451 0.644289 0.0791442 0.647376 0.0250502
10 0.962431 0.335175 0.0789722 0.64695 0.0249558
4 0.0176908 0.516469 0.0358779 0.339391 0.0249251
4 0.88101 0.352564 0.0476719 0.0699124 0.0248773
10 0.958955 0.464663 0.0843735 0.88158 0.0248099
4 0.988992 0.433422 0.0215482 0.221534 0.0246555
10 0.029316 0.961427 0.0555904 0.0699145 0.0242958
4 0.0123693 0.449165 0.025204 0.167586 0.0241461
10 0.471626 0.363556 0.0412108 0.0924879 0.0239691
10 0.0628891 0.856831 0.0619126 0.27811 0.0237727
1 0.296317 0.648719 0.593675 0.692321 0.0237313
10 0.478687 0.40412 0.0530583 0.0923881 0.0235737
4 0.574189 0.446845 0.184078 0.16038 0.0234121
4 0.503134 0.492989 0.102112 0.206928 0.0232731
10 0.028968 0.947654 0.0548567 0.0976041 0.0231077
10 0.966747 0.406796 0.0691315 0.778543 0.0231036
10 0.197966 0.609039 0.0618709 0.179131 0.0230732
4 0.813826 0.357784 0.0591095 0.0632637 0.0228084
10 0.284042 0.382774 0.131796 0.262706 0.0227441
10 0.0614051 0.873293 0.0625479 0.241409 0.0225882
1 0.269461 0.505922 0.53871 0.964602 0.0224986
10 0.983862 0.107767 0.0339475 0.211449 0.0223981
4 0.697667 0.353108 0.085 0.113485 0.0223326
1 0.168319 0.592668 0.326585 0.589628 0.0222677
4 0.0356819 0.51488 0.0723018 0.435976 0.0222576
10 0.0596819 0.964181 0.111072 0.0655409 0.0222318
4 0.499966 0.478725 0.134625 0.202751 0.0220892
10 0.964669 0.231351 0.076298 0.45166 0.0219995
3 0.501607 0.386499 0.982112 0.746735 0.021963
10 0.956734 0.135847 0.0902328 0.267323 0.0219611
1 0.36888 0.634412 0.726783 0.716495 0.0218986
10 0.577193 0.310308 0.0687335 0.119134 0.0218671
10 0.949117 0.391441 0.104636 0.751288 0.0218424
10 0.958053 0.497968 0.0871258 0.945774 0.0218071
4 0.50759 0.254667 0.0727606 0.0710894 0.0217858
1 0.204006 0.680151 0.396308 0.629395 0.0215402
1 0.218216 0.50221 0.442031 0.976511 0.0215324
1 0.3698 0.503076 0.729182 0.982302 0.0214661
10 0.986179 0.410664 0.0254907 0.413076 0.0214315
10 0.98546 0.46464 0.0289873 0.859719 0.0212827
1 0.135854 0.44301 0.273082 0.842611 0.0211956
10 0.194774 0.612688 0.0565612 0.183089 0.0211731
4 0.732766 0.357313 0.12065 0.143009 0.0211422
4 0.650999 0.452961 0.139169 0.150708 0.0211159
1 0.324637 0.653401 0.647278 0.684121 0.0209553
3 0.800693 0.82634 0.00662486 0.0203703 0.0209486
10 0.0952349 0.85242 0.186128 0.287223 0.0209135
1 0.279121 0.458861 0.553876 0.882373 0.0207482
3 0.124192 0.518167 0.254209 0.439801 0.020509
10 0.561301 0.428579 0.08213 0.0867419 0.0204742
3 0.636277 0.186759 0.723278 0.368722 0.020472
1 0.244555 0.610706 0.490965 0.753278 0.0204026
10 0.0129068 0.512185 0.0259336 0.465828 0.020395
10 0.474518 0.367375 0.0504785 0.100077 0.0203498
10 0.0582797 0.969508 0.112899 0.0541893 0.0203497
4 0.0113192 0.530208 0.0227928 0.22786 0.0203414
4 0.986091 0.46639 0.0274977 0.232773 0.020245
10 0.0148496 0.928895 0.0317919 0.131206 0.0202291
10 0.0133606 0.573063 0.0269759 0.455166 0.0201022
4 0.0836723 0.469278 0.166841 0.314684 0.0200292
1 0.189356 0.742088 0.367803 0.505889 0.0200108
10 0.436985 0.388812 0.0737722 0.179239 0.0198363
10 0.0412303 0.742378 0.0633209 0.280257 0.0196328
10 0.409097 0.487929 0.0505148 0.273433 0.0195432
4 0.607033 0.388856 0.0705177 0.0735175 0.0194044
1 0.371699 0.611977 0.734651 0.7628 0.0193442
4 0.378397 0.31832 0.0907877 0.0691733 0.0192292
10 0.0604204 0.793655 0.0657137 0.381091 0.0191671
10 0.48087 0.388782 0.0488167 0.0638733 0.0191421
4 0.696755 0.359336 0.216195 0.137907 0.0190877
4 0.559934 0.504522 0.132482 0.264886 0.0190238
4 0.643353 0.150638 0.715174 0.299448 0.0189765
4 0.67165 0.353473 0.236173 0.136454 0.0187384
10 0.0577061 0.810173 0.104336 0.354693 0.0187249
4 0.608819 0.311677 0.158856 0.211115 0.018681
4 0.539927 0.506934 0.10383 0.237545 0.0185994
10 0.98993 0.473906 0.0208225 0.878892 0.018344
10 0.0226544 0.763731 0.0478123 0.270446 0.018326
10 0.416306 0.413776 0.0531235 0.0930438 0.0182959
4 0.76019 0.353951 0.114601 0.120777 0.0181042
10 0.016445 0.945743 0.0342671 0.0981507 0.017906
4 0.388797 0.314504 0.0625094 0.0934372 0.017892
10 0.0738068 0.964801 0.10686 0.0645069 0.0177764
4 0.532664 0.466803 0.0650031 0.139515 0.017763
4 0.665292 0.506778 0.202634 0.276031 0.0176837
4 0.453248 0.32733 0.310606 0.232012 0.0175518
1 0.162915 0.416454 0.321894 0.781568 0.017498
4 0.547073 0.511956 0.0879997 0.253643 0.0174968
1 0.107845 0.458386 0.222111 0.859353 0.0173742
3 0.87154 0.310441 0.203418 0.322828 0.0173179
10 0.954004 0.102866 0.0986969 0.202243 0.017271
10 0.984817 0.485912 0.0302786 0.879265 0.0167697
4 0.52751 0.507911 0.0788357 0.229919 0.016722
4 0.63061 0.445696 0.278454 0.413198 0.0166756
4 0.72484 0.363921 0.159869 0.152708 0.0166167
4 0.806184 0.366798 0.0598654 0.068623 0.0164272
1 0.426641 0.500751 0.83729 0.976045 0.0162759
3 0.641525 0.208321 0.72173 0.406204 0.0162203
10 0.984916 0.0816118 0.0319691 0.161387 0.016112
1 0.330746 0.693317 0.650156 0.602422 0.0160472
4 0.533391 0.507653 0.0928373 0.236004 0.0159759
4 0.647215 0.403013 0.0945103 0.0763724 0.0157905
4 0.628903 0.403352 0.110903 0.0763325 0.0157317
10 0.252818 0.336019 0.0690275 0.179661 0.0155623
4 0.51978 0.50487 0.0754658 0.226751 0.0154802
1 0.272668 0.738634 0.265835 0.513896 0.0154458
3 0.604024 0.194176 0.767015 0.383997 0.015276
10 0.491172 0.50965 0.115378 0.231828 0.0152642
4 0.505166 0.494678 0.124458 0.199606 0.0150874
3 0.369765 0.351828 0.715361 0.686466 0.0149386
3 0.88258 0.329745 0.104852 0.127862 0.0148942
10 0.993105 0.494801 0.0135593 0.56651 0.0148753
10 0.416414 0.502758 0.102275 0.312706 0.0148265
10 0.0694491 0.509328 0.140455 0.936318 0.0147643
4 0.683372 0.501162 0.132364 0.268016 0.0146381
10 0.571607 0.320378 0.0677991 0.128892 0.0146013
3 0.630962 0.202861 0.730171 0.399115 0.0144816
4 0.437442 0.353798 0.322648 0.310683 0.0144597
4 0.892756 0.334806 0.0894054 0.0979944 0.0143487
3 0.377397 0.341865 0.722012 0.66846 0.0138036
3 0.502485 0.329308 0.902643 0.640077 0.0137754
1 0.49922 0.674429 0.974292 0.632311 0.0137493
4 0.531391 0.495821 0.0719777 0.20664 0.0136497
3 0.37895 0.327249 0.728804 0.642638 0.0136048
0 0.615293 0.864812 0.0258963 0.0674328 0.0134762
4 0.663475 0.512064 0.203808 0.27881 0.0134472
4 0.522202 0.466966 0.0802109 0.159897 0.0134289
10 0.500392 0.410559 0.0480087 0.0834581 0.0132053
10 0.801479 0.319708 0.0765278 0.15398 0.0131658
1 0.297145 0.790015 0.34928 0.416714 0.0129777
4 0.651696 0.127018 0.685647 0.256865 0.0127155
4 0.577379 0.178997 0.778307 0.357666 0.0126528
4 0.582079 0.554012 0.204907 0.199651 0.0121581
1 0.440777 0.647819 0.859272 0.683482 0.0120797
4 0.432429 0.488613 0.246 0.261558 0.0120732
1 0.390824 0.764836 0.748867 0.467045 0.0120144
4 0.467904 0.185481 0.942924 0.361439 0.0118886
1 0.472527 0.637108 0.92245 0.699875 0.0118082
1 0.429925 0.828171 0.624041 0.337597 0.0115028
10 0.0222616 0.0140086 0.355278 0.383199 0.0114746
3 0.471475 0.467955 0.909161 0.898713 0.0114509
1 0.433811 0.74893 0.817243 0.499666 0.011401
10 0.492549 0.347845 0.0454142 0.0646518 0.011184
4 0.428422 0.265075 0.43872 0.495649 0.0111839
1 0.480887 0.711679 0.824686 0.56986 0.0111016
4 0.391367 0.428495 0.260677 0.175102 0.0110087
10 0.512321 0.507248 0.169285 0.281061 0.011006
4 0.560927 0.550538 0.611632 0.36744 0.0108052
4 0.466323 0.0692379 0.970548 0.136292 0.0107943
9 0.513033 0.391214 0.038207 0.0600822 0.010384
1 0.387976 0.511655 0.736304 0.939207 0.0100737
10 0.0789534 0.103757 0.14004 0.210991 0.00973086
2 0.0286531 0.109722 0.058478 0.237022 0.00956838
4 0.557533 0.56437 0.146589 0.196459 0.00870637
10 0.50007 0.123033 0.412719 0.248019 0.00769909
4 0.954653 0.0167088 0.083992 0.0272627 0.00763174
