10 0.6318 0.339998 0.118748 0.471737 0.826321
10 0.495213 0.0866504 0.0614332 0.175538 0.780471
6 0.515907 0.334751 0.101738 0.240188 0.711936
6 0.282046 0.279324 0.0766061 0.163409 0.655219
11 0.273583 0.248151 0.0934941 0.21025 0.646931
10 0.713317 0.170548 0.0966017 0.137091 0.629992
11 0.372668 0.481535 0.242847 0.344189 0.628187
11 0.784562 0.329221 0.217417 0.377821 0.617551
10 0.160164 0.858838 0.0461084 0.11948 0.581226
10 0.365827 0.231177 0.12238 0.269915 0.511901
2 0.761685 0.234965 0.0245312 0.0859599 0.50893
6 0.459286 0.915844 0.197423 0.168534 0.439926
2 0.756394 0.234682 0.0234371 0.0859653 0.404601
11 0.466865 0.271587 0.167953 0.239016 0.378462
7 0.738519 0.264169 0.0314149 0.0855349 0.274708
7 0.430468 0.2356 0.0223765 0.045384 0.2691
2 0.769605 0.23693 0.0229374 0.0827841 0.262525
6 0.596318 0.618536 0.127799 0.364231 0.244363
7 0.244267 0.686443 0.0446528 0.0962576 0.242222
10 0.069473 0.27265 0.056768 0.196453 0.24174
10 0.0693934 0.231279 0.0452562 0.108473 0.240466
2 0.839949 0.272933 0.0228857 0.0686799 0.238493
6 0.115555 0.524942 0.0875308 0.228915 0.238473
7 0.310068 0.422372 0.026195 0.0443872 0.221021
11 0.862195 0.255134 0.057483 0.103238 0.218739
10 0.967593 0.810574 0.0670175 0.375389 0.21121
2 0.846315 0.267937 0.0216743 0.0703091 0.210313
6 0.715585 0.3633 0.100768 0.318307 0.205565
6 0.324481 0.0948786 0.176287 0.161029 0.1911
7 0.678442 0.619673 0.0334341 0.0689224 0.190083
6 0.28408 0.28246 0.0600855 0.150319 0.188271
2 0.0190059 0.097908 0.035466 0.0921004 0.18685
10 0.19851 0.69101 0.383946 0.565556 0.181798
6 0.711225 0.398367 0.0913902 0.245795 0.181502
6 0.427053 0.510285 0.128789 0.277629 0.180168
10 0.0138353 0.719573 0.0279237 0.210806 0.173475
6 0.600347 0.621196 0.13949 0.373668 0.169619
10 0.936749 0.778118 0.129077 0.442246 0.169001
7 0.439202 0.235838 0.0173168 0.046381 0.161187
6 0.0854137 0.521744 0.156029 0.223066 0.153215
10 0.876128 0.490134 0.175838 0.629122 0.153158
11 0.00700714 0.245949 0.0145598 0.117846 0.153133
10 0.927616 0.814704 0.146138 0.36816 0.147549
2 0.744947 0.238152 0.0234104 0.0896131 0.147368
11 0.0138405 0.252521 0.0283195 0.109129 0.146178
10 0.969313 0.527059 0.0596528 0.928171 0.146109
2 0.306919 0.0795511 0.0177114 0.0379478 0.144066
10 0.125068 0.794077 0.0400884 0.102562 0.141958
10 0.979468 0.801689 0.042392 0.392173 0.139439
2 0.298066 0.0809766 0.0205287 0.0374165 0.133774
10 0.892102 0.432603 0.145638 0.50589 0.132757
2 0.750689 0.235717 0.0264444 0.0884819 0.127978
10 0.931374 0.593788 0.138594 0.813883 0.125264
6 0.0698457 0.521612 0.122835 0.202421 0.125124
11 0.00609393 0.251353 0.0131909 0.118409 0.12313
2 0.116163 0.0108767 0.0273828 0.0228857 0.119923
6 0.721325 0.305053 0.126842 0.42474 0.116793
2 0.166788 0.0772575 0.0215832 0.0274332 0.116579
6 0.919683 0.941303 0.158666 0.120157 0.115445
7 0.246924 0.683822 0.0440143 0.0935824 0.115175
10 0.886974 0.581334 0.203112 0.837682 0.113309
10 0.9287 0.875722 0.142158 0.248949 0.113203
7 0.320446 0.422589 0.0271512 0.048242 0.113029
2 0.176808 0.0775854 0.0183225 0.0284363 0.112783
10 0.882111 0.360496 0.123114 0.33772 0.110969
6 0.674179 0.330399 0.206146 0.4578 0.109678
10 0.932834 0.652748 0.132758 0.693562 0.109019
2 0.772348 0.172667 0.0236217 0.0631651 0.107949
10 0.0125121 0.669313 0.0256554 0.435993 0.107748
7 0.729452 0.265081 0.0290508 0.0797733 0.107299
2 0.17625 0.0770082 0.0177682 0.0290219 0.106164
2 0.775077 0.237214 0.0232798 0.0872855 0.104959
6 0.669169 0.167347 0.0524326 0.12835 0.104449
10 0.0135811 0.770853 0.02816 0.310757 0.104082
6 0.263802 0.107982 0.0423368 0.0865799 0.103562
7 0.727464 0.271621 0.0264428 0.0717096 0.102756
2 0.142221 0.0426151 0.0304801 0.0675487 0.102683
10 0.45365 0.0957906 0.0406599 0.144653 0.100835
11 0.0132382 0.247472 0.0273099 0.111614 0.0997891
7 0.869951 0.240014 0.0318879 0.0455962 0.0990263
2 0.31015 0.0778203 0.0199026 0.0353469 0.0987245
10 0.893666 0.387178 0.145704 0.41781 0.0976249
10 0.983781 0.510023 0.0299446 0.955854 0.0971333
6 0.264327 0.278578 0.0600918 0.146079 0.0971009
2 0.666346 0.588861 0.0394499 0.135302 0.0967323
2 0.751844 0.255664 0.028032 0.0832833 0.0967322
6 0.934675 0.255785 0.0432268 0.133711 0.0966142
10 0.450909 0.0891143 0.0515125 0.174888 0.0956878
2 0.263164 0.16824 0.0212853 0.0569938 0.0955635
6 0.321133 0.110357 0.172593 0.149612 0.0950182
7 0.271857 0.197538 0.0294812 0.0472862 0.094873
2 0.200798 0.0760275 0.0189687 0.0299375 0.0947502
6 0.263953 0.281593 0.0754617 0.157978 0.091187
10 0.460697 0.0956507 0.0359158 0.140351 0.0904132
6 0.667831 0.169396 0.0545781 0.127294 0.0903475
11 0.127204 0.276982 0.0937817 0.190908 0.0901328
7 0.859574 0.234805 0.0134567 0.0376663 0.089718
6 0.934585 0.239546 0.0422506 0.100591 0.0882804
10 0.0111166 0.624577 0.0211087 0.410498 0.087818
6 0.459901 0.965162 0.202254 0.0693337 0.0878086
2 0.846445 0.244584 0.0297543 0.0956868 0.0868717
6 0.672571 0.325518 0.177883 0.449127 0.0866631
7 0.433718 0.22249 0.0292472 0.0712899 0.086455
6 0.936682 0.938931 0.126727 0.125202 0.086326
7 0.718806 0.26044 0.0281497 0.084218 0.0844508
2 0.754017 0.16885 0.024448 0.0641401 0.0842604
10 0.985803 0.603479 0.0279222 0.788395 0.0827094
2 0.851682 0.26274 0.0190769 0.0712796 0.0826682
6 0.959224 0.940584 0.0813147 0.122145 0.0823166
6 0.971485 0.868551 0.0593607 0.266234 0.0817306
6 0.895433 0.937468 0.203365 0.125638 0.0811782
10 0.615232 0.337859 0.0997246 0.477814 0.0810636
2 0.193409 0.0776899 0.0215872 0.0296523 0.0803947
7 0.662076 0.618541 0.0317231 0.0710355 0.0803893
10 0.986498 0.617273 0.027998 0.758654 0.0797268
6 0.323898 0.183128 0.198396 0.3484 0.0786083
10 0.573344 0.104972 0.0502114 0.140484 0.0782331
7 0.417792 0.233612 0.0201056 0.0426495 0.0780886
2 0.206086 0.0770352 0.0206773 0.0298937 0.0776529
10 0.983852 0.517493 0.0296169 0.904454 0.0773091
2 0.00435843 0.210893 0.00944756 0.0917379 0.0765673
10 0.879847 0.877218 0.12139 0.246716 0.0755559
6 0.306127 0.284723 0.0600387 0.159427 0.0754285
2 0.0652171 0.142896 0.0335516 0.062306 0.0753991
2 0.75831 0.172907 0.0190946 0.0641211 0.0746513
6 0.291539 0.268193 0.0543433 0.146042 0.0743917
10 0.573599 0.592674 0.0932179 0.311909 0.0740544
2 0.847457 0.266752 0.0245255 0.0722959 0.0735948
6 0.645937 0.170446 0.0769411 0.130626 0.07277
7 0.775621 0.174398 0.0225564 0.0669914 0.071873
6 0.496342 0.965036 0.123134 0.0709607 0.0712943
2 0.764363 0.16732 0.0276544 0.05977 0.0711109
7 0.28282 0.194756 0.0165362 0.0428991 0.0708341
7 0.461283 0.228052 0.0191619 0.0466331 0.0706424
11 0.483155 0.238321 0.134562 0.169112 0.0704753
2 0.272902 0.167843 0.0191365 0.0517472 0.0692862
10 0.991655 0.716604 0.018088 0.530232 0.06918
7 0.738759 0.626399 0.029789 0.112159 0.0691419
10 0.620758 0.450159 0.136622 0.699072 0.0690365
11 0.401812 0.248814 0.361673 0.233743 0.0673074
6 0.700372 0.312889 0.142132 0.416886 0.0650842
6 0.876569 0.950155 0.229182 0.102138 0.0647563
2 0.740876 0.170499 0.0194798 0.0686926 0.0646556
6 0.640034 0.168145 0.0976224 0.129393 0.0644203
6 0.966978 0.918939 0.0674671 0.164335 0.0639005
7 0.851767 0.258932 0.0311487 0.0825493 0.0636804
6 0.326575 0.119934 0.0626498 0.124375 0.0634715
10 0.0114891 0.750537 0.0244572 0.23403 0.0627583
2 0.162615 0.0308137 0.0264283 0.0533449 0.0621689
6 0.256051 0.278066 0.0664628 0.150346 0.0612279
2 0.152322 0.0359927 0.0234271 0.0575039 0.0611286
7 0.698516 0.612973 0.0389217 0.0921538 0.060656
6 0.94165 0.245755 0.0454868 0.117256 0.0606358
11 0.0911654 0.214195 0.171882 0.31761 0.0606327
6 0.423244 0.521486 0.12144 0.257866 0.060501
6 0.353075 0.0998076 0.123568 0.104239 0.0602821
10 0.987037 0.49702 0.0238216 0.548086 0.0600985
2 0.509386 0.96557 0.0692841 0.0703915 0.0600753
7 0.807125 0.220962 0.022997 0.0474626 0.0600129
2 0.0470658 0.125103 0.0316891 0.0615902 0.0598944
7 0.856878 0.237361 0.0189668 0.0522808 0.0597649
2 0.0727482 0.140491 0.0251935 0.0611133 0.0595466
2 0.269135 0.0814315 0.0201918 0.0346373 0.0594695
2 0.235944 0.161105 0.0358617 0.0712968 0.0594576
10 0.814057 0.528826 0.332588 0.919274 0.0593238
2 0.736132 0.16717 0.0382244 0.0700571 0.0591977
6 0.391487 0.962182 0.343779 0.0768741 0.0587189
2 0.752812 0.166031 0.0379478 0.067989 0.0584195
2 0.804132 0.233691 0.0216324 0.0808405 0.0581182
10 0.990851 0.71964 0.0191347 0.228508 0.0577758
6 0.721649 0.301658 0.116838 0.420147 0.0575941
11 0.0397302 0.128478 0.0743323 0.135673 0.0570625
6 0.314023 0.101382 0.0527502 0.0862845 0.056579
6 0.337868 0.28469 0.141331 0.19509 0.0565025
2 0.278051 0.0809799 0.0179067 0.0352407 0.056324
11 0.269095 0.192059 0.0850572 0.174494 0.0562383
6 0.483707 0.11893 0.0522815 0.108951 0.0560783
11 0.214488 0.154591 0.415003 0.289858 0.0558386
2 0.102567 0.012634 0.0360908 0.026456 0.0558202
6 0.850465 0.876798 0.256754 0.248952 0.0554871
10 0.897562 0.347143 0.134582 0.339399 0.0553087
10 0.00971788 0.747927 0.0215737 0.246217 0.0550848
10 0.66781 0.4034 0.217346 0.604891 0.0548537
6 0.248501 0.134208 0.041203 0.139192 0.0548357
2 0.0909012 0.111338 0.0200824 0.0427773 0.054757
2 0.24095 0.17214 0.0314058 0.079987 0.0543588
10 0.00450214 0.483687 0.00975198 0.1184 0.0541644
7 0.796539 0.237517 0.037008 0.064589 0.0541258
11 0.0119089 0.817903 0.0246766 0.207769 0.0540188
10 0.879968 0.462905 0.208499 0.850689 0.0537181
10 0.730684 0.658519 0.42622 0.477833 0.0536725
10 0.00547906 0.508105 0.0124442 0.141572 0.0527799
7 0.875716 0.223936 0.0302105 0.0539754 0.052586
10 0.988918 0.437516 0.0194771 0.46083 0.0523914
7 0.29933 0.42292 0.0234924 0.0437581 0.0522261
10 0.437529 0.0932331 0.0530046 0.166822 0.0521253
7 0.846745 0.23939 0.0170719 0.0487569 0.0521003
6 0.663351 0.168288 0.0733021 0.129019 0.0514806
6 0.894355 0.287579 0.115084 0.175137 0.0513825
6 0.379441 0.159155 0.0573362 0.125963 0.0513598
11 0.0101185 0.848062 0.0225994 0.265796 0.0511258
11 0.0554506 0.22402 0.0907391 0.293913 0.0511009
10 0.0712707 0.218819 0.0350152 0.0866612 0.0506989
10 0.835477 0.539098 0.307787 0.797321 0.0504922
2 0.247647 0.153237 0.028434 0.0629295 0.0500333
7 0.48546 0.229811 0.0180922 0.050174 0.0497088
2 0.14399 0.0714284 0.0186692 0.039209 0.0495129
2 0.243464 0.0797375 0.0234322 0.0332486 0.0491794
11 0.281192 0.101629 0.0659709 0.0774389 0.0486669
2 0.247424 0.163158 0.0220655 0.0472328 0.04863
2 0.512538 0.970388 0.0657886 0.0622969 0.0484939
10 0.608666 0.443077 0.130792 0.674453 0.0484762
2 0.280539 0.0793073 0.0166721 0.0321871 0.0480597
2 0.00948498 0.0992005 0.0206383 0.0921951 0.0479121
7 0.800608 0.214136 0.0116992 0.0275781 0.0476549
6 0.661136 0.169608 0.208909 0.140805 0.0475145
6 0.296499 0.220992 0.099106 0.282925 0.0467668
10 0.989312 0.401341 0.0192066 0.731792 0.0467433
6 0.748731 0.449103 0.12229 0.166496 0.0459933
2 0.33945 0.0782209 0.017308 0.035296 0.0453916
10 0.00518381 0.460313 0.00963296 0.133545 0.0451841
10 0.386684 0.100692 0.0433927 0.182515 0.0451744
10 0.705494 0.19151 0.0776215 0.0838331 0.0447045
11 0.77846 0.336813 0.190641 0.32671 0.0446434
2 0.222797 0.0785163 0.0191422 0.032268 0.0445567
7 0.0338392 0.0782527 0.0160801 0.0295198 0.0445367
6 0.669559 0.157967 0.0681328 0.114973 0.0443109
2 0.0640514 0.0820372 0.0240612 0.0396751 0.0442498
11 0.40514 0.30009 0.362079 0.31917 0.0438482
6 0.337834 0.257584 0.0557769 0.159341 0.0437927
11 0.112362 0.232793 0.0542811 0.0978541 0.0420824
10 0.0108276 0.595844 0.022164 0.245301 0.0418986
7 0.465586 0.223561 0.0383118 0.0438267 0.0417459
6 0.620375 0.17281 0.121713 0.142194 0.0417032
7 0.770537 0.195523 0.016793 0.0282245 0.041699
2 0.780378 0.234908 0.022899 0.0845239 0.0413515
11 0.573312 0.299569 0.45261 0.335651 0.0411156
10 0.32564 0.172452 0.104325 0.239508 0.0401403
7 0.284406 0.76803 0.0895324 0.163051 0.0396833
2 0.219581 0.0759953 0.0167461 0.0310897 0.0394683
10 0.242088 0.103308 0.0417844 0.0836779 0.0390179
11 0.877125 0.27281 0.0440626 0.0713127 0.0388081
11 0.283036 0.0864972 0.257267 0.163769 0.0387898
10 0.0134608 0.0921616 0.0263923 0.0805028 0.0384757
2 0.828475 0.234914 0.0214716 0.0687999 0.0383748
2 0.787561 0.178202 0.0229209 0.068785 0.0382326
11 0.626155 0.163484 0.111199 0.122056 0.0379524
6 0.466131 0.495037 0.0898165 0.2585 0.0376996
7 0.383013 0.420077 0.0176616 0.0569183 0.0376183
11 0.248739 0.189248 0.488195 0.356115 0.0374258
6 0.0126138 0.108699 0.0297093 0.103245 0.0373807
10 0.0571349 0.237535 0.0438152 0.12298 0.0367468
6 0.523766 0.91603 0.318337 0.169698 0.0353749
10 0.864085 0.249765 0.0559078 0.1054 0.0352697
6 0.296877 0.215803 0.086995 0.26294 0.0349651
6 0.666595 0.250636 0.0476554 0.104965 0.0345368
10 0.532416 0.103956 0.0674307 0.159627 0.0344226
6 0.0537761 0.517993 0.0592697 0.131592 0.0343915
7 0.739073 0.21769 0.0185723 0.0591915 0.033675
7 0.885708 0.228062 0.0270851 0.0575241 0.032996
6 0.306617 0.215878 0.100638 0.271735 0.0329483
10 0.924175 0.458361 0.0994465 0.550388 0.0328178
10 0.622497 0.192063 0.123962 0.175061 0.0326469
10 0.842924 0.353395 0.117784 0.341564 0.0326362
10 0.741825 0.167246 0.0559766 0.0707131 0.0322811
2 0.311789 0.0978331 0.039531 0.0652638 0.0322116
11 0.248824 0.213651 0.0632507 0.108328 0.032111
7 0.22243 0.687139 0.0422054 0.0949341 0.0317472
2 0.297565 0.189914 0.0166399 0.0436706 0.0314839
7 0.860127 0.308784 0.0375996 0.0723115 0.0312086
6 0.217244 0.128627 0.050219 0.136024 0.0310254
7 0.82275 0.247442 0.0302729 0.105722 0.0309354
6 0.620526 0.667462 0.195935 0.463651 0.0294636
7 0.890315 0.242778 0.0213778 0.0492141 0.0291794
7 0.811251 0.23393 0.0359596 0.0691341 0.0290246
11 0.459001 0.269237 0.152054 0.227788 0.0289888
6 0.575054 0.663119 0.161767 0.422861 0.0282413
11 0.821618 0.417374 0.319771 0.561802 0.0281649
7 0.645978 0.622311 0.0315687 0.0807987 0.027317
7 0.775309 0.197214 0.0183528 0.0294628 0.0272207
11 0.39609 0.482661 0.25075 0.341274 0.0263298
11 0.85026 0.287741 0.0561064 0.0739322 0.0254165
6 0.879694 0.293367 0.0525703 0.0652928 0.0253367
2 0.074868 0.0750977 0.017633 0.0383113 0.0252213
10 0.633262 0.612657 0.113089 0.354072 0.0251908
7 0.786443 0.16826 0.021659 0.0537877 0.025121
6 0.238299 0.204313 0.0576959 0.130602 0.0233805
11 0.747162 0.364358 0.22717 0.362685 0.0226863
11 0.794545 0.291543 0.159075 0.274019 0.022497
11 0.684928 0.639744 0.29772 0.405711 0.0219356
11 0.551666 0.265393 0.433078 0.275284 0.0218513
10 0.707474 0.668525 0.36803 0.465292 0.0208223
11 0.841269 0.309816 0.131546 0.30457 0.0201405
6 0.222351 0.255225 0.0634545 0.17605 0.020002
10 0.0461794 0.202772 0.0350603 0.0560488 0.0196699
11 0.334369 0.396156 0.137566 0.152054 0.0194835
7 0.27208 0.690451 0.0392348 0.092664 0.0191087
11 0.729573 0.380701 0.149931 0.326327 0.0169552
10 0.192381 0.70251 0.310924 0.494355 0.0160154
6 0.526751 0.626575 0.0662239 0.241173 0.0150288
