10 0.904274 0.687789 0.0643126 0.237968 0.82866
10 0.503332 0.65054 0.053762 0.238517 0.766535
10 0.560606 0.638721 0.0610673 0.262906 0.7221
10 0.840247 0.538244 0.0305696 0.155702 0.718049
10 0.8627 0.540127 0.036599 0.158137 0.709635
10 0.893333 0.546094 0.0422619 0.152818 0.65283
0 0.628321 0.571553 0.0729578 0.133816 0.52465
10 0.156257 0.764536 0.0590712 0.18087 0.493238
10 0.564561 0.952358 0.148138 0.0952724 0.372163
6 0.259401 0.694834 0.0582051 0.1973 0.367041
6 0.201303 0.678955 0.0551572 0.167359 0.296174
0 0.627787 0.536754 0.0652628 0.204994 0.271876
10 0.868687 0.373569 0.0162428 0.0570101 0.257985
6 0.315055 0.789544 0.0771306 0.21216 0.244248
10 0.524716 0.951042 0.241439 0.0985126 0.236071
10 0.866617 0.374419 0.0148907 0.053212 0.227895
10 0.840838 0.535082 0.0336235 0.152244 0.219169
10 0.883887 0.544932 0.0525213 0.15509 0.17912
10 0.854258 0.533786 0.0333891 0.154151 0.174491
10 0.602301 0.952235 0.223276 0.0964873 0.170124
10 0.879268 0.542331 0.0374002 0.155455 0.159706
6 0.0337808 0.913404 0.0699996 0.175061 0.148394
10 0.845129 0.534309 0.0263702 0.153104 0.147794
10 0.845337 0.372653 0.0185761 0.0615645 0.145133
10 0.88571 0.544318 0.0452621 0.150784 0.138789
10 0.490597 0.530558 0.0486438 0.227954 0.130091
6 0.267587 0.694333 0.0460642 0.178428 0.128587
10 0.878178 0.539547 0.0346895 0.157103 0.127877
10 0.881049 0.54235 0.0344879 0.15672 0.127526
6 0.0363108 0.862243 0.0753084 0.27611 0.125817
6 0.263633 0.673024 0.0492527 0.141687 0.124593
6 0.276436 0.682261 0.0485349 0.157118 0.119698
6 0.0345599 0.944954 0.0709191 0.111211 0.117179
0 0.629899 0.504606 0.0516074 0.150349 0.115948
6 0.283353 0.691659 0.0489681 0.177224 0.11408
10 0.850543 0.372848 0.013743 0.0614017 0.112488
6 0.349693 0.764866 0.0696158 0.220122 0.112001
10 0.849508 0.376033 0.0166674 0.0588207 0.109628
10 0.881841 0.543315 0.0320587 0.154028 0.109353
10 0.477915 0.95167 0.35434 0.0973458 0.109179
6 0.258792 0.658992 0.0654506 0.280265 0.108134
10 0.898954 0.542562 0.04352 0.152435 0.10792
10 0.876732 0.544336 0.0393097 0.153435 0.106976
6 0.0514609 0.914803 0.105305 0.173048 0.106609
6 0.987569 0.427812 0.0245064 0.199199 0.106179
2 0.259511 0.0674155 0.0526961 0.132529 0.103503
6 0.0287675 0.841698 0.0589001 0.31235 0.103449
10 0.586397 0.954552 0.0869766 0.090967 0.0996954
10 0.839272 0.374265 0.0183966 0.0609819 0.0994357
10 0.592866 0.951069 0.115178 0.0980047 0.0984516
11 0.257815 0.64284 0.0488201 0.0895708 0.0974621
6 0.349932 0.76874 0.0724239 0.2294 0.0964204
6 0.982385 0.426267 0.0357679 0.190738 0.0949426
6 0.253775 0.67151 0.0442382 0.137289 0.094856
10 0.187395 0.644174 0.0764314 0.244698 0.0938039
6 0.0474231 0.951472 0.0966494 0.0986286 0.0932589
6 0.286778 0.672586 0.0462337 0.142487 0.0920522
10 0.578159 0.954995 0.0899515 0.0904911 0.0919674
7 0.384639 0.710468 0.0319635 0.0787828 0.0914339
10 0.493208 0.950011 0.355165 0.100201 0.0905483
10 0.874675 0.539782 0.0338179 0.155223 0.0895862
10 0.385301 0.74601 0.0399279 0.163377 0.0885986
10 0.856864 0.372279 0.0140371 0.0606478 0.0873371
11 0.255365 0.628933 0.0445106 0.0624662 0.0867479
10 0.991858 0.426089 0.0182394 0.317807 0.0839564
10 0.479736 0.619959 0.0236227 0.0632702 0.0835251
6 0.294162 0.677065 0.0488182 0.155598 0.0827597
6 0.950496 0.93955 0.100448 0.1192 0.0824421
11 0.341526 0.780454 0.127095 0.240424 0.0820103
0 0.61187 0.576476 0.097408 0.139274 0.0817801
11 0.259051 0.6628 0.0428982 0.117337 0.0811022
10 0.146612 0.602644 0.0369105 0.135917 0.0798717
6 0.0528688 0.863596 0.108702 0.275771 0.0795266
6 0.992133 0.424393 0.0168161 0.199555 0.0794047
10 0.524419 0.644611 0.051115 0.24004 0.0790086
11 0.984366 0.3924 0.0323732 0.12797 0.078926
0 0.632176 0.573036 0.0552769 0.109395 0.0784973
6 0.345977 0.770632 0.0767847 0.231109 0.077561
10 0.558435 0.985565 0.0954711 0.0292751 0.0771688
10 0.4989 0.593851 0.0659325 0.357575 0.0761136
10 0.143177 0.604993 0.0369499 0.137703 0.0760459
10 0.900794 0.543466 0.0409681 0.151632 0.0749547
6 0.202117 0.68357 0.0673003 0.184539 0.0746556
10 0.024721 0.747578 0.0510161 0.501791 0.0738796
6 0.225191 0.68887 0.0465001 0.189605 0.072972
10 0.593402 0.951691 0.341564 0.0981522 0.0727577
6 0.192239 0.679449 0.0527786 0.162692 0.0724651
11 0.988444 0.376958 0.0248716 0.0956081 0.0722844
6 0.21981 0.691061 0.0486788 0.191967 0.0720091
6 0.015465 0.950118 0.0315163 0.101406 0.0709337
10 0.17234 0.753179 0.0416943 0.153433 0.070626
0 0.73441 0.497315 0.0357944 0.0839442 0.0696721
10 0.0281474 0.710632 0.0562882 0.581064 0.0692362
6 0.209197 0.684168 0.0714391 0.182012 0.0689948
10 0.990292 0.363894 0.0195511 0.264648 0.0674631
6 0.638988 0.48288 0.0460231 0.109536 0.0659353
10 0.173176 0.752764 0.0391732 0.158223 0.0655971
2 0.156821 0.0701804 0.143156 0.139868 0.0645716
11 0.988611 0.368789 0.0242741 0.112523 0.0643088
10 0.0147776 0.823472 0.0297831 0.345077 0.0640606
6 0.24717 0.677477 0.0554864 0.16699 0.0635105
10 0.566324 0.986343 0.104124 0.0279838 0.0629929
10 0.0509408 0.778174 0.101739 0.44454 0.0623895
6 0.636809 0.486316 0.0484192 0.118698 0.0620753
6 0.221506 0.674293 0.0534032 0.161718 0.0619818
10 0.909147 0.539873 0.0365248 0.151063 0.0613349
6 0.229345 0.677159 0.0470039 0.164664 0.0612204
7 0.280691 0.260519 0.0260626 0.0502801 0.0609966
10 0.848293 0.534201 0.028273 0.145738 0.0608452
10 0.132105 0.768358 0.0510958 0.194203 0.0601658
6 0.313153 0.750637 0.0755841 0.300697 0.06016
10 0.986863 0.727756 0.0256403 0.363371 0.0589881
6 0.360805 0.757085 0.0717322 0.203789 0.0580357
10 0.131615 0.784804 0.0378997 0.156983 0.0578255
10 0.978015 0.637451 0.0440065 0.639255 0.0574816
10 0.879555 0.376354 0.0154257 0.0547308 0.0569319
10 0.173963 0.579648 0.0416705 0.0983272 0.0566687
10 0.985783 0.642997 0.029137 0.602784 0.0560718
6 0.243087 0.68336 0.0441206 0.170177 0.0557755
2 0.194894 0.0655664 0.0422733 0.133858 0.0556584
6 0.240023 0.68163 0.043909 0.165574 0.0556393
6 0.98317 0.440022 0.0350418 0.21013 0.0555814
10 0.980087 0.623303 0.0406906 0.664148 0.0555732
10 0.177849 0.584723 0.0554464 0.11126 0.0554632
2 0.210355 0.0528287 0.0579625 0.106318 0.0554297
10 0.180929 0.579101 0.0509248 0.103803 0.0554246
10 0.991621 0.347484 0.0184299 0.579368 0.0552123
6 0.0424382 0.65291 0.0631097 0.142593 0.0543576
10 0.141146 0.698056 0.0404116 0.327869 0.0543077
6 0.2938 0.666708 0.0737305 0.140641 0.0541435
10 0.180584 0.644114 0.0567633 0.230316 0.053961
6 0.322716 0.747945 0.0568791 0.286105 0.0538771
11 0.972624 0.39845 0.0553579 0.141025 0.053355
6 0.0144861 0.969076 0.0297519 0.0640152 0.0524698
10 0.0544561 0.722567 0.108738 0.557006 0.0523546
10 0.984844 0.594271 0.0302025 0.540245 0.0519373
6 0.250997 0.670795 0.0663321 0.145722 0.0519073
10 0.150773 0.731091 0.0702028 0.274961 0.0517117
10 0.991086 0.454665 0.0191462 0.700015 0.050894
6 0.233296 0.687826 0.0484113 0.16385 0.0506257
10 0.049846 0.685817 0.0997524 0.632153 0.050446
6 0.242912 0.666073 0.0864909 0.225227 0.049789
6 0.254074 0.606557 0.0449488 0.114537 0.0496062
10 0.14079 0.771109 0.0687315 0.195516 0.0495822
6 0.970736 0.422963 0.0585196 0.187694 0.0493385
6 0.0133494 0.765133 0.0285939 0.11921 0.0491732
6 0.294905 0.67169 0.0784342 0.148544 0.0487027
10 0.98687 0.492375 0.0266293 0.339653 0.0484199
6 0.0146609 0.769365 0.0313886 0.118645 0.048169
10 0.543082 0.637863 0.0546721 0.261371 0.0478357
6 0.408503 0.676647 0.0654236 0.130486 0.0475987
6 0.242488 0.678596 0.0459733 0.172577 0.0468694
6 0.350562 0.761967 0.040381 0.189541 0.046173
2 0.410103 0.483849 0.0308776 0.0559758 0.0461479
10 0.617747 0.589777 0.0542646 0.331818 0.0458654
4 0.237844 0.276627 0.0427913 0.0432616 0.0452724
0 0.620289 0.537304 0.059198 0.20456 0.0451616
10 0.155878 0.618261 0.048695 0.171147 0.0446685
10 0.44817 0.596545 0.0280898 0.113192 0.0446671
2 0.180327 0.0683019 0.0483881 0.139307 0.0445873
6 0.0131584 0.752546 0.0273625 0.0835776 0.0445009
6 0.331328 0.785988 0.0610425 0.201062 0.0441881
6 0.405057 0.676441 0.0597949 0.134559 0.0440776
6 0.244711 0.675602 0.0490407 0.19863 0.0439654
6 0.192669 0.694319 0.0443962 0.137588 0.043302
10 0.451103 0.621351 0.0227051 0.0678998 0.0430051
10 0.489025 0.61586 0.0222226 0.0637386 0.0429866
6 0.105687 0.938073 0.208699 0.124399 0.0429848
2 0.409561 0.483766 0.0295721 0.0566704 0.0425366
6 0.239344 0.7047 0.0863013 0.221644 0.0420713
6 0.176836 0.67465 0.0381253 0.151406 0.0420471
10 0.131379 0.019325 0.0580789 0.0399837 0.0410619
10 0.121974 0.0719733 0.120465 0.143292 0.0405309
10 0.991041 0.28773 0.0176655 0.480735 0.0403333
10 0.474335 0.662393 0.0487504 0.219547 0.0400026
6 0.607129 0.508333 0.0467077 0.151865 0.0399691
6 0.239346 0.675615 0.0522995 0.165411 0.0397752
6 0.196192 0.681322 0.0382492 0.15858 0.0397682
10 0.128283 0.762683 0.0422592 0.205181 0.0396496
6 0.215579 0.691717 0.108606 0.192733 0.038973
10 0.582912 0.957906 0.186076 0.108571 0.038597
10 0.880618 0.382224 0.014319 0.048706 0.0385346
10 0.147433 0.756655 0.0530198 0.199276 0.0383072
2 0.124533 0.0241709 0.0552161 0.0498934 0.0380802
6 0.650218 0.487273 0.0368748 0.109779 0.0378866
6 0.398635 0.738261 0.0340261 0.155689 0.0378426
0 0.601227 0.541004 0.0532865 0.208856 0.0373593
10 0.818916 0.533632 0.0241871 0.156288 0.0372924
10 0.468698 0.591565 0.0588581 0.327189 0.0369893
6 0.241756 0.660654 0.04486 0.142319 0.036944
2 0.277587 0.057579 0.0393582 0.115518 0.0369043
6 0.218052 0.681082 0.0788935 0.173085 0.0367605
10 0.44534 0.590135 0.0328059 0.127181 0.0366856
11 0.284829 0.802783 0.0669972 0.211454 0.0360949
6 0.174848 0.677225 0.0464575 0.160809 0.0358285
2 0.197875 0.0864465 0.0374153 0.122388 0.0355342
6 0.417158 0.616641 0.0350371 0.0845038 0.0354173
6 0.219754 0.646704 0.0415169 0.238545 0.0350011
7 0.278298 0.032849 0.0275544 0.0618913 0.0349892
7 0.170371 0.285451 0.0362676 0.0477476 0.0349431
2 0.381844 0.489539 0.0234538 0.0597381 0.0349246
3 0.196343 0.0728098 0.26697 0.144437 0.0349199
10 0.359081 0.743936 0.0365687 0.163721 0.0346081
2 0.445913 0.472106 0.0238358 0.0539391 0.0344185
2 0.316533 0.0356883 0.0276876 0.0715742 0.0342885
2 0.254016 0.0342517 0.0194933 0.0600264 0.0342418
6 0.325296 0.746435 0.10973 0.284516 0.0341672
2 0.459482 0.469923 0.0234528 0.0515702 0.0340397
10 0.890599 0.634718 0.0565434 0.339942 0.0340332
6 0.28563 0.793769 0.0537508 0.201621 0.0338778
6 0.228972 0.658243 0.0459591 0.136505 0.0337841
10 0.450727 0.620192 0.0255661 0.064888 0.0337284
0 0.60914 0.582248 0.0574153 0.108409 0.033212
6 0.682289 0.319089 0.0384073 0.060393 0.0332111
10 0.463484 0.955727 0.452931 0.0905747 0.0330726
2 0.429326 0.477146 0.0236904 0.0540628 0.032677
10 0.14745 0.741998 0.0694737 0.249845 0.0323046
7 0.274625 0.03969 0.0305367 0.076716 0.0318833
4 0.248301 0.274844 0.0634082 0.0440399 0.031877
10 0.180256 0.673757 0.0447973 0.167196 0.0316282
10 0.564242 0.590736 0.17917 0.346454 0.0315849
10 0.146549 0.0167804 0.0453852 0.0343753 0.0315429
6 0.186577 0.679054 0.0381048 0.160509 0.0313719
6 0.221048 0.705872 0.0687693 0.16768 0.0306388
10 0.130954 0.766364 0.138657 0.219979 0.0304989
6 0.243613 0.670101 0.0489339 0.152815 0.0304979
6 0.232838 0.701702 0.0531693 0.124394 0.0303431
6 0.654241 0.48812 0.0342953 0.110289 0.0303004
2 0.426663 0.478554 0.0306346 0.0559033 0.030243
2 0.161978 0.0187364 0.0543658 0.0384798 0.0301878
6 0.314677 0.660771 0.0429864 0.13491 0.0295971
6 0.164875 0.68494 0.0482041 0.157236 0.0293774
6 0.983815 0.660517 0.0325308 0.167327 0.0290435
6 0.602547 0.508012 0.0444413 0.152903 0.0288137
6 0.405144 0.737573 0.0329195 0.155886 0.0287895
10 0.137506 0.758692 0.0292044 0.0894463 0.0286307
2 0.483527 0.0106863 0.0510722 0.0222231 0.028349
10 0.621493 0.956902 0.165192 0.0873701 0.0282304
2 0.164894 0.0467518 0.124509 0.096333 0.028199
11 0.20572 0.619463 0.0473275 0.0614978 0.028165
6 0.239853 0.586801 0.0394791 0.0823218 0.0281132
10 0.110346 0.772896 0.143855 0.235809 0.0277346
10 0.174455 0.664421 0.0409025 0.162858 0.0276987
6 0.227143 0.64353 0.0928648 0.212672 0.0275577
6 0.197347 0.623809 0.0425588 0.0808457 0.0267492
10 0.976716 0.959565 0.048284 0.0824628 0.026559
7 0.213519 0.279843 0.0306018 0.0381154 0.0265273
2 0.290947 0.0395108 0.0255701 0.080723 0.0263822
6 0.652865 0.506214 0.041177 0.138327 0.0262444
7 0.305769 0.0377986 0.0279245 0.0761838 0.0262119
7 0.217417 0.277975 0.0311059 0.0403771 0.025945
3 0.300045 0.119095 0.580198 0.235638 0.0259381
11 0.966182 0.397716 0.0714254 0.188373 0.0258234
10 0.0940661 0.351778 0.00993229 0.0221445 0.0256276
2 0.46843 0.467597 0.0284749 0.0497025 0.0256046
2 0.380432 0.502706 0.0311886 0.0991046 0.0255939
6 0.238206 0.755134 0.0695709 0.316689 0.0255036
3 0.40971 0.437545 0.785695 0.868526 0.0250604
6 0.613207 0.477811 0.0434124 0.0993308 0.0249363
6 0.165977 0.653303 0.0394934 0.129554 0.0248976
2 0.524881 0.0162844 0.0716841 0.0334309 0.0247548
2 0.486563 0.46246 0.022893 0.0489108 0.0246509
2 0.176373 0.016815 0.0379436 0.034563 0.0240083
4 0.24526 0.275261 0.0332868 0.0471948 0.0239071
0 0.746333 0.49771 0.0373999 0.0830058 0.0236553
10 0.908831 0.527959 0.0339993 0.1209 0.0231111
10 0.832675 0.384379 0.0160469 0.0451791 0.0230982
10 0.882678 0.528103 0.0745531 0.110845 0.023096
10 0.898648 0.497622 0.0243408 0.0606233 0.0227803
6 0.345267 0.71717 0.0547081 0.272366 0.0226222
7 0.403706 0.702676 0.031824 0.0826275 0.0224365
10 0.872205 0.480304 0.0274517 0.0462211 0.0221902
10 0.899775 0.498323 0.0241629 0.0582044 0.0221225
6 0.385271 0.617973 0.0339448 0.0930755 0.0219758
6 0.409932 0.597432 0.0341541 0.119094 0.0219465
3 0.291974 0.0808715 0.57138 0.159122 0.0219382
10 0.608877 0.628023 0.051498 0.254643 0.0219211
6 0.606255 0.487673 0.0450041 0.116055 0.0213031
10 0.159083 0.651456 0.0379366 0.158556 0.0211634
6 0.161483 0.673118 0.0422323 0.154858 0.0209512
6 0.379573 0.674165 0.0363049 0.12134 0.0202954
10 0.149416 0.663401 0.0474762 0.169705 0.0197841
6 0.258004 0.743914 0.288943 0.306152 0.0195199
6 0.330922 0.702599 0.0448056 0.100334 0.0191603
0 0.703515 0.501588 0.0440432 0.0917104 0.0188621
7 0.320769 0.26734 0.0222977 0.0374747 0.0181849
3 0.410025 0.139995 0.788306 0.284782 0.0179169
3 0.43876 0.252411 0.861066 0.506423 0.0175805
3 0.323562 0.101977 0.534331 0.207508 0.0169129
6 0.280406 0.577036 0.0362086 0.0779792 0.0168865
10 0.900269 0.557802 0.0552382 0.150953 0.0165264
7 0.407644 0.700003 0.0315293 0.0818715 0.0163094
10 0.929771 0.689247 0.039266 0.259227 0.0159147
3 0.439765 0.236183 0.84446 0.477629 0.0146776
3 0.39029 0.0738916 0.738971 0.150653 0.0120749
10 0.843078 0.583032 0.187266 0.309655 0.0114233
10 0.867955 0.496351 0.144767 0.265123 0.00999947
3 0.81703 0.567228 0.329714 0.4073 0.00910365
4 0.766518 0.533891 0.319372 0.173135 0.00894768
3 0.918019 0.0272805 0.133462 0.122947 0.0084217
