10 0.56894 0.637473 0.0600901 0.265983 0.778852
10 0.87478 0.616902 0.0451214 0.191183 0.759349
10 0.468151 0.621104 0.051723 0.238732 0.687858
0 0.629045 0.540363 0.0758666 0.205316 0.641461
10 0.156187 0.763702 0.0564269 0.179967 0.337568
10 0.49449 0.55046 0.0649501 0.261043 0.256715
10 0.896592 0.45543 0.031218 0.112049 0.193971
6 0.262189 0.690478 0.0613567 0.199617 0.178847
10 0.504971 0.611332 0.0407138 0.143196 0.174583
10 0.491985 0.559904 0.0702644 0.28482 0.164601
7 0.3861 0.745543 0.0405442 0.166183 0.151509
6 0.623957 0.50505 0.0487251 0.148609 0.14621
10 0.503293 0.618626 0.0381862 0.10662 0.142989
6 0.261909 0.660684 0.0736174 0.283422 0.133493
6 0.313927 0.785381 0.0748747 0.217143 0.132173
10 0.155219 0.69895 0.0724988 0.340385 0.119369
10 0.149094 0.767851 0.0736225 0.200749 0.114573
11 0.986887 0.372694 0.0275728 0.111264 0.112427
6 0.986684 0.42067 0.0261593 0.209148 0.111705
6 0.0327226 0.91469 0.0674515 0.173321 0.109343
2 0.260941 0.0661217 0.0522345 0.131126 0.108216
7 0.383923 0.709069 0.0317828 0.078398 0.107811
6 0.0350747 0.858713 0.0726957 0.283335 0.107013
0 0.636049 0.571354 0.0579319 0.129779 0.105902
10 0.906402 0.458468 0.0318453 0.102837 0.10497
10 0.890147 0.453143 0.0316618 0.109697 0.102489
11 0.988197 0.400858 0.0243469 0.183591 0.0950015
10 0.632979 0.501386 0.0500993 0.152506 0.0948827
6 0.0347516 0.945872 0.0707139 0.11009 0.0944635
6 0.0273894 0.843081 0.0561516 0.310148 0.0937314
6 0.63528 0.500978 0.0497087 0.144577 0.0935755
2 0.155659 0.0705343 0.13661 0.140684 0.0871796
6 0.331875 0.771112 0.0629625 0.227298 0.0868991
6 0.322874 0.773602 0.0714976 0.233743 0.0863208
10 0.990865 0.411784 0.0207291 0.270527 0.0839102
6 0.339855 0.769369 0.0701142 0.232327 0.0837956
10 0.923373 0.471907 0.0271523 0.0866464 0.0828031
6 0.05048 0.914302 0.103264 0.173899 0.0824318
4 0.234407 0.277431 0.0453021 0.0421527 0.082404
11 0.983293 0.408334 0.0340952 0.159807 0.0813144
6 0.0469439 0.948626 0.095767 0.104238 0.0807272
6 0.273727 0.671733 0.0443268 0.140107 0.0777958
10 0.0273036 0.781121 0.0547406 0.436059 0.0766448
4 0.243035 0.27588 0.0617018 0.042856 0.0755949
10 0.0261519 0.733528 0.0527559 0.534733 0.0749037
10 0.374691 0.570013 0.046485 0.284862 0.0748538
10 0.486855 0.612315 0.0482118 0.231285 0.071064
10 0.1741 0.753327 0.0382039 0.160637 0.0694423
6 0.275096 0.671511 0.0453309 0.137778 0.0680126
6 0.983563 0.425021 0.0314924 0.187718 0.0679591
6 0.053134 0.859673 0.109248 0.283453 0.0673022
6 0.27277 0.682056 0.0455955 0.161156 0.0672346
7 0.397579 0.739748 0.0357963 0.153534 0.0668298
10 0.0508972 0.776452 0.101346 0.447343 0.0665214
10 0.499114 0.581018 0.051981 0.191127 0.0664165
11 0.971288 0.394276 0.0571436 0.140184 0.0660058
6 0.0155559 0.948023 0.0315654 0.106442 0.0656915
10 0.178037 0.650457 0.0333909 0.106806 0.0651997
10 0.0195957 0.721072 0.0399761 0.560411 0.0647975
10 0.488668 0.608492 0.0458274 0.229257 0.0644481
11 0.986906 0.380689 0.0268541 0.0985572 0.0633596
10 0.844446 0.369549 0.0238905 0.0744465 0.0623007
10 0.409967 0.558187 0.0626831 0.217471 0.0615999
11 0.308343 0.794494 0.0754156 0.206292 0.0615327
10 0.174157 0.647008 0.0360095 0.10846 0.0614254
2 0.213625 0.0578649 0.0601268 0.116593 0.0610554
6 0.308516 0.78912 0.0594348 0.202478 0.0608617
10 0.902785 0.451759 0.032688 0.110293 0.0596887
10 0.988626 0.361207 0.0251154 0.143014 0.0586674
7 0.280757 0.260205 0.026338 0.0481746 0.0580989
10 0.487589 0.618794 0.0464381 0.233532 0.0569339
2 0.124779 0.0718135 0.119558 0.143543 0.0558545
2 0.276033 0.0663822 0.0379996 0.131534 0.0558044
10 0.0538713 0.72733 0.107442 0.54727 0.0556481
2 0.191217 0.0681709 0.0410038 0.139173 0.0554554
10 0.0489077 0.676833 0.0973701 0.65153 0.0551113
10 0.155622 0.687185 0.0562844 0.314485 0.0549344
10 0.268504 0.25797 0.0276967 0.0479403 0.054731
6 0.950912 0.939408 0.0993723 0.116552 0.0542087
11 0.261576 0.658963 0.0545282 0.118998 0.0535615
0 0.613456 0.561162 0.0985549 0.174412 0.0530199
10 0.540263 0.595 0.0415976 0.155464 0.0529989
6 0.335284 0.765855 0.0511047 0.219055 0.0518955
6 0.00976589 0.869766 0.0205599 0.265139 0.0518436
0 0.628531 0.524224 0.059791 0.197614 0.051175
6 0.277157 0.644733 0.0627648 0.280044 0.05117
10 0.145999 0.643463 0.0470516 0.221877 0.0508603
10 0.179345 0.649806 0.0352977 0.107599 0.0506193
6 0.986422 0.443975 0.0266722 0.188139 0.0505189
11 0.258827 0.629356 0.0476134 0.0632244 0.0500409
6 0.0147832 0.967798 0.030515 0.0668755 0.0498022
6 0.0407408 0.645339 0.0657631 0.16164 0.0491565
10 0.992274 0.338321 0.0172518 0.505892 0.0490801
2 0.177655 0.0699478 0.0493045 0.143041 0.048735
6 0.968438 0.421499 0.0626663 0.197308 0.0467546
10 0.36611 0.567172 0.0428365 0.286943 0.0463245
2 0.190654 0.0722229 0.236223 0.143427 0.0459936
10 0.170208 0.645175 0.0371573 0.10916 0.0459138
2 0.277912 0.0583441 0.038866 0.116261 0.045804
2 0.404545 0.485289 0.0290533 0.0564987 0.0457365
10 0.523023 0.634079 0.0408717 0.113101 0.0457053
6 0.338499 0.769784 0.0510587 0.221738 0.045611
6 0.263552 0.672279 0.0489258 0.136558 0.0450785
2 0.118395 0.018432 0.0477458 0.0375387 0.0450545
6 0.34324 0.75931 0.0399253 0.193271 0.0450005
7 0.403411 0.736584 0.0329475 0.152827 0.0448418
10 0.485361 0.61732 0.0876879 0.228161 0.0444577
10 0.545109 0.638557 0.0550035 0.269762 0.0440784
2 0.408325 0.484321 0.0316089 0.056608 0.043862
11 0.957611 0.383907 0.0497295 0.08997 0.0437202
10 0.984081 0.627347 0.0325447 0.656519 0.0435338
10 0.52745 0.612481 0.0427676 0.135652 0.0434187
6 0.244206 0.699469 0.0461941 0.192132 0.042279
10 0.504823 0.550499 0.0646656 0.265691 0.0422349
10 0.990948 0.391919 0.0203018 0.611439 0.0422252
10 0.370011 0.314672 0.0410628 0.222645 0.0422146
6 0.0153855 0.767866 0.0328267 0.120755 0.0421945
6 0.0122298 0.810701 0.0259392 0.196845 0.0420962
10 0.599766 0.633859 0.051813 0.265743 0.0407258
6 0.0141915 0.761756 0.030299 0.117418 0.0405798
2 0.445756 0.473003 0.0264915 0.0539385 0.0404762
10 0.177194 0.752884 0.0386731 0.154669 0.0402487
10 0.990073 0.290669 0.0201502 0.49112 0.0401527
6 0.0164237 0.986805 0.0334976 0.0269329 0.0399545
7 0.0531489 0.832728 0.020395 0.0400409 0.0399062
2 0.125342 0.0241675 0.0556816 0.0497329 0.0398446
10 0.132146 0.0193309 0.0602585 0.0398079 0.0398242
6 0.979997 0.740046 0.0407761 0.316395 0.0398224
10 0.926068 0.45226 0.0334148 0.126023 0.0391922
10 0.133479 0.698577 0.0883331 0.36603 0.0391611
2 0.427535 0.478008 0.0246631 0.0533567 0.0383613
10 0.985367 0.500644 0.0297562 0.387744 0.038111
10 0.985575 0.606867 0.0293718 0.601714 0.0378645
10 0.156221 0.613133 0.0565338 0.163568 0.0376111
2 0.377202 0.489699 0.0230321 0.0593308 0.0374242
2 0.319989 0.0427972 0.027913 0.0859913 0.0372409
6 0.262203 0.624115 0.0615325 0.184883 0.0369931
2 0.459106 0.469769 0.0258992 0.052194 0.0368028
6 0.604289 0.513161 0.0444139 0.164133 0.0366321
10 0.172813 0.618631 0.0437212 0.172181 0.0361712
4 0.26283 0.272139 0.0577131 0.0432443 0.0360906
4 0.249041 0.276741 0.0380319 0.0373811 0.0359185
10 0.979595 0.638131 0.0422274 0.671412 0.0358208
6 0.0131514 0.747682 0.0272543 0.0786935 0.0356804
7 0.350932 0.750737 0.0398411 0.180271 0.0351583
6 0.250887 0.608144 0.0445417 0.139095 0.0348888
10 0.624663 0.531 0.05191 0.197785 0.0348725
6 0.289616 0.614235 0.0552307 0.23271 0.0348568
4 0.190782 0.283087 0.0528241 0.0431971 0.0348263
6 0.287048 0.667235 0.0861118 0.145822 0.0347012
10 0.135715 0.638993 0.0375612 0.211502 0.0346329
10 0.370997 0.313051 0.0383293 0.214335 0.0344402
6 0.417527 0.589472 0.0360547 0.138435 0.0341972
2 0.423057 0.48021 0.0342823 0.0566685 0.033965
6 0.301991 0.693134 0.0488545 0.187358 0.0338636
2 0.161366 0.048337 0.12837 0.0989976 0.0337696
10 0.175752 0.659094 0.0263455 0.0884281 0.0333122
10 0.1242 0.769331 0.0679452 0.200669 0.0332035
6 0.251743 0.709297 0.0751693 0.235804 0.0330464
0 0.734021 0.49666 0.0397717 0.0898347 0.0328756
2 0.14922 0.0172924 0.0424634 0.0352884 0.0328695
7 0.359641 0.743211 0.0369832 0.16121 0.0328422
7 0.0704392 0.810059 0.0209233 0.0426922 0.0326352
6 0.119413 0.972646 0.224903 0.0541231 0.0325062
2 0.196086 0.0974921 0.0367255 0.0994644 0.0324182
2 0.388284 0.050022 0.0379559 0.101298 0.03239
4 0.251163 0.272878 0.0482193 0.0423745 0.0323759
6 0.108884 0.935751 0.215179 0.129429 0.03226
11 0.408446 0.678839 0.0706224 0.138961 0.0322246
2 0.163968 0.0187162 0.0569261 0.0383189 0.0320831
10 0.421631 0.586747 0.0388151 0.143941 0.031668
6 0.986103 0.471415 0.0256174 0.190549 0.0316586
10 0.128449 0.791414 0.0358797 0.142912 0.0310806
6 0.941857 0.386171 0.0451937 0.0816897 0.0308105
6 0.293167 0.62209 0.0689723 0.278089 0.0306233
0 0.61592 0.580737 0.0579769 0.118571 0.0305576
7 0.253185 0.61185 0.0233333 0.0352075 0.0302853
2 0.122637 0.0291673 0.0693122 0.0603329 0.0301735
10 0.129676 0.76099 0.0822806 0.222777 0.0300585
6 0.229074 0.614945 0.055993 0.186164 0.0298851
10 0.591658 0.591786 0.0372747 0.0875638 0.0296727
4 0.255038 0.274536 0.0414248 0.0371872 0.0294907
1 0.872409 0.497102 0.0417486 0.052479 0.0294178
2 0.467805 0.467404 0.030588 0.0510572 0.0292912
4 0.256235 0.274415 0.0320169 0.0398598 0.0291058
2 0.295539 0.0434228 0.0265098 0.0893722 0.0290273
7 0.308492 0.042091 0.0276998 0.0858906 0.0287576
10 0.488579 0.622945 0.0385513 0.0893425 0.0286968
4 0.214169 0.279207 0.0316928 0.0383619 0.0286604
2 0.252434 0.0344371 0.0196975 0.0611174 0.0284799
6 0.239411 0.58603 0.0414145 0.0918494 0.0284706
10 0.502184 0.503502 0.0780185 0.389701 0.0283381
6 0.931302 0.436401 0.06371 0.168122 0.0282616
6 0.654888 0.503877 0.0428086 0.136308 0.0280344
6 0.650277 0.486385 0.0458401 0.114716 0.0280135
6 0.981181 0.718373 0.0380671 0.386618 0.027906
6 0.615834 0.47285 0.0427378 0.0931527 0.0278746
6 0.926649 0.431501 0.0557142 0.17106 0.0276808
4 0.206935 0.282915 0.0385124 0.0440871 0.0276696
3 0.263598 0.0763944 0.529746 0.153449 0.0274037
2 0.281425 0.0484273 0.033578 0.0984797 0.027231
2 0.324682 0.0395867 0.0672206 0.0797532 0.0271422
2 0.545854 0.0210656 0.0499895 0.0431086 0.0270072
10 0.146299 0.641981 0.0418822 0.136914 0.0269118
11 0.965484 0.374829 0.0731615 0.189297 0.0268911
10 0.105262 0.776444 0.161665 0.242978 0.0268021
10 0.38736 0.633467 0.0635995 0.402564 0.0264975
7 0.404649 0.702181 0.0315483 0.0802296 0.0264412
2 0.486724 0.0104903 0.0472279 0.0218074 0.0263293
10 0.920823 0.451633 0.0422611 0.12281 0.0262009
11 0.273698 0.632922 0.0402472 0.0594681 0.0260559
4 0.21397 0.280282 0.0297506 0.0362599 0.0260379
6 0.610052 0.526189 0.0444482 0.196946 0.025993
10 0.596649 0.585893 0.0335816 0.10335 0.025957
6 0.265761 0.576702 0.0481237 0.143032 0.0256562
11 0.919271 0.434667 0.0716318 0.16155 0.0256456
10 0.379128 0.671518 0.0575941 0.345757 0.0255306
2 0.177863 0.0168114 0.038593 0.0345893 0.0252647
2 0.453219 0.00933268 0.0541402 0.0196787 0.025178
2 0.48331 0.463107 0.028876 0.0512197 0.0250737
10 0.0983613 0.0154693 0.0437462 0.0322547 0.0250308
6 0.23918 0.671646 0.0483553 0.150237 0.0248716
6 0.241043 0.694454 0.0540658 0.190829 0.0248383
10 0.537393 0.591822 0.0319619 0.146026 0.0247719
7 0.283269 0.0327944 0.0293753 0.0618108 0.024621
6 0.297308 0.6075 0.0574878 0.237828 0.0244406
3 0.296908 0.0760281 0.56819 0.151183 0.0244227
6 0.93746 0.403736 0.0474419 0.0922141 0.024268
7 0.0490089 0.0442109 0.0787036 0.0881563 0.024226
7 0.167783 0.285937 0.0374086 0.0454362 0.0241984
10 0.437903 0.63313 0.045521 0.232703 0.0241705
10 0.363012 0.611152 0.08109 0.532893 0.0240774
2 0.526641 0.0166596 0.0749611 0.0340402 0.023946
0 0.663356 0.541949 0.0572194 0.196973 0.0237623
0 0.652996 0.527531 0.0454522 0.177365 0.0237538
10 0.600826 0.633814 0.0419 0.265635 0.0233267
10 0.385388 0.587558 0.0401533 0.149048 0.0232469
10 0.505659 0.553681 0.104995 0.254138 0.0232318
10 0.132663 0.803539 0.0645253 0.133712 0.0232289
7 0.40301 0.701349 0.0313102 0.0820199 0.0228163
6 0.659466 0.497828 0.0374048 0.127318 0.022638
11 0.933468 0.405547 0.121491 0.141577 0.0226313
3 0.300873 0.107437 0.570136 0.213262 0.0225734
6 0.680522 0.316661 0.0421183 0.061528 0.0222394
10 0.561782 0.457387 0.0322401 0.144642 0.0219547
6 0.260861 0.584473 0.0399382 0.0955499 0.0218886
11 0.933071 0.439896 0.0514503 0.140201 0.0218772
6 0.396826 0.662161 0.0562113 0.176594 0.0217719
10 0.131487 0.767185 0.156434 0.224507 0.0215622
6 0.30974 0.621167 0.0359283 0.201323 0.0215523
6 0.23454 0.75767 0.0684784 0.327043 0.0214357
6 0.602494 0.484327 0.0438495 0.114567 0.0213501
3 0.393596 0.435324 0.718374 0.863304 0.0211939
6 0.604059 0.53503 0.0443769 0.204395 0.0210468
6 0.314372 0.636729 0.0378355 0.165615 0.0209815
6 0.214058 0.672332 0.0428137 0.17258 0.0208335
11 0.919618 0.427979 0.0970734 0.165105 0.0205525
3 0.314081 0.068149 0.513888 0.137506 0.0205272
10 0.0943609 0.351334 0.00956076 0.0217686 0.0204937
6 0.314988 0.650707 0.0401789 0.126356 0.020444
3 0.434706 0.429649 0.842175 0.847818 0.0204367
6 0.398441 0.570273 0.0392352 0.170732 0.0203825
6 0.392396 0.57326 0.0415964 0.165794 0.0200613
10 0.877838 0.45277 0.0452036 0.120112 0.0200583
6 0.253646 0.5784 0.0558412 0.140895 0.0200402
6 0.325226 0.665206 0.0432156 0.149616 0.0198847
6 0.333944 0.704117 0.0431242 0.100843 0.0196102
6 0.931374 0.36565 0.0528454 0.105825 0.0195885
10 0.0311674 0.359182 0.0376748 0.0556616 0.0195226
6 0.275149 0.554766 0.0464521 0.125632 0.019517
6 0.241832 0.578467 0.0605359 0.172733 0.0193847
2 0.220182 0.0226746 0.0364584 0.0448452 0.018662
6 0.197934 0.697364 0.0564238 0.204913 0.0185321
6 0.312496 0.669367 0.08621 0.164108 0.0184454
6 0.86286 0.507156 0.0446123 0.0762925 0.0182372
3 0.931078 0.627082 0.142869 0.706536 0.0179714
6 0.310188 0.70208 0.0488292 0.311024 0.0174471
3 0.434473 0.240148 0.833359 0.482585 0.0170153
10 0.856443 0.622624 0.040171 0.19181 0.0165982
0 0.718571 0.499685 0.052595 0.0974979 0.0162243
3 0.325372 0.096612 0.501385 0.192187 0.0161002
10 0.183937 0.698854 0.0457293 0.156035 0.0155615
6 0.193776 0.665166 0.0372372 0.0835907 0.0155295
11 0.258439 0.754125 0.0480117 0.112386 0.0152917
7 0.0601099 0.294836 0.0295301 0.0334262 0.0151995
7 0.326038 0.267396 0.021031 0.0350439 0.0146814
10 0.587518 0.584005 0.0663036 0.120009 0.0145285
3 0.395523 0.124501 0.742814 0.255308 0.0142735
3 0.46404 0.103212 0.915169 0.208912 0.0137408
10 0.195754 0.393483 0.0517736 0.112177 0.0136597
3 0.34842 0.0660534 0.536191 0.134919 0.0134021
3 0.423818 0.217218 0.792873 0.440294 0.0132783
6 0.19978 0.724127 0.152839 0.243513 0.0129389
6 0.351604 0.641882 0.0485302 0.190316 0.0129032
0 0.750741 0.495952 0.041711 0.0883743 0.0128013
6 0.311754 0.629778 0.209399 0.222385 0.0127781
6 0.274005 0.725603 0.292184 0.346718 0.0122359
10 0.868952 0.632804 0.133834 0.64185 0.0118861
10 0.899683 0.603279 0.0442043 0.223118 0.0114439
3 0.913768 0.0301634 0.143253 0.158831 0.0078878
