10 0.514818 0.719736 0.0540045 0.281427 0.8044
10 0.474155 0.751312 0.0765845 0.325366 0.761394
0 0.628781 0.538218 0.0749042 0.217417 0.5616
10 0.602975 0.710952 0.0644146 0.312673 0.455991
10 0.156105 0.7646 0.0579803 0.1809 0.431788
10 0.610564 0.644979 0.0846466 0.442117 0.32578
10 0.909536 0.452483 0.0363823 0.191878 0.28943
4 0.913404 0.359588 0.0786774 0.0949526 0.241815
10 0.868028 0.370435 0.0176361 0.0675529 0.221246
6 0.941262 0.388586 0.0500486 0.0938662 0.21587
10 0.907218 0.410751 0.0314604 0.100633 0.21109
6 0.260272 0.684538 0.0549976 0.179832 0.201759
10 0.862314 0.36848 0.017132 0.0686325 0.187541
6 0.255235 0.664638 0.0593628 0.256186 0.179466
10 0.862924 0.370935 0.0142544 0.0667042 0.174589
10 0.473138 0.746306 0.0616806 0.322005 0.167841
11 0.919463 0.375129 0.0802626 0.0631699 0.167488
6 0.986952 0.423638 0.025016 0.194141 0.162351
11 0.314224 0.789714 0.0750259 0.210208 0.157466
10 0.48411 0.742615 0.0555278 0.307685 0.156389
2 0.261323 0.065514 0.0530155 0.130551 0.153928
10 0.507963 0.701448 0.0658429 0.313599 0.148377
6 0.944541 0.385366 0.0414663 0.0895239 0.146003
10 0.491635 0.528931 0.0586247 0.24331 0.143038
10 0.479726 0.731639 0.0499574 0.281612 0.139067
6 0.982273 0.391767 0.0345701 0.122327 0.137908
10 0.894428 0.407578 0.0215525 0.0896978 0.124817
6 0.976259 0.38531 0.0471352 0.107321 0.124122
10 0.853202 0.369297 0.0173508 0.0687196 0.122137
6 0.954014 0.385528 0.0334103 0.0929182 0.117483
2 0.2062 0.0616796 0.0545049 0.123494 0.112091
10 0.597705 0.644358 0.0690149 0.450587 0.112024
10 0.991586 0.394403 0.0191435 0.246265 0.109679
11 0.987364 0.377786 0.0268116 0.0898789 0.109658
11 0.916327 0.405468 0.0542084 0.108526 0.107055
2 0.157159 0.0699767 0.136281 0.139306 0.106205
10 0.489916 0.725592 0.0536418 0.280235 0.104965
10 0.91649 0.408794 0.0202654 0.0966347 0.104325
10 0.484271 0.726143 0.0461042 0.271806 0.103966
6 0.0344305 0.859521 0.0716863 0.281998 0.103087
11 0.910532 0.37685 0.0646122 0.0491787 0.100651
6 0.983711 0.407565 0.0320841 0.142758 0.100458
6 0.9348 0.397892 0.0488195 0.0807592 0.097705
6 0.987221 0.441304 0.0258297 0.179851 0.096795
10 0.504757 0.700985 0.054458 0.31359 0.0966869
6 0.0296465 0.916966 0.061793 0.168539 0.0963216
0 0.624999 0.575423 0.0595697 0.125921 0.092372
11 0.931012 0.404422 0.0528215 0.0932257 0.0905851
6 0.0263031 0.844947 0.054209 0.306827 0.0891918
10 0.892705 0.404685 0.024666 0.0961575 0.0886205
10 0.843946 0.367055 0.018343 0.072845 0.0885564
11 0.940897 0.402348 0.0444098 0.0664056 0.0851295
6 0.352911 0.769162 0.0758046 0.229216 0.084896
10 0.490307 0.712753 0.0885943 0.323032 0.084687
0 0.648957 0.565625 0.0600021 0.171953 0.0838905
10 0.84167 0.370777 0.0164448 0.0708018 0.0820612
10 0.907284 0.409976 0.0331377 0.0995678 0.0800827
6 0.989332 0.392795 0.0221218 0.180628 0.0793021
6 0.948698 0.367539 0.0248539 0.0608717 0.0792418
6 0.346492 0.770166 0.0669668 0.225916 0.0790011
10 0.988575 0.463813 0.0234474 0.332895 0.0788266
6 0.255635 0.671832 0.042672 0.135199 0.078785
6 0.457463 0.595342 0.0402282 0.122903 0.0785392
6 0.0501626 0.916402 0.102541 0.169749 0.0778395
10 0.0250497 0.778835 0.050488 0.440749 0.0776865
6 0.954687 0.368325 0.0271334 0.0627127 0.0773888
10 0.840353 0.369478 0.0186068 0.0698729 0.07654
10 0.898996 0.413856 0.031147 0.0986047 0.0764092
6 0.955371 0.39589 0.0856077 0.117623 0.0751246
10 0.889446 0.392565 0.0279013 0.113938 0.0747815
6 0.0315321 0.947198 0.0646771 0.107825 0.0746037
6 0.983716 0.452763 0.0325626 0.212398 0.073605
10 0.157317 0.698602 0.0761041 0.342472 0.0728704
6 0.04872 0.950009 0.0991463 0.101817 0.0725587
7 0.383865 0.705925 0.0306856 0.0721632 0.0722238
6 0.351434 0.771011 0.0798847 0.242836 0.0721974
10 0.900409 0.457604 0.0327673 0.189846 0.0714803
10 0.0202513 0.730965 0.0418846 0.537697 0.0714001
2 0.124976 0.0709155 0.0993685 0.141405 0.0707208
2 0.411418 0.483655 0.0310172 0.0594229 0.0701597
10 0.174192 0.644758 0.0364215 0.109636 0.0700626
10 0.157399 0.697154 0.0619604 0.320778 0.0696532
10 0.900537 0.493275 0.0389738 0.308273 0.0670675
6 0.0523714 0.858848 0.107605 0.28488 0.0668852
10 0.876082 0.358832 0.0183281 0.0524129 0.0665887
6 0.950441 0.939251 0.100148 0.118213 0.0663859
10 0.0499183 0.775218 0.0992257 0.449614 0.0662202
11 0.988379 0.36112 0.0251368 0.114195 0.065992
10 0.464082 0.592817 0.0421783 0.124162 0.0652146
10 0.991297 0.328881 0.018795 0.55695 0.0649367
6 0.384376 0.747303 0.0403167 0.173939 0.0644999
0 0.624924 0.533348 0.0679308 0.205676 0.0638361
2 0.405021 0.485372 0.0317874 0.0586697 0.0630954
6 0.943972 0.368271 0.0302855 0.0656922 0.0629117
2 0.191198 0.0718924 0.210669 0.142255 0.0621101
10 0.177367 0.650289 0.0352493 0.114308 0.0616191
10 0.373678 0.572464 0.0435003 0.281912 0.0609145
7 0.281303 0.2601 0.0260851 0.0493155 0.0601385
6 0.956787 0.394922 0.0441229 0.111162 0.0595276
4 0.901284 0.365485 0.0936491 0.0955203 0.0591506
6 0.275676 0.674937 0.0469152 0.138654 0.0588612
2 0.18807 0.0658842 0.0388409 0.134969 0.0583912
10 0.430003 0.550058 0.0792071 0.21493 0.0583838
11 0.912015 0.377814 0.0672951 0.0554757 0.05826
6 0.041626 0.645594 0.0637341 0.157744 0.05754
10 0.0460331 0.685844 0.0918726 0.63154 0.0573597
10 0.625345 0.531346 0.0664489 0.203401 0.0571623
10 0.0516084 0.731081 0.103446 0.539327 0.0570295
6 0.27647 0.672484 0.0442523 0.136107 0.0566871
6 0.974234 0.735551 0.0527781 0.3009 0.0562583
6 0.986552 0.439022 0.0262627 0.114901 0.0551761
2 0.318909 0.0567309 0.0321044 0.114564 0.0551248
6 0.310092 0.791272 0.056513 0.197455 0.0536213
0 0.651428 0.538091 0.0612342 0.20212 0.053498
10 0.58766 0.637248 0.061734 0.474963 0.0533864
6 0.640019 0.504683 0.0504664 0.15672 0.0533236
11 0.254799 0.63012 0.0414304 0.0622533 0.0531029
10 0.895477 0.450152 0.0308134 0.188494 0.0526605
10 0.979984 0.619111 0.0411146 0.664001 0.0522968
10 0.989082 0.415042 0.0230261 0.741675 0.0522008
6 0.253585 0.687301 0.0447604 0.163121 0.051582
10 0.939912 0.494059 0.0449793 0.318689 0.0512837
6 0.980107 0.493047 0.0380138 0.323945 0.0512448
11 0.257455 0.642026 0.043478 0.0871555 0.0512129
2 0.283417 0.0617611 0.0399486 0.123431 0.0510776
11 0.939134 0.384614 0.0555492 0.0944517 0.0505949
10 0.986672 0.566865 0.026992 0.522469 0.0503479
11 0.982148 0.37921 0.0325623 0.0886349 0.0499779
2 0.380726 0.489876 0.0243753 0.0606307 0.0495921
10 0.486345 0.726468 0.0541842 0.260557 0.0495594
4 0.239803 0.276328 0.0420711 0.0422465 0.0494163
0 0.65679 0.536773 0.0591692 0.210084 0.0492952
10 0.546037 0.716049 0.0455898 0.284974 0.0488206
11 0.916602 0.381461 0.0939152 0.132388 0.0480409
2 0.117347 0.018573 0.0474121 0.0377245 0.0479366
4 0.878377 0.361829 0.0393969 0.0728558 0.0479009
10 0.600387 0.531547 0.0493705 0.203265 0.0478359
6 0.427341 0.598212 0.0318745 0.117703 0.0473024
11 0.260927 0.634735 0.0426407 0.0799992 0.0462989
2 0.191242 0.0739618 0.0393263 0.144057 0.0462019
10 0.511238 0.5866 0.0312432 0.0962368 0.0460502
6 0.985728 0.778382 0.0287483 0.374979 0.0458206
10 0.601874 0.534387 0.0560024 0.207519 0.0455074
0 0.734108 0.494941 0.0406921 0.0942135 0.0454865
6 0.264845 0.625551 0.0419795 0.233196 0.0454448
10 0.580762 0.716874 0.0579414 0.307268 0.0450828
10 0.542843 0.723816 0.0431224 0.275901 0.0449135
10 0.539381 0.720892 0.044171 0.280867 0.0444547
6 0.944355 0.37679 0.039259 0.0668515 0.0439621
10 0.144473 0.771576 0.0786152 0.20686 0.0437829
10 0.177606 0.753346 0.0391302 0.155552 0.043619
10 0.976094 0.634142 0.0485836 0.635479 0.0435766
6 0.255823 0.603504 0.0439648 0.126177 0.0435492
6 0.23379 0.676998 0.0447153 0.157145 0.0424526
6 0.646051 0.511417 0.0499618 0.163899 0.042387
2 0.166918 0.0507884 0.115831 0.103615 0.0423384
6 0.408508 0.675477 0.0643651 0.131254 0.0422843
2 0.438908 0.475889 0.0223987 0.0553154 0.0421817
2 0.423024 0.480933 0.0353224 0.0594838 0.0421738
6 0.485547 0.58615 0.0424444 0.129259 0.0421521
10 0.920246 0.425183 0.0236425 0.123323 0.0420663
6 0.958715 0.364323 0.0256983 0.0580425 0.0419343
6 0.428336 0.595692 0.0336581 0.118428 0.0418457
10 0.139006 0.637775 0.038553 0.19513 0.0417418
2 0.124951 0.0247848 0.0557868 0.0509921 0.0413625
11 0.925797 0.448769 0.0612391 0.159064 0.0407537
10 0.144013 0.646656 0.0456442 0.218354 0.040607
10 0.130334 0.768347 0.0657949 0.199396 0.0404824
10 0.49127 0.731359 0.0475695 0.267507 0.0403888
6 0.0121394 0.752277 0.0251015 0.0785991 0.0402986
10 0.265768 0.257239 0.0271204 0.0486269 0.0398747
10 0.443021 0.752192 0.0517723 0.318438 0.0398484
4 0.885656 0.360118 0.0172323 0.0564939 0.0397109
11 0.296428 0.803458 0.0765439 0.204568 0.0392222
10 0.131952 0.0193395 0.0622241 0.039808 0.0391398
10 0.485626 0.535339 0.0685511 0.274207 0.0391161
0 0.65404 0.569899 0.0460279 0.108265 0.0387984
10 0.880786 0.368673 0.0182207 0.0702382 0.0386357
10 0.134322 0.690993 0.0981218 0.378443 0.0385424
6 0.260891 0.709667 0.078655 0.272362 0.0385341
10 0.924405 0.442703 0.0279249 0.198256 0.0383456
10 0.989172 0.279794 0.0215622 0.491425 0.0380856
6 0.978037 0.70389 0.0465092 0.379043 0.0379112
10 0.581238 0.713623 0.0540315 0.313978 0.0379091
6 0.261892 0.614558 0.0431901 0.178576 0.0378105
6 0.990238 0.793871 0.0206148 0.383513 0.0374001
10 0.459257 0.545856 0.0658284 0.231431 0.0373335
6 0.0116337 0.767565 0.0246056 0.131302 0.0372683
6 0.642832 0.483123 0.0452681 0.112033 0.0371556
10 0.494774 0.602138 0.0344932 0.12815 0.0370955
2 0.453654 0.471213 0.0242627 0.0560336 0.0369091
10 0.585347 0.657193 0.0463545 0.413103 0.0364407
11 0.939584 0.436951 0.044664 0.0849771 0.0360791
2 0.305139 0.0701136 0.16043 0.140421 0.0359042
2 0.146995 0.0170472 0.0411884 0.0347296 0.0353691
10 0.923107 0.401271 0.0191998 0.0814627 0.0352378
4 0.249583 0.274672 0.0628424 0.0428855 0.0350011
6 0.0126766 0.769744 0.0273289 0.121588 0.0348872
10 0.522437 0.652394 0.0458455 0.164864 0.0347247
6 0.39829 0.666135 0.0375059 0.106666 0.0347052
2 0.163312 0.0186245 0.0556517 0.0379266 0.0345546
6 0.105987 0.937567 0.208967 0.126095 0.0342721
11 0.922002 0.458296 0.064175 0.210305 0.0341952
10 0.138691 0.766489 0.127713 0.212843 0.0337188
7 0.169914 0.285167 0.0362306 0.0484904 0.0336471
6 0.399725 0.733347 0.0333956 0.153977 0.0335426
2 0.116222 0.040511 0.0623042 0.0837949 0.0333033
6 0.443637 0.593399 0.0381854 0.121358 0.0329912
2 0.379899 0.504942 0.0291045 0.0982878 0.0327643
10 0.504931 0.517455 0.0636583 0.256878 0.0325733
6 0.409388 0.59521 0.0383922 0.125524 0.0324793
10 0.145539 0.642812 0.043289 0.154677 0.032387
10 0.130121 0.791677 0.0356355 0.139027 0.0321637
10 0.163271 0.639805 0.0387433 0.117529 0.0320695
2 0.42748 0.478676 0.0214393 0.056258 0.0320548
0 0.653656 0.529668 0.0435461 0.186479 0.0320291
2 0.294593 0.0456884 0.0265327 0.0941275 0.032021
2 0.542815 0.0215299 0.0480089 0.0439323 0.0320092
2 0.285968 0.056508 0.0333307 0.115895 0.0319357
6 0.220631 0.698731 0.0469662 0.195356 0.0319011
10 0.947387 0.616061 0.104759 0.737256 0.0318798
2 0.322994 0.0529305 0.060876 0.107568 0.0318792
2 0.309079 0.0467029 0.0286105 0.0959523 0.0315221
7 0.0702462 0.810268 0.0209449 0.0408389 0.0314798
2 0.254341 0.0346584 0.0195409 0.0610505 0.0312457
2 0.484629 0.010822 0.0511882 0.0226785 0.0309751
6 0.334774 0.772774 0.052393 0.190121 0.030956
6 0.654192 0.508645 0.0415167 0.150501 0.0300846
0 0.952364 0.651221 0.0949596 0.672313 0.0299228
2 0.460678 0.469402 0.0269269 0.0543521 0.0295161
4 0.217937 0.278479 0.0309707 0.0389987 0.0293154
10 0.48891 0.753326 0.0417462 0.208307 0.0292631
10 0.441789 0.761173 0.0700492 0.330473 0.0290047
4 0.891189 0.362507 0.0566137 0.0684631 0.0289798
2 0.521922 0.0170105 0.0741108 0.0350267 0.0288367
6 0.885806 0.412755 0.0203236 0.0834894 0.0287449
7 0.394447 0.703711 0.0305651 0.0774172 0.0285579
11 0.912549 0.371909 0.0696604 0.0882183 0.028485
6 0.949109 0.938882 0.105528 0.1189 0.0284088
2 0.368794 0.48598 0.0285759 0.0567735 0.0281526
10 0.534665 0.610709 0.143524 0.524916 0.0277556
3 0.255193 0.0758161 0.513237 0.152105 0.0276512
11 0.925748 0.353801 0.0570862 0.0697315 0.0269269
6 0.200388 0.628486 0.0476274 0.214043 0.026591
2 0.178725 0.0160962 0.0380347 0.0329005 0.0261287
10 0.458652 0.759307 0.0662486 0.216578 0.0260625
6 0.6806 0.318282 0.0386806 0.0597349 0.0256855
10 0.559469 0.719799 0.046413 0.28568 0.0256637
6 0.179801 0.675385 0.0244346 0.0523224 0.025391
7 0.214875 0.279933 0.0301238 0.0372558 0.0252349
7 0.397915 0.702805 0.0300198 0.0788059 0.0249097
10 0.43854 0.7647 0.0807763 0.333559 0.0248455
10 0.914871 0.386613 0.0253645 0.0588733 0.0246637
11 0.924039 0.382955 0.0207644 0.0492118 0.0245168
0 0.663722 0.535838 0.0544021 0.202041 0.0243041
10 0.381196 0.556152 0.0414884 0.211042 0.0242575
10 0.107602 0.773287 0.143903 0.226746 0.0242343
0 0.647067 0.626596 0.0749377 0.40808 0.0235678
3 0.376018 0.448475 0.66146 0.886347 0.0231692
6 0.373392 0.665655 0.0333069 0.117256 0.0229304
2 0.365586 0.491046 0.0308036 0.0631851 0.0227836
6 0.376841 0.672449 0.0386599 0.121552 0.0227664
3 0.296683 0.0753095 0.566787 0.149802 0.0222896
2 0.496939 0.458159 0.0213628 0.050299 0.0222568
6 0.662409 0.501947 0.0388876 0.140333 0.0221397
6 0.212021 0.66008 0.0404815 0.149003 0.0220986
4 0.884113 0.374614 0.0374352 0.0492386 0.0220084
6 0.182743 0.659078 0.0440548 0.106628 0.0216637
6 0.61397 0.466991 0.0459572 0.0871542 0.0216606
3 0.302201 0.106239 0.567816 0.211126 0.0216249
4 0.247073 0.275087 0.0311313 0.0451179 0.0211405
7 0.320516 0.266199 0.0223279 0.0360853 0.0211302
4 0.878171 0.368456 0.0481123 0.0729489 0.0209891
10 0.133211 0.78885 0.0664607 0.163583 0.020815
4 0.884215 0.372634 0.032699 0.0549365 0.0201121
6 0.664341 0.511428 0.0386399 0.159752 0.0200861
10 0.461696 0.645339 0.0831017 0.231854 0.0195972
10 0.947801 0.535155 0.0260273 0.339747 0.0195341
10 0.531855 0.73979 0.213159 0.299252 0.019335
3 0.298621 0.171263 0.566677 0.33711 0.0188465
6 0.329979 0.703875 0.0399071 0.097151 0.0183734
2 0.390932 0.490781 0.0232675 0.0678538 0.0183721
3 0.419212 0.243994 0.803795 0.485358 0.0172826
3 0.321644 0.101206 0.536335 0.203393 0.0166725
6 0.250041 0.761936 0.290498 0.263247 0.016669
6 0.275972 0.56415 0.0391206 0.0936914 0.0164686
10 0.601523 0.540629 0.0616697 0.219428 0.0164247
10 0.181858 0.721152 0.0525846 0.169759 0.0155953
10 0.480846 0.721052 0.32052 0.284391 0.015048
10 0.329358 0.668736 0.0537149 0.347022 0.0149144
10 0.412515 0.743873 0.284021 0.30375 0.0147971
3 0.379926 0.122812 0.697331 0.251249 0.0144134
3 0.414152 0.222571 0.773387 0.449505 0.0138977
3 0.343957 0.0642997 0.502785 0.131452 0.013525
6 0.580403 0.45193 0.0511602 0.097101 0.0126004
0 0.752343 0.493994 0.0448976 0.0921692 0.0124159
6 0.67523 0.475322 0.0331673 0.133467 0.0116502
10 0.439213 0.717095 0.409922 0.313757 0.0113573
3 0.916138 0.0319653 0.132921 0.136195 0.00828805
10 0.442967 0.879195 0.125763 0.136323 0.00823153
