11 0.738987 0.473677 0.124243 0.253673 0.837619
8 0.397155 0.612667 0.250181 0.179657 0.616286
6 0.841043 0.516251 0.195469 0.458357 0.607587
6 0.834499 0.5137 0.193285 0.455898 0.235915
5 0.167741 0.521442 0.0288683 0.08256 0.227423
5 0.16991 0.515829 0.110163 0.128157 0.173755
6 0.866189 0.581234 0.261379 0.599865 0.14065
6 0.395606 0.275552 0.0385487 0.121073 0.130654
2 0.194003 0.390621 0.0225029 0.0532617 0.116053
6 0.44158 0.276083 0.035093 0.13244 0.114939
5 0.148415 0.524787 0.0705956 0.106619 0.106829
5 0.672554 0.958783 0.259977 0.083486 0.0889091
2 0.197322 0.382889 0.0222392 0.065556 0.0880982
6 0.812179 0.445457 0.224759 0.303096 0.0849367
5 0.521748 0.201404 0.0409996 0.0444454 0.0836475
6 0.127943 0.978459 0.250108 0.0426046 0.0801259
6 0.083035 0.977896 0.163044 0.0437511 0.0780756
6 0.745439 0.398783 0.128729 0.409943 0.0779466
6 0.821108 0.515798 0.272355 0.437808 0.0774191
5 0.706898 0.958268 0.367641 0.084805 0.07608
11 0.171171 0.543814 0.130003 0.205092 0.0717278
7 0.205107 0.495348 0.0334808 0.0676869 0.0712738
6 0.651256 0.164118 0.0474584 0.205202 0.0698226
6 0.799985 0.467631 0.21979 0.341879 0.0679712
5 0.31679 0.639548 0.0770301 0.127415 0.0665034
6 0.0756387 0.945561 0.151897 0.109227 0.0648097
6 0.440684 0.278881 0.0385454 0.140404 0.0636689
5 0.537715 0.100928 0.0460583 0.0607465 0.063644
5 0.638287 0.955771 0.41279 0.0886772 0.0622068
6 0.428824 0.273206 0.0356164 0.131602 0.0615801
1 0.66184 0.953996 0.430822 0.0911665 0.0601741
5 0.543205 0.10198 0.0439406 0.0626571 0.0601592
5 0.515576 0.204503 0.0462572 0.061248 0.0593612
1 0.707622 0.950964 0.58002 0.0974219 0.0587014
6 0.381938 0.273641 0.0379171 0.123455 0.0579615
10 0.972672 0.0941305 0.0551149 0.110547 0.0565859
6 0.712912 0.406948 0.0794225 0.381172 0.0561245
2 0.18544 0.396989 0.0198507 0.0472914 0.0560969
6 0.638195 0.207744 0.0329471 0.0883657 0.0560598
6 0.638303 0.217187 0.0328688 0.111837 0.0558788
6 0.125198 0.946479 0.249145 0.106637 0.0552155
5 0.180679 0.51993 0.0265785 0.0803258 0.0548428
6 0.30499 0.321434 0.0642754 0.108449 0.0544661
1 0.600419 0.950972 0.547024 0.0970846 0.0543175
6 0.871105 0.415709 0.114988 0.260256 0.0543047
5 0.156589 0.523397 0.0276644 0.0828598 0.0541999
5 0.750632 0.956367 0.490361 0.0875475 0.0529663
5 0.355583 0.357594 0.0354269 0.0338145 0.0524349
1 0.741436 0.94946 0.520094 0.101125 0.0520409
2 0.202561 0.378249 0.0218292 0.0745989 0.0517374
6 0.0443953 0.968444 0.0906369 0.0634207 0.0509303
2 0.787981 0.149067 0.0319238 0.0705277 0.0507475
5 0.532292 0.19976 0.0388595 0.0466922 0.0507069
11 0.270718 0.337566 0.0570545 0.110572 0.0503977
5 0.550934 0.964672 0.515093 0.0708418 0.0499119
1 0.484826 0.953256 0.827311 0.0918421 0.0494697
10 0.97085 0.074166 0.0272392 0.0696512 0.0493299
6 0.201373 0.978291 0.390461 0.0438602 0.049196
6 0.784512 0.452092 0.140326 0.307657 0.0488909
10 0.814188 0.143852 0.0977987 0.131916 0.0487869
6 0.68345 0.308335 0.0225673 0.092569 0.0479318
6 0.771277 0.443055 0.109593 0.254668 0.0466655
0 0.9709 0.103887 0.0585045 0.0992836 0.0464962
6 0.371698 0.269617 0.0385673 0.127621 0.0463444
2 0.97443 0.51975 0.0120329 0.0377674 0.0458188
5 0.138091 0.534227 0.0547082 0.0807682 0.0454382
10 0.97248 0.0669328 0.0546385 0.135074 0.0452849
6 0.644635 0.217429 0.0372949 0.117778 0.0450373
5 0.526489 0.104803 0.0599321 0.0677343 0.0450135
5 0.553817 0.101442 0.0364196 0.0606772 0.0447569
6 0.774393 0.44766 0.0950278 0.25714 0.0444512
5 0.193109 0.496657 0.0310852 0.0649796 0.0443783
11 0.74494 0.533332 0.13873 0.392514 0.044282
10 0.986209 0.0866088 0.0272217 0.0897071 0.0440263
10 0.968114 0.0817488 0.0342342 0.0791718 0.0436207
10 0.78387 0.153187 0.0356334 0.0728913 0.0429785
6 0.307631 0.320046 0.0594337 0.106242 0.0429651
6 0.755783 0.467485 0.0982652 0.230666 0.042904
5 0.195966 0.509026 0.0560362 0.106268 0.0428261
2 0.77859 0.1485 0.028508 0.0667168 0.0424383
6 0.711259 0.451605 0.0719482 0.197196 0.0419632
2 0.953513 0.0927924 0.0245583 0.0520275 0.0417477
2 0.146726 0.363493 0.0190513 0.0344815 0.0417162
6 0.739198 0.395707 0.150821 0.535207 0.0411674
6 0.690037 0.308701 0.0186498 0.0943383 0.0410818
2 0.995232 0.55165 0.0102268 0.0984477 0.0409591
6 0.684341 0.164645 0.0357509 0.183851 0.0406961
6 0.738667 0.478698 0.104435 0.237286 0.0406618
4 0.249064 0.978899 0.483093 0.0430383 0.0401526
6 0.762701 0.44569 0.0943341 0.208489 0.0397343
2 0.99564 0.540673 0.00929031 0.112545 0.0395933
6 0.706182 0.460907 0.0651257 0.225855 0.0395908
7 0.205183 0.493706 0.0316321 0.0670197 0.0392399
6 0.11855 0.989096 0.225539 0.0227709 0.0390586
6 0.765956 0.449054 0.10403 0.227413 0.0390259
2 0.656095 0.252493 0.0205542 0.0309104 0.0389126
5 0.650858 0.963331 0.17703 0.0746902 0.0387543
6 0.788583 0.461422 0.0918236 0.307148 0.0385968
6 0.764991 0.462436 0.09849 0.221307 0.037765
6 0.285843 0.32289 0.0440821 0.101476 0.0376117
10 0.951798 0.0688277 0.0962273 0.141476 0.037148
10 0.987015 0.110576 0.026004 0.0601525 0.0369233
6 0.120886 0.989725 0.230407 0.0214266 0.0366511
5 0.190929 0.514721 0.0434749 0.0979473 0.0363705
6 0.861377 0.345967 0.0940498 0.116907 0.0363457
6 0.420279 0.274849 0.0374175 0.122017 0.0362847
6 0.744505 0.444246 0.118444 0.292507 0.0362817
6 0.728283 0.448909 0.0956285 0.19414 0.0361408
10 0.991892 0.104246 0.0156622 0.0545795 0.035903
10 0.235787 0.0750194 0.0154839 0.0242163 0.0358762
10 0.684179 0.197674 0.036396 0.102491 0.0357307
5 0.370071 0.613695 0.201367 0.169753 0.0355767
7 0.204743 0.504735 0.0368466 0.0859013 0.0354141
5 0.536825 0.202147 0.0354444 0.0469079 0.0354098
7 0.784961 0.172507 0.0444389 0.0388696 0.0350378
2 0.17086 0.398959 0.020369 0.0551636 0.0350144
1 0.780154 0.969468 0.437574 0.061697 0.0349858
6 0.269526 0.335282 0.0472384 0.0996541 0.0349106
5 0.158335 0.519366 0.0574947 0.0856991 0.0348536
2 0.166661 0.406269 0.01891 0.0451283 0.0348505
6 0.765556 0.446876 0.094854 0.224797 0.0347861
2 0.19064 0.240951 0.0231293 0.0475899 0.0344653
10 0.954421 0.0870359 0.0205721 0.0608142 0.0340833
5 0.173013 0.514345 0.0968575 0.112187 0.0339458
6 0.737068 0.479425 0.103178 0.250846 0.0338802
2 0.848534 0.193808 0.0264843 0.0326612 0.0336076
6 0.31815 0.314863 0.0614688 0.101004 0.0334153
2 0.765234 0.158399 0.0207558 0.0420788 0.0332209
6 0.811875 0.512696 0.172378 0.448015 0.0331958
6 0.654958 0.102175 0.0387253 0.0785615 0.0331927
10 0.025101 0.588596 0.0468048 0.810697 0.0330252
6 0.848238 0.494352 0.175652 0.424421 0.0329892
6 0.836943 0.516345 0.308658 0.709522 0.0329446
2 0.167416 0.407739 0.024423 0.0472957 0.0329018
5 0.11233 0.987252 0.11547 0.0257744 0.0327905
10 0.0159686 0.901344 0.0324865 0.195335 0.0327679
6 0.994949 0.510716 0.0105131 0.260419 0.0326087
6 0.69774 0.474092 0.0764042 0.244199 0.032507
6 0.263672 0.340751 0.0505336 0.112715 0.032494
6 0.251883 0.340706 0.0399623 0.110718 0.0324396
2 0.18163 0.239216 0.0214046 0.0463974 0.0324034
6 0.147371 0.989224 0.181488 0.0222916 0.0323806
6 0.752144 0.450262 0.0940744 0.217543 0.0315963
5 0.498512 0.197571 0.032186 0.0474786 0.0314981
1 0.865455 0.950933 0.282165 0.0988413 0.0313033
10 0.973888 0.0654962 0.0234642 0.0476151 0.0312737
10 0.992833 0.550708 0.0141958 0.525846 0.0312108
7 0.09782 0.986957 0.0845634 0.0260256 0.0311587
6 0.41305 0.278481 0.0606694 0.136471 0.0310908
6 0.865249 0.559636 0.262944 0.561572 0.0308938
10 0.022929 0.580206 0.0427649 0.825683 0.030802
5 0.145127 0.528176 0.0620986 0.0843013 0.030758
5 0.197147 0.499572 0.0611979 0.097528 0.0307156
6 0.0606962 0.989479 0.118412 0.0218454 0.030462
5 0.200698 0.51629 0.0376888 0.0822011 0.0304167
10 0.835521 0.171374 0.0592989 0.0732957 0.0303717
6 0.818572 0.577317 0.221804 0.55697 0.030306
10 0.24725 0.0755826 0.0207082 0.0242841 0.0302504
5 0.572804 0.220681 0.0196734 0.0293361 0.0301369
6 0.263189 0.341951 0.0465872 0.10224 0.0299579
7 0.799278 0.17178 0.0349268 0.0395232 0.0299291
10 0.815614 0.159053 0.0911608 0.0966439 0.0297436
10 0.986854 0.0739352 0.0229904 0.0672134 0.0296776
6 0.668914 0.155162 0.0441413 0.177913 0.0296653
6 0.695211 0.472269 0.0511776 0.248311 0.0296019
6 0.865599 0.364949 0.101881 0.154459 0.0295776
1 0.884959 0.979452 0.233188 0.0413996 0.0295674
6 0.86389 0.355487 0.099719 0.139609 0.0294401
5 0.49511 0.198776 0.0335877 0.0441246 0.0294363
7 0.275041 0.076461 0.021836 0.0271932 0.0293847
11 0.724373 0.505831 0.124786 0.317411 0.0290024
6 0.288814 0.320896 0.0453583 0.102524 0.0288405
7 0.802219 0.172555 0.0306231 0.0420708 0.0287765
5 0.199599 0.526541 0.0309765 0.0576175 0.0287414
10 0.654146 0.202599 0.0337801 0.092282 0.0287386
6 0.0496186 0.988861 0.100003 0.022959 0.0286476
2 0.117001 0.540085 0.0248726 0.0687708 0.0285539
6 0.701042 0.473338 0.0715967 0.226665 0.0284878
10 0.846244 0.155096 0.0372711 0.11126 0.0283154
5 0.19154 0.534352 0.0276511 0.0586827 0.0282732
6 0.682283 0.347332 0.0224757 0.17463 0.0281559
2 0.765918 0.152858 0.024821 0.0605618 0.0281398
10 0.933297 0.971834 0.137156 0.0570741 0.028022
10 0.992746 0.549104 0.0144382 0.571044 0.0277871
6 0.719141 0.461089 0.0927653 0.194657 0.0276483
1 0.304432 0.983086 0.30841 0.0347782 0.0276025
6 0.228955 0.345121 0.0393878 0.117759 0.0275505
10 0.0220689 0.652574 0.0434348 0.678536 0.0274352
7 0.150754 0.551828 0.0503139 0.0515427 0.0274036
6 0.727875 0.495733 0.0978144 0.203818 0.027342
6 0.705502 0.495458 0.084352 0.206122 0.0273117
6 0.79728 0.442888 0.0783699 0.27088 0.027265
6 0.696894 0.425712 0.0746517 0.336254 0.0272032
7 0.771097 0.163909 0.0271671 0.0370547 0.0270241
8 0.458871 0.608127 0.188144 0.167289 0.026672
6 0.724341 0.443563 0.0883665 0.193828 0.0265916
8 0.47365 0.593071 0.118101 0.126773 0.0265599
10 0.966611 0.0991028 0.0391407 0.0517094 0.026521
6 0.825771 0.504514 0.253635 0.445991 0.0262297
5 0.306341 0.641421 0.0773208 0.125534 0.0261804
6 0.0427558 0.987457 0.0882116 0.0257391 0.0261382
6 0.725134 0.491791 0.104427 0.218584 0.0260934
5 0.148277 0.518464 0.0665812 0.109629 0.0260314
2 0.977642 0.524762 0.0115429 0.0563886 0.0256944
6 0.285669 0.32668 0.0496864 0.100203 0.0253892
6 0.875657 0.472631 0.137568 0.380426 0.024949
6 0.829558 0.540004 0.32188 0.453762 0.0249326
5 0.139975 0.534566 0.0530005 0.077957 0.0244575
10 0.0637129 0.656243 0.128976 0.688582 0.0244523
10 0.844491 0.165606 0.0425018 0.0874341 0.0244314
11 0.735633 0.424508 0.105752 0.14188 0.0242146
5 0.197347 0.525381 0.0339362 0.0766137 0.0240527
11 0.935047 0.552226 0.132384 0.532288 0.0238021
10 0.0492013 0.642527 0.100241 0.712116 0.0236506
6 0.775566 0.443104 0.136985 0.299057 0.0235339
5 0.38171 0.676144 0.293481 0.321923 0.0234081
6 0.772145 0.558158 0.0739315 0.34377 0.0233475
11 0.724954 0.434327 0.0957591 0.169076 0.0233314
2 0.217904 0.37532 0.021755 0.0724354 0.0232109
6 0.266899 0.33875 0.0774147 0.115673 0.0229887
11 0.933028 0.566054 0.142928 0.556718 0.0229874
5 0.202321 0.501094 0.0753697 0.102877 0.0227882
6 0.69911 0.479234 0.0855472 0.234734 0.0226851
6 0.875175 0.417817 0.111282 0.253338 0.0225282
6 0.617986 0.223531 0.0318456 0.113531 0.022525
10 0.0104808 0.863988 0.0220344 0.2423 0.0224874
6 0.736981 0.477283 0.129476 0.283245 0.0223614
6 0.798568 0.564312 0.28732 0.478281 0.0223003
7 0.221345 0.491018 0.0328471 0.0708617 0.0222188
6 0.688644 0.473391 0.058463 0.245475 0.022164
10 0.85613 0.167161 0.0294203 0.0835965 0.0221319
2 0.166388 0.402083 0.0240977 0.0524766 0.0220984
7 0.307523 0.602545 0.0523123 0.0533459 0.0219636
5 0.5539 0.204004 0.0361485 0.047467 0.021851
6 0.674019 0.101553 0.0346563 0.0696954 0.0218148
5 0.567867 0.102412 0.0436529 0.061175 0.0216436
6 0.861075 0.343895 0.0928366 0.108337 0.0215322
5 0.509693 0.102971 0.0548371 0.0616762 0.0215242
2 0.812162 0.171539 0.0267025 0.049136 0.0214936
6 0.760083 0.456468 0.134752 0.302424 0.021292
11 0.141276 0.409673 0.0300693 0.0560573 0.0212898
5 0.211808 0.509882 0.0383343 0.0947407 0.0211018
6 0.772619 0.496039 0.124035 0.282001 0.0209466
6 0.86305 0.617626 0.27352 0.679285 0.0206171
6 0.775503 0.562967 0.0593054 0.32358 0.0205396
5 0.626101 0.988968 0.120025 0.0224193 0.0199367
11 0.937561 0.55201 0.129772 0.540881 0.0198635
10 0.0157635 0.725797 0.0326708 0.517362 0.0195829
6 0.685364 0.474087 0.0552683 0.244498 0.0195696
11 0.924945 0.485539 0.15397 0.40294 0.0194412
6 0.872701 0.572804 0.255519 0.591474 0.0192759
7 0.226203 0.503573 0.0211625 0.0582049 0.0192682
5 0.598114 0.98982 0.140417 0.0209691 0.0191516
2 0.753895 0.159311 0.0161737 0.0365555 0.0190977
6 0.699571 0.108825 0.0248774 0.060919 0.0190395
2 0.215014 0.380204 0.0207655 0.0715996 0.0190349
2 0.816788 0.17088 0.0466263 0.0628019 0.0188376
5 0.399802 0.638626 0.274273 0.231375 0.018625
6 0.672428 0.20828 0.0295036 0.0936109 0.0185109
6 0.692469 0.479334 0.0830014 0.241824 0.0179981
5 0.427827 0.748414 0.0816261 0.0784002 0.0178484
10 0.0171476 0.512693 0.0298766 0.479377 0.0177228
5 0.124214 0.540574 0.0482334 0.0749914 0.017565
6 0.342219 0.316604 0.058262 0.105336 0.0174883
2 0.111256 0.545007 0.0223745 0.0615605 0.0173931
5 0.366998 0.627519 0.255518 0.196539 0.017214
5 0.552383 0.990279 0.222261 0.0198195 0.0171511
5 0.00759747 0.791464 0.0156981 0.142674 0.0170957
7 0.238633 0.375797 0.0194229 0.0503228 0.0170556
6 0.785474 0.542529 0.0601595 0.349404 0.0169547
5 0.364859 0.62287 0.219068 0.175438 0.0167089
10 0.705476 0.200447 0.0228109 0.0886535 0.0166037
6 0.681651 0.482778 0.0535666 0.235106 0.01625
5 0.369031 0.62372 0.241219 0.19089 0.016198
5 0.491117 0.589701 0.0926552 0.113737 0.0161701
2 0.618063 0.226816 0.0236764 0.103983 0.0161301
2 0.656327 0.289651 0.026204 0.120723 0.016119
10 0.820594 0.143478 0.0321856 0.0827594 0.016116
5 0.291754 0.639421 0.0704244 0.133095 0.015564
5 0.122659 0.534163 0.047526 0.082284 0.0154316
5 0.133168 0.542809 0.0517359 0.0697653 0.0149949
2 0.10777 0.513115 0.0274906 0.132803 0.0149479
6 0.809879 0.612037 0.360249 0.621321 0.0148205
6 0.676436 0.106535 0.0321507 0.0738468 0.0144747
7 0.292698 0.0758963 0.0177571 0.023649 0.0143713
5 0.328198 0.640565 0.413623 0.277866 0.0142153
6 0.707655 0.156506 0.0277542 0.152664 0.0141772
6 0.181408 0.360045 0.135949 0.189757 0.0140207
2 0.743729 0.152562 0.0170063 0.0460065 0.0138792
7 0.238439 0.500253 0.0219786 0.0647736 0.0136309
4 0.361647 0.992398 0.132798 0.0157866 0.0133354
2 0.674098 0.251899 0.0173113 0.0429322 0.0125206
5 0.30389 0.634196 0.234421 0.182905 0.0123669
5 0.188332 0.526613 0.123123 0.165193 0.0120922
1 0.423324 0.992407 0.138473 0.0158029 0.0119574
2 0.62966 0.253409 0.0178149 0.040961 0.0118029
5 0.517321 0.573488 0.0484808 0.0814659 0.011511
2 0.123586 0.517218 0.0529628 0.11972 0.0114611
10 0.532924 0.299007 0.518572 0.585237 0.0113551
4 0.291109 0.992544 0.137923 0.0156276 0.0112739
