8 0.422556 0.565949 0.324971 0.458589 0.887261
11 0.740286 0.472612 0.128214 0.249263 0.845162
6 0.842712 0.518034 0.198254 0.460567 0.493218
6 0.835882 0.514724 0.193857 0.453204 0.230976
8 0.388285 0.501829 0.236469 0.322031 0.157173
6 0.865816 0.596792 0.261981 0.629696 0.14813
6 0.812669 0.442434 0.224534 0.297755 0.117757
6 0.3921 0.273389 0.0427211 0.118096 0.0962934
6 0.746912 0.406792 0.127254 0.384825 0.0945029
6 0.311634 0.317968 0.0587574 0.0978644 0.0925482
6 0.870645 0.414995 0.116741 0.257847 0.0852296
5 0.673841 0.959232 0.272882 0.0824665 0.0812787
6 0.812464 0.464956 0.268375 0.338024 0.079145
6 0.263177 0.340833 0.0419884 0.105527 0.076855
6 0.867443 0.570229 0.265302 0.577963 0.0727451
5 0.70726 0.958707 0.371434 0.0837915 0.0716575
6 0.12857 0.977696 0.251965 0.0441075 0.0709047
6 0.0848376 0.976929 0.166573 0.0457591 0.0698648
6 0.39381 0.274204 0.0498542 0.119955 0.0662801
10 0.971639 0.0730538 0.0288445 0.0702166 0.0641185
8 0.640337 0.955473 0.421763 0.0893201 0.0601931
2 0.19515 0.383375 0.0226605 0.0620572 0.0559982
6 0.0771559 0.941861 0.154812 0.116775 0.0557494
10 0.971635 0.0809936 0.0557489 0.141823 0.0538137
5 0.750584 0.956739 0.494627 0.0865742 0.0526826
6 0.794689 0.463636 0.210185 0.334574 0.0512674
2 0.196605 0.376638 0.0239145 0.0732589 0.0509297
8 0.659699 0.953448 0.437799 0.0920364 0.049465
10 0.98192 0.0835656 0.0353258 0.0901645 0.0493208
1 0.704711 0.9507 0.582466 0.0975605 0.0490361
6 0.707161 0.472331 0.0673525 0.243937 0.0483973
6 0.126087 0.944381 0.250521 0.110921 0.0480375
6 0.417227 0.285385 0.0900203 0.147371 0.04689
10 0.971149 0.0641403 0.056982 0.129642 0.0465476
5 0.552909 0.962229 0.529314 0.075463 0.0463136
6 0.768461 0.447723 0.100904 0.250528 0.0458567
6 0.769807 0.444322 0.112308 0.250182 0.0454596
2 0.78789 0.148208 0.0321808 0.0691565 0.0454141
1 0.583354 0.95153 0.584945 0.095664 0.0453474
6 0.0456598 0.967129 0.0927098 0.0661524 0.0452764
10 0.814702 0.139781 0.098264 0.139306 0.0442351
11 0.205629 0.975893 0.401402 0.0484077 0.0439586
6 0.403608 0.272863 0.0433665 0.115313 0.0438895
6 0.741999 0.470039 0.105652 0.221943 0.0437618
1 0.513385 0.950977 0.745165 0.0960531 0.0436883
6 0.779765 0.448695 0.12752 0.289362 0.0436681
7 0.260909 0.339701 0.0369389 0.10223 0.0428499
6 0.762625 0.452112 0.105344 0.218294 0.0427025
10 0.319619 0.128642 0.0278871 0.0935371 0.0421857
6 0.26633 0.339104 0.046604 0.10461 0.0419232
5 0.667177 0.96277 0.198383 0.075255 0.0418009
6 0.848958 0.427399 0.170343 0.281258 0.0415469
6 0.762721 0.447946 0.0994639 0.20943 0.0414878
1 0.746308 0.950069 0.514124 0.100365 0.0413445
6 0.263815 0.335344 0.0427963 0.0955337 0.0406466
6 0.168101 0.492596 0.143171 0.312382 0.0405019
10 0.229768 0.0747579 0.0218576 0.0244572 0.0404604
6 0.281264 0.329305 0.0494758 0.0968655 0.0402445
6 0.372196 0.270585 0.0434084 0.121088 0.0396664
10 0.952114 0.0660325 0.0949902 0.135183 0.0393431
2 0.779219 0.148885 0.0277761 0.0660457 0.0391216
10 0.971344 0.102977 0.0580282 0.111282 0.0388405
11 0.746677 0.527968 0.142509 0.400922 0.0384327
6 0.711352 0.453194 0.0729943 0.199238 0.03838
6 0.820834 0.511553 0.18246 0.442998 0.0381766
6 0.283461 0.324306 0.0409928 0.0953247 0.0380106
4 0.250087 0.976875 0.486924 0.0467497 0.0378045
10 0.974728 0.0654322 0.0252193 0.0502755 0.0376623
10 0.954984 0.0642 0.0524624 0.128453 0.0372748
10 0.989806 0.0941049 0.0205751 0.0887994 0.0370454
2 0.995574 0.540637 0.00933304 0.11291 0.0369532
6 0.733044 0.453046 0.100886 0.193051 0.0368927
6 0.167286 0.457261 0.133763 0.385896 0.0368148
6 0.686686 0.166167 0.0342875 0.18174 0.0366278
10 0.958646 0.0571004 0.049873 0.114663 0.0365272
8 0.474584 0.631622 0.216809 0.311683 0.0356881
6 0.282018 0.32837 0.0415528 0.0960654 0.0355822
10 0.954188 0.0940866 0.0254528 0.0502733 0.0355092
6 0.264072 0.343924 0.0656887 0.125931 0.0350437
6 0.711211 0.448818 0.0708422 0.189452 0.034838
6 0.759865 0.458575 0.10307 0.21584 0.034732
2 0.974744 0.519924 0.0114775 0.0373149 0.0346877
6 0.726603 0.450952 0.100294 0.196705 0.0346428
5 0.648313 0.962753 0.20777 0.0754395 0.0343533
4 0.770318 0.966044 0.467779 0.0691336 0.034035
11 0.71399 0.471116 0.122074 0.246046 0.0338225
2 0.641537 0.211173 0.0362157 0.0999796 0.033778
10 0.965068 0.0828954 0.0372824 0.0818854 0.0336721
6 0.758221 0.452381 0.100369 0.204021 0.0334992
6 0.117076 0.988461 0.223858 0.0239093 0.0334691
10 0.989212 0.112146 0.0216898 0.0574673 0.0334377
6 0.762699 0.46859 0.0966373 0.239779 0.0332345
2 0.782684 0.153353 0.0378412 0.0721567 0.0330521
6 0.67607 0.160825 0.0482483 0.186156 0.0329457
6 0.760134 0.445121 0.116973 0.250365 0.0329353
10 0.683519 0.194203 0.0364988 0.113292 0.032923
8 0.39601 0.499482 0.241793 0.324922 0.0326641
6 0.862175 0.345461 0.0949223 0.113881 0.0325498
6 0.1679 0.503542 0.142138 0.293421 0.0319664
6 0.839798 0.531853 0.303222 0.775336 0.0318571
6 0.739145 0.3694 0.156964 0.509629 0.0318025
6 0.69891 0.472222 0.0586557 0.245397 0.0316854
6 0.782483 0.434673 0.0983998 0.258031 0.0315688
10 0.0250466 0.584017 0.0474597 0.817976 0.0314626
6 0.785683 0.452062 0.0877941 0.288307 0.0314622
10 0.0250869 0.579847 0.047026 0.82742 0.0314412
6 0.820526 0.579459 0.203696 0.567826 0.0312373
10 0.98346 0.0707473 0.0291929 0.0640622 0.0311142
2 0.207471 0.375389 0.0215128 0.0672331 0.0309937
6 0.731667 0.480569 0.110209 0.229143 0.0308834
6 0.24862 0.338263 0.0365374 0.10744 0.0306427
6 0.69686 0.474938 0.0521931 0.24495 0.0302363
2 0.995343 0.54881 0.0100832 0.119987 0.0302198
6 0.12202 0.989188 0.213815 0.0223551 0.0300015
6 0.135577 0.989365 0.222904 0.022244 0.0298864
6 0.739665 0.474323 0.122199 0.236308 0.0298239
10 0.0249632 0.643851 0.0491158 0.700844 0.029758
6 0.729648 0.460165 0.100008 0.228813 0.0296232
10 0.247664 0.0760325 0.0190007 0.0239037 0.029374
7 0.785632 0.172524 0.0483501 0.0405792 0.0292995
6 0.325893 0.313185 0.053523 0.0893443 0.029097
10 0.992103 0.56573 0.015645 0.582264 0.0288008
10 0.649343 0.206673 0.0362667 0.107129 0.0286451
11 0.73874 0.390883 0.102232 0.0750898 0.0283272
4 0.307515 0.982406 0.509949 0.0354948 0.0282743
10 0.190745 0.240951 0.0242234 0.0498518 0.0281937
10 0.0168906 0.897459 0.0340807 0.203969 0.0280518
2 0.14702 0.36334 0.0182749 0.0357247 0.0280401
6 0.701364 0.477196 0.0717814 0.233607 0.0279139
6 0.0719053 0.989063 0.144522 0.0231525 0.0277889
2 0.202278 0.386515 0.0277142 0.0689993 0.0277616
6 0.994638 0.52586 0.0110998 0.30538 0.0276379
10 0.987055 0.120177 0.026384 0.0672358 0.0274307
6 0.70197 0.447777 0.0469702 0.183864 0.0273724
4 0.296537 0.980125 0.339597 0.0403206 0.0273562
8 0.364657 0.509015 0.207859 0.351981 0.0272783
5 0.522972 0.201333 0.0414213 0.0479346 0.0271316
6 0.694703 0.47412 0.0778252 0.242748 0.0270539
6 0.767074 0.440393 0.0966788 0.231818 0.0269078
10 0.933305 0.970842 0.136507 0.059 0.0268695
6 0.780072 0.432416 0.0908874 0.25604 0.0268057
2 0.848176 0.192642 0.0269394 0.0338611 0.0268015
6 0.224478 0.342035 0.0369225 0.115163 0.0267251
2 0.206677 0.381019 0.0202852 0.0672384 0.026697
6 0.0611464 0.988951 0.119936 0.022718 0.0266206
6 0.725588 0.352798 0.13721 0.510081 0.0265754
6 0.729832 0.477579 0.110506 0.244694 0.0264245
2 0.990685 0.547498 0.0176502 0.122605 0.0263288
8 0.377312 0.457873 0.220264 0.240959 0.0262479
10 0.182373 0.239409 0.0223908 0.0484468 0.0262438
10 0.256629 0.0758094 0.0173919 0.0242299 0.026242
6 0.283486 0.324144 0.0550196 0.0967827 0.0261632
7 0.26317 0.336286 0.0261972 0.0895714 0.0261344
6 0.81799 0.531606 0.301232 0.460528 0.026107
6 0.865707 0.368765 0.104242 0.160817 0.0260571
11 0.749006 0.387293 0.0763779 0.0638479 0.0259685
11 0.722687 0.494795 0.130071 0.290737 0.025865
6 0.869706 0.388871 0.107568 0.20832 0.0258484
6 0.876162 0.451219 0.132326 0.337273 0.0258406
5 0.111015 0.987409 0.117757 0.0252872 0.0256691
6 0.724615 0.44465 0.0914368 0.193716 0.0256194
6 0.831463 0.507038 0.248649 0.452671 0.0255913
10 0.0503429 0.605168 0.100765 0.786068 0.0255831
6 0.702942 0.456276 0.0718968 0.278378 0.0254977
10 0.834607 0.172914 0.0609472 0.0711409 0.0253414
6 0.346946 0.313268 0.0566138 0.093996 0.0252415
10 0.0498499 0.639989 0.0998571 0.718761 0.0251644
10 0.0540568 0.579137 0.109276 0.838839 0.0251463
6 0.718696 0.462832 0.0981295 0.202323 0.0250709
1 0.869091 0.978101 0.267587 0.0440892 0.0250459
10 0.992511 0.551121 0.0144882 0.584377 0.0249557
5 0.544524 0.100811 0.0438997 0.0616483 0.0248323
6 0.0502413 0.988468 0.101412 0.023753 0.024594
6 0.874115 0.415402 0.113811 0.25229 0.0245708
8 0.399011 0.486741 0.232078 0.301872 0.0243801
6 0.705524 0.490745 0.0875833 0.211475 0.0243138
7 0.797466 0.171869 0.0375521 0.0411989 0.0242914
6 0.796864 0.436048 0.0787525 0.258795 0.0242722
6 0.740234 0.445828 0.108687 0.184367 0.0242342
6 0.79266 0.444952 0.175659 0.319007 0.0241032
6 0.325175 0.319518 0.058221 0.0962514 0.0239151
10 0.818048 0.107936 0.0965593 0.216784 0.0237195
10 0.488397 0.562933 0.20875 0.451688 0.0236371
7 0.802445 0.172828 0.0311729 0.0424599 0.0235259
10 0.0200484 0.638397 0.0398502 0.695349 0.0234224
8 0.383037 0.495156 0.238064 0.370711 0.0234018
6 0.280904 0.335569 0.0459704 0.0906884 0.0232226
6 0.0967008 0.98739 0.095175 0.0253398 0.0231521
6 0.0436608 0.986998 0.0896931 0.0265459 0.023082
6 0.724612 0.491207 0.107259 0.214632 0.0229243
10 0.967756 0.100966 0.050672 0.0615995 0.022616
6 0.0119781 0.966678 0.0242372 0.0663561 0.022591
10 0.271514 0.0766316 0.0201994 0.0250833 0.0225083
2 0.764243 0.156015 0.022053 0.0434192 0.0224655
8 0.383697 0.552224 0.236212 0.429534 0.0223131
6 0.773177 0.496888 0.0949318 0.286222 0.0222688
6 0.658472 0.103307 0.0460699 0.0821276 0.0221735
11 0.724405 0.442682 0.0986042 0.182555 0.0221429
6 0.45662 0.278749 0.0446225 0.170954 0.0221424
6 0.72294 0.500627 0.0983815 0.192944 0.0220714
6 0.72353 0.437105 0.0959305 0.215827 0.0219944
8 0.42862 0.634918 0.308385 0.315882 0.0219003
5 0.546962 0.102122 0.0419572 0.0628392 0.0216691
2 0.768872 0.152512 0.0251616 0.0605579 0.0215986
10 0.0543807 0.575942 0.110726 0.840813 0.0213744
10 0.992952 0.218868 0.0134594 0.28694 0.0213127
10 0.467231 0.559301 0.286671 0.463591 0.0213065
6 0.865645 0.41847 0.109182 0.247833 0.0212622
6 0.453987 0.31053 0.0499323 0.0860825 0.0212174
6 0.864008 0.625322 0.271858 0.700335 0.0211787
10 0.0118043 0.857718 0.0242585 0.273545 0.0211232
6 0.736115 0.480423 0.135119 0.271525 0.0210157
8 0.393137 0.537429 0.23954 0.395802 0.0209862
10 0.0580862 0.676049 0.117862 0.647161 0.0207587
10 0.839904 0.1475 0.0444288 0.127361 0.0203923
5 0.552735 0.101266 0.0325751 0.0609627 0.0202746
6 0.763191 0.458546 0.155437 0.310829 0.0202623
10 0.018957 0.499419 0.0350598 0.696842 0.0202113
6 0.699174 0.479739 0.0888476 0.233037 0.020143
2 0.980941 0.525157 0.0120613 0.0717802 0.0200734
6 0.687233 0.473013 0.0601312 0.243546 0.0200677
2 0.184516 0.386744 0.0224818 0.0616684 0.0200463
6 0.678657 0.10267 0.0369048 0.0710248 0.0199249
11 0.939009 0.562554 0.12729 0.557756 0.0198189
10 0.846383 0.16748 0.0394819 0.0843505 0.019603
6 0.860956 0.345029 0.0949762 0.109693 0.0195364
5 0.533124 0.199904 0.0397051 0.049592 0.0194419
6 0.380818 0.424484 0.241347 0.405491 0.0194002
10 0.0161567 0.726023 0.0332083 0.526228 0.0189176
6 0.77318 0.552452 0.0742086 0.348418 0.0187717
6 0.766786 0.488293 0.128013 0.26463 0.0187688
7 0.770286 0.162941 0.0303271 0.0391299 0.0187267
8 0.390238 0.501653 0.235084 0.330303 0.0186372
8 0.336933 0.493345 0.143208 0.320372 0.0182653
6 0.81833 0.591242 0.167838 0.319044 0.0182218
2 0.65667 0.249698 0.022208 0.0374301 0.0179722
8 0.367489 0.48445 0.230377 0.321535 0.0179095
6 0.0180678 0.470825 0.0338551 0.364498 0.0178719
10 0.700501 0.200307 0.0242862 0.0950653 0.0178473
11 0.908893 0.454547 0.176598 0.342496 0.0176611
6 0.700268 0.476563 0.0934093 0.24618 0.0176315
6 0.776297 0.563106 0.0616244 0.324471 0.0176201
6 0.685117 0.474261 0.0551731 0.243766 0.0174766
7 0.359874 0.356818 0.037884 0.0423582 0.0173419
11 0.937131 0.556745 0.131424 0.552048 0.017194
6 0.017287 0.402927 0.030829 0.2253 0.0170271
10 0.420223 0.493221 0.341731 0.619365 0.0170039
6 0.873586 0.368722 0.103781 0.155417 0.017
7 0.237871 0.374424 0.0241953 0.0611613 0.0168817
11 0.925351 0.569044 0.155657 0.565387 0.0167271
8 0.38299 0.484852 0.22565 0.291938 0.0164712
6 0.784742 0.544488 0.0607004 0.35847 0.0164486
5 0.623893 0.989794 0.135832 0.0210241 0.0162174
6 0.627071 0.237068 0.0381292 0.142369 0.0161156
8 0.397269 0.522155 0.234987 0.375068 0.0160505
5 0.597665 0.989698 0.148336 0.0214566 0.0160255
6 0.815497 0.60178 0.342232 0.59446 0.0159953
6 0.690667 0.479372 0.0856223 0.241331 0.015882
5 0.521671 0.104024 0.062361 0.0633915 0.0157439
10 0.857705 0.16964 0.0294004 0.0806378 0.0155707
10 0.938681 0.0965227 0.0112326 0.0332599 0.0152865
10 0.446903 0.545518 0.32658 0.494136 0.015223
10 0.476935 0.461438 0.478144 0.700949 0.0151164
10 0.813873 0.141523 0.0355642 0.0913545 0.0150375
8 0.482659 0.59992 0.210586 0.37628 0.0150159
10 0.0081041 0.813656 0.016729 0.252403 0.01486
10 0.649464 0.298084 0.033534 0.278527 0.0147344
6 0.215876 0.340137 0.0208076 0.125026 0.0147016
5 0.544183 0.989657 0.239427 0.0211772 0.0146681
6 0.681756 0.481509 0.0530372 0.236548 0.0146181
10 0.670893 0.204207 0.0381651 0.121022 0.014495
6 0.169506 0.368625 0.117961 0.206562 0.0140767
6 0.815646 0.634639 0.21933 0.645774 0.0140069
6 0.700727 0.109424 0.0245337 0.0624129 0.0139978
6 0.881989 0.585429 0.237937 0.608386 0.0139774
7 0.813657 0.173395 0.03778 0.0508465 0.0138412
2 0.663981 0.25651 0.0250977 0.164697 0.013817
4 0.278609 0.992088 0.20707 0.0169783 0.0136794
10 0.104875 0.386998 0.204868 0.596611 0.0135817
1 0.558536 0.991447 0.170533 0.0172699 0.0134673
6 0.791742 0.559825 0.065041 0.324094 0.0133421
8 0.355454 0.524065 0.165637 0.29127 0.0130634
8 0.333218 0.518172 0.131904 0.281053 0.0127869
6 0.799898 0.637225 0.398695 0.669304 0.0127867
10 0.617957 0.23037 0.0301753 0.133558 0.0125272
8 0.340621 0.547981 0.36137 0.480838 0.0124823
11 0.80402 0.254573 0.136974 0.237866 0.0124713
8 0.313235 0.524873 0.0978185 0.176914 0.0121135
4 0.365349 0.991261 0.131101 0.0179066 0.0116712
2 0.748445 0.15827 0.0157887 0.0365681 0.0114893
11 0.27657 0.411965 0.133678 0.176877 0.0109057
8 0.343853 0.550305 0.147211 0.242066 0.0109035
4 0.292664 0.992443 0.14802 0.0159281 0.0103548
6 0.343859 0.570334 0.150512 0.202565 0.0102925
6 0.715915 0.154539 0.0267895 0.151845 0.0102474
1 0.427657 0.991789 0.148474 0.0171232 0.00993812
8 0.358607 0.616697 0.17447 0.308262 0.00893778
6 0.332994 0.579349 0.129826 0.19261 0.00889432
8 0.379748 0.60304 0.119613 0.202433 0.00886248
6 0.348359 0.624073 0.165298 0.321171 0.00852068
