8 0.569544 0.626123 0.383472 0.492402 0.810937
11 0.741094 0.451305 0.12405 0.193245 0.600608
6 0.871741 0.579879 0.250727 0.593308 0.340764
6 0.396049 0.275469 0.0391502 0.121726 0.205996
6 0.167452 0.494551 0.14687 0.311383 0.144327
6 0.442057 0.277274 0.0364002 0.133703 0.140507
6 0.840412 0.519551 0.184554 0.466065 0.1258
8 0.430844 0.66765 0.0943716 0.0680547 0.110549
6 0.440645 0.277373 0.0402439 0.136241 0.108054
6 0.847883 0.420687 0.162291 0.266144 0.105983
6 0.844072 0.42471 0.172182 0.274195 0.102789
6 0.394855 0.278808 0.0414857 0.132966 0.100903
6 0.170925 0.446661 0.144883 0.415746 0.0937217
6 0.869802 0.41535 0.121736 0.258864 0.0925684
6 0.842359 0.586748 0.201431 0.608644 0.0899261
6 0.169234 0.519745 0.147968 0.255859 0.0865401
6 0.844309 0.509544 0.193358 0.444668 0.0850934
6 0.12973 0.977236 0.251782 0.0450498 0.0850412
6 0.309597 0.320965 0.0568625 0.10578 0.0838384
5 0.521557 0.201836 0.0403777 0.044838 0.0838373
6 0.0854921 0.976246 0.16708 0.0471234 0.0824334
11 0.267689 0.337329 0.0543116 0.10699 0.0738226
6 0.648979 0.1642 0.0475095 0.206442 0.0737187
6 0.665976 0.575026 0.168835 0.397182 0.0694067
5 0.354604 0.35805 0.0383291 0.035401 0.0679246
10 0.970701 0.0728019 0.0265663 0.0672191 0.0676264
6 0.0772395 0.940804 0.154933 0.118655 0.065701
6 0.387494 0.27489 0.0367509 0.120951 0.0635567
2 0.196424 0.383531 0.0240528 0.0632413 0.0632394
6 0.427633 0.274108 0.0375475 0.122132 0.0602667
6 0.372955 0.272539 0.0375904 0.124444 0.0599876
1 0.704235 0.960196 0.377171 0.0802828 0.058778
1 0.676797 0.955306 0.420094 0.0885095 0.057279
6 0.13295 0.944458 0.263225 0.110954 0.0570382
6 0.805034 0.425169 0.265259 0.267507 0.0569353
11 0.197858 0.976829 0.382447 0.0465038 0.0565218
10 0.969866 0.0844039 0.0595009 0.166792 0.055913
2 0.788306 0.14766 0.0329364 0.0727791 0.0551802
5 0.514419 0.205487 0.0475323 0.0633037 0.0547852
6 0.640018 0.208429 0.0342214 0.0867576 0.0536096
6 0.442126 0.281207 0.0403654 0.144886 0.0534531
1 0.723164 0.956187 0.545394 0.0868124 0.0526373
6 0.04541 0.967181 0.0917988 0.0659192 0.052302
5 0.540775 0.101801 0.041193 0.0608428 0.0508817
2 0.190033 0.387757 0.0240953 0.0581015 0.050732
10 0.969926 0.06308 0.0591448 0.127082 0.0490479
5 0.531883 0.199448 0.038408 0.0475015 0.0487109
10 0.268884 0.0772648 0.0198836 0.0250698 0.0486773
10 0.966811 0.0820659 0.035635 0.0788537 0.0479403
10 0.319916 0.127501 0.0279946 0.0946839 0.0475557
11 0.262697 0.338658 0.045711 0.103929 0.0472469
10 0.228735 0.0757155 0.021726 0.0244208 0.0465956
6 0.649979 0.0973308 0.0390525 0.0724846 0.046223
1 0.74542 0.962022 0.503335 0.0762854 0.0462015
6 0.417182 0.27589 0.0367516 0.132329 0.0456378
10 0.813974 0.142301 0.098332 0.133278 0.0455775
1 0.583431 0.957697 0.684429 0.083515 0.0451219
0 0.971045 0.106504 0.0583328 0.093063 0.045117
10 0.983963 0.0861416 0.0309513 0.0883561 0.0448735
1 0.674037 0.960328 0.259484 0.0802483 0.0448455
10 0.956171 0.0632837 0.0468981 0.12605 0.0448196
10 0.252541 0.075994 0.018003 0.0245501 0.0436867
10 0.953484 0.0929386 0.0251961 0.0503195 0.0436058
1 0.630806 0.964451 0.433456 0.0711383 0.0435637
6 0.143247 0.496435 0.20288 0.321564 0.0432539
6 0.637196 0.223191 0.0347139 0.117374 0.0429014
6 0.683769 0.165676 0.0376462 0.187237 0.0427617
5 0.542203 0.102708 0.0401188 0.0634462 0.0426923
8 0.488071 0.626711 0.569473 0.506585 0.0424989
10 0.245323 0.0766466 0.0198376 0.0231895 0.0417377
11 0.246182 0.976295 0.477639 0.0476329 0.0416704
2 0.995636 0.541994 0.0093647 0.112257 0.0412695
6 0.654709 0.101848 0.0396744 0.0807762 0.0408661
10 0.990837 0.0981212 0.0183506 0.0803075 0.0406035
10 0.954354 0.0677249 0.0906124 0.138173 0.0401571
10 0.959414 0.0563418 0.0477163 0.112721 0.0399552
5 0.549436 0.101708 0.0345899 0.0616239 0.0398121
8 0.531141 0.658857 0.298928 0.231852 0.0396552
6 0.844484 0.423328 0.18146 0.267776 0.0396354
6 0.11913 0.989006 0.230402 0.0227865 0.0396299
6 0.471423 0.275878 0.0347762 0.129837 0.0393834
2 0.995273 0.550258 0.0102623 0.107003 0.0392163
6 0.123142 0.988614 0.208804 0.023489 0.0391222
6 0.150155 0.448912 0.192559 0.423913 0.039113
6 0.654133 0.574455 0.200807 0.398008 0.0390552
6 0.855552 0.446297 0.167472 0.318193 0.0388718
10 0.98861 0.112362 0.0229258 0.0580536 0.0385051
6 0.291546 0.325469 0.0497682 0.102458 0.0383635
6 0.42141 0.279163 0.0510974 0.129844 0.0379596
10 0.953866 0.0873443 0.0213173 0.0606456 0.0379389
6 0.666091 0.155596 0.0443043 0.183362 0.0373192
2 0.77733 0.147916 0.0280247 0.0682341 0.0373168
2 0.84791 0.193286 0.0264534 0.0338948 0.0371959
2 0.974714 0.520653 0.0114801 0.0369892 0.0368542
10 0.683563 0.19556 0.0365188 0.106806 0.0364828
10 0.974217 0.0661744 0.0220688 0.0484646 0.0363992
6 0.628831 0.242289 0.036458 0.145847 0.0360439
11 0.921958 0.448952 0.157222 0.318271 0.0359234
8 0.558158 0.71417 0.358554 0.300457 0.0359016
6 0.143032 0.98866 0.198187 0.0233627 0.035854
6 0.0169694 0.936136 0.0337253 0.129121 0.0357353
6 0.280307 0.324853 0.0484387 0.100971 0.0357093
6 0.270613 0.335577 0.0489049 0.0990309 0.0352846
6 0.257727 0.338608 0.0525902 0.103409 0.0350372
6 0.731014 0.39006 0.137684 0.337211 0.0349498
5 0.445184 0.663026 0.0832193 0.0610207 0.0347969
10 0.0249046 0.584461 0.0456618 0.811784 0.0343504
7 0.78495 0.172614 0.0478955 0.0394041 0.0338558
7 0.802513 0.173105 0.0267473 0.0393435 0.0337219
10 0.985138 0.119296 0.0303326 0.0647264 0.033703
6 0.0694508 0.988867 0.138877 0.0232919 0.0336273
2 0.190308 0.241172 0.0234201 0.04768 0.0335802
5 0.109855 0.98698 0.108882 0.0258238 0.0335565
1 0.779504 0.976214 0.44313 0.0484814 0.0335043
6 0.858071 0.537058 0.207698 0.520242 0.0332223
11 0.27917 0.325934 0.0614563 0.104561 0.033137
4 0.458474 0.974879 0.876652 0.0514021 0.0327243
6 0.232563 0.344278 0.0411455 0.115626 0.0327088
6 0.643074 0.575871 0.227203 0.401349 0.0326931
5 0.445315 0.663367 0.0800364 0.0604715 0.032532
2 0.78054 0.151919 0.036911 0.0750757 0.0323476
11 0.730622 0.496411 0.13846 0.275707 0.0322851
11 0.260399 0.342137 0.0487191 0.113103 0.0322839
6 0.711203 0.348765 0.166127 0.429588 0.0321683
6 0.321238 0.312433 0.0537171 0.094559 0.0320922
6 0.633144 0.198151 0.0468519 0.283876 0.0319799
2 0.181913 0.239628 0.0214995 0.0467927 0.0318741
6 0.994642 0.514956 0.0111389 0.289378 0.0316642
10 0.0171039 0.894274 0.0343127 0.209968 0.0313499
11 0.757461 0.481807 0.0957823 0.251073 0.0313044
1 0.535601 0.979862 0.445531 0.0413478 0.0311663
10 0.984342 0.0715303 0.0245445 0.0594701 0.0311129
2 0.146057 0.363199 0.0195677 0.0360281 0.0309146
7 0.797657 0.172329 0.0380079 0.039391 0.0306986
6 0.0598272 0.989088 0.116531 0.0224747 0.0305842
7 0.0981846 0.987082 0.0882345 0.0257683 0.0304917
4 0.28472 0.981965 0.393455 0.0367615 0.030439
10 0.992459 0.550568 0.0150103 0.516415 0.0301561
4 0.30588 0.982858 0.521688 0.0343254 0.0300537
6 0.859173 0.635622 0.279689 0.73099 0.0297697
2 0.764987 0.159045 0.0208514 0.038518 0.0297456
10 0.968156 0.099972 0.0505957 0.052372 0.0297251
5 0.540851 0.201809 0.0357173 0.048153 0.0296971
10 0.9914 0.560223 0.0167881 0.605132 0.0296022
6 0.248114 0.339852 0.0403091 0.111876 0.0295987
6 0.263086 0.341671 0.0496857 0.102349 0.0295826
11 0.749293 0.437916 0.0873399 0.155874 0.0295794
10 0.0224263 0.594782 0.0425669 0.778934 0.0294917
6 0.245356 0.3459 0.0421146 0.114836 0.0292912
6 0.689229 0.308673 0.0203958 0.0983057 0.0290724
6 0.0484131 0.988392 0.0969787 0.0235651 0.0290481
11 0.761204 0.454953 0.101359 0.18784 0.0289267
1 0.886629 0.981237 0.232006 0.0381493 0.028817
10 0.810197 0.163247 0.104784 0.0882622 0.0286625
2 0.926906 0.49468 0.0303 0.103789 0.028502
8 0.65744 0.679673 0.582582 0.646422 0.0284447
6 0.648976 0.256553 0.0482605 0.206899 0.0284404
10 0.0220026 0.646138 0.0430675 0.691292 0.0284404
2 0.497607 0.197596 0.0303507 0.0473088 0.0281837
11 0.947017 0.574758 0.112529 0.576217 0.0281393
6 0.665102 0.100313 0.0363609 0.0716317 0.0277783
8 0.517641 0.634231 0.28683 0.251724 0.0276324
10 0.651463 0.202272 0.0341223 0.0854957 0.0275585
6 0.666454 0.586214 0.181095 0.417677 0.0274925
10 0.0417198 0.595256 0.0841604 0.800037 0.0273418
11 0.932734 0.972615 0.138446 0.0551943 0.0273203
6 0.825956 0.565873 0.345549 0.673815 0.0273003
11 0.941167 0.580893 0.125415 0.588343 0.0272833
10 0.833765 0.172854 0.0605854 0.0703453 0.0271995
6 0.798192 0.516514 0.273574 0.445189 0.0270282
2 0.657866 0.250888 0.0214305 0.0329459 0.0267796
10 0.992639 0.194614 0.014155 0.257009 0.0267629
11 0.273494 0.31898 0.058329 0.107786 0.0266024
2 0.766776 0.152399 0.0243753 0.0623393 0.0265838
6 0.0427442 0.986999 0.0875391 0.026511 0.026536
8 0.501669 0.632824 0.502343 0.523971 0.0264535
8 0.56318 0.706812 0.383146 0.371616 0.0264338
5 0.57324 0.220806 0.0194527 0.0282405 0.0264066
11 0.729183 0.451153 0.104754 0.175094 0.0262983
6 0.80829 0.602279 0.158529 0.615115 0.0261849
11 0.939804 0.55881 0.126353 0.548094 0.0260684
10 0.826962 0.108273 0.0791023 0.215311 0.0259407
6 0.666258 0.565842 0.18063 0.382681 0.0258873
10 0.0516053 0.636052 0.10392 0.725743 0.0258339
11 0.744445 0.441918 0.0940618 0.165391 0.0256834
5 0.406595 0.664937 0.0824165 0.0631106 0.0256786
8 0.578082 0.594339 0.321841 0.430547 0.0255588
6 0.660159 0.963489 0.203869 0.0732588 0.0254166
11 0.741232 0.538257 0.120415 0.36458 0.0253382
6 0.0115145 0.966913 0.0231139 0.0656682 0.0253343
7 0.770827 0.163897 0.0289202 0.0373654 0.0252928
6 0.631764 0.104434 0.0388817 0.0909935 0.0252756
5 0.339745 0.358308 0.0405779 0.037661 0.0250305
5 0.55293 0.201285 0.034777 0.0493837 0.0246416
6 0.861917 0.351674 0.0991896 0.125177 0.0244303
6 0.861077 0.344248 0.0921976 0.107562 0.0235654
5 0.371607 0.357172 0.0243092 0.0337102 0.0235272
5 0.494193 0.199793 0.0339021 0.04382 0.023417
6 0.871875 0.410154 0.102971 0.247259 0.0234148
10 0.0647265 0.649992 0.13054 0.699726 0.0233176
2 0.97934 0.524447 0.0113304 0.0694197 0.0228921
6 0.248684 0.343843 0.0758048 0.114592 0.0226692
10 0.846953 0.168948 0.0368448 0.0807311 0.0224856
6 0.174247 0.990534 0.150588 0.0191951 0.0224734
6 0.878354 0.602678 0.24408 0.649521 0.0224658
10 0.0107569 0.86363 0.0224459 0.262527 0.0224567
10 0.844444 0.141188 0.0364788 0.140622 0.0222498
1 0.608687 0.99032 0.126208 0.0197874 0.0222349
10 0.288783 0.0766174 0.0170143 0.0244567 0.0222029
11 0.646242 0.511969 0.32648 0.29551 0.0220214
11 0.728008 0.467359 0.115543 0.200008 0.0218139
10 0.142483 0.361316 0.205886 0.606165 0.0212702
6 0.348863 0.310019 0.0537927 0.0982614 0.0211853
10 0.0165042 0.708608 0.0335606 0.561779 0.0206413
8 0.633784 0.67443 0.545344 0.649639 0.0205091
7 0.81438 0.172702 0.0295841 0.0466129 0.0203869
2 0.652679 0.279494 0.032249 0.219094 0.0201385
8 0.506147 0.711272 0.353898 0.336253 0.0201344
1 0.568709 0.991142 0.168186 0.0179253 0.0200737
6 0.0193783 0.481552 0.0349333 0.424236 0.020045
6 0.710157 0.401359 0.203643 0.642774 0.0196785
2 0.695623 0.305599 0.0185326 0.0967188 0.0196783
11 0.744573 0.470357 0.193381 0.263969 0.0196769
8 0.456847 0.666366 0.165434 0.120512 0.0192655
4 0.626203 0.989609 0.108637 0.0209196 0.0190522
6 0.168815 0.394049 0.121228 0.509561 0.0188102
6 0.786949 0.457732 0.0625578 0.207871 0.0187592
10 0.856654 0.169425 0.0285433 0.0809471 0.018586
6 0.161975 0.557443 0.139765 0.188273 0.018569
1 0.566495 0.991238 0.210078 0.0181259 0.0184297
7 0.644206 0.525551 0.0658473 0.116525 0.0184137
6 0.789181 0.457647 0.0746579 0.200409 0.01841
8 0.548546 0.590999 0.349397 0.42679 0.0181691
6 0.125362 0.542012 0.16397 0.221641 0.0180675
10 0.572748 0.450665 0.400765 0.850371 0.0178979
6 0.621422 0.0970416 0.038103 0.0766581 0.0178044
11 0.74154 0.452784 0.149084 0.224346 0.0177817
6 0.871535 0.359934 0.0959707 0.141012 0.0176271
11 0.736539 0.389926 0.0914485 0.0741012 0.017597
8 0.496129 0.620601 0.539749 0.538797 0.0174761
11 0.871282 0.755517 0.25807 0.284485 0.017446
11 0.73887 0.400514 0.097637 0.0938625 0.0173452
8 0.4739 0.668846 0.509154 0.425002 0.017319
6 0.703072 0.109311 0.0250927 0.0617574 0.0172208
10 0.0568134 0.550127 0.115909 0.544779 0.0169963
6 0.196288 0.370661 0.0604133 0.210308 0.0169583
6 0.345378 0.321408 0.0522868 0.105806 0.016956
2 0.753987 0.159494 0.0165638 0.0351914 0.0168611
6 0.664053 0.495941 0.155035 0.227655 0.0168511
8 0.603819 0.61523 0.325352 0.477158 0.0166382
10 0.703462 0.200231 0.0230723 0.0886613 0.0166125
6 0.617402 0.227583 0.0292247 0.120902 0.0164859
8 0.464772 0.638074 0.634468 0.524483 0.0163435
6 0.6802 0.110257 0.0342638 0.0787076 0.016065
11 0.678841 0.479666 0.189154 0.211 0.0158602
6 0.170669 0.368629 0.115474 0.208261 0.0156274
5 0.73271 0.985725 0.128493 0.0281004 0.0155757
4 0.00787138 0.791537 0.0157841 0.141186 0.0155192
10 0.816346 0.14499 0.0332378 0.0825367 0.0154115
11 0.784607 0.447864 0.0794075 0.183587 0.0151743
6 0.259896 0.3859 0.100472 0.202209 0.0147991
4 0.358616 0.991624 0.131564 0.0171204 0.0146266
6 0.649447 0.577048 0.212713 0.394359 0.0146231
6 0.663535 0.471943 0.159178 0.181974 0.0145649
6 0.705629 0.153382 0.0284083 0.144532 0.0144802
6 0.646163 0.576941 0.239544 0.398588 0.0143991
2 0.674751 0.267162 0.0271979 0.190503 0.014355
8 0.560596 0.66357 0.438821 0.580922 0.0143419
2 0.808946 0.171577 0.0611105 0.059968 0.014326
11 0.691851 0.482613 0.12741 0.206518 0.0143017
6 0.668238 0.48389 0.137344 0.195436 0.0143014
8 0.457356 0.626401 0.641233 0.503083 0.0142901
7 0.634281 0.532237 0.0707445 0.129065 0.0142694
11 0.69871 0.494094 0.121789 0.227672 0.0137856
6 0.165248 0.383183 0.143915 0.238971 0.013753
6 0.663212 0.567121 0.281109 0.398 0.0137472
5 0.280101 0.991963 0.170148 0.016915 0.0137257
8 0.574332 0.603765 0.362631 0.463148 0.0135024
6 0.662691 0.482272 0.142773 0.196547 0.0134761
6 0.65345 0.444865 0.109647 0.123007 0.0131993
10 0.535128 0.424245 0.428763 0.767829 0.0131299
11 0.859335 0.786886 0.281873 0.423341 0.0127085
6 0.529746 0.264485 0.212563 0.420905 0.012384
10 0.453711 0.340318 0.822108 0.660064 0.0122295
2 0.748447 0.599869 0.0457776 0.263338 0.0121179
1 0.425575 0.991982 0.157633 0.0165121 0.0121157
10 0.46355 0.326057 0.78246 0.613548 0.0120385
2 0.701926 0.291759 0.0185925 0.128299 0.0116822
8 0.599577 0.681529 0.506771 0.653035 0.0115383
8 0.457581 0.64253 0.69647 0.540217 0.0114615
6 0.684542 0.633558 0.636059 0.619819 0.0113878
8 0.447064 0.704293 0.673216 0.421348 0.011341
5 0.293886 0.992421 0.130287 0.0157524 0.0112688
6 0.561103 0.493541 0.143181 0.21005 0.0111249
8 0.447856 0.731264 0.706289 0.405007 0.0110215
6 0.421195 0.314172 0.395142 0.220438 0.0103088
2 0.613156 0.245857 0.0207852 0.065241 0.0100958
8 0.569439 0.581791 0.381109 0.431099 0.0100292
6 0.55041 0.515465 0.176036 0.217872 0.00894187
10 0.544504 0.0374697 0.273343 0.242531 0.00647627
