10 0.774309 0.357712 0.11183 0.458666 0.874766
6 0.190207 0.594739 0.376588 0.811987 0.856844
10 0.277641 0.441032 0.216863 0.595891 0.684299
11 0.589475 0.796762 0.294396 0.39765 0.617032
5 0.433472 0.731375 0.0559592 0.172926 0.469127
6 0.956776 0.449184 0.0858295 0.505063 0.28028
6 0.408083 0.784535 0.113383 0.285744 0.261295
2 0.617234 0.617278 0.0409417 0.220471 0.259755
6 0.968634 0.444224 0.065984 0.492242 0.246943
10 0.305041 0.433434 0.159048 0.584243 0.239836
2 0.619666 0.569102 0.0359044 0.113935 0.166199
2 0.992226 0.579951 0.0163828 0.159732 0.152002
11 0.628021 0.454314 0.155011 0.338409 0.146568
2 0.619093 0.582501 0.0345718 0.142215 0.142054
5 0.407826 0.733436 0.0930346 0.173726 0.141948
6 0.965748 0.364792 0.0697037 0.336128 0.115918
6 0.95667 0.547659 0.0866591 0.687148 0.11175
2 0.613513 0.575839 0.0333579 0.128245 0.110644
6 0.951855 0.455731 0.0962034 0.513927 0.10057
10 0.313244 0.557924 0.14045 0.321297 0.0953029
6 0.967188 0.578444 0.0671385 0.746374 0.0947723
10 0.381648 0.785478 0.0876021 0.284181 0.0931769
5 0.411768 0.732034 0.0460922 0.168199 0.0901928
6 0.952159 0.367602 0.0961123 0.344035 0.0848718
10 0.385036 0.832494 0.0727173 0.187756 0.0835344
6 0.974216 0.348937 0.0541641 0.30181 0.0815143
10 0.260241 0.569456 0.274964 0.857495 0.0790801
6 0.166297 0.594512 0.339726 0.797222 0.075801
2 0.592038 0.621558 0.0386924 0.225278 0.0751492
5 0.400022 0.733554 0.0990897 0.173866 0.0747928
7 0.967478 0.788604 0.0675112 0.302306 0.0733401
2 0.452232 0.207382 0.0173536 0.0650595 0.0727889
5 0.393785 0.734487 0.126144 0.182721 0.0722648
10 0.993508 0.429996 0.0148809 0.476036 0.0715707
10 0.313916 0.533637 0.164549 0.781516 0.0713156
6 0.137148 0.410229 0.262925 0.413843 0.0687921
11 0.970152 0.73277 0.0627701 0.418981 0.0669924
10 0.990907 0.586164 0.0185722 0.142213 0.0661245
2 0.991495 0.562033 0.0175009 0.220929 0.0659335
6 0.975932 0.589139 0.0496157 0.213497 0.0656502
6 0.956307 0.382335 0.0917463 0.365674 0.064568
5 0.452526 0.72749 0.0470834 0.171353 0.0642708
2 0.636293 0.493969 0.0179698 0.0285869 0.0641886
10 0.305436 0.541713 0.166257 0.792604 0.0640766
2 0.625388 0.56518 0.0355097 0.107989 0.0637829
2 0.992151 0.577394 0.0155582 0.18018 0.0629273
6 0.966031 0.449655 0.066946 0.505805 0.0608679
10 0.990859 0.572945 0.0192553 0.196763 0.0588296
6 0.960531 0.413982 0.0824101 0.182802 0.0583711
10 0.311075 0.538203 0.168589 0.798514 0.0577342
10 0.989247 0.877848 0.0230715 0.109973 0.0570354
6 0.981582 0.519824 0.0379372 0.359579 0.0562735
10 0.208415 0.421218 0.133508 0.389295 0.0561425
10 0.410098 0.732267 0.111731 0.401442 0.0558804
11 0.632729 0.341381 0.156247 0.101389 0.055552
2 0.437999 0.204089 0.0164762 0.0611329 0.0555032
5 0.455353 0.725238 0.0458854 0.165003 0.055166
10 0.991097 0.56323 0.0190432 0.212158 0.0549113
10 0.223677 0.382923 0.146263 0.47421 0.0548468
10 0.288303 0.409147 0.119548 0.533255 0.054781
5 0.440824 0.718557 0.0403008 0.141778 0.051873
6 0.0820808 0.398739 0.162193 0.399006 0.0515746
7 0.455629 0.310309 0.0184191 0.0483421 0.0511353
10 0.0127938 0.798514 0.0253508 0.409598 0.0499119
6 0.0146234 0.891705 0.0292135 0.220298 0.0497389
6 0.960042 0.575094 0.0815517 0.761437 0.0492572
10 0.204263 0.456625 0.127281 0.310978 0.0488781
10 0.0136259 0.86216 0.0272498 0.279568 0.0482873
7 0.96689 0.815155 0.0676167 0.346749 0.0477261
5 0.396568 0.737556 0.102366 0.182678 0.047431
7 0.462173 0.310715 0.0215575 0.0463171 0.0464006
10 0.0348553 0.596343 0.0695696 0.810954 0.0453318
10 0.746453 0.354125 0.0646406 0.456665 0.0449298
6 0.961677 0.400904 0.0748419 0.156663 0.0446908
2 0.529654 0.251968 0.0228297 0.163729 0.0443401
10 0.180037 0.581408 0.365624 0.834119 0.0443227
10 0.302985 0.507013 0.183923 0.498879 0.0442205
10 0.293606 0.424457 0.127044 0.568349 0.0433245
2 0.453652 0.20875 0.0189363 0.067067 0.0432661
10 0.264401 0.560664 0.260176 0.833246 0.0425153
11 0.634591 0.377648 0.155413 0.184847 0.0421884
10 0.376008 0.791263 0.0822634 0.27834 0.0421818
6 0.193506 0.591483 0.382121 0.825095 0.0420552
11 0.978513 0.626853 0.0457823 0.140851 0.0419649
5 0.407276 0.73712 0.105479 0.1862 0.0419477
5 0.404457 0.732782 0.120311 0.182151 0.041737
10 0.992082 0.334633 0.0174408 0.415489 0.0417248
10 0.387635 0.789142 0.123455 0.298809 0.0414801
2 0.379677 0.0660771 0.0253801 0.0580776 0.041135
6 0.978423 0.632337 0.0456366 0.617785 0.0410779
10 0.987122 0.526747 0.0263987 0.306557 0.0410553
11 0.974955 0.605127 0.0516863 0.173113 0.0408683
2 0.535935 0.198904 0.02165 0.0511631 0.0408143
6 0.0895242 0.598149 0.176251 0.807975 0.0407677
5 0.391546 0.761817 0.0594164 0.219015 0.040673
2 0.380387 0.0650664 0.0248108 0.0556824 0.0404946
10 0.98923 0.595634 0.020705 0.13592 0.0403657
10 0.0376923 0.594599 0.0754936 0.812933 0.0400978
10 0.328748 0.480297 0.405347 0.676332 0.039854
2 0.524591 0.200924 0.0216954 0.0542378 0.0394021
10 0.264052 0.566544 0.262437 0.846784 0.0390315
10 0.0147952 0.940698 0.0297456 0.12165 0.0387988
10 0.990905 0.898596 0.0200623 0.203596 0.038676
10 0.203869 0.578218 0.399474 0.84516 0.0386759
11 0.60135 0.453353 0.216705 0.355228 0.0383102
10 0.270765 0.377443 0.142294 0.471822 0.0380882
11 0.977678 0.735509 0.0482985 0.407789 0.0371151
5 0.389929 0.73689 0.100838 0.177675 0.037003
10 0.209031 0.417876 0.142809 0.387391 0.0368016
2 0.468286 0.31267 0.015298 0.0470585 0.0365887
6 0.200007 0.478257 0.390259 0.565524 0.0365377
5 0.386761 0.777514 0.153618 0.288285 0.0362727
6 0.988527 0.514671 0.0232405 0.328085 0.0362272
10 0.177237 0.588884 0.359109 0.81997 0.0361979
2 0.83116 0.810837 0.0463713 0.252735 0.0360018
2 0.599203 0.593612 0.0331921 0.167785 0.0358514
10 0.312604 0.443977 0.148886 0.586829 0.0356627
5 0.397672 0.777451 0.149463 0.283822 0.035395
5 0.0131658 0.958574 0.026803 0.0841844 0.0350257
11 0.977656 0.675838 0.0475254 0.0988996 0.0346134
7 0.515629 0.29978 0.0242901 0.0577005 0.034204
5 0.38919 0.736995 0.0724651 0.172464 0.0339575
7 0.541026 0.627946 0.0317133 0.05188 0.0335697
2 0.646062 0.492693 0.016006 0.0292392 0.0335133
10 0.324533 0.550345 0.134121 0.330633 0.033093
10 0.986644 0.889786 0.026704 0.0889864 0.0329213
10 0.243867 0.571272 0.327207 0.839713 0.0327621
6 0.147974 0.599278 0.298746 0.804624 0.0327187
5 0.458751 0.723354 0.0441139 0.161798 0.032668
2 0.518102 0.198757 0.018622 0.051194 0.0325811
10 0.382043 0.779204 0.10953 0.309812 0.0325634
6 0.103777 0.598992 0.208297 0.806549 0.0323314
11 0.602911 0.305204 0.0543891 0.037721 0.0322517
10 0.0170843 0.588695 0.0349972 0.776353 0.0321863
2 0.33386 0.00934656 0.0316452 0.0200278 0.0320111
11 0.618699 0.466962 0.15621 0.367349 0.0317878
10 0.990411 0.871065 0.02029 0.121008 0.0317353
2 0.511903 0.281995 0.0257606 0.0948438 0.0316959
11 0.984957 0.462775 0.0305592 0.184648 0.0308688
10 0.195917 0.581341 0.38425 0.79632 0.0308537
5 0.456482 0.72561 0.0409747 0.165777 0.0306487
7 0.770012 0.20839 0.0273065 0.0402049 0.0302672
7 0.774378 0.208716 0.0203773 0.0345 0.0301256
11 0.974508 0.61493 0.0538994 0.181557 0.0300468
10 0.787467 0.357168 0.10416 0.456057 0.0300424
6 0.195369 0.728567 0.379207 0.544111 0.0299287
7 0.471962 0.311893 0.0135709 0.0456667 0.0297676
2 0.547386 0.626571 0.0312917 0.0522933 0.029111
5 0.437143 0.694274 0.0389604 0.0936798 0.0290876
11 0.985554 0.415391 0.029792 0.16905 0.0290819
10 0.198367 0.444984 0.387432 0.495958 0.0287735
6 0.986634 0.475219 0.0269583 0.202461 0.0287373
6 0.334086 0.509662 0.0646579 0.176673 0.0285511
5 0.455783 0.707987 0.0407509 0.132497 0.0285001
6 0.194658 0.777525 0.376706 0.446996 0.0284244
10 0.989869 0.601778 0.0195471 0.148378 0.0284225
11 0.976479 0.594297 0.0484015 0.163986 0.0283264
11 0.67857 0.799041 0.125777 0.397444 0.0282691
10 0.0785128 0.579573 0.155347 0.75968 0.0282564
6 0.398547 0.783227 0.124248 0.287783 0.0282117
10 0.367481 0.834485 0.0615111 0.183588 0.0280704
6 0.192355 0.680332 0.375713 0.643598 0.0278733
11 0.527154 0.782263 0.451659 0.42577 0.0278659
10 0.278464 0.502469 0.138212 0.38062 0.0277843
10 0.0203943 0.497761 0.0417045 0.59511 0.027682
6 0.136177 0.414424 0.26433 0.403827 0.0276658
6 0.409779 0.78942 0.11229 0.285678 0.0275579
10 0.987906 0.883601 0.0249836 0.102926 0.0275035
10 0.317684 0.450082 0.269412 0.608349 0.0273699
10 0.390971 0.572309 0.651441 0.83669 0.0272996
11 0.642762 0.450661 0.166174 0.327538 0.0271615
10 0.0172211 0.408856 0.0349197 0.40265 0.0268236
10 0.781827 0.444002 0.0941811 0.280146 0.0265331
7 0.764836 0.207969 0.0227388 0.0335276 0.026504
10 0.263995 0.498971 0.219911 0.433909 0.0261723
5 0.540227 0.314912 0.0214689 0.0367032 0.0261532
7 0.760064 0.213122 0.0189202 0.0422969 0.0261077
10 0.209277 0.380848 0.13462 0.475254 0.0260981
10 0.369999 0.825119 0.0652262 0.205959 0.0260551
2 0.531275 0.252661 0.0221171 0.154633 0.0259162
2 0.989785 0.505503 0.0208632 0.11591 0.0257966
2 0.635074 0.222681 0.0201656 0.0569149 0.0257427
10 0.337995 0.604004 0.209402 0.655307 0.0256547
11 0.987317 0.428216 0.0260262 0.18098 0.0256509
6 0.169047 0.611382 0.33664 0.785773 0.0253917
10 0.324918 0.431256 0.120109 0.543744 0.0253847
2 0.60932 0.433572 0.0192565 0.0364979 0.0253811
10 0.0553893 0.320017 0.114136 0.637949 0.0249515
6 0.974842 0.391325 0.0531101 0.133185 0.0248594
2 0.989514 0.505047 0.0215212 0.1056 0.024057
2 0.458824 0.247079 0.0154169 0.0183294 0.0239376
10 0.268048 0.591302 0.268171 0.718713 0.0239266
6 0.985842 0.429815 0.0289024 0.158431 0.0234144
7 0.667265 0.29262 0.0198274 0.0601679 0.0233298
7 0.755449 0.216983 0.0199431 0.0479793 0.0232314
10 0.375373 0.838752 0.0715506 0.18586 0.0228127
10 0.815878 0.351451 0.0530581 0.457615 0.0225147
10 0.417073 0.442507 0.589607 0.566447 0.0223507
10 0.0564975 0.601761 0.115619 0.788061 0.0222447
7 0.770837 0.221487 0.0384817 0.0692968 0.0220715
6 0.42419 0.292935 0.0579325 0.0830507 0.0220485
11 0.54897 0.80045 0.414169 0.389265 0.0219095
10 0.36441 0.837781 0.0596567 0.181025 0.0217122
10 0.372162 0.861514 0.057438 0.132742 0.0214678
10 0.398622 0.784603 0.139635 0.292573 0.0213443
10 0.321217 0.512474 0.184377 0.408393 0.0211799
10 0.436582 0.809059 0.144492 0.340139 0.02114
10 0.0518484 0.757727 0.104176 0.484202 0.0206614
11 0.607904 0.888456 0.254439 0.221676 0.0206558
11 0.566802 0.819843 0.260734 0.358454 0.0205154
7 0.403175 0.303795 0.015339 0.0549129 0.0205056
10 0.0483735 0.372762 0.100135 0.356902 0.0204698
10 0.637519 0.0831343 0.0841249 0.173283 0.019924
11 0.652895 0.79916 0.248751 0.395678 0.0198987
2 0.60139 0.434443 0.0214004 0.0470156 0.0198337
10 0.00994683 0.345413 0.0204587 0.302456 0.0198106
6 0.0907893 0.390569 0.177156 0.382996 0.0196045
11 0.590896 0.833077 0.292434 0.329805 0.019603
6 0.182062 0.812134 0.357893 0.379405 0.0195968
10 0.348602 0.789442 0.0682217 0.281365 0.0190836
10 0.339241 0.548136 0.110564 0.269594 0.0189839
10 0.382277 0.82042 0.11975 0.222831 0.0188488
10 0.0568211 0.786353 0.112913 0.429741 0.0187703
6 0.425359 0.83797 0.0698312 0.174784 0.0187328
10 0.977192 0.359286 0.0464338 0.070192 0.0187142
7 0.782105 0.212555 0.0294979 0.0481223 0.0186947
10 0.344086 0.807976 0.0886845 0.341052 0.0186512
6 0.973175 0.360129 0.0551928 0.0718606 0.018591
10 0.77029 0.227528 0.118756 0.201166 0.0185541
2 0.590878 0.55838 0.0366077 0.0931597 0.0184692
2 0.35973 0.0644812 0.0231495 0.0558347 0.0183583
10 0.819209 0.351754 0.0591505 0.457377 0.0182713
2 0.617308 0.617542 0.0998414 0.224215 0.0182464
11 0.608125 0.804788 0.222957 0.376826 0.0181111
10 0.213325 0.0637787 0.0747964 0.131564 0.018031
6 0.30492 0.502123 0.125665 0.166488 0.017975
10 0.351414 0.408497 0.133496 0.514073 0.0179452
10 0.724935 0.359676 0.0605682 0.454288 0.0179299
5 0.449932 0.685716 0.0381282 0.0816803 0.0178945
6 0.32124 0.500433 0.126719 0.18633 0.0178431
2 0.391481 0.066471 0.0233617 0.0599299 0.0178398
11 0.532286 0.816544 0.413154 0.360303 0.0178396
10 0.0629602 0.409729 0.130874 0.409126 0.0177787
10 0.0543868 0.828032 0.108367 0.344813 0.0176828
10 0.423167 0.718873 0.1713 0.480811 0.0175822
10 0.342747 0.293537 0.046699 0.0574202 0.0174009
10 0.0435979 0.712197 0.0877752 0.570469 0.0173264
6 0.165522 0.73724 0.3294 0.52092 0.0171969
11 0.182047 0.886165 0.358168 0.229303 0.0170877
2 0.503453 0.276731 0.0251235 0.115755 0.0170536
10 0.757754 0.299943 0.0839676 0.265204 0.0168453
11 0.607562 0.781502 0.256786 0.39233 0.0166536
5 0.378054 0.749804 0.154833 0.237303 0.0164196
10 0.108852 0.677742 0.213455 0.628761 0.016092
6 0.929612 0.406046 0.0583969 0.185523 0.0159318
10 0.807501 0.578963 0.395907 0.832084 0.0159201
2 0.498655 0.311984 0.0149987 0.0461987 0.0158831
6 0.990719 0.366788 0.0189804 0.0877773 0.0157283
2 0.352493 0.138688 0.0277173 0.133681 0.0157073
10 0.765018 0.317142 0.102375 0.259617 0.0155364
11 0.268543 0.972385 0.328788 0.0569595 0.0154732
2 0.388349 0.129904 0.0346073 0.191707 0.0154214
6 0.428351 0.810572 0.0622191 0.164731 0.0152739
10 0.373906 0.783602 0.235176 0.313456 0.0152507
10 0.120045 0.761592 0.238139 0.43639 0.015113
10 0.764417 0.313145 0.0989872 0.249237 0.0151016
6 0.299431 0.479893 0.148646 0.252189 0.0150953
2 0.337036 0.286359 0.0289081 0.0672608 0.0149304
10 0.768164 0.522442 0.060516 0.118359 0.0148698
11 0.580531 0.749066 0.329789 0.491551 0.0145103
10 0.378395 0.863804 0.0654038 0.13656 0.0143964
10 0.751251 0.178459 0.0452804 0.100996 0.0140972
11 0.458919 0.444228 0.506332 0.318271 0.013584
10 0.119235 0.790558 0.235033 0.423791 0.0134117
10 0.80721 0.394607 0.0923361 0.368825 0.0133967
11 0.459976 0.625996 0.532579 0.686166 0.0133565
6 0.647537 0.872283 0.245935 0.252703 0.0133523
11 0.647335 0.734477 0.177486 0.289796 0.0131603
6 0.300254 0.499778 0.139906 0.227008 0.0128605
2 0.578263 0.245159 0.0108225 0.028573 0.0124322
7 0.787983 0.209241 0.0224838 0.0374086 0.0124243
2 0.568043 0.587605 0.0474599 0.125818 0.012356
5 0.124444 0.983141 0.152824 0.0349161 0.0122001
11 0.68451 0.772346 0.105576 0.355898 0.0119816
10 0.782895 0.521644 0.0803605 0.118848 0.0118703
7 0.58212 0.305788 0.0488345 0.0375493 0.0116756
10 0.415654 0.407826 0.326244 0.39278 0.0116498
5 0.3429 0.834348 0.0526777 0.189164 0.0114118
6 0.606832 0.273535 0.0753572 0.0966632 0.011178
10 0.722985 0.314815 0.0257468 0.213765 0.0110662
10 0.271667 0.0503066 0.254225 0.114513 0.0109251
10 0.10083 0.852199 0.199334 0.298946 0.0108871
5 0.0206338 0.895362 0.041523 0.224812 0.010596
10 0.727781 0.437665 0.0508088 0.262828 0.0104999
10 0.230115 0.46282 0.139118 0.280232 0.0103304
6 0.34308 0.830412 0.167843 0.222276 0.00927405
10 0.721592 0.276879 0.0247923 0.14563 0.00903374
10 0.248678 0.486819 0.0856501 0.253377 0.00900422
2 0.667174 0.531907 0.0194361 0.0415771 0.00832897
11 0.478865 0.579413 0.144826 0.129579 0.0075215
