3 0.549374 0.407303 0.20379 0.247602 0.846887
3 0.380935 0.399342 0.15942 0.204255 0.206545
10 0.976659 0.910636 0.0489005 0.176799 0.172474
4 0.201941 0.457427 0.136092 0.21589 0.170807
4 0.40017 0.386346 0.118151 0.179226 0.149579
10 0.970769 0.860467 0.0607712 0.276193 0.147503
4 0.301049 0.442006 0.148382 0.208742 0.110342
10 0.975391 0.852493 0.0515492 0.295252 0.108711
4 0.299871 0.446956 0.144641 0.202726 0.102609
4 0.292105 0.447225 0.139222 0.195098 0.102532
4 0.349247 0.410742 0.147421 0.206087 0.10047
10 0.752554 0.452227 0.0428403 0.0764516 0.0977018
1 0.970403 0.794202 0.060194 0.409693 0.0910871
4 0.280323 0.285445 0.168101 0.135502 0.0896319
4 0.26893 0.219113 0.0602823 0.0947803 0.0892057
4 0.198532 0.463746 0.154036 0.231984 0.0888022
3 0.352354 0.417632 0.203762 0.238277 0.0880988
1 0.952743 0.730101 0.0959343 0.533943 0.0817198
10 0.969506 0.90601 0.0640864 0.189298 0.079684
4 0.157413 0.293215 0.145634 0.164032 0.0792857
4 0.266736 0.453229 0.294399 0.253641 0.0792071
10 0.983112 0.924031 0.034742 0.152102 0.0783849
1 0.937874 0.789913 0.127269 0.420423 0.0778678
1 0.935539 0.716897 0.12906 0.563139 0.0778663
1 0.943969 0.856733 0.116 0.283165 0.0766036
10 0.987619 0.918821 0.0248566 0.164425 0.0748084
1 0.9429 0.839156 0.117546 0.319644 0.0740675
1 0.960814 0.708839 0.0805968 0.577444 0.0739013
10 0.987629 0.903534 0.0248911 0.192789 0.0732941
1 0.957794 0.681016 0.0856165 0.633838 0.0725224
1 0.954555 0.643763 0.0929563 0.708674 0.0712695
1 0.835808 0.821464 0.333351 0.359453 0.0699517
1 0.938086 0.678426 0.12472 0.641866 0.0695124
1 0.417678 0.965357 0.254917 0.0694048 0.0693642
1 0.852729 0.770078 0.299162 0.461961 0.069194
1 0.941912 0.627778 0.118307 0.743437 0.0689407
10 0.99096 0.902583 0.0183752 0.194798 0.0688198
1 0.785569 0.864111 0.441493 0.273881 0.0668033
1 0.837495 0.866943 0.335548 0.266204 0.0663077
4 0.128822 0.45748 0.257805 0.262157 0.0653333
3 0.186854 0.383801 0.374364 0.433519 0.0649512
1 0.457305 0.96504 0.418666 0.0710858 0.0648702
1 0.804207 0.922887 0.394251 0.15657 0.0632545
4 0.05816 0.335144 0.114429 0.171919 0.0631093
4 0.132912 0.472865 0.26204 0.263933 0.062903
4 0.26813 0.216618 0.0661277 0.0991424 0.0619669
1 0.507523 0.856925 0.958959 0.288764 0.0613169
1 0.846338 0.92319 0.311277 0.154838 0.0610177
10 0.988098 0.85535 0.0244708 0.288456 0.0599746
10 0.966614 0.942839 0.0673736 0.116446 0.0599266
1 0.585733 0.910776 0.821229 0.179584 0.0593665
1 0.60516 0.956446 0.766933 0.0885479 0.0591183
1 0.423691 0.926308 0.24885 0.148103 0.0588569
1 0.803248 0.961013 0.392885 0.0788671 0.0587874
1 0.963897 0.626462 0.0752788 0.746483 0.0585553
1 0.772288 0.793229 0.459799 0.418044 0.0582622
1 0.384583 0.96758 0.30367 0.0660799 0.0576936
1 0.503601 0.845373 0.970087 0.314884 0.0572382
1 0.594827 0.924341 0.798965 0.152351 0.0567178
1 0.860193 0.717874 0.284631 0.570499 0.0562664
1 0.402987 0.947982 0.459997 0.104162 0.0559798
4 0.376538 0.448035 0.0711223 0.125432 0.0558582
1 0.451437 0.927105 0.519117 0.147713 0.0551326
1 0.930729 0.508034 0.140017 0.988344 0.0548245
1 0.737646 0.867989 0.530986 0.264639 0.0547489
10 0.941417 0.912461 0.11891 0.174892 0.0541178
10 0.987809 0.859836 0.0254414 0.279374 0.0537956
0 0.0232434 0.538814 0.0468452 0.174416 0.0531303
1 0.847896 0.962765 0.304713 0.075552 0.0525021
4 0.329439 0.360568 0.0893612 0.0863662 0.0524858
1 0.0789038 0.906225 0.159286 0.192825 0.050809
1 0.489144 0.875181 0.545858 0.249496 0.0504911
1 0.725791 0.963907 0.539689 0.0729766 0.0501461
4 0.0204567 0.475601 0.042294 0.303804 0.0499565
1 0.502104 0.739965 0.990224 0.525437 0.049886
10 0.985172 0.858121 0.0307063 0.278126 0.0494005
1 0.793614 0.937333 0.411214 0.12755 0.0489353
4 0.129741 0.477738 0.269098 0.260811 0.0485088
4 0.787918 0.474143 0.0583112 0.0896381 0.0476211
4 0.378707 0.45412 0.0594094 0.113234 0.0471334
1 0.244738 0.871794 0.496716 0.258759 0.0466866
4 0.166696 0.462512 0.12852 0.203617 0.0466555
1 0.523024 0.861826 0.932291 0.278269 0.0466345
3 0.287584 0.393999 0.342738 0.349178 0.0466259
1 0.504012 0.918147 0.959947 0.164397 0.0465614
0 0.019666 0.567302 0.0401814 0.124042 0.046444
10 0.977752 0.938078 0.0468735 0.126563 0.0464004
1 0.305057 0.836094 0.610833 0.33074 0.0457693
1 0.860298 0.674055 0.280729 0.656336 0.0457587
1 0.589932 0.961852 0.797301 0.0783152 0.0456893
1 0.352128 0.86799 0.705329 0.266136 0.0456396
3 0.395501 0.403231 0.145779 0.220505 0.0453509
10 0.894722 0.478027 0.0425286 0.0938843 0.0446011
4 0.806787 0.47629 0.108807 0.0955237 0.044585
1 0.526457 0.918919 0.911366 0.165046 0.0445469
10 0.981693 0.838084 0.0385962 0.237914 0.04431
1 0.527909 0.969848 0.256748 0.0601858 0.0440684
4 0.332118 0.353072 0.082892 0.0771026 0.0439307
1 0.375179 0.923984 0.743057 0.153015 0.0438757
1 0.347418 0.968255 0.295836 0.0647831 0.0436991
10 0.73989 0.450098 0.0416487 0.0754042 0.0435153
1 0.499639 0.784502 0.990458 0.439262 0.0430814
1 0.815225 0.0214724 0.368996 0.0431227 0.0425397
1 0.374483 0.899358 0.74716 0.203968 0.042482
1 0.942884 0.563542 0.116216 0.866534 0.0423484
1 0.0724156 0.962382 0.145063 0.0771599 0.0422302
4 0.275398 0.211727 0.0559536 0.0835339 0.0421474
1 0.940414 0.514707 0.124009 0.968696 0.0418102
1 0.42627 0.875533 0.859006 0.25196 0.0416662
10 0.962616 0.900874 0.0730385 0.204269 0.041444
1 0.409191 0.981672 0.121042 0.0371311 0.0412122
10 0.986438 0.83588 0.0278641 0.32908 0.0408593
10 0.976266 0.861074 0.0504506 0.280844 0.0408216
4 0.334742 0.305935 0.0575015 0.0842661 0.0405311
1 0.522883 0.879791 0.886589 0.245455 0.0405233
10 0.982691 0.808564 0.0352781 0.181186 0.0402106
10 0.0126845 0.412246 0.0268414 0.417227 0.039877
1 0.451109 0.886828 0.903847 0.228115 0.0394451
1 0.986773 0.600032 0.0257024 0.688732 0.0391178
1 0.431885 0.969442 0.137153 0.0620874 0.0388613
4 0.018962 0.580625 0.0389125 0.0838984 0.038435
10 0.0923163 0.131798 0.114904 0.25392 0.0383925
4 0.055378 0.394561 0.112273 0.364426 0.0381345
1 0.847354 0.0194312 0.3064 0.0380424 0.0381246
1 0.45617 0.855886 0.899307 0.289117 0.0380597
10 0.967981 0.861822 0.0657218 0.283105 0.0376189
4 0.440631 0.38728 0.103878 0.170062 0.0373741
1 0.421743 0.985621 0.092363 0.0280544 0.0373003
10 0.389349 0.449954 0.0574053 0.112736 0.0368657
1 0.228692 0.836127 0.462858 0.332233 0.0366373
1 0.382981 0.953168 0.760086 0.0963796 0.036448
4 0.787 0.473745 0.0630461 0.0967186 0.0363701
1 0.773931 0.745494 0.455221 0.515026 0.0358732
1 0.0377805 0.961308 0.0769763 0.079835 0.03577
4 0.0132529 0.444775 0.0269812 0.219673 0.0357597
10 0.957011 0.924618 0.0900211 0.156763 0.0353449
4 0.0563114 0.358618 0.103294 0.100382 0.035284
10 0.0164893 0.516245 0.0341799 0.105725 0.0352475
1 0.398627 0.824467 0.798007 0.35561 0.0351893
10 0.979067 0.95151 0.0431922 0.097461 0.0349729
4 0.344156 0.300099 0.0579478 0.0771898 0.0347631
4 0.2585 0.292242 0.25578 0.184315 0.0340891
10 0.078828 0.137445 0.137749 0.271419 0.0339619
1 0.501974 0.710187 0.985245 0.583711 0.0336103
4 0.0433267 0.443847 0.088737 0.379036 0.0335692
3 0.540751 0.418053 0.196584 0.237098 0.0335348
10 0.966971 0.965329 0.0681598 0.0716448 0.0333007
3 0.242825 0.456849 0.470997 0.361822 0.0327905
4 0.271577 0.290434 0.153599 0.117837 0.0326995
6 0.915775 0.96497 0.173131 0.0714851 0.0326821
10 0.982836 0.96513 0.0360052 0.0717678 0.0325764
1 0.576786 0.966635 0.82946 0.0695389 0.0323217
3 0.232332 0.396031 0.462387 0.519844 0.0322619
10 0.901405 0.475329 0.0473122 0.111832 0.0321911
1 0.388383 0.983789 0.162266 0.0331475 0.0321576
10 0.984337 0.793838 0.0321653 0.156025 0.032147
1 0.476593 0.983157 0.229871 0.0348631 0.0319627
10 0.0144716 0.520253 0.0303134 0.116521 0.0316784
4 0.359621 0.436766 0.0798156 0.155109 0.031601
4 0.283045 0.294645 0.170667 0.108643 0.0311815
1 0.98459 0.502421 0.03202 0.301619 0.0311398
4 0.0127347 0.413157 0.0262653 0.155333 0.0309862
4 0.042786 0.334594 0.0893796 0.163268 0.0307838
10 0.0108829 0.336868 0.0223679 0.186526 0.0306607
10 0.119668 0.3128 0.0494401 0.129915 0.0305871
3 0.0577616 0.371645 0.117292 0.50866 0.0301999
10 0.124083 0.30826 0.0489095 0.136023 0.0301708
4 0.341968 0.417072 0.257159 0.230857 0.0301336
10 0.0367005 0.270287 0.0742468 0.292828 0.0301148
4 0.276392 0.298398 0.176091 0.126752 0.0300925
4 0.0393762 0.358766 0.081066 0.103689 0.0299568
4 0.282273 0.429036 0.103732 0.181552 0.0298842
4 0.0125008 0.440323 0.025857 0.186344 0.0298541
10 0.962461 0.951462 0.0763624 0.0992374 0.0295817
4 0.0119718 0.459341 0.0248882 0.211296 0.0293784
3 0.715988 0.41679 0.189809 0.158331 0.0293024
4 0.156411 0.20867 0.0961135 0.0933233 0.029211
6 0.0279685 0.29647 0.0572676 0.225243 0.029073
4 0.233012 0.260398 0.285875 0.210159 0.0288542
10 0.0966202 0.104767 0.0863045 0.192772 0.0286498
4 0.0100809 0.481775 0.0219091 0.262554 0.0286269
4 0.328547 0.353822 0.0944219 0.0940912 0.0285131
11 0.760782 0.0571943 0.474704 0.113525 0.0283256
10 0.983091 0.976646 0.0347832 0.0477585 0.0282586
1 0.360285 0.984599 0.201021 0.0320598 0.0281533
4 0.0377236 0.366427 0.0769537 0.0917966 0.0280363
4 0.23244 0.217325 0.132349 0.110988 0.0279872
4 0.23724 0.45079 0.0820671 0.196233 0.0278877
10 0.0138765 0.543807 0.0294659 0.158235 0.0278606
1 0.55856 0.973701 0.693607 0.0541101 0.0278426
10 0.0150718 0.544339 0.0322827 0.170559 0.0277346
10 0.771317 0.450327 0.0418639 0.0758996 0.0274482
4 0.323787 0.323325 0.086999 0.126621 0.0270074
4 0.286593 0.29325 0.15902 0.116251 0.0269956
10 0.0986144 0.0758815 0.0741758 0.131592 0.0266093
4 0.34669 0.343772 0.0850101 0.0732607 0.0264976
4 0.0123267 0.369606 0.0250827 0.0980682 0.026414
5 0.732138 0.0613881 0.530209 0.12268 0.0261348
10 0.0097517 0.331275 0.0194325 0.162381 0.0258718
10 0.73209 0.452325 0.0416532 0.0765364 0.0258239
1 0.061096 0.981957 0.123527 0.0383526 0.0255875
4 0.304422 0.419693 0.137909 0.205779 0.0253816
1 0.502299 0.741531 0.973751 0.517438 0.0251874
4 0.0636508 0.487275 0.131274 0.192089 0.0250324
4 0.0102768 0.369238 0.0207749 0.112359 0.024906
4 0.211218 0.246751 0.0738725 0.0736734 0.0249044
10 0.114367 0.319502 0.0525522 0.131371 0.024824
1 0.797824 0.594536 0.404357 0.815313 0.024352
10 0.362026 0.420121 0.112148 0.251085 0.0242819
4 0.276107 0.307938 0.119412 0.116043 0.0242264
10 0.0120379 0.311231 0.024438 0.189729 0.0241623
4 0.0135371 0.545733 0.0297189 0.177132 0.0241217
1 0.451287 0.985633 0.118097 0.0288784 0.0238253
1 0.531777 0.985757 0.102586 0.0284651 0.02378
5 0.784742 0.0164815 0.381065 0.0332213 0.0236185
10 0.11384 0.300385 0.0659806 0.146208 0.0235373
3 0.576171 0.408978 0.170468 0.231078 0.0235212
4 0.355638 0.444359 0.0762831 0.141697 0.0235163
1 0.517403 0.987047 0.142006 0.0264679 0.0233872
4 0.444795 0.416944 0.0689721 0.143412 0.0231657
10 0.09215 0.0968908 0.111491 0.190441 0.0230012
1 0.0331883 0.976495 0.0690094 0.0484421 0.0229884
1 0.024052 0.974622 0.0488755 0.0525573 0.022908
4 0.169998 0.0507585 0.333192 0.101014 0.0228105
5 0.716859 0.0244046 0.562037 0.0496439 0.0228014
10 0.707081 0.460416 0.0225721 0.055284 0.0225822
4 0.249299 0.300862 0.248345 0.147963 0.0225076
4 0.00973068 0.383718 0.0200149 0.185464 0.0221155
10 0.0297337 0.215954 0.0619187 0.24079 0.0215219
10 0.0761244 0.102805 0.152215 0.207106 0.0214429
1 0.563319 0.986332 0.149939 0.0282419 0.0212555
4 0.212197 0.267537 0.108882 0.134788 0.0212042
1 0.331244 0.986955 0.234918 0.0280476 0.0211615
6 0.0415192 0.238062 0.0842228 0.143338 0.020986
6 0.0217862 0.269891 0.045249 0.1536 0.0209827
3 0.547326 0.438322 0.187877 0.201463 0.0208947
4 0.396004 0.399205 0.139093 0.205072 0.0207353
4 0.261436 0.393364 0.183847 0.132816 0.0207326
4 0.868991 0.475397 0.0787083 0.0945412 0.0207231
1 0.578254 0.989149 0.211431 0.0231385 0.0206299
4 0.254442 0.445681 0.0793877 0.194428 0.020548
10 0.40451 0.444407 0.0455527 0.106283 0.0205374
10 0.96538 0.981706 0.072384 0.0381946 0.0204659
4 0.23003 0.233605 0.0724019 0.10169 0.0203054
10 0.102487 0.325055 0.0589754 0.142977 0.020109
4 0.461113 0.395205 0.0740811 0.169887 0.0200791
4 0.157993 0.298961 0.146204 0.161748 0.020032
4 0.327434 0.211283 0.145247 0.194562 0.01972
4 0.450908 0.41179 0.0625992 0.151061 0.0197057
4 0.3634 0.47007 0.0576156 0.107443 0.0196871
6 0.0408948 0.243966 0.0837449 0.153177 0.0195333
4 0.195047 0.356818 0.0656844 0.0648882 0.0193764
1 0.0433531 0.983985 0.0878333 0.0333418 0.0193402
4 0.440034 0.421737 0.0900908 0.131894 0.019053
10 0.0948208 0.340443 0.0618137 0.128841 0.0188255
4 0.163414 0.10716 0.321235 0.214991 0.0187179
1 0.496018 0.989573 0.111745 0.0215334 0.0186877
3 0.592211 0.409741 0.171394 0.246055 0.0186464
1 0.314217 0.985294 0.234788 0.0316214 0.0185804
4 0.0412045 0.0362317 0.0846789 0.0757172 0.0184931
4 0.25967 0.444263 0.0811348 0.191576 0.0183487
4 0.329315 0.280126 0.118789 0.106558 0.0182424
4 0.826934 0.473375 0.0528605 0.0924778 0.0179632
10 0.970987 0.199475 0.0373103 0.176029 0.017908
4 0.120253 0.25687 0.10313 0.0956987 0.0177224
10 0.940705 0.194876 0.0203212 0.0711051 0.0176151
6 0.935174 0.983698 0.130936 0.0350731 0.0175225
10 0.875134 0.472622 0.0521168 0.0971276 0.0173871
4 0.333871 0.469443 0.0676285 0.123421 0.0173396
10 0.127319 0.295515 0.058322 0.158448 0.0172307
5 0.934435 0.0166588 0.136081 0.0328169 0.0171276
10 0.971215 0.199759 0.0314797 0.100277 0.0170084
4 0.0668748 0.0356108 0.134423 0.0740156 0.016961
6 0.0368383 0.286478 0.0760424 0.213035 0.0166243
4 0.734817 0.468832 0.0941819 0.119901 0.0164708
1 0.477874 0.735197 0.933633 0.52902 0.0164281
4 0.124395 0.295497 0.13143 0.170104 0.0164004
4 0.303768 0.241698 0.106103 0.0894795 0.0164001
10 0.143683 0.296267 0.0512917 0.155457 0.0163696
4 0.0559372 0.0362721 0.114224 0.0756991 0.0163645
6 0.911985 0.984727 0.180238 0.0324496 0.0159651
10 0.812873 0.465167 0.0366483 0.103873 0.0158454
3 0.600699 0.39503 0.153628 0.253333 0.015636
10 0.165222 0.132978 0.223429 0.26012 0.0147356
10 0.116595 0.0715622 0.0702159 0.128397 0.0145924
4 0.441467 0.433823 0.0662516 0.0883134 0.0145314
4 0.341446 0.493344 0.060218 0.106816 0.0139965
3 0.611062 0.414395 0.105631 0.215909 0.013976
10 0.824107 0.471205 0.0301403 0.0872673 0.0138812
10 0.986715 0.92402 0.194454 0.158472 0.0127147
10 0.121826 0.30355 0.0953965 0.164916 0.0125665
4 0.780326 0.118636 0.443991 0.239024 0.0123157
3 0.803306 0.43527 0.165529 0.181024 0.0122079
6 0.334907 0.103112 0.0692262 0.12846 0.0118966
4 0.455943 0.45328 0.0471902 0.0807707 0.0114499
1 0.44899 0.683937 0.395286 0.402735 0.0112514
10 0.681681 0.198969 0.0758895 0.169707 0.0110493
4 0.676353 0.440952 0.140487 0.0933648 0.0108279
11 0.0135091 0.635384 0.0278972 0.143211 0.0101815
10 0.963036 0.0620856 0.0765385 0.126486 0.00869253
