10 0.815585 0.357451 0.0740814 0.407818 0.840756
6 0.184589 0.603436 0.368553 0.791891 0.742956
11 0.590028 0.796208 0.289885 0.400908 0.635392
10 0.1335 0.35909 0.109238 0.365586 0.612251
10 0.17398 0.384027 0.199743 0.408853 0.327065
11 0.629255 0.45451 0.161246 0.33487 0.230958
6 0.966814 0.449377 0.0674355 0.503447 0.224664
10 0.783246 0.358082 0.0578696 0.411488 0.189228
6 0.191831 0.431417 0.15885 0.308438 0.173585
2 0.992451 0.579385 0.0158829 0.158975 0.169015
6 0.96234 0.572756 0.0776102 0.738451 0.165292
6 0.95932 0.550261 0.0805771 0.688854 0.158162
2 0.436594 0.816419 0.0336022 0.0798409 0.146717
6 0.385352 0.830732 0.0710161 0.184319 0.137039
6 0.96526 0.361465 0.0706938 0.328215 0.123036
6 0.731793 0.456984 0.0419042 0.211441 0.119519
2 0.614249 0.618477 0.0478198 0.227166 0.110559
2 0.618176 0.564942 0.0364466 0.106542 0.109033
10 0.17492 0.592034 0.243829 0.81623 0.102847
2 0.620253 0.57998 0.0354217 0.139825 0.0960522
2 0.427606 0.816854 0.0317797 0.0791537 0.0954608
6 0.398492 0.823913 0.101146 0.19864 0.0913768
2 0.45073 0.204633 0.0184415 0.0603808 0.0868019
6 0.0898194 0.39087 0.177692 0.402476 0.083598
6 0.965318 0.574966 0.0710087 0.736242 0.0822014
6 0.0884346 0.383013 0.173248 0.392061 0.0820651
6 0.968626 0.321174 0.0649193 0.244901 0.0819979
10 0.127015 0.586831 0.253602 0.822619 0.0758326
6 0.133688 0.587413 0.267546 0.821264 0.075637
10 0.432298 0.767666 0.0696412 0.182176 0.0751992
11 0.968398 0.732995 0.0661591 0.410968 0.0750592
6 0.97439 0.593781 0.0530848 0.222613 0.0743768
6 0.188077 0.700507 0.372231 0.598035 0.0717514
10 0.990699 0.535397 0.0198074 0.335926 0.0697333
2 0.991444 0.567844 0.0176016 0.20259 0.0675669
10 0.990368 0.55313 0.02059 0.256135 0.0671306
6 0.960988 0.357687 0.080233 0.322294 0.0671187
2 0.624498 0.5618 0.0365088 0.103412 0.0663773
11 0.967207 0.779997 0.0688818 0.323333 0.0660181
10 0.78406 0.35638 0.0496984 0.41281 0.065157
6 0.993771 0.433857 0.0140707 0.472012 0.0643354
10 0.990467 0.586938 0.019451 0.143779 0.0641144
6 0.727255 0.473971 0.0407594 0.161765 0.0637236
2 0.636506 0.495682 0.0173395 0.0292398 0.0616389
10 0.0327023 0.586128 0.0651777 0.830499 0.0613293
10 0.0957448 0.587335 0.190651 0.823061 0.0611149
11 0.633458 0.343064 0.15701 0.10451 0.0587511
6 0.955298 0.596047 0.0903486 0.797005 0.0568944
6 0.968997 0.656222 0.0661987 0.56531 0.0564885
10 0.10419 0.570309 0.205277 0.77733 0.0551349
6 0.975791 0.61794 0.0498636 0.180289 0.0549121
2 0.990632 0.567741 0.0202404 0.207652 0.0544413
6 0.0152222 0.898448 0.0305885 0.207209 0.0544066
6 0.081558 0.384574 0.165448 0.407756 0.0533313
7 0.966972 0.799709 0.0669142 0.309942 0.0532236
2 0.453717 0.205567 0.0202768 0.0619499 0.0526031
6 0.399241 0.836826 0.116994 0.313696 0.0521167
2 0.610194 0.597151 0.0346179 0.169332 0.0515731
6 0.961582 0.438198 0.0774067 0.467746 0.0512813
2 0.991162 0.558375 0.0189867 0.205902 0.0501361
10 0.988747 0.872934 0.0242451 0.125326 0.0497597
6 0.0148799 0.86539 0.0298466 0.272768 0.0497568
10 0.0141788 0.81251 0.0282503 0.380075 0.0491621
10 0.0323249 0.58662 0.0651352 0.822296 0.0488606
6 0.970283 0.605713 0.0622309 0.21211 0.0487425
6 0.9665 0.557544 0.0670418 0.691887 0.0486741
6 0.0573123 0.592506 0.115657 0.809655 0.0484513
2 0.43762 0.203742 0.0171221 0.0598272 0.0484111
10 0.0436465 0.580862 0.0875645 0.83569 0.0474583
10 0.0181671 0.380408 0.0356016 0.572575 0.0474454
10 0.989784 0.589407 0.0196663 0.144925 0.0468852
10 0.171621 0.579976 0.351089 0.832878 0.0465094
6 0.975308 0.601857 0.0518423 0.175002 0.0463426
2 0.830303 0.805177 0.0433401 0.242103 0.0461589
11 0.965462 0.714498 0.0717609 0.470487 0.0457582
11 0.980988 0.435963 0.0394278 0.144645 0.0456688
6 0.98595 0.518915 0.0276264 0.287792 0.0456119
10 0.0186815 0.383541 0.0364761 0.426 0.0454079
10 0.0246313 0.39225 0.0488522 0.424013 0.04462
10 0.751618 0.457465 0.08042 0.208327 0.0439802
6 0.190859 0.715533 0.371657 0.572445 0.0439042
10 0.187579 0.547784 0.370379 0.889733 0.04346
11 0.984571 0.448899 0.0315912 0.168639 0.0432134
11 0.635357 0.365084 0.15825 0.158901 0.0430519
6 0.979867 0.628275 0.0428207 0.1529 0.0426331
11 0.985069 0.429774 0.0317938 0.132427 0.0423859
10 0.172766 0.42222 0.201534 0.378149 0.0423635
10 0.771653 0.403004 0.06371 0.317577 0.0423559
6 0.754226 0.456652 0.0856727 0.206825 0.0420309
10 0.986953 0.888717 0.0266479 0.0881923 0.0415699
6 0.0145538 0.943642 0.0292894 0.115122 0.0413641
2 0.380139 0.062923 0.0258182 0.057597 0.0411256
2 0.375419 0.12974 0.0538604 0.18721 0.040524
11 0.60979 0.454452 0.192623 0.35009 0.0401206
10 0.0235208 0.407649 0.0477649 0.408052 0.0394179
2 0.380014 0.0641653 0.0258423 0.0590769 0.0387696
11 0.978418 0.65545 0.0464956 0.125467 0.038635
10 0.151587 0.587363 0.307505 0.821897 0.0383257
11 0.976833 0.70332 0.0488548 0.300598 0.0378833
10 0.0212664 0.7611 0.0428877 0.48111 0.0377517
2 0.458022 0.310961 0.0195999 0.0467781 0.0377246
10 0.990225 0.899089 0.02136 0.198352 0.0372215
7 0.144341 0.277903 0.0238886 0.0587385 0.0371326
2 0.535702 0.198743 0.0218655 0.0524877 0.0369446
10 0.177827 0.570861 0.219714 0.790804 0.0366667
10 0.179702 0.435456 0.186525 0.317532 0.0360739
6 0.160407 0.458996 0.322419 0.435548 0.0359919
11 0.655952 0.451866 0.215271 0.340591 0.0359749
2 0.52218 0.199765 0.0203581 0.0528066 0.0352568
10 0.990901 0.598909 0.0179836 0.159591 0.034973
6 0.957109 0.510186 0.0879066 0.316601 0.0347341
10 0.0348164 0.510725 0.0692151 0.655077 0.0346966
7 0.149887 0.283049 0.0171829 0.0398551 0.0346461
5 0.0131574 0.962001 0.026463 0.076902 0.0343459
7 0.153016 0.283085 0.0199429 0.0410008 0.0341746
6 0.961763 0.576595 0.0781059 0.75593 0.0340751
10 0.992264 0.314159 0.0173931 0.410896 0.0339638
7 0.542283 0.628419 0.0304145 0.0519444 0.0336492
6 0.757083 0.45496 0.0724057 0.205749 0.0335587
10 0.0238144 0.627548 0.0483554 0.735528 0.0333974
10 0.0266697 0.682279 0.0540738 0.637953 0.0326828
2 0.647489 0.494186 0.0155825 0.0294167 0.0326392
10 0.222765 0.434652 0.110908 0.304929 0.0325369
11 0.982901 0.673876 0.0363709 0.0752879 0.0324979
10 0.990547 0.869009 0.0204853 0.127099 0.0323134
2 0.456083 0.817746 0.0266232 0.0700615 0.0319398
10 0.112429 0.376402 0.112959 0.396899 0.0317606
6 0.970952 0.562698 0.0602201 0.726079 0.0317419
2 0.449394 0.796354 0.0380033 0.109299 0.0317382
6 0.347381 0.289551 0.0543893 0.0723134 0.0317244
10 0.504642 0.793792 0.103309 0.410295 0.0314153
2 0.466507 0.310689 0.02226 0.0452007 0.0312549
7 0.145144 0.269 0.0345748 0.075068 0.0307238
2 0.517639 0.198345 0.0191971 0.0520354 0.0306928
10 0.222761 0.432443 0.117264 0.305487 0.0303664
10 0.972273 0.208563 0.056056 0.402877 0.0302238
6 0.756375 0.456181 0.0727641 0.207302 0.030123
10 0.988336 0.882536 0.0242477 0.100316 0.0299138
10 0.0175878 0.515163 0.036398 0.625522 0.0295746
6 0.306359 0.508905 0.110988 0.159952 0.029244
10 0.161094 0.388669 0.22797 0.405997 0.0291521
6 0.61636 0.976544 0.238136 0.0448474 0.0290942
10 0.438358 0.767016 0.0610111 0.182857 0.0290372
10 0.00881913 0.391768 0.017741 0.409464 0.0288362
6 0.3835 0.826005 0.0612134 0.173727 0.0288315
11 0.603685 0.30431 0.0542415 0.0390486 0.0287892
5 0.983525 0.914276 0.0344795 0.170582 0.0286321
10 0.846846 0.360795 0.0566725 0.395567 0.0281172
10 0.0112316 0.942101 0.0232657 0.117554 0.0281132
11 0.977539 0.591621 0.0472561 0.15796 0.0280962
11 0.989472 0.503764 0.0219208 0.101727 0.0274946
11 0.615654 0.464582 0.161671 0.360563 0.0273057
2 0.595276 0.603916 0.0328559 0.17539 0.0272762
11 0.768315 0.459251 0.0674578 0.195601 0.0266706
6 0.947244 0.579769 0.106513 0.768425 0.0263985
2 0.725606 0.400488 0.0323955 0.0981543 0.0260687
6 0.712034 0.46888 0.0463474 0.220361 0.0260212
11 0.609273 0.458235 0.244437 0.360503 0.026
2 0.470287 0.313335 0.0166621 0.0459309 0.0258951
6 0.769248 0.460138 0.0487505 0.205068 0.0257322
2 0.990018 0.500546 0.0208647 0.119395 0.0257051
11 0.658643 0.437363 0.14801 0.301729 0.0252311
6 0.741862 0.455023 0.0390187 0.203034 0.0252195
6 0.0465071 0.695756 0.0939341 0.607918 0.0250582
2 0.373145 0.293741 0.0330922 0.0662082 0.025058
10 0.214873 0.551553 0.290141 0.738805 0.0249217
11 0.985823 0.41826 0.02945 0.123851 0.0246541
6 0.194435 0.601026 0.376589 0.803917 0.0245988
7 0.152297 0.266695 0.0286591 0.090281 0.0245734
6 0.106878 0.59431 0.212542 0.795225 0.0244268
10 0.320937 0.286387 0.0294272 0.0666453 0.0244243
11 0.989143 0.402858 0.0226124 0.195987 0.0244161
10 0.116003 0.334962 0.0777293 0.310936 0.0243228
2 0.515086 0.299419 0.0246248 0.0549477 0.0240929
6 0.0532888 0.764599 0.106674 0.470778 0.0240223
10 0.1528 0.35574 0.100571 0.34661 0.0240037
6 0.423858 0.294143 0.0631488 0.0842538 0.0238847
10 0.013316 0.921661 0.0248594 0.31276 0.0237813
6 0.360219 0.855133 0.0877294 0.241467 0.0237388
10 0.333604 0.289071 0.0432597 0.0663581 0.0236495
11 0.58845 0.801179 0.266647 0.39264 0.0234909
10 0.490497 0.80276 0.154267 0.395916 0.0234898
10 0.735021 0.363662 0.0505701 0.419656 0.0234234
6 0.189101 0.780079 0.366695 0.442916 0.0232983
10 0.00800056 0.379146 0.0162116 0.28758 0.0230309
10 0.814719 0.446393 0.074362 0.230447 0.0227741
6 0.176055 0.809783 0.349121 0.382511 0.022737
10 0.0114678 0.287672 0.0222301 0.217359 0.0227203
6 0.711235 0.476099 0.0378415 0.163584 0.0225362
6 0.158618 0.595363 0.315779 0.783714 0.0224354
6 0.742303 0.453887 0.0386662 0.20295 0.0223394
6 0.0563195 0.793473 0.11246 0.414318 0.0222867
10 0.732781 0.367432 0.0528461 0.42086 0.022106
2 0.469118 0.20318 0.0193008 0.0619575 0.0220753
10 0.197444 0.384914 0.177175 0.389116 0.0218663
6 0.89424 0.475091 0.0448269 0.16062 0.0218115
6 0.694132 0.458016 0.039724 0.205145 0.0217798
6 0.358197 0.292077 0.0553682 0.0664194 0.0216745
11 0.641662 0.435002 0.177433 0.296917 0.0216532
6 0.414105 0.771468 0.0653805 0.183258 0.0216435
7 0.138281 0.273964 0.0362677 0.0764986 0.0216361
10 0.736796 0.398291 0.0335912 0.328044 0.02157
2 0.466388 0.81369 0.0298348 0.078421 0.0214865
11 0.985792 0.371396 0.0289528 0.0650911 0.0213415
2 0.474155 0.312229 0.0148354 0.045319 0.0211328
10 0.74535 0.367128 0.0532171 0.405922 0.0210179
6 0.301049 0.635523 0.143642 0.423399 0.0209019
11 0.711343 0.48479 0.0376583 0.145933 0.0207479
10 0.753333 0.418613 0.0552176 0.291767 0.0206585
6 0.403803 0.810517 0.0951634 0.157542 0.0205217
10 0.833903 0.36177 0.109936 0.401521 0.020503
6 0.284035 0.508138 0.160976 0.158867 0.0204445
2 0.389775 0.0632458 0.024321 0.0623794 0.0204101
2 0.720739 0.41315 0.0306266 0.0667528 0.020398
6 0.741898 0.978794 0.486977 0.040637 0.0202869
6 0.119752 0.784829 0.238922 0.43462 0.0202469
6 0.10507 0.767347 0.209222 0.448255 0.0201664
7 0.416049 0.714942 0.0472096 0.068419 0.0201544
10 0.00878096 0.348884 0.0175809 0.228661 0.0200243
6 0.0528206 0.829781 0.105831 0.34014 0.019849
2 0.317235 0.9796 0.0572469 0.0399223 0.0198252
10 0.789479 0.0292689 0.00603476 0.00744834 0.0197954
10 0.848907 0.37218 0.0336945 0.367424 0.019674
10 0.830737 0.356179 0.126826 0.414583 0.0195788
11 0.622871 0.337707 0.161996 0.0920537 0.0195722
10 0.755835 0.432922 0.0543683 0.261971 0.0194318
11 0.681861 0.4455 0.120294 0.312026 0.0193289
11 0.518401 0.445333 0.408466 0.315826 0.0193041
2 0.3607 0.0635692 0.0229501 0.0565878 0.0192804
10 0.778753 0.456247 0.0771548 0.210992 0.019189
2 0.591378 0.55818 0.0401445 0.0911246 0.0191466
11 0.629024 0.429021 0.159652 0.291812 0.0190326
6 0.267752 0.97455 0.3026 0.0520857 0.0189711
6 0.233994 0.564216 0.268087 0.418456 0.018911
11 0.624609 0.341186 0.161227 0.092011 0.0188762
10 0.208848 0.602741 0.317336 0.789965 0.0188228
10 0.791067 0.46131 0.0613502 0.197554 0.0187619
7 0.553332 0.626297 0.0281086 0.0558813 0.0187618
6 0.301161 0.607498 0.149191 0.365531 0.0187593
10 0.15412 0.340411 0.0887374 0.310759 0.0185466
7 0.991837 0.791175 0.0148752 0.263879 0.0185143
2 0.636717 0.22112 0.0224094 0.0579909 0.0184779
6 0.692778 0.459287 0.0359082 0.211636 0.0184566
6 0.644738 0.81541 0.308482 0.367184 0.0184458
6 0.179892 0.881865 0.354577 0.238916 0.0183007
2 0.357356 0.125683 0.028803 0.186451 0.0181598
6 0.403928 0.778596 0.106365 0.282055 0.0181535
10 0.767047 0.458422 0.0353165 0.207213 0.0179481
3 0.798092 0.0286923 0.00632133 0.00741845 0.0178188
10 0.844432 0.359032 0.0783291 0.400513 0.017799
6 0.611284 0.896569 0.189798 0.202597 0.0175775
10 0.76991 0.320807 0.0342413 0.114741 0.0172525
5 0.291116 0.983813 0.124842 0.0336689 0.0167949
10 0.0145872 0.402443 0.0288576 0.118549 0.0167665
6 0.493515 0.982469 0.0596489 0.0363581 0.0167199
10 0.747575 0.44938 0.0550347 0.231467 0.01653
7 0.416183 0.307358 0.0158794 0.0509783 0.0164137
10 0.851073 0.372973 0.0361528 0.371185 0.0163056
10 0.506018 0.793575 0.297791 0.411068 0.0161472
6 0.624135 0.847932 0.230498 0.301425 0.0160708
2 0.390385 0.1258 0.0395745 0.200917 0.0160224
10 0.158133 0.356524 0.108824 0.344294 0.0158055
6 0.686579 0.798877 0.29643 0.397573 0.0154332
6 0.872449 0.461536 0.0503748 0.178251 0.0154281
10 0.845125 0.472716 0.0271935 0.163392 0.0152674
2 0.675937 0.276229 0.0365718 0.100394 0.0152509
10 0.781103 0.46789 0.0659647 0.187088 0.0151515
10 0.845675 0.449936 0.0290329 0.205025 0.0150728
10 0.750693 0.583867 0.474187 0.831069 0.0150674
2 0.460232 0.242243 0.0152132 0.0162528 0.0150189
6 0.100303 0.845125 0.198518 0.313372 0.0148632
10 0.850631 0.411407 0.0292248 0.273148 0.0147791
6 0.594187 0.642698 0.285545 0.711878 0.0147083
10 0.116374 0.309406 0.084638 0.251212 0.0147
11 0.717373 0.792564 0.56008 0.415011 0.0146354
6 0.552946 0.980978 0.208917 0.0380352 0.0146
10 0.848217 0.448786 0.027006 0.206338 0.0145925
2 0.625269 0.302012 0.0244178 0.0413743 0.0143425
6 0.0975111 0.898503 0.194323 0.20768 0.0143386
5 0.0155559 0.223668 0.0314895 0.101439 0.0143374
10 0.844232 0.533261 0.252519 0.755692 0.0142922
10 0.63768 0.0737468 0.0886449 0.154285 0.0141995
6 0.358561 0.839992 0.147434 0.279497 0.0141262
10 0.202613 0.441228 0.166173 0.302361 0.0140601
6 0.0622248 0.462723 0.124381 0.282902 0.0137968
6 0.0587292 0.478635 0.117484 0.266463 0.013774
11 0.588613 0.714823 0.280378 0.233902 0.0136007
6 0.0893927 0.466158 0.179821 0.270831 0.0132786
6 0.502813 0.989361 0.439487 0.0217471 0.0128696
11 0.539133 0.462557 0.361836 0.35738 0.0126473
6 0.0847105 0.463321 0.171519 0.259553 0.0126051
11 0.703945 0.601132 0.505506 0.799771 0.0119093
10 0.148684 0.401235 0.0978587 0.251693 0.0113959
10 0.553576 0.586096 0.0614898 0.135907 0.0112785
2 0.494827 0.280363 0.0245357 0.107242 0.010808
2 0.663272 0.553637 0.0229562 0.0698835 0.0106493
7 0.577146 0.305541 0.0475421 0.0388548 0.0102556
11 0.669488 0.731186 0.152658 0.289775 0.00997502
2 0.0315535 0.0141028 0.0199059 0.028549 0.0085424
10 0.793279 0.515819 0.0484953 0.092394 0.00731275
