10 0.783682 0.414029 0.0855089 0.548022 0.765865
6 0.200411 0.596782 0.399121 0.808785 0.624721
6 0.0999454 0.386054 0.195881 0.381085 0.341275
11 0.654498 0.792423 0.438616 0.411177 0.340006
2 0.620334 0.61675 0.0369713 0.217005 0.236423
6 0.967509 0.443543 0.0686377 0.489165 0.234978
7 0.437972 0.872556 0.044857 0.120361 0.213067
6 0.957451 0.530773 0.083284 0.654622 0.180188
6 0.162487 0.593383 0.322393 0.802767 0.180006
2 0.991559 0.581775 0.0178825 0.152153 0.17414
11 0.322228 0.754576 0.109186 0.175105 0.169583
2 0.609732 0.618846 0.0585873 0.228669 0.16727
11 0.629881 0.452046 0.162712 0.332964 0.162989
2 0.621269 0.560105 0.0350706 0.102541 0.160872
2 0.62149 0.56205 0.0349785 0.103165 0.156703
6 0.103808 0.589742 0.207078 0.811146 0.155514
6 0.963895 0.568463 0.0736565 0.727749 0.154346
6 0.965273 0.361394 0.0704655 0.327497 0.14329
6 0.958197 0.51977 0.0838329 0.630195 0.124328
10 0.788914 0.350485 0.0782615 0.427576 0.119285
6 0.137237 0.592932 0.278534 0.813217 0.113663
11 0.717863 0.786908 0.568093 0.421653 0.112571
6 0.0951181 0.590207 0.189751 0.809323 0.112139
10 0.777631 0.562469 0.105667 0.854289 0.112039
2 0.753916 0.314224 0.0211386 0.0840065 0.105472
10 0.145663 0.381575 0.112788 0.355268 0.105231
6 0.95751 0.359575 0.0866356 0.323514 0.0893591
2 0.451822 0.204908 0.0174198 0.0610304 0.0869662
10 0.782963 0.349459 0.0826463 0.423516 0.0868033
6 0.134715 0.570816 0.271571 0.763087 0.0850849
7 0.451829 0.874068 0.0411891 0.116859 0.0834237
6 0.196088 0.403988 0.212953 0.353981 0.0827789
6 0.168768 0.490408 0.327392 0.587825 0.0824317
6 0.132264 0.595981 0.264989 0.808323 0.0801328
2 0.748049 0.315401 0.0242472 0.0874254 0.0797289
6 0.971739 0.347634 0.0592848 0.296414 0.0782137
11 0.632662 0.34262 0.158236 0.103704 0.0775358
11 0.969977 0.743262 0.0634441 0.392734 0.0765767
7 0.59611 0.64399 0.0459355 0.173215 0.0762436
2 0.598436 0.619415 0.0312915 0.227819 0.0747393
2 0.439934 0.203874 0.0165912 0.0602312 0.072313
6 0.967893 0.447605 0.0645571 0.492606 0.0718557
6 0.120827 0.592916 0.242831 0.810089 0.0699688
6 0.0178159 0.895735 0.0361067 0.2119 0.0690614
7 0.96766 0.785745 0.0670013 0.298668 0.0680223
10 0.759973 0.413165 0.0479357 0.284659 0.0675935
11 0.976804 0.578483 0.0474817 0.232013 0.0659146
10 0.776251 0.549528 0.0925003 0.826217 0.0652454
10 0.807153 0.348874 0.0524626 0.427298 0.0637811
6 0.151445 0.63209 0.299557 0.737626 0.0632206
6 0.20127 0.592039 0.40661 0.817437 0.0631271
6 0.193591 0.775907 0.380412 0.452171 0.0627311
6 0.961306 0.411884 0.0747614 0.175827 0.0624793
10 0.030958 0.576015 0.0621001 0.845916 0.0624494
6 0.993498 0.433214 0.0148588 0.469777 0.06216
6 0.332924 0.547869 0.130121 0.230668 0.0616208
10 0.0110217 0.377944 0.0229909 0.487925 0.0610924
2 0.63726 0.496887 0.0182955 0.0325977 0.0608814
6 0.956156 0.424327 0.0927271 0.441883 0.0608343
6 0.965844 0.578083 0.0700079 0.743054 0.060785
6 0.0159303 0.864669 0.0322732 0.272241 0.0607167
6 0.19218 0.421262 0.218494 0.325294 0.0605935
2 0.991999 0.556063 0.0164331 0.22329 0.0590497
2 0.452422 0.205597 0.0195152 0.0626058 0.0587824
10 0.771238 0.540843 0.0908641 0.804401 0.0571017
10 0.0169433 0.377707 0.0338325 0.414549 0.0570318
6 0.202508 0.459894 0.391223 0.508975 0.0568234
6 0.219417 0.531366 0.429603 0.653737 0.056318
2 0.990037 0.5842 0.0190031 0.137195 0.0554267
10 0.782745 0.36311 0.0754536 0.450382 0.0547455
2 0.590328 0.644381 0.0396092 0.174495 0.0544375
10 0.0128487 0.348865 0.0262083 0.557422 0.0542908
6 0.165841 0.590124 0.335917 0.809962 0.0538866
6 0.198449 0.39449 0.220574 0.37488 0.0536286
11 0.587464 0.794111 0.294261 0.409609 0.0528385
7 0.761637 0.30103 0.0162029 0.0522385 0.0528032
10 0.990496 0.548846 0.0200003 0.261313 0.0525365
6 0.982091 0.569598 0.0387424 0.727319 0.052374
10 0.0367924 0.577972 0.073858 0.84116 0.0523377
10 0.020712 0.388264 0.042046 0.422642 0.0520986
7 0.457008 0.87417 0.0302665 0.115142 0.0519003
6 0.344546 0.61436 0.163898 0.370029 0.0515073
6 0.0177317 0.941798 0.0359587 0.11853 0.0514963
7 0.454665 0.310701 0.0202831 0.0496665 0.0513646
7 0.455514 0.873097 0.0410797 0.116269 0.0508557
10 0.989312 0.874107 0.0229221 0.120867 0.0502403
6 0.178859 0.595856 0.363179 0.809329 0.0502355
10 0.756442 0.411944 0.0397483 0.286835 0.0501734
6 0.235221 0.592277 0.466374 0.813876 0.0495703
6 0.974066 0.583827 0.056214 0.736132 0.0488404
11 0.983213 0.419065 0.0353704 0.16896 0.0479138
6 0.135974 0.778131 0.273702 0.448807 0.0474949
6 0.388678 0.55504 0.245278 0.251698 0.0473057
6 0.187697 0.588891 0.381687 0.815166 0.047144
6 0.0128313 0.81229 0.0260884 0.381086 0.0469772
6 0.1965 0.508239 0.22894 0.599065 0.0469737
2 0.520571 0.280834 0.0255445 0.0933839 0.0467823
6 0.20304 0.590306 0.414104 0.813781 0.0467752
6 0.961201 0.402309 0.0689604 0.15695 0.0467083
6 0.332761 0.494235 0.113129 0.131703 0.0465796
6 0.232457 0.463521 0.317888 0.497391 0.0463717
2 0.829716 0.8408 0.0368698 0.134098 0.0461867
7 0.967966 0.804121 0.0655516 0.317289 0.045797
11 0.975289 0.602034 0.0513609 0.174595 0.0454306
11 0.983712 0.419403 0.0342623 0.163463 0.0446706
6 0.146961 0.772731 0.28979 0.457339 0.0440233
2 0.529881 0.201533 0.0202596 0.0547988 0.0439991
6 0.234731 0.58686 0.468532 0.818117 0.0439741
6 0.0940268 0.418045 0.193018 0.451839 0.0435816
6 0.959048 0.58265 0.0833464 0.764082 0.0432754
6 0.724369 0.483305 0.0407726 0.23724 0.0432701
6 0.258772 0.594168 0.512876 0.81138 0.0426981
2 0.98881 0.587115 0.0196129 0.139266 0.0426864
11 0.321108 0.780429 0.132087 0.229773 0.0425875
11 0.714488 0.803287 0.563606 0.393432 0.042074
7 0.458947 0.874372 0.0274086 0.113041 0.0420706
10 0.0166031 0.581675 0.0344595 0.816198 0.0420163
6 0.2023 0.605276 0.398271 0.792014 0.0413561
11 0.634119 0.355325 0.1602 0.138697 0.0411987
7 0.466701 0.311525 0.0226107 0.0470092 0.0407965
2 0.601934 0.584525 0.034761 0.152701 0.0406739
7 0.775105 0.309136 0.0211317 0.0798383 0.040637
11 0.622944 0.46428 0.170441 0.365193 0.040272
7 0.426719 0.87489 0.0376422 0.11554 0.0402058
10 0.730708 0.473389 0.0433454 0.238344 0.0401717
7 0.752746 0.315096 0.0280474 0.0906916 0.0399312
2 0.314761 0.978553 0.0343696 0.0417969 0.0393216
11 0.505283 0.781519 0.981344 0.430641 0.0387819
6 0.727147 0.4711 0.0403072 0.229278 0.0381917
11 0.284689 0.802468 0.0367561 0.0922557 0.0380001
6 0.0531906 0.920317 0.107148 0.163141 0.0378652
7 0.519099 0.299361 0.0241087 0.057087 0.0377797
10 0.987188 0.889718 0.0255768 0.0870082 0.0377578
6 0.382588 0.551765 0.213717 0.243669 0.0376919
2 0.537519 0.199496 0.0206276 0.0534599 0.0376891
2 0.518379 0.199553 0.018417 0.0532429 0.0375372
6 0.109401 0.388424 0.214441 0.381054 0.0374447
7 0.770578 0.299762 0.0162231 0.0550623 0.037197
11 0.979898 0.629376 0.0429028 0.130901 0.0370638
11 0.603651 0.30424 0.0551746 0.0386444 0.036559
2 0.743094 0.344214 0.0231206 0.150184 0.036492
6 0.123203 0.773798 0.246555 0.451164 0.0364097
10 0.00883112 0.372431 0.0182591 0.40727 0.0362545
7 0.0137864 0.960209 0.0283001 0.0807396 0.0361389
7 0.465283 0.872128 0.0405518 0.117319 0.0359798
6 0.0261126 0.455159 0.0528378 0.559866 0.0356519
6 0.0861169 0.591193 0.176454 0.807666 0.0353611
2 0.376885 0.127585 0.0571766 0.195554 0.0351418
10 0.130616 0.369878 0.135256 0.330085 0.0350865
10 0.993054 0.329658 0.0154779 0.37842 0.035085
6 0.236748 0.592644 0.470657 0.809893 0.0350263
10 0.991153 0.900082 0.0193636 0.195312 0.0348953
6 0.0616254 0.382632 0.12633 0.396696 0.034859
11 0.980049 0.730987 0.0433077 0.397812 0.0347337
11 0.573642 0.443809 0.273154 0.331293 0.0345691
2 0.738294 0.312013 0.0203161 0.0841736 0.0345675
6 0.057534 0.950431 0.11531 0.101894 0.0345598
7 0.47035 0.314063 0.0170775 0.0477439 0.0342193
10 0.798611 0.356598 0.0685566 0.415363 0.034182
6 0.33445 0.291195 0.0415712 0.0631348 0.0341747
10 0.00943547 0.298001 0.0186623 0.240127 0.0334735
10 0.479872 0.101624 0.0231305 0.0749552 0.0332885
10 0.810683 0.350689 0.0603985 0.423245 0.0332341
6 0.247455 0.760887 0.479553 0.479222 0.0332215
6 0.370567 0.607994 0.732879 0.791289 0.032867
6 0.197184 0.39603 0.217644 0.376069 0.0328435
6 0.724266 0.475798 0.0416124 0.247231 0.0328168
11 0.331804 0.739835 0.110997 0.193595 0.0326283
11 0.978806 0.658842 0.0448057 0.0873101 0.0324197
6 0.32464 0.971869 0.210167 0.0563377 0.0322321
6 0.262437 0.598583 0.516884 0.802861 0.0319439
2 0.382165 0.0640731 0.0252669 0.0590603 0.0316681
11 0.718867 0.805832 0.56232 0.38638 0.0315104
11 0.977296 0.596304 0.0469099 0.166027 0.0313633
6 0.374218 0.63741 0.231503 0.418019 0.031176
10 0.153162 0.378019 0.0882788 0.347672 0.0311477
11 0.606157 0.800797 0.299556 0.393479 0.0310669
11 0.984018 0.402496 0.0341017 0.137435 0.0310635
10 0.0430406 0.420978 0.0849908 0.820911 0.0310543
11 0.985966 0.479069 0.0276369 0.205868 0.0308949
6 0.970527 0.396063 0.062603 0.141141 0.0308594
10 0.812565 0.419592 0.0628841 0.562583 0.0308396
2 0.372293 0.294386 0.0325827 0.065309 0.0306402
6 0.238475 0.783508 0.462746 0.438899 0.0304947
10 0.135428 0.381709 0.101118 0.34963 0.0304514
11 0.588386 0.809214 0.323033 0.382244 0.0304238
10 0.00842399 0.352306 0.016958 0.343346 0.030245
11 0.986787 0.484501 0.0260578 0.220947 0.0302161
11 0.975444 0.618745 0.0514429 0.158927 0.0299115
6 0.0519912 0.881704 0.105337 0.23822 0.0298549
11 0.701928 0.800091 0.533853 0.39747 0.0294248
2 0.736643 0.329649 0.0188157 0.120559 0.0293326
10 0.990564 0.86887 0.0199636 0.125848 0.02919
6 0.0460661 0.596051 0.0938437 0.798245 0.0288481
6 0.427224 0.294141 0.060385 0.083128 0.0288372
10 0.750071 0.419541 0.042921 0.280307 0.0286615
10 0.787309 0.415918 0.0798935 0.285439 0.0285513
7 0.481637 0.873224 0.0286685 0.118365 0.0276431
10 0.735879 0.440282 0.0499073 0.351981 0.0274966
6 0.317582 0.496673 0.103759 0.121613 0.026778
10 0.00882759 0.328662 0.0174506 0.280271 0.0267698
7 0.475062 0.312922 0.0164001 0.0470888 0.0267234
2 0.734292 0.317711 0.0202173 0.0955012 0.026645
6 0.0975467 0.699098 0.196728 0.600449 0.0263667
10 0.772236 0.314365 0.113772 0.358916 0.0263604
2 0.83302 0.779194 0.0311323 0.195418 0.0262173
6 0.435229 0.595199 0.16022 0.146282 0.0262055
10 0.774705 0.455265 0.1009 0.638326 0.0261531
10 0.729862 0.446484 0.0483747 0.355759 0.0260303
6 0.354836 0.290946 0.0498895 0.0711039 0.0258129
6 0.158535 0.84357 0.311509 0.316442 0.0257681
11 0.700493 0.785284 0.301292 0.414832 0.025639
2 0.739289 0.391978 0.0252604 0.0762044 0.0255857
11 0.324543 0.77045 0.093373 0.115875 0.0255493
2 0.515091 0.28052 0.0259418 0.10618 0.0252208
6 0.0581438 0.780992 0.1164 0.441278 0.0252155
2 0.542496 0.31384 0.0241282 0.0380267 0.0249948
2 0.735711 0.318778 0.0206201 0.0936893 0.0249896
10 0.32072 0.285509 0.035351 0.0677599 0.0248918
10 0.735094 0.425124 0.0417695 0.302264 0.0247846
10 0.737474 0.449079 0.0372744 0.19272 0.0246376
6 0.267029 0.974127 0.390467 0.0528523 0.0246251
6 0.0491472 0.77085 0.0991721 0.455138 0.0245842
6 0.419634 0.605945 0.826062 0.788988 0.024354
6 0.0575125 0.349455 0.120097 0.332282 0.0242459
10 0.77837 0.311745 0.106777 0.353169 0.024129
11 0.62497 0.339383 0.166692 0.0943336 0.0240983
10 0.013605 0.922383 0.0254014 0.363295 0.0239448
11 0.991346 0.496999 0.0174416 0.099774 0.0238674
2 0.645119 0.567016 0.0320113 0.108985 0.0238633
10 0.740927 0.452709 0.0344321 0.20821 0.0238154
7 0.419967 0.873544 0.0394502 0.118378 0.0238089
6 0.955934 0.513765 0.0897905 0.251249 0.0237384
11 0.983849 0.386016 0.0338387 0.108765 0.0237322
10 0.812455 0.356434 0.0588376 0.419425 0.0233892
2 0.652857 0.495931 0.0177226 0.0330502 0.0233156
10 0.759452 0.366825 0.0378664 0.113769 0.0233154
10 0.769595 0.315721 0.0334006 0.102026 0.0233059
11 0.732254 0.795399 0.472579 0.410062 0.0232383
5 0.278518 0.980824 0.0959847 0.0387512 0.0227408
7 0.415348 0.870215 0.0407306 0.118587 0.0227012
6 0.0500091 0.838562 0.101791 0.32359 0.0226649
11 0.626308 0.3388 0.163267 0.084146 0.022428
10 0.763415 0.412472 0.0708706 0.518801 0.022352
6 0.971848 0.359429 0.0575769 0.0714007 0.0222615
11 0.471798 0.800371 0.871799 0.391909 0.0219228
10 0.803707 0.39973 0.0607403 0.343221 0.0217579
10 0.457483 0.0960301 0.0224424 0.0849109 0.0216957
10 0.165807 0.411212 0.0818412 0.274896 0.0213396
10 0.31468 0.28524 0.0245464 0.0655596 0.0209951
6 0.366949 0.294262 0.0527456 0.0650753 0.0209041
7 0.407818 0.871794 0.039502 0.120196 0.0207957
2 0.637534 0.221736 0.0214137 0.0576981 0.0206136
6 0.654997 0.271456 0.0577727 0.0993387 0.0205138
10 0.777166 0.358726 0.0812801 0.198891 0.020003
11 0.630855 0.883131 0.294227 0.232346 0.0197951
6 0.671659 0.487862 0.045014 0.245064 0.0193785
7 0.332695 0.977441 0.0223553 0.0432563 0.019154
6 0.977757 0.360108 0.0446808 0.0677338 0.0188797
11 0.716386 0.607305 0.530671 0.790856 0.0188437
11 0.346674 0.757484 0.0895588 0.131943 0.0187526
6 0.100331 0.857553 0.200208 0.285641 0.0184112
11 0.2947 0.770148 0.0777289 0.118342 0.0183727
6 0.320042 0.697758 0.392099 0.543045 0.0183438
2 0.360678 0.0631465 0.0234305 0.0585807 0.0183378
7 0.413664 0.307204 0.0157949 0.0541097 0.0182803
2 0.636169 0.55333 0.0291931 0.0749076 0.0182331
6 0.0970956 0.906777 0.194146 0.190137 0.018155
6 0.148299 0.899187 0.293451 0.207471 0.0179032
7 0.991472 0.793456 0.0158506 0.271364 0.0177214
10 0.17744 0.400735 0.0714497 0.286835 0.0176791
6 0.990998 0.364685 0.0188065 0.0935126 0.0176253
10 0.751864 0.43695 0.0676504 0.475666 0.01723
10 0.153623 0.381708 0.110906 0.342205 0.0170666
2 0.618519 0.295344 0.029108 0.0494254 0.0170263
2 0.391857 0.063953 0.0238342 0.0624419 0.0169043
11 0.612599 0.687186 0.25861 0.206604 0.016769
10 0.172564 0.40733 0.0776929 0.294156 0.0165005
2 0.579345 0.572218 0.0657886 0.128102 0.0164634
11 0.573464 0.734435 0.268457 0.310232 0.0162175
2 0.848122 0.720152 0.0239819 0.0749085 0.0158426
10 0.148269 0.417732 0.101292 0.269695 0.0158082
11 0.322866 0.738656 0.230068 0.229728 0.0157785
10 0.310559 0.291434 0.0398742 0.0613123 0.0156481
6 0.270654 0.797716 0.513322 0.40638 0.0154143
6 0.300822 0.495557 0.0863901 0.116462 0.0153765
10 0.638312 0.0710413 0.0849871 0.149735 0.0152081
10 0.153614 0.352815 0.093675 0.278569 0.0146112
6 0.0403544 0.67924 0.0819044 0.361144 0.0145732
10 0.137013 0.325042 0.0955275 0.225589 0.0137421
11 0.437709 0.559037 0.720119 0.56119 0.0135427
2 0.580354 0.244403 0.0102442 0.024763 0.0134914
10 0.766963 0.619693 0.0831547 0.20734 0.0134523
10 0.187645 0.308047 0.029646 0.127366 0.0129789
10 0.777077 0.338044 0.0754565 0.146767 0.0128185
6 0.361449 0.892847 0.19826 0.217154 0.012801
10 0.504122 0.798373 0.147255 0.399183 0.0124728
7 0.385897 0.874462 0.037813 0.119938 0.0123823
10 0.156737 0.337372 0.0813611 0.235057 0.0121615
11 0.5811 0.305175 0.0501757 0.0393398 0.0118874
