10 0.683823 0.513998 0.192872 0.270832 0.802807
11 0.580544 0.801166 0.38136 0.397612 0.800207
4 0.0567563 0.852817 0.114674 0.294714 0.301084
4 0.0563923 0.770784 0.113316 0.459154 0.209761
2 0.591882 0.617786 0.0212517 0.0551911 0.181009
10 0.989038 0.765641 0.022929 0.463715 0.162777
10 0.987982 0.859247 0.025082 0.279971 0.140277
10 0.538326 0.342453 0.0478287 0.271123 0.130017
10 0.986616 0.682972 0.0275398 0.626954 0.125047
10 0.978983 0.506775 0.0408792 0.988075 0.118997
2 0.911379 0.619668 0.01782 0.0581854 0.118955
6 0.724738 0.751827 0.149563 0.474913 0.114959
4 0.0557667 0.784015 0.115276 0.435095 0.108066
4 0.0544959 0.710119 0.109917 0.586047 0.105787
2 0.916104 0.619834 0.0201481 0.0621226 0.100053
10 0.0177292 0.515918 0.0343062 0.719412 0.0972237
10 0.989448 0.817751 0.0217831 0.367567 0.0958339
7 0.0456992 0.786444 0.0931696 0.151704 0.0927923
10 0.98805 0.514029 0.0242023 0.96661 0.092398
10 0.684939 0.679583 0.19514 0.624286 0.0912404
10 0.687424 0.674251 0.199496 0.593073 0.0881158
10 0.0292333 0.555604 0.0593792 0.886171 0.0862623
6 0.753896 0.674332 0.0809635 0.315668 0.0810012
10 0.0221501 0.610563 0.0449238 0.773561 0.0804803
10 0.536348 0.264706 0.0456583 0.10725 0.079089
10 0.0532376 0.65742 0.107931 0.693521 0.0776706
4 0.0635627 0.783362 0.128806 0.437287 0.0772519
10 0.0221085 0.562205 0.045055 0.869515 0.0764336
6 0.693825 0.755321 0.201828 0.489195 0.0714622
10 0.960592 0.502656 0.0783333 0.989881 0.0709797
10 0.0556123 0.510925 0.110786 0.991483 0.0706695
10 0.0137338 0.45764 0.0253634 0.5924 0.0693887
10 0.0625916 0.547289 0.125629 0.917332 0.0681961
3 0.06182 0.509744 0.122403 0.992028 0.0674611
5 0.587972 0.313552 0.0260675 0.0907657 0.066517
6 0.723344 0.754401 0.157862 0.482277 0.066149
7 0.449899 0.630325 0.0486215 0.0841087 0.0656105
2 0.578885 0.616213 0.021173 0.0506766 0.0637357
10 0.00910237 0.441526 0.0188084 0.717536 0.0622143
7 0.472364 0.633993 0.093681 0.0934613 0.0622012
7 0.0337158 0.853979 0.0693252 0.283209 0.0619666
7 0.4429 0.629669 0.045134 0.0824831 0.0606583
4 0.0670481 0.741671 0.135727 0.522148 0.0605808
10 0.00846285 0.719034 0.0178764 0.419539 0.0598684
2 0.912404 0.61829 0.0160833 0.0583788 0.0590504
10 0.533117 0.250234 0.0443096 0.0802467 0.0582255
2 0.577179 0.614189 0.018452 0.0502225 0.0577969
10 0.988887 0.908342 0.0223396 0.185379 0.0576735
6 0.760149 0.670253 0.0722089 0.302395 0.0575071
10 0.993203 0.694477 0.0138927 0.60958 0.0572468
6 0.730358 0.683886 0.119783 0.33682 0.0566993
10 0.594669 0.312693 0.0268152 0.0914897 0.0548029
7 0.603903 0.616718 0.0217475 0.0552694 0.0545765
10 0.732873 0.516447 0.129475 0.274656 0.0541237
6 0.0325775 0.786429 0.0669682 0.428105 0.0537559
6 0.73711 0.670714 0.111471 0.311103 0.0534277
10 0.0112763 0.658131 0.0222112 0.243701 0.0517574
10 0.591975 0.313934 0.029799 0.0909169 0.0516623
7 0.607028 0.618881 0.0214667 0.0509042 0.051482
10 0.913045 0.501534 0.172204 0.993556 0.0509789
10 0.0335485 0.515764 0.0680196 0.967638 0.0507294
10 0.0332439 0.511506 0.0672828 0.980137 0.0506813
6 0.759514 0.740455 0.0777225 0.442451 0.0502775
4 0.0774362 0.741262 0.157799 0.524583 0.0499592
10 0.956203 0.731012 0.0872648 0.535101 0.0497366
7 0.937057 0.837414 0.0239418 0.0697954 0.0495312
10 0.984677 0.520967 0.0290157 0.962271 0.0493458
7 0.0377628 0.780105 0.0790743 0.135689 0.048965
2 0.576789 0.617917 0.0210658 0.0497194 0.0488876
4 0.0819282 0.849905 0.165569 0.302544 0.048499
10 0.951992 0.779222 0.0964983 0.438553 0.0483883
2 0.182028 0.566989 0.0339266 0.134545 0.0477875
10 0.00843027 0.454815 0.0164009 0.57105 0.047186
7 0.570473 0.614032 0.0243326 0.0553956 0.0466315
7 0.554926 0.57466 0.0277897 0.0383649 0.0464762
10 0.0356232 0.507009 0.0723411 0.918505 0.0456871
2 0.180759 0.571362 0.0366592 0.141778 0.0453423
7 0.00855635 0.762573 0.0170889 0.304345 0.0452459
10 0.741407 0.652192 0.109964 0.541821 0.0450106
6 0.698706 0.752473 0.214168 0.489655 0.0441996
10 0.0614476 0.529709 0.123211 0.958202 0.0440401
7 0.497906 0.635649 0.0662621 0.0871536 0.0438347
2 0.782054 0.498396 0.0358553 0.099638 0.0425705
11 0.300109 0.0509928 0.525591 0.104135 0.0423799
7 0.438471 0.629099 0.0456402 0.0833505 0.0418566
10 0.962697 0.834125 0.0721188 0.333963 0.0417914
2 0.995454 0.60041 0.00973549 0.117304 0.0417903
7 0.0377107 0.858933 0.0790996 0.287043 0.0403123
2 0.778549 0.503405 0.0376758 0.0991648 0.0401311
4 0.0559902 0.889862 0.11455 0.225717 0.0394689
10 0.965095 0.513202 0.062788 0.959297 0.0387006
2 0.185932 0.564426 0.0321531 0.128864 0.0386762
7 0.65889 0.496342 0.0408514 0.0635815 0.0385938
7 0.0595104 0.851288 0.105588 0.29675 0.0385176
7 0.547512 0.676008 0.0468192 0.0284052 0.0376933
6 0.00786702 0.719757 0.0152094 0.120662 0.0358007
10 0.772863 0.495989 0.0425032 0.105802 0.0357503
7 0.524151 0.647974 0.0338457 0.0694331 0.0356972
10 0.960628 0.679975 0.0790733 0.634978 0.0353375
11 0.645668 0.620337 0.106166 0.041782 0.034245
10 0.00807771 0.282429 0.0156936 0.229264 0.0341535
11 0.398997 0.0439028 0.279867 0.0896325 0.0338335
10 0.943723 0.879489 0.115431 0.242359 0.0336379
7 0.505667 0.648875 0.027955 0.0688011 0.0336143
7 0.522003 0.667142 0.0340487 0.0381254 0.0334489
2 0.510194 0.505057 0.0243736 0.0588358 0.0330602
10 0.00840825 0.328424 0.0168352 0.502111 0.0330401
7 0.978593 0.0570408 0.0456312 0.114478 0.0328423
6 0.951413 0.91693 0.100889 0.169558 0.0325914
11 0.870945 0.917314 0.252439 0.166822 0.0324573
10 0.708637 0.450338 0.0791024 0.144819 0.0323613
6 0.995836 0.602339 0.00927925 0.136754 0.0319962
6 0.691726 0.753204 0.234424 0.4849 0.031464
10 0.706607 0.434805 0.0658432 0.11421 0.029997
10 0.987973 0.938811 0.0240088 0.124495 0.0299904
7 0.930377 0.837554 0.0251589 0.0682716 0.0294478
7 0.574254 0.587329 0.0379197 0.063859 0.0293106
11 0.26157 0.0374501 0.437771 0.0758519 0.0292672
10 0.343828 0.387553 0.0980534 0.129574 0.0290997
11 0.268346 0.0603737 0.51899 0.120726 0.0290745
10 0.768232 0.529537 0.0590264 0.279626 0.0289424
10 0.991474 0.536949 0.0149506 0.654 0.0288948
6 0.746514 0.625447 0.0746697 0.217488 0.0288551
10 0.358586 0.362049 0.0931433 0.10214 0.0284229
10 0.992101 0.434946 0.0140198 0.46991 0.0283911
6 0.716953 0.831691 0.11352 0.336073 0.0283618
2 0.92505 0.6193 0.0173941 0.0630366 0.0281812
6 0.68118 0.580241 0.192001 0.152659 0.0280492
10 0.365391 0.37569 0.0917772 0.147316 0.0278496
10 0.524942 0.31283 0.0412585 0.209444 0.0278325
11 0.600628 0.694805 0.380881 0.190902 0.0278185
11 0.634467 0.626022 0.120204 0.0376152 0.0277807
10 0.772995 0.548246 0.0493766 0.223432 0.0276982
7 0.514275 0.6494 0.0416792 0.0690629 0.0273085
11 0.872555 0.946387 0.248271 0.108487 0.0272165
10 0.909644 0.50386 0.163375 0.983307 0.0266792
10 0.386266 0.351949 0.0964313 0.134659 0.0266691
6 0.683666 0.734899 0.197067 0.504018 0.0266152
6 0.778351 0.613047 0.0385144 0.184248 0.02644
10 0.407129 0.33485 0.0936203 0.16526 0.0262334
10 0.712123 0.377387 0.0409822 0.0512544 0.0256717
10 0.0404752 0.346841 0.0828868 0.683596 0.0251841
2 0.866532 0.896565 0.0424648 0.140765 0.0250554
7 0.546481 0.652299 0.0697655 0.0749315 0.0250481
10 0.886198 0.507521 0.230051 0.987016 0.024903
7 0.530097 0.667079 0.0526196 0.0479514 0.0248664
10 0.853786 0.328299 0.0521683 0.305639 0.024377
10 0.732663 0.453357 0.0994509 0.154499 0.0240914
6 0.707175 0.815569 0.170239 0.367626 0.0239546
2 0.506045 0.522842 0.0409849 0.113187 0.0239404
11 0.0434824 0.7355 0.0904917 0.0979124 0.0238474
10 0.316708 0.388132 0.108114 0.107858 0.0237351
6 0.641005 0.596677 0.115103 0.0987177 0.0236796
10 0.315164 0.315675 0.0329244 0.0490688 0.0236731
10 0.854696 0.361088 0.0528978 0.375849 0.0236658
2 0.899687 0.620213 0.0173986 0.0596603 0.0235625
6 0.542623 0.586946 0.0466282 0.0747147 0.0234518
10 0.0889994 0.602686 0.175552 0.811177 0.0234106
6 0.753693 0.59823 0.0734025 0.163547 0.0232882
11 0.374306 0.0375638 0.257714 0.0768381 0.0232842
7 0.618583 0.651733 0.0777995 0.0459627 0.0231452
7 0.440328 0.648387 0.0382292 0.0473174 0.0228663
11 0.494154 0.253254 0.992772 0.517746 0.0228552
2 0.489392 0.52147 0.0283648 0.108384 0.0225863
10 0.550761 0.265943 0.0384285 0.110711 0.022547
10 0.520244 0.247257 0.0413206 0.0778391 0.0225019
10 0.777216 0.48714 0.0408851 0.0832885 0.02246
11 0.450622 0.0401027 0.251563 0.0831298 0.0224103
10 0.86624 0.825385 0.265999 0.352448 0.0222261
10 0.983769 0.910318 0.0194237 0.183765 0.0221684
10 0.72911 0.431405 0.0673557 0.114511 0.0221394
6 0.640851 0.591224 0.107888 0.105832 0.0220494
11 0.0578739 0.958903 0.115865 0.0835809 0.0219024
10 0.515025 0.347732 0.0430558 0.291482 0.0216812
10 0.758483 0.466513 0.0689857 0.162458 0.0216516
10 0.734192 0.376104 0.0292261 0.0455664 0.0215041
10 0.73155 0.509828 0.132866 0.253388 0.0214118
10 0.688506 0.383654 0.0263337 0.0482883 0.0213437
7 0.635601 0.556844 0.0255443 0.0503705 0.0213015
7 0.617369 0.569856 0.032126 0.0612436 0.021184
2 0.518842 0.579299 0.0325752 0.0641515 0.0210611
10 0.0411213 0.215903 0.082939 0.425413 0.0208808
7 0.762344 0.495094 0.0393879 0.104517 0.0206844
10 0.42324 0.308096 0.0952212 0.192725 0.0206007
11 0.50372 0.797837 0.220961 0.405849 0.0205677
11 0.320006 0.0367586 0.262767 0.0750736 0.0204431
11 0.599636 0.718253 0.311008 0.232806 0.0203963
6 0.625665 0.617527 0.112886 0.0625094 0.0201354
7 0.421896 0.627206 0.0447614 0.0857475 0.0201178
2 0.539287 0.528539 0.0261236 0.122334 0.0200371
10 0.994277 0.371358 0.0105505 0.395274 0.0198645
2 0.189852 0.527824 0.029099 0.0634269 0.0198136
10 0.76396 0.485688 0.048855 0.107758 0.0197805
10 0.396164 0.291309 0.087071 0.102637 0.0195448
10 0.280155 0.301416 0.023195 0.0310126 0.0194654
10 0.0445132 0.151719 0.0910101 0.304503 0.0189896
10 0.750159 0.380029 0.027142 0.0559843 0.018985
10 0.729437 0.450177 0.109023 0.147074 0.0189751
10 0.680306 0.57911 0.200968 0.59249 0.0189629
11 0.514869 0.0929455 0.994187 0.191386 0.0188325
10 0.745521 0.379518 0.0239168 0.0519945 0.0187657
2 0.191788 0.553384 0.0289945 0.108991 0.0187112
10 0.249515 0.312284 0.0384706 0.0462389 0.0186702
7 0.657668 0.653205 0.0563826 0.0406855 0.0184177
6 0.924618 0.958975 0.152414 0.0836667 0.018357
11 0.572743 0.812667 0.314192 0.376374 0.0181136
10 0.0277723 0.90686 0.0564871 0.189372 0.0180176
10 0.732373 0.520041 0.117543 0.26509 0.0180147
10 0.551932 0.249378 0.0345796 0.0833515 0.0178733
2 0.780873 0.723936 0.0362081 0.178942 0.0177282
10 0.756531 0.380737 0.0246612 0.0573055 0.0176968
11 0.510882 0.102468 0.991266 0.208481 0.0175933
2 0.75534 0.507449 0.0272199 0.0666386 0.017577
11 0.489645 0.345432 0.993829 0.701309 0.0173698
7 0.45756 0.652782 0.0853597 0.0519973 0.0172987
2 0.481613 0.504848 0.0200076 0.0577086 0.0172363
7 0.641472 0.651504 0.0853868 0.0482998 0.0172038
10 0.746938 0.456449 0.0280463 0.0703104 0.0171939
10 0.754405 0.458319 0.0301764 0.066562 0.0171879
11 0.105751 0.259771 0.213146 0.524834 0.0170774
11 0.625809 0.804647 0.315766 0.393989 0.0169949
6 0.615912 0.588493 0.0370832 0.0895554 0.0168693
10 0.746973 0.527085 0.102579 0.260107 0.0168151
7 0.754151 0.491511 0.0371552 0.0990072 0.0167212
11 0.614429 0.632837 0.10147 0.0525767 0.016628
11 0.601471 0.62615 0.359223 0.0651348 0.0163366
10 0.744311 0.483247 0.0611234 0.115268 0.0159193
7 0.57024 0.670991 0.0482177 0.0388945 0.0157259
10 0.88623 0.901391 0.174568 0.200278 0.0157159
11 0.0961109 0.364386 0.187729 0.725818 0.0156892
11 0.27626 0.250818 0.550929 0.508114 0.0156135
6 0.249657 0.44596 0.497498 0.900413 0.0151812
2 0.596082 0.504473 0.0160089 0.0463749 0.0151563
10 0.355969 0.249601 0.0333538 0.042361 0.014797
11 0.628231 0.665619 0.216192 0.0754892 0.0147938
6 0.716441 0.851445 0.288478 0.29869 0.0144985
11 0.387285 0.0470719 0.747688 0.0932858 0.0144599
10 0.268701 0.383726 0.104607 0.0978599 0.0143775
10 0.463499 0.293453 0.158494 0.35556 0.0142412
10 0.440201 0.310888 0.166543 0.362461 0.0141447
9 0.316734 0.240372 0.0212608 0.0240232 0.0140789
6 0.594909 0.755898 0.381465 0.477867 0.0140695
11 0.489253 0.191204 0.962003 0.395184 0.0135829
7 0.401491 0.0508857 0.776338 0.101694 0.0135375
3 0.281733 0.237265 0.0267798 0.016981 0.0134445
7 0.482471 0.0364089 0.613686 0.0720371 0.0133849
11 0.236201 0.266818 0.506062 0.544928 0.0132832
7 0.478501 0.0520583 0.918354 0.102989 0.0131727
10 0.768728 0.445682 0.026647 0.0615134 0.0129981
10 0.252184 0.235526 0.0237955 0.0219225 0.0129525
11 0.489315 0.122535 0.943091 0.239224 0.012716
11 0.491441 0.326483 0.98401 0.667842 0.0126205
11 0.418935 0.158247 0.829192 0.323773 0.012502
10 0.771146 0.452303 0.038289 0.0846412 0.0124832
6 0.398634 0.449403 0.198078 0.88674 0.0123101
10 0.73557 0.478052 0.069346 0.116226 0.0123087
10 0.582899 0.530893 0.309257 0.256658 0.0122798
10 0.223355 0.235184 0.0254894 0.0307452 0.0116398
10 0.21975 0.358131 0.0831883 0.0858743 0.0116363
10 0.56632 0.247264 0.0297084 0.0777682 0.0113525
10 0.187521 0.439935 0.351717 0.874341 0.0111973
3 0.301464 0.183286 0.095662 0.0488888 0.0111673
10 0.569339 0.547576 0.212706 0.216993 0.0111584
3 0.18239 0.24163 0.0297188 0.0559157 0.0111214
7 0.506384 0.0274257 0.401478 0.0543476 0.0110771
3 0.350383 0.190018 0.0747509 0.0550187 0.0107724
3 0.745644 0.0991173 0.0767241 0.103446 0.01052
10 0.714305 0.0993264 0.0860361 0.0930209 0.0105065
3 0.693201 0.050614 0.0806286 0.0741037 0.0104432
11 0.0992224 0.51255 0.195761 0.978949 0.0102194
11 0.487654 0.41019 0.991103 0.835039 0.00992601
6 0.245786 0.496591 0.490354 0.802449 0.00977018
6 0.378928 0.172156 0.100411 0.0846967 0.00976044
3 0.264142 0.179244 0.109161 0.0512437 0.00971807
11 0.227426 0.26105 0.480325 0.537127 0.00966701
6 0.335444 0.160496 0.12142 0.0584982 0.00955925
10 0.539496 0.281983 0.904979 0.569873 0.00950804
6 0.174883 0.186859 0.137355 0.0788171 0.00944662
11 0.656209 0.112133 0.078474 0.0910542 0.00926464
3 0.388239 0.198431 0.0768876 0.0909103 0.00909159
11 0.486594 0.256406 0.964063 0.522082 0.00904617
6 0.201795 0.179766 0.136251 0.0719671 0.00895309
5 0.529814 0.103683 0.835319 0.20504 0.00888309
6 0.263852 0.316778 0.506162 0.44449 0.00882967
6 0.271605 0.257026 0.450047 0.521978 0.00858861
3 0.238425 0.183489 0.110653 0.0579687 0.00855451
6 0.384029 0.336166 0.170632 0.48591 0.00822677
6 0.398927 0.307995 0.238568 0.609311 0.00799881
10 0.409862 0.226238 0.536464 0.453132 0.00788439
7 0.586222 0.146259 0.503793 0.29707 0.00782869
7 0.640363 0.0809306 0.653784 0.196567 0.0077385
7 0.795094 0.0859696 0.427448 0.181315 0.0077015
6 0.330971 0.261106 0.398905 0.503063 0.00765741
6 0.409234 0.255467 0.0892273 0.28013 0.00763436
7 0.704404 0.0738586 0.572997 0.1526 0.00759729
6 0.325624 0.316651 0.439269 0.432784 0.00740858
6 0.220599 0.298325 0.467371 0.559218 0.00729168
11 0.138703 0.295831 0.174544 0.546506 0.00713877
6 0.205458 0.36567 0.210005 0.557629 0.00705352
10 0.397809 0.284417 0.345648 0.400628 0.00688143
