11 0.56956 0.80372 0.360002 0.392118 0.790881
10 0.806893 0.66741 0.217214 0.653795 0.5829
10 0.704802 0.49317 0.255576 0.298547 0.487087
4 0.0578837 0.853116 0.116974 0.293317 0.287938
10 0.80844 0.542144 0.205679 0.396834 0.247755
6 0.0562736 0.769603 0.113451 0.462705 0.20093
10 0.778667 0.664721 0.139293 0.652768 0.190246
2 0.910435 0.621836 0.0189728 0.0608877 0.175594
11 0.942926 0.659302 0.111044 0.0902042 0.170879
10 0.986623 0.774022 0.0275799 0.443887 0.165451
10 0.74996 0.531294 0.332646 0.374152 0.161649
2 0.91669 0.62055 0.0206635 0.0630686 0.159764
6 0.0568245 0.788039 0.116789 0.427516 0.140928
10 0.985727 0.513743 0.0290573 0.953537 0.139584
11 0.928683 0.798914 0.143491 0.39236 0.132748
10 0.987931 0.807677 0.0251705 0.382225 0.131232
10 0.983757 0.725228 0.0319994 0.540992 0.131006
10 0.773103 0.45154 0.102866 0.21293 0.129535
10 0.98828 0.848117 0.0247677 0.302916 0.122459
10 0.97557 0.506517 0.0486307 0.967996 0.117832
2 0.913474 0.623538 0.0193466 0.065584 0.117744
6 0.0463132 0.795793 0.0924501 0.410732 0.116956
10 0.53715 0.342514 0.0490595 0.271699 0.115247
6 0.780794 0.802992 0.0964585 0.384252 0.113366
11 0.937069 0.659982 0.123063 0.0921567 0.112528
10 0.0573846 0.609735 0.114904 0.785427 0.109953
6 0.0548881 0.709683 0.111406 0.586551 0.109412
6 0.779977 0.859418 0.0845888 0.275733 0.107574
10 0.99065 0.601694 0.0191843 0.788891 0.107327
10 0.773353 0.647401 0.135093 0.421136 0.101945
6 0.778712 0.720112 0.126562 0.544465 0.101013
10 0.770535 0.670463 0.133656 0.474933 0.0987732
6 0.0656744 0.788959 0.133495 0.423625 0.0938335
7 0.448711 0.630985 0.0483579 0.0834156 0.0928714
7 0.689351 0.46769 0.026977 0.0516072 0.0922205
10 0.772561 0.517097 0.140367 0.340876 0.0889056
10 0.750399 0.63542 0.341198 0.583991 0.0879131
10 0.0292856 0.610317 0.0596123 0.777632 0.0843525
10 0.0300342 0.548782 0.0609486 0.905536 0.0832121
10 0.0173278 0.532354 0.0339014 0.740346 0.0830574
11 0.917153 0.801352 0.163098 0.395255 0.0828215
6 0.776404 0.718617 0.141719 0.549461 0.0824394
11 0.664594 0.801133 0.549504 0.396776 0.0809223
10 0.0256959 0.566977 0.0526194 0.859149 0.0796817
7 0.0453806 0.782455 0.0929397 0.143305 0.0762952
6 0.808431 0.742081 0.214108 0.501933 0.076194
10 0.535874 0.261372 0.0459391 0.101133 0.0733123
7 0.601796 0.581037 0.0238914 0.064111 0.072361
10 0.0555259 0.510577 0.11101 0.992955 0.0718694
7 0.696177 0.466814 0.0274986 0.0500053 0.0686061
2 0.911512 0.619103 0.0157959 0.0594247 0.0683616
2 0.180722 0.568985 0.0387222 0.135138 0.0677866
7 0.440886 0.630082 0.0462791 0.0816662 0.0662802
10 0.0636524 0.537601 0.127657 0.933952 0.0658425
10 0.804407 0.602406 0.197316 0.504755 0.0652687
10 0.742814 0.69551 0.357125 0.599169 0.0649117
2 0.994547 0.59497 0.0118744 0.118993 0.0639622
10 0.0103805 0.729794 0.0212417 0.502464 0.0635609
7 0.0335834 0.853826 0.068799 0.285509 0.0617194
7 0.480869 0.633166 0.110873 0.0936521 0.0615532
10 0.778974 0.556716 0.156247 0.416845 0.0608828
10 0.779977 0.668532 0.31706 0.653668 0.0608772
7 0.591694 0.601557 0.0203314 0.0286471 0.0608428
10 0.989143 0.899089 0.0219309 0.204339 0.0602092
10 0.765687 0.668943 0.358359 0.653972 0.0599092
10 0.990407 0.569974 0.0178078 0.847519 0.0598851
3 0.0626396 0.509603 0.12409 0.991352 0.0590674
10 0.0330728 0.515512 0.0673953 0.973128 0.0589057
10 0.813598 0.580439 0.205193 0.467862 0.0587798
10 0.0296723 0.512014 0.0601583 0.979977 0.0584062
5 0.589076 0.313339 0.0268593 0.0906676 0.0567283
10 0.593649 0.312833 0.0276199 0.0913961 0.0567184
10 0.532159 0.250306 0.0435905 0.0812661 0.0557697
10 0.00930967 0.454284 0.0191777 0.717438 0.0554111
10 0.791051 0.665611 0.25018 0.657274 0.0551064
6 0.813646 0.803942 0.196103 0.384598 0.0549991
10 0.0138177 0.465899 0.0258851 0.582249 0.0547385
7 0.695629 0.597622 0.0228971 0.0460361 0.0545869
10 0.591682 0.314554 0.030654 0.0906148 0.0545334
10 0.0139904 0.670334 0.0272428 0.364143 0.0543608
10 0.80777 0.655012 0.210315 0.40343 0.0527882
7 0.601178 0.581885 0.0285324 0.0672454 0.0518766
4 0.0813667 0.849308 0.164997 0.303198 0.0517287
6 0.996014 0.620024 0.00802937 0.123191 0.050779
10 0.805218 0.681486 0.239225 0.631973 0.0506103
7 0.690484 0.480297 0.0352056 0.0788319 0.0500843
7 0.437872 0.629574 0.0470148 0.0826592 0.0494516
7 0.578967 0.606325 0.0219255 0.0307716 0.0489443
6 0.0115243 0.744227 0.0229711 0.240631 0.0473916
6 0.708888 0.805776 0.26497 0.384561 0.047271
6 0.0685339 0.73104 0.140973 0.543645 0.0470717
10 0.00940096 0.464781 0.0177608 0.575287 0.0470591
11 0.29996 0.052094 0.502331 0.106696 0.0466427
2 0.901579 0.623442 0.0184322 0.0629459 0.0463943
7 0.697412 0.596705 0.0279621 0.0410002 0.0461263
6 0.803887 0.795202 0.253503 0.406713 0.0458316
11 0.953583 0.761433 0.0934469 0.318883 0.0457666
2 0.178703 0.58312 0.0416997 0.159487 0.0457346
7 0.505648 0.616228 0.118182 0.131875 0.0455226
10 0.737835 0.376967 0.0378183 0.0668248 0.0455029
6 0.766696 0.853342 0.0520351 0.0928631 0.0454354
2 0.18672 0.562893 0.0326375 0.120926 0.0452006
10 0.0389241 0.500926 0.0783253 0.900508 0.0451983
11 0.876001 0.914021 0.244625 0.173882 0.0442213
7 0.577862 0.605896 0.0206358 0.0309974 0.0437375
7 0.504727 0.636883 0.0730398 0.0820052 0.0436671
7 0.500521 0.616407 0.143282 0.132814 0.0434956
2 0.692022 0.38328 0.025633 0.0542393 0.0429544
10 0.335287 0.384776 0.0973954 0.138127 0.0428112
4 0.0793167 0.726666 0.163073 0.553236 0.0427267
2 0.926375 0.618293 0.0176441 0.0624151 0.042308
6 0.76724 0.837466 0.0536023 0.126969 0.0418117
10 0.0615538 0.528436 0.123856 0.960052 0.0412839
4 0.0571276 0.891285 0.117023 0.222042 0.0410568
6 0.00849761 0.705931 0.01614 0.100474 0.0409802
10 0.686978 0.533408 0.21017 0.213899 0.0404195
6 0.778755 0.907732 0.0834142 0.184085 0.039812
7 0.938161 0.836079 0.0253202 0.0730696 0.0392814
7 0.485494 0.650952 0.0651882 0.0633028 0.038948
7 0.612498 0.576245 0.0280432 0.064828 0.0384746
11 0.956373 0.637871 0.0897949 0.0383683 0.038391
10 0.806024 0.666169 0.176054 0.627798 0.0383681
11 0.890886 0.895465 0.217675 0.210876 0.0383654
11 0.919077 0.872308 0.162981 0.256224 0.0382602
7 0.661568 0.503325 0.0271967 0.0450348 0.0380557
10 0.663423 0.501832 0.174313 0.286909 0.037853
7 0.561845 0.613204 0.0314127 0.0535402 0.0376623
6 0.0614693 0.850456 0.103811 0.29785 0.0370608
10 0.79836 0.53964 0.196661 0.371033 0.0362521
7 0.0370079 0.859161 0.0775596 0.284678 0.0361691
11 0.96147 0.639982 0.0789837 0.039117 0.0358758
11 0.679456 0.620693 0.093807 0.0374241 0.0353583
7 0.482071 0.657287 0.0660179 0.0533964 0.0352801
11 0.101439 0.426997 0.203259 0.85219 0.0349705
2 0.176863 0.668896 0.0491934 0.334869 0.0346626
7 0.587568 0.616539 0.035385 0.0514624 0.0344142
11 0.876663 0.943204 0.241652 0.115025 0.0342423
11 0.890458 0.837017 0.152136 0.318104 0.03421
11 0.930531 0.912724 0.142235 0.176339 0.0341219
6 0.690313 0.802104 0.453999 0.388276 0.0340223
10 0.858526 0.533717 0.112698 0.361223 0.0339831
7 0.550257 0.574547 0.0257936 0.0365846 0.0339032
10 0.991153 0.48245 0.0151789 0.586159 0.0337876
6 0.681707 0.804284 0.475343 0.387085 0.0336107
11 0.401766 0.0413882 0.268336 0.0845625 0.0331792
11 0.483454 0.350974 0.977794 0.71995 0.0328636
11 0.260603 0.038876 0.440013 0.078825 0.0326663
11 0.670412 0.612992 0.0990144 0.0565006 0.0324345
6 0.763961 0.864684 0.0551016 0.103344 0.0322171
11 0.658898 0.728266 0.51789 0.261013 0.032018
10 0.348256 0.370329 0.0982665 0.122049 0.0319032
11 0.269202 0.0624537 0.519128 0.124861 0.0311933
10 0.710198 0.491201 0.236313 0.299211 0.0311325
7 0.544045 0.675954 0.0444464 0.025976 0.0310054
10 0.992898 0.402112 0.0130489 0.504754 0.030924
10 0.300753 0.383642 0.10373 0.12885 0.0306219
10 0.732704 0.490943 0.215712 0.293962 0.0305646
10 0.789365 0.511932 0.201149 0.326714 0.0305596
11 0.04324 0.750668 0.0900045 0.0844758 0.0303895
10 0.989189 0.931694 0.0219044 0.139122 0.0303331
7 0.608956 0.600451 0.0176893 0.0292577 0.0300422
7 0.645614 0.555729 0.0247577 0.0575471 0.0296641
10 0.382675 0.351077 0.0958035 0.139966 0.0296403
10 0.52893 0.313811 0.0410063 0.211651 0.029483
6 0.71514 0.815675 0.326613 0.36312 0.0293779
2 0.0589447 0.718147 0.0192134 0.0525681 0.0288624
11 0.0403518 0.750303 0.0848305 0.0817405 0.0288581
6 0.660972 0.805568 0.527002 0.393461 0.0288487
6 0.680927 0.615271 0.0558344 0.0643358 0.0285068
10 0.00867383 0.300249 0.0174093 0.467723 0.0283976
10 0.751628 0.375452 0.0348995 0.0679655 0.0283531
11 0.655766 0.613969 0.148168 0.0534748 0.0280468
11 0.495037 0.325816 0.990386 0.665047 0.0273996
7 0.70053 0.587568 0.0542769 0.0892623 0.0269404
7 0.44328 0.648991 0.039397 0.0470437 0.0268002
2 0.510676 0.502932 0.0267215 0.0581721 0.0267818
10 0.828443 0.547429 0.184022 0.411801 0.026712
11 0.708249 0.653928 0.57984 0.145364 0.0265427
7 0.462584 0.654889 0.0287096 0.043159 0.0264109
11 0.647534 0.622616 0.162451 0.0416948 0.0261994
7 0.578701 0.588859 0.0275867 0.0702065 0.026004
6 0.816065 0.881041 0.162359 0.239289 0.025787
11 0.107871 0.293063 0.217437 0.587256 0.025719
10 0.00714208 0.310604 0.0140262 0.266388 0.0256662
11 0.731909 0.745945 0.377708 0.303758 0.025302
11 0.0425688 0.736162 0.0888384 0.101906 0.0252203
10 0.678611 0.48812 0.294159 0.323684 0.025127
10 0.314492 0.377803 0.102199 0.102998 0.0247041
10 0.402503 0.324197 0.0942526 0.136305 0.0246676
11 0.835574 0.923317 0.297631 0.15473 0.0245027
6 0.551051 0.584994 0.0474616 0.0641024 0.0243589
7 0.752527 0.497334 0.042001 0.076734 0.0242916
10 0.52168 0.247424 0.0415126 0.0790845 0.0241965
10 0.985183 0.905073 0.018778 0.194415 0.0239847
7 0.674535 0.48973 0.0363111 0.0629924 0.0237885
10 0.419844 0.310064 0.0936558 0.190061 0.0236944
2 0.892599 0.669836 0.0238596 0.105076 0.0236335
11 0.325743 0.037201 0.272531 0.0759574 0.0235929
7 0.422648 0.628209 0.0453241 0.0848972 0.0234948
11 0.366023 0.037069 0.233391 0.075628 0.0230346
2 0.903028 0.629167 0.0383266 0.0782224 0.0229333
7 0.81333 0.495263 0.051579 0.111421 0.022863
11 0.492504 0.236294 0.988956 0.485429 0.0225908
2 0.491815 0.520595 0.0308363 0.106999 0.02254
11 0.0586557 0.95883 0.117504 0.0835388 0.0225202
10 0.35893 0.279462 0.054181 0.0575882 0.0219249
10 0.706766 0.379363 0.0428905 0.0660138 0.0216704
7 0.679008 0.541075 0.0187474 0.0338462 0.0209528
11 0.582787 0.672574 0.335085 0.147554 0.0202555
6 0.688468 0.788261 0.225176 0.360357 0.0199343
11 0.69627 0.628354 0.0758728 0.0332973 0.0198724
10 0.552183 0.26203 0.0382119 0.103558 0.0195753
10 0.0411214 0.304026 0.0840194 0.60188 0.0195072
11 0.601918 0.72557 0.260656 0.222918 0.019409
2 0.527858 0.574131 0.0283263 0.047321 0.0191792
10 0.743831 0.449809 0.0719192 0.198271 0.0191515
11 0.64206 0.807603 0.407715 0.385057 0.0191062
6 0.744061 0.882385 0.0449795 0.234175 0.0190941
6 0.49969 0.799383 0.218331 0.402784 0.0190315
11 0.100882 0.214396 0.208571 0.433949 0.0190096
10 0.475341 0.308082 0.167525 0.267434 0.0189302
10 0.0407033 0.200525 0.0828197 0.396708 0.0188994
11 0.837243 0.96799 0.194264 0.0649956 0.0186811
2 0.796754 0.423548 0.0243532 0.0319603 0.01836
11 0.451983 0.0350523 0.265895 0.072816 0.0183493
10 0.0291636 0.908323 0.0592095 0.186615 0.0180859
11 0.920412 0.950644 0.161458 0.100429 0.0179313
10 0.044553 0.15214 0.0912455 0.304218 0.017903
2 0.192323 0.547048 0.0279871 0.0940851 0.0167128
10 0.271517 0.372533 0.0964041 0.0928881 0.0165891
11 0.514969 0.0900617 0.993323 0.185249 0.0161447
6 0.68923 0.587456 0.20987 0.119997 0.0160982
11 0.486821 0.438739 0.991869 0.881636 0.0159095
10 0.471745 0.324917 0.175871 0.283325 0.0159041
11 0.55192 0.821048 0.273304 0.359694 0.0157814
10 0.772207 0.496079 0.110375 0.122964 0.0157275
7 0.78961 0.423025 0.0229563 0.0314253 0.0154703
10 0.238999 0.373417 0.0914242 0.110604 0.0153111
10 0.832213 0.491257 0.0490046 0.123576 0.0152192
11 0.365052 0.0491098 0.708524 0.0984627 0.0152188
10 0.635447 0.536221 0.560208 0.347516 0.0151959
10 0.314417 0.258376 0.0156887 0.026939 0.0150808
11 0.511503 0.0954396 0.987412 0.195016 0.0147793
11 0.182421 0.500968 0.373723 0.993525 0.0147038
10 0.274262 0.248308 0.0202916 0.015378 0.0146521
10 0.557941 0.248983 0.0353481 0.0830736 0.0144627
11 0.616643 0.629117 0.113895 0.0405443 0.0144215
11 0.10275 0.148011 0.210565 0.305078 0.0143148
10 0.188393 0.465404 0.373462 0.925079 0.0141558
11 0.481978 0.19159 0.953361 0.394932 0.0140975
11 0.495204 0.681056 0.177503 0.279812 0.0140705
10 0.24274 0.244435 0.0188031 0.0249655 0.0138737
2 0.72451 0.294981 0.0694204 0.220251 0.0138729
7 0.488469 0.0525428 0.93553 0.10376 0.0135884
10 0.713642 0.103696 0.0854082 0.0775232 0.0135236
11 0.399911 0.181469 0.784894 0.369592 0.0135043
11 0.16658 0.253693 0.332339 0.512414 0.0133542
7 0.471577 0.0336284 0.689979 0.0657616 0.0132771
11 0.295215 0.240982 0.586505 0.489949 0.0131735
10 0.73508 0.507156 0.0611592 0.101536 0.0130694
11 0.4857 0.120757 0.944944 0.236308 0.0126964
10 0.388156 0.447401 0.264531 0.889042 0.0126818
11 0.374598 0.0504492 0.725551 0.100873 0.0126793
10 0.743952 0.103373 0.0768168 0.0863075 0.0122361
10 0.551326 0.321709 0.899037 0.647975 0.0121796
7 0.772142 0.487165 0.0932177 0.113591 0.0119412
3 0.664681 0.0545804 0.0504376 0.047245 0.0118299
6 0.783245 0.662736 0.168706 0.239869 0.011801
6 0.74195 0.845591 0.0432278 0.144575 0.0117973
7 0.497914 0.0245537 0.287455 0.0489809 0.0115987
3 0.353196 0.196442 0.0492806 0.0562384 0.011579
3 0.698544 0.054166 0.0514205 0.0620386 0.0115548
11 0.487041 0.302107 0.960346 0.615674 0.0112415
10 0.20797 0.259141 0.0188229 0.0570249 0.0111545
3 0.306619 0.185685 0.0801635 0.0475628 0.0111468
11 0.16969 0.145166 0.352684 0.252692 0.0109355
10 0.768778 0.377508 0.06233 0.0718065 0.0108334
6 0.385222 0.174328 0.0902715 0.0949 0.0103435
10 0.906323 0.581718 0.150338 0.265485 0.0103034
6 0.269562 0.256258 0.476993 0.520668 0.0102234
6 0.305055 0.15476 0.118925 0.0526947 0.0102203
6 0.340411 0.161898 0.105664 0.0623582 0.0102006
10 0.662362 0.115003 0.0797138 0.0829107 0.00998645
11 0.489463 0.27004 0.965142 0.551431 0.00933294
5 0.521384 0.106215 0.899767 0.20935 0.00925101
6 0.255999 0.305499 0.514967 0.480069 0.00914679
3 0.391084 0.212514 0.0702596 0.0979175 0.00909198
11 0.218076 0.253818 0.444994 0.518879 0.00877259
6 0.254406 0.17245 0.108548 0.0579821 0.00876999
6 0.33481 0.255787 0.35466 0.510863 0.00868577
10 0.413371 0.262626 0.0912272 0.30594 0.00832045
6 0.231279 0.181783 0.102868 0.0670443 0.00782025
7 0.651464 0.0824704 0.60912 0.193105 0.00778599
6 0.321445 0.312437 0.395364 0.416428 0.00776514
11 0.442975 0.228904 0.7409 0.456795 0.00775902
2 0.764708 0.0754425 0.526014 0.154798 0.00753604
2 0.707558 0.0737357 0.555268 0.151477 0.0075199
11 0.20902 0.29418 0.435785 0.546214 0.00744063
2 0.799512 0.0850959 0.438343 0.177994 0.0073847
10 0.38948 0.289028 0.313288 0.397532 0.00693096
