6 0.836575 0.722124 0.143311 0.448915 0.858499
11 0.568501 0.79153 0.357786 0.41292 0.763977
10 0.747678 0.511953 0.152572 0.59904 0.555936
4 0.0575487 0.851791 0.11662 0.296952 0.257886
6 0.0563416 0.769411 0.113736 0.463716 0.228434
11 0.945435 0.670065 0.107199 0.103062 0.178034
10 0.987331 0.809368 0.02579 0.376642 0.13295
6 0.0566705 0.785354 0.11687 0.432868 0.132576
10 0.984309 0.505925 0.0307482 0.969509 0.129492
10 0.539725 0.343369 0.0475226 0.271729 0.129312
10 0.752563 0.447049 0.150231 0.468876 0.128721
10 0.980154 0.503796 0.0389132 0.974702 0.126541
6 0.0548045 0.710738 0.110865 0.58583 0.117263
11 0.939185 0.803718 0.124982 0.385193 0.10539
10 0.986063 0.794214 0.0283602 0.407742 0.104594
10 0.988341 0.543155 0.023654 0.910067 0.104406
10 0.988258 0.847989 0.0243988 0.302881 0.10235
10 0.0571832 0.613913 0.114814 0.779361 0.101788
11 0.97126 0.800532 0.0587494 0.394493 0.0997175
11 0.928788 0.807266 0.144296 0.381768 0.0984171
10 0.74204 0.444962 0.139266 0.45836 0.0947207
6 0.0655987 0.790945 0.133325 0.418508 0.0876199
7 0.0456345 0.784232 0.0934839 0.149887 0.0873544
10 0.018945 0.511277 0.0367206 0.69572 0.0842668
10 0.0269937 0.562863 0.0552097 0.857371 0.0830549
10 0.0275028 0.595199 0.0564125 0.801161 0.078788
11 0.948156 0.798856 0.109886 0.388316 0.0775476
10 0.0640367 0.542822 0.127752 0.921553 0.0719239
10 0.738372 0.591374 0.141122 0.758193 0.0711837
10 0.738299 0.438254 0.127335 0.447416 0.0700258
6 0.0420552 0.77417 0.0869146 0.33202 0.0689138
6 0.850074 0.476508 0.0702648 0.0869886 0.0680807
11 0.877043 0.905465 0.246498 0.191324 0.0679484
10 0.0246265 0.566452 0.0504446 0.851084 0.0671197
10 0.0515158 0.51348 0.104366 0.983352 0.066928
10 0.0355416 0.515622 0.0723718 0.977723 0.0651796
10 0.0143734 0.458027 0.0269579 0.588496 0.0647525
10 0.734954 0.599039 0.152867 0.782313 0.0647359
5 0.590141 0.314002 0.0258878 0.0912611 0.0637121
10 0.730616 0.581331 0.139297 0.739337 0.0633793
10 0.00902854 0.468404 0.0193333 0.733179 0.0630383
10 0.0342404 0.512887 0.069469 0.981665 0.0629001
7 0.0363443 0.851342 0.07445 0.285769 0.0623701
10 0.0117783 0.722428 0.0237182 0.542711 0.0601161
10 0.956716 0.503462 0.0831343 0.980695 0.0574891
10 0.755322 0.599034 0.172315 0.774633 0.0573459
10 0.595478 0.31366 0.0262675 0.0917531 0.056565
3 0.0618117 0.510759 0.123396 0.988284 0.0557784
10 0.988478 0.900824 0.02304 0.198949 0.0541002
6 0.0133008 0.745823 0.0265995 0.2874 0.0537778
4 0.0785317 0.729019 0.160642 0.549188 0.0534967
6 0.0690668 0.730257 0.140994 0.545505 0.053178
10 0.535499 0.249095 0.0420373 0.0801399 0.0531119
7 0.472464 0.634019 0.0939376 0.0916558 0.0512677
2 0.893443 0.72895 0.0267557 0.102332 0.051222
11 0.94249 0.672218 0.114275 0.105084 0.0507651
10 0.014017 0.668106 0.0274036 0.371612 0.0502134
6 0.995652 0.594143 0.00935135 0.122979 0.0500813
10 0.529635 0.261103 0.0450165 0.101398 0.0481862
4 0.0798278 0.847199 0.159852 0.308004 0.0469592
6 0.835698 0.781123 0.139512 0.340897 0.0467532
7 0.448565 0.630957 0.0483089 0.0839464 0.046637
7 0.604617 0.582335 0.0241403 0.0631411 0.0461552
10 0.790342 0.59812 0.241373 0.773503 0.0460033
10 0.963266 0.505388 0.0711515 0.9535 0.0455738
11 0.928455 0.915171 0.147879 0.17242 0.0449085
2 0.182451 0.567171 0.0330832 0.128826 0.0445656
4 0.0636436 0.529386 0.127871 0.953897 0.0437652
11 0.901857 0.865596 0.197281 0.275747 0.0437569
4 0.0570502 0.894576 0.115286 0.213646 0.0437059
10 0.00868391 0.450465 0.0165708 0.567047 0.0429551
10 0.991882 0.414556 0.0145323 0.480359 0.0416075
7 0.0385675 0.858573 0.0804117 0.286624 0.04127
2 0.895942 0.728873 0.0252934 0.100403 0.0411769
10 0.364485 0.370711 0.0873104 0.132721 0.0408654
7 0.442038 0.629567 0.0455962 0.0828015 0.0403415
7 0.78778 0.681878 0.0362843 0.112983 0.040316
11 0.935245 0.672203 0.127649 0.103361 0.0397866
2 0.180025 0.57818 0.0367615 0.152169 0.0394671
11 0.632971 0.61543 0.107797 0.0438191 0.0393989
6 0.0082074 0.728256 0.0157319 0.15848 0.0393625
10 0.0297744 0.507621 0.0595979 0.925438 0.0389354
10 0.338286 0.381502 0.100341 0.125927 0.0388277
7 0.0589902 0.848956 0.108332 0.300389 0.0386456
11 0.955276 0.639931 0.0933548 0.0428439 0.0381296
10 0.989648 0.522686 0.018404 0.656468 0.0372846
6 0.995607 0.655709 0.00979557 0.231815 0.036735
6 0.989406 0.593865 0.0210222 0.129194 0.0366668
7 0.979697 0.0566644 0.043034 0.11382 0.0361247
10 0.542237 0.315574 0.041213 0.212449 0.0357789
5 0.586793 0.314936 0.0285108 0.0941525 0.0354731
6 0.00902571 0.697888 0.0170642 0.156346 0.0354634
11 0.876687 0.937356 0.247055 0.126586 0.0353235
7 0.578215 0.585297 0.0259329 0.057782 0.034987
10 0.961593 0.381661 0.0763575 0.756628 0.0340961
11 0.874753 0.817452 0.248832 0.364067 0.033383
11 0.987523 0.618355 0.025083 0.15658 0.0333691
10 0.963092 0.359099 0.0742476 0.707215 0.0330834
7 0.438912 0.62854 0.0462538 0.0832894 0.0326933
10 0.725229 0.477542 0.125425 0.528194 0.0321213
7 0.498776 0.636298 0.0696228 0.0876316 0.0316816
7 0.988484 0.925114 0.0233047 0.151907 0.0311537
2 0.185938 0.565884 0.0313178 0.127997 0.0309962
11 0.945141 0.686318 0.108803 0.131111 0.0309691
10 0.00889491 0.295251 0.0170913 0.255338 0.0308088
10 0.379647 0.354725 0.0987539 0.131559 0.030521
7 0.482642 0.651211 0.0632576 0.0642941 0.0304935
10 0.0386411 0.373501 0.0789244 0.732504 0.0304277
11 0.940346 0.661626 0.119539 0.0733648 0.030091
7 0.582634 0.618805 0.024057 0.0465383 0.0299365
6 0.839376 0.779549 0.144888 0.373622 0.029861
6 0.844878 0.631712 0.117272 0.273508 0.0297078
7 0.692795 0.0145581 0.105311 0.0286854 0.0296113
10 0.348208 0.368239 0.0986327 0.112575 0.0295295
7 0.587174 0.623245 0.0207066 0.0438354 0.0291472
10 0.399673 0.340914 0.0952864 0.148522 0.0289924
7 0.79217 0.679838 0.0340344 0.115363 0.0288847
10 0.991781 0.349072 0.0150677 0.619435 0.0288763
7 0.657901 0.505341 0.0239437 0.0411498 0.028778
7 0.597121 0.586074 0.0249997 0.0616845 0.0286111
11 0.494325 0.252451 0.989282 0.510182 0.0285984
10 0.0108797 0.243747 0.0205111 0.150763 0.0282974
10 0.772282 0.471129 0.158454 0.518584 0.0282106
10 0.00870382 0.339117 0.0172722 0.529193 0.0282078
7 0.57847 0.648082 0.0175598 0.0762925 0.0282014
6 0.853953 0.637709 0.0989632 0.277683 0.0281958
7 0.984476 0.919525 0.0259756 0.166494 0.0278868
10 0.516912 0.345766 0.0415669 0.286602 0.0277879
11 0.0438856 0.738842 0.0919349 0.154292 0.0277635
11 0.957417 0.6411 0.0888248 0.0585944 0.02766
7 0.505495 0.649025 0.0256294 0.0691797 0.0275892
7 0.5066 0.650012 0.0263774 0.0659579 0.0272956
2 0.887166 0.732094 0.0230082 0.0989087 0.0272535
11 0.100457 0.409242 0.203615 0.816754 0.0271603
7 0.720894 0.0145393 0.112105 0.0279018 0.0271248
10 0.927924 0.505933 0.144308 0.981725 0.0269371
10 0.00948876 0.278387 0.0183733 0.217386 0.026796
7 0.583875 0.586152 0.0274943 0.0620346 0.02665
6 0.843032 0.637329 0.121305 0.284662 0.0265716
7 0.66399 0.0147525 0.0990641 0.029768 0.0263718
6 0.847489 0.65925 0.116286 0.449743 0.0262355
7 0.616366 0.601257 0.018016 0.0336631 0.0261791
10 0.396068 0.320926 0.0912978 0.114353 0.0257616
2 0.179725 0.607049 0.0363852 0.201174 0.0256468
10 0.994758 0.414216 0.00948963 0.470326 0.025559
7 0.740568 0.0146927 0.143849 0.0280877 0.0255572
2 0.178418 0.617695 0.0395445 0.220075 0.0255391
7 0.57111 0.622887 0.0208504 0.0432104 0.0254667
6 0.382822 0.0392059 0.273144 0.0798647 0.0254045
6 0.40739 0.0397486 0.25847 0.0808125 0.0251703
7 0.520797 0.66645 0.028921 0.0408609 0.025042
7 0.527566 0.646427 0.0312572 0.073141 0.0247869
2 0.631368 0.503841 0.0166826 0.0423678 0.024519
10 0.297658 0.378539 0.102268 0.109232 0.0243603
7 0.983953 0.91565 0.0247293 0.173822 0.024109
11 0.58322 0.668014 0.338292 0.168236 0.0236898
11 0.263251 0.0377899 0.432956 0.0763617 0.0234835
7 0.676273 0.0135347 0.123876 0.0278809 0.0233407
11 0.765408 0.987762 0.0517721 0.0248523 0.0231093
11 0.586017 0.647556 0.354515 0.112891 0.022933
11 0.0431037 0.752652 0.090181 0.092028 0.022547
7 0.985028 0.947572 0.0266064 0.107423 0.0225314
2 0.179959 0.670034 0.0353602 0.333763 0.0224747
7 0.530678 0.664004 0.0458416 0.0549978 0.0224564
11 0.657974 0.608358 0.0596564 0.0331627 0.0224524
7 0.656833 0.496185 0.0338461 0.0580376 0.0222012
11 0.579058 0.761996 0.2978 0.35097 0.0221905
7 0.510134 0.503469 0.0251425 0.0582027 0.0220966
11 0.105577 0.265923 0.213603 0.532471 0.0220606
10 0.089724 0.579062 0.178749 0.848991 0.0220271
11 0.592403 0.707765 0.355939 0.252682 0.0219138
11 0.603372 0.624548 0.340598 0.0576553 0.0219115
10 0.985148 0.892847 0.021258 0.221614 0.0217367
10 0.547992 0.261157 0.0367394 0.103542 0.0216861
7 0.570285 0.610427 0.022934 0.0387878 0.0216504
11 0.492178 0.782897 0.194017 0.409191 0.0215601
11 0.493444 0.324412 0.990525 0.651185 0.0214779
11 0.130695 0.42902 0.258328 0.853747 0.021447
6 0.840637 0.73632 0.146678 0.478444 0.0214171
7 0.795925 0.678691 0.0370961 0.117066 0.0214089
6 0.917083 0.952019 0.168043 0.098794 0.0213583
7 0.79667 0.0182612 0.103077 0.0346276 0.0212039
7 0.639292 0.604973 0.0260299 0.0319635 0.0209287
7 0.55055 0.575362 0.0312881 0.0426031 0.0209092
7 0.601026 0.637201 0.0256818 0.0810652 0.0206963
7 0.621642 0.601969 0.021153 0.0341794 0.0204907
7 0.545373 0.649361 0.0733448 0.0792141 0.0204143
11 0.582576 0.790554 0.372556 0.421505 0.0203976
10 0.424265 0.309479 0.0932395 0.173982 0.0203647
7 0.454486 0.0379473 0.322815 0.0769668 0.0202124
6 0.319016 0.0362833 0.254315 0.0737977 0.020175
10 0.308707 0.360432 0.0914971 0.0830284 0.0200958
7 0.550575 0.585307 0.0374002 0.0665492 0.0200789
7 0.601556 0.603596 0.0209719 0.0379513 0.0200607
11 0.494767 0.451707 0.989851 0.902232 0.0198817
2 0.549703 0.24772 0.0333982 0.0821238 0.0198024
10 0.0398765 0.211714 0.0808415 0.419269 0.0195841
6 0.864887 0.474923 0.0531805 0.0812906 0.0195656
11 0.139166 0.460551 0.275924 0.916749 0.0192982
11 0.307993 0.0485853 0.560828 0.0977307 0.0191934
11 0.224659 0.47077 0.452094 0.953248 0.0189363
6 0.821244 0.769756 0.124876 0.287956 0.0189221
6 0.842109 0.48347 0.064522 0.0847605 0.0189167
11 0.110827 0.151834 0.226523 0.311359 0.0188202
11 0.0279803 0.911441 0.056709 0.180307 0.0187885
6 0.833512 0.865722 0.137919 0.196363 0.0187612
2 0.675224 0.428572 0.0206236 0.231185 0.018525
11 0.668041 0.762767 0.205046 0.35501 0.0183792
11 0.503964 0.114461 0.992765 0.235263 0.0183036
6 0.848561 0.659281 0.119768 0.331156 0.0181938
7 0.506753 0.0395173 0.676927 0.0807163 0.0180553
10 0.351861 0.26386 0.0326967 0.0493277 0.0179576
11 0.144952 0.378156 0.281871 0.753021 0.0178922
7 0.435763 0.0461704 0.81046 0.0915569 0.0177868
2 0.775423 0.532073 0.0283431 0.0670636 0.0177114
6 0.79317 0.690076 0.236725 0.53678 0.0176257
7 0.628044 0.580969 0.0255865 0.0640939 0.0173025
11 0.842378 0.956705 0.196529 0.0883516 0.0172914
11 0.264791 0.069904 0.508308 0.139489 0.0171619
10 0.517172 0.247243 0.040299 0.0779034 0.0171046
11 0.639587 0.583859 0.073731 0.081144 0.0169711
2 0.676178 0.50087 0.0176244 0.118353 0.0168502
10 0.0464597 0.14957 0.095134 0.301647 0.0168235
11 0.828303 0.926991 0.133051 0.144459 0.0167566
7 0.447145 0.044518 0.845895 0.0886557 0.0167272
10 0.353999 0.268841 0.00032835 0.000527085 0.016596
10 0.821187 0.394456 0.0406847 0.11164 0.0163586
11 0.617474 0.667745 0.409489 0.173814 0.0163571
10 0.356589 0.255084 0.000191784 0.000398064 0.0162975
10 0.477721 0.324506 0.159342 0.268569 0.0162533
7 0.533278 0.0310594 0.544476 0.0621295 0.0161778
2 0.776204 0.566518 0.0348094 0.142304 0.0159585
10 0.683554 0.37804 0.0271393 0.147414 0.0159123
11 0.0931895 0.207087 0.192936 0.416702 0.0158909
10 0.790836 0.436862 0.129118 0.447189 0.0157164
10 0.339682 0.267753 0.000252295 0.000472344 0.0156523
2 0.516369 0.577853 0.0346432 0.0614371 0.0156289
10 0.680976 0.382508 0.0275849 0.153568 0.0156217
11 0.490317 0.800658 0.210138 0.400434 0.0155356
7 0.41871 0.625974 0.0440631 0.0859558 0.0153216
2 0.535238 0.526895 0.0263196 0.120283 0.0152477
2 0.675788 0.508466 0.0169488 0.136439 0.0152285
10 0.326943 0.265858 0.000256109 0.000438966 0.0152268
11 0.0938453 0.503176 0.185971 0.993397 0.0151308
10 0.358396 0.240164 0.000178146 0.000443925 0.0150965
11 0.457223 0.19979 0.900899 0.409623 0.0150263
10 0.308997 0.249178 0.0241246 0.0234924 0.0149828
11 0.932322 0.882686 0.0947973 0.139291 0.014958
11 0.157701 0.242248 0.316138 0.489004 0.0147247
10 0.50857 0.250618 0.0388061 0.0750219 0.0147075
10 0.26314 0.249756 0.0337128 0.0304278 0.0146126
2 0.67604 0.439887 0.0222589 0.261549 0.0146013
11 0.418214 0.183584 0.822544 0.374958 0.0144595
11 0.502173 0.18606 0.97281 0.385923 0.0144527
7 0.482844 0.0513448 0.907662 0.103022 0.0143797
11 0.256559 0.242778 0.523698 0.494434 0.0143679
10 0.556589 0.300466 0.0675041 0.184902 0.0143572
11 0.485643 0.321665 0.958779 0.653564 0.0143497
6 0.873005 0.679303 0.0828468 0.363069 0.0143315
6 0.301674 0.469327 0.299231 0.832426 0.0138808
10 0.560618 0.300828 0.0368219 0.188276 0.0135875
11 0.495035 0.318438 0.97839 0.644736 0.0134839
10 0.484965 0.396407 0.965682 0.800571 0.013371
7 0.762236 0.691377 0.0301722 0.12199 0.0131224
10 0.513742 0.261124 0.0417261 0.0895769 0.0130829
10 0.40585 0.446098 0.198384 0.887123 0.0130106
10 0.254822 0.358248 0.0869804 0.0847288 0.0129481
2 0.477446 0.530671 0.0278296 0.115427 0.0129288
2 0.192234 0.541154 0.0278886 0.0888978 0.0127573
11 0.256313 0.30655 0.531927 0.622468 0.012707
11 0.323459 0.249361 0.638588 0.50456 0.0123012
6 0.758879 0.742929 0.283466 0.47091 0.0122568
11 0.506613 0.0952094 0.990888 0.194717 0.0115698
6 0.772708 0.724848 0.0702464 0.471524 0.0115318
10 0.134373 0.502793 0.272445 0.98981 0.0114552
10 0.212811 0.491563 0.433433 0.977563 0.0111406
10 0.689912 0.36736 0.0300261 0.149205 0.0110535
10 0.466189 0.290297 0.164473 0.363684 0.0109353
10 0.572276 0.246998 0.028529 0.0762487 0.0107478
10 0.38382 0.368995 0.483224 0.738246 0.010656
6 0.371488 0.16864 0.104935 0.0768504 0.0105285
6 0.331403 0.158329 0.120975 0.0555671 0.0101244
10 0.560809 0.281174 0.0364753 0.125928 0.00994882
11 0.261986 0.280894 0.542963 0.569776 0.00988754
3 0.341456 0.187432 0.0823258 0.0566851 0.00971013
11 0.166543 0.152209 0.347878 0.269578 0.00968128
6 0.411479 0.185112 0.0884548 0.113719 0.00965557
6 0.26772 0.248083 0.504894 0.508977 0.00956867
10 0.21797 0.291492 0.0716293 0.0638942 0.00952772
11 0.656296 0.58258 0.151671 0.192745 0.0094216
6 0.334978 0.250165 0.394137 0.511253 0.00911312
6 0.287734 0.178064 0.109291 0.0578473 0.00895081
11 0.179625 0.145984 0.379821 0.187708 0.00876602
3 0.384165 0.195109 0.0795684 0.0903601 0.00875198
10 0.255027 0.374891 0.442378 0.515707 0.00821016
6 0.249466 0.180007 0.119905 0.0621953 0.00816742
6 0.32516 0.300639 0.412034 0.432569 0.00792326
6 0.376616 0.293788 0.313515 0.575866 0.00769819
6 0.382097 0.248674 0.306771 0.482158 0.00733563
6 0.406526 0.247847 0.0878998 0.266654 0.00709052
