6 0.820489 0.700268 0.157374 0.599643 0.881604
11 0.562035 0.791626 0.341235 0.414467 0.810843
10 0.757297 0.432677 0.130557 0.436889 0.473854
10 0.757927 0.391261 0.126152 0.358434 0.340179
10 0.760615 0.588037 0.131312 0.75583 0.305134
4 0.0576239 0.852279 0.116828 0.295631 0.271771
6 0.0562283 0.766675 0.113089 0.469187 0.18249
11 0.926374 0.805524 0.151216 0.385585 0.176702
6 0.808941 0.813118 0.132489 0.369828 0.170172
10 0.98589 0.519428 0.0278528 0.944391 0.158315
4 0.057217 0.785014 0.116406 0.43364 0.157184
10 0.538285 0.341927 0.0486063 0.272079 0.142708
10 0.986765 0.808311 0.0270029 0.379979 0.137025
10 0.986191 0.512617 0.027763 0.956547 0.136531
10 0.975054 0.505166 0.0495434 0.976449 0.129296
2 0.697886 0.579995 0.019793 0.0632119 0.128831
11 0.936015 0.751564 0.127064 0.27157 0.122576
10 0.985117 0.771299 0.0302 0.45179 0.12101
11 0.92657 0.806044 0.147688 0.385035 0.120487
11 0.869054 0.911665 0.255208 0.177861 0.11546
10 0.988945 0.704104 0.0220957 0.587562 0.113175
10 0.0570799 0.614861 0.114682 0.777865 0.109216
10 0.980692 0.745667 0.0383276 0.503521 0.108695
10 0.0173473 0.517426 0.0339833 0.733259 0.0994389
6 0.0443936 0.789113 0.0889489 0.42225 0.0977025
6 0.849665 0.619628 0.0925241 0.434087 0.0965953
10 0.988483 0.847153 0.0241917 0.307645 0.0957819
2 0.712154 0.582353 0.0199186 0.0664333 0.0932048
2 0.718823 0.581212 0.020199 0.0695956 0.0897539
10 0.0310538 0.552179 0.0633991 0.89722 0.0874318
4 0.0542385 0.701458 0.110225 0.604853 0.0850571
10 0.989579 0.543138 0.0193796 0.905152 0.0848608
10 0.0242125 0.602422 0.0493441 0.786901 0.0836156
6 0.84933 0.698752 0.101488 0.592322 0.0813781
6 0.0671496 0.792574 0.136017 0.41652 0.0805197
11 0.902928 0.917842 0.19192 0.166031 0.0787109
10 0.021966 0.560752 0.0448492 0.865405 0.0772046
10 0.0145803 0.45736 0.0272524 0.598405 0.0765742
7 0.474641 0.63517 0.0961497 0.0913322 0.0760128
10 0.0535203 0.511564 0.107173 0.989361 0.074185
7 0.449793 0.630834 0.0471805 0.0840914 0.0727207
3 0.0607464 0.510714 0.120389 0.99058 0.0690472
10 0.780792 0.59893 0.154052 0.786047 0.0675772
10 0.035273 0.513094 0.0717723 0.981099 0.0666276
11 0.86805 0.851704 0.256398 0.29845 0.0648767
10 0.008623 0.71667 0.0180036 0.445429 0.0630089
10 0.0304935 0.512147 0.0617056 0.981042 0.062286
10 0.950741 0.504799 0.0972443 0.980161 0.0612495
11 0.893262 0.863595 0.211663 0.275029 0.0606164
10 0.963815 0.505863 0.0705564 0.977073 0.0587323
10 0.0652949 0.530149 0.131198 0.947255 0.058672
7 0.441169 0.629541 0.0469106 0.0835153 0.0579766
11 0.94267 0.745292 0.120601 0.509282 0.0579597
7 0.44202 0.630452 0.0460701 0.082864 0.057947
10 0.0124093 0.670611 0.0242975 0.353334 0.0578829
6 0.821662 0.669561 0.152371 0.532179 0.0578257
10 0.00739974 0.444678 0.0155486 0.651041 0.057282
10 0.988155 0.898771 0.0236383 0.202621 0.0563104
2 0.656336 0.503215 0.0239193 0.0403561 0.0554137
6 0.81029 0.813814 0.135301 0.369784 0.0554086
7 0.0324033 0.853064 0.0660268 0.287194 0.0552571
6 0.995507 0.594743 0.00957584 0.120214 0.0550337
4 0.0850778 0.851213 0.171464 0.300267 0.0549673
11 0.927371 0.826936 0.0558784 0.109596 0.0545313
7 0.499354 0.635743 0.0677963 0.0872214 0.0544362
10 0.533949 0.249152 0.0433643 0.0816467 0.0530203
10 0.93492 0.504868 0.129523 0.980236 0.0527536
6 0.793133 0.755202 0.112207 0.495003 0.0526031
10 0.73765 0.501302 0.110915 0.576345 0.0517283
2 0.70079 0.591737 0.0171228 0.0478778 0.0514759
7 0.604325 0.581098 0.0241646 0.0622417 0.0502418
6 0.809724 0.846856 0.13865 0.303261 0.0502369
4 0.0715371 0.733978 0.145529 0.538664 0.04942
10 0.00833031 0.452259 0.0161531 0.577872 0.0490965
11 0.808416 0.956252 0.139958 0.0880836 0.0489175
7 0.829317 0.957803 0.0869154 0.0875619 0.0475732
6 0.00925462 0.743105 0.01873 0.245152 0.0469375
2 0.685834 0.579402 0.0182758 0.0622656 0.0467952
5 0.593059 0.314507 0.0265755 0.0923997 0.0463201
6 0.786612 0.697356 0.100342 0.604339 0.0462001
10 0.342591 0.386064 0.101568 0.130714 0.0457109
11 0.867669 0.954318 0.25553 0.0927014 0.0454841
4 0.0576238 0.896663 0.116419 0.209305 0.0453258
4 0.0789976 0.731516 0.161414 0.544262 0.0450987
10 0.763969 0.501226 0.122749 0.571562 0.0445012
6 0.854674 0.655237 0.0908457 0.500284 0.0444545
11 0.573994 0.635117 0.307356 0.0865215 0.0439286
10 0.0331575 0.508012 0.0665393 0.925961 0.0437668
10 0.533767 0.270913 0.0455671 0.123599 0.0436998
11 0.780505 0.694037 0.0673703 0.124627 0.042906
10 0.0613616 0.53086 0.123503 0.95353 0.0426328
11 0.848558 0.810202 0.214853 0.378294 0.0424618
10 0.99164 0.470643 0.0143003 0.597526 0.0416999
6 0.00817746 0.70901 0.015745 0.116457 0.0405837
11 0.932639 0.823764 0.0550728 0.101005 0.0394279
4 0.0909017 0.904226 0.178221 0.192441 0.0392876
10 0.783533 0.604156 0.17381 0.792631 0.0392301
7 0.485726 0.648688 0.0619298 0.0661675 0.0390397
7 0.694965 0.0149427 0.116311 0.0296037 0.0384951
10 0.54379 0.316603 0.04143 0.220731 0.0384485
7 0.829164 0.966447 0.0872036 0.0692457 0.0378356
11 0.101598 0.421066 0.205572 0.841249 0.0378091
6 0.842822 0.700526 0.124684 0.593271 0.0375976
11 0.655055 0.616374 0.149148 0.0568133 0.0367983
10 0.364867 0.374356 0.0947583 0.139927 0.0367314
11 0.894068 0.952861 0.201601 0.0956842 0.0348262
10 0.00809563 0.275535 0.015666 0.222089 0.0344951
10 0.742863 0.598357 0.131092 0.771319 0.0341944
10 0.00882632 0.345696 0.0175926 0.564544 0.0336292
6 0.996057 0.634499 0.00901184 0.221127 0.0329877
11 0.659276 0.735891 0.148175 0.298098 0.0327379
10 0.730289 0.586991 0.127248 0.750457 0.0326965
7 0.0374968 0.860123 0.0784194 0.283962 0.0326222
11 0.0439807 0.757305 0.0910306 0.102495 0.0324662
10 0.351703 0.371201 0.0969063 0.107784 0.0323198
2 0.665237 0.503488 0.0221648 0.0425461 0.032301
2 0.725212 0.591979 0.0223238 0.0645318 0.0322729
7 0.58211 0.644629 0.0178162 0.08178 0.0321785
10 0.305544 0.384229 0.12099 0.116191 0.0320998
10 0.96345 0.455573 0.0699583 0.851633 0.0318082
11 0.819945 0.904906 0.160909 0.191685 0.0316223
2 0.72884 0.584185 0.0201882 0.0802756 0.0313984
7 0.718235 0.0149896 0.126228 0.0291927 0.0313621
10 0.993095 0.375133 0.0122885 0.556528 0.0312446
7 0.58137 0.615637 0.0230208 0.045945 0.0311994
6 0.0608884 0.850862 0.103319 0.298517 0.0311094
11 0.683154 0.611837 0.0876585 0.0363178 0.0308962
11 0.108763 0.280342 0.220521 0.563675 0.0308818
11 0.778257 0.665218 0.0666397 0.0639278 0.0305116
6 0.821463 0.703571 0.173982 0.596882 0.0303512
10 0.405101 0.33737 0.0957714 0.155827 0.0302942
7 0.680065 0.0146719 0.142185 0.0303472 0.0301979
10 0.987748 0.92632 0.0242973 0.149668 0.0299621
10 0.38166 0.35539 0.0991578 0.129227 0.0299185
7 0.591001 0.618525 0.0198364 0.0486588 0.0296947
6 0.779123 0.654267 0.0774712 0.355529 0.0292904
6 0.855994 0.602024 0.0845915 0.398924 0.0291706
6 0.822712 0.652989 0.155057 0.49574 0.0288548
7 0.654975 0.015315 0.0999889 0.0306449 0.0287171
7 0.736888 0.0146138 0.136858 0.0281081 0.0286539
7 0.479041 0.655874 0.0595542 0.0531262 0.0278514
11 0.662386 0.753233 0.166035 0.330913 0.0277481
7 0.583208 0.585894 0.0231318 0.0556022 0.0276281
11 0.304601 0.0492934 0.48725 0.0998849 0.0275976
7 0.610231 0.599554 0.0181648 0.0341617 0.0274762
11 0.783754 0.697623 0.0773775 0.132535 0.0273726
7 0.547988 0.675759 0.0450921 0.0263628 0.0273263
6 0.841456 0.727623 0.0861948 0.204504 0.0272805
11 0.0413102 0.750004 0.0862058 0.0849558 0.0272114
10 0.774138 0.36361 0.112116 0.300395 0.0265686
11 0.490089 0.260258 0.990649 0.525715 0.0263294
10 0.519979 0.346795 0.0449516 0.292312 0.0262567
6 0.797884 0.86871 0.120574 0.262382 0.0261699
11 0.262664 0.0387154 0.443118 0.0783797 0.0261214
11 0.229021 0.473567 0.464161 0.96045 0.0261153
7 0.694208 0.383894 0.0266337 0.0590745 0.0260345
6 0.407434 0.0413457 0.278531 0.0840164 0.0258075
10 0.420881 0.31676 0.0958266 0.164446 0.0257679
6 0.793037 0.959536 0.110484 0.0817332 0.0256383
7 0.477681 0.65837 0.0590682 0.0499356 0.0256141
6 0.375427 0.0394208 0.265095 0.0803734 0.0255618
11 0.653578 0.637237 0.159583 0.0907257 0.0253798
10 0.858668 0.681174 0.252051 0.630381 0.025141
10 0.729128 0.387572 0.114399 0.344769 0.0251022
11 0.0428659 0.72767 0.0896388 0.127195 0.0250979
7 0.984 0.920387 0.0276031 0.165624 0.0250072
11 0.672539 0.612772 0.104717 0.035817 0.0249676
7 0.460912 0.654082 0.0295414 0.040921 0.0249514
11 0.491056 0.781855 0.189325 0.418337 0.0249198
10 0.994954 0.333061 0.00975056 0.280576 0.0248977
7 0.535532 0.666854 0.0473205 0.0472143 0.0245403
10 0.544664 0.260194 0.0380437 0.10427 0.0243271
7 0.516362 0.650022 0.0287605 0.0668847 0.0243259
10 0.524013 0.251498 0.0461361 0.084842 0.0243217
11 0.590177 0.761441 0.282612 0.35534 0.0243042
7 0.586417 0.583422 0.024678 0.0617313 0.0241359
11 0.785901 0.689284 0.0771849 0.116229 0.0238356
7 0.568366 0.620991 0.0191763 0.0435116 0.0235341
10 0.314395 0.348629 0.0813357 0.0676305 0.0232077
10 0.393747 0.307416 0.0907253 0.0990334 0.0231045
6 0.781289 0.657727 0.0851187 0.30407 0.0229544
10 0.985996 0.901597 0.0213259 0.202412 0.0229179
11 0.571184 0.637878 0.314943 0.099915 0.0228518
11 0.0588363 0.964464 0.117767 0.0720683 0.0227477
7 0.603259 0.600264 0.0205359 0.0381901 0.0224809
10 0.0419797 0.30881 0.0860213 0.608719 0.0221607
10 0.897503 0.526585 0.178138 0.91823 0.0221559
11 0.771624 0.698084 0.060487 0.131646 0.0221518
2 0.73428 0.587327 0.019144 0.0778498 0.0220352
7 0.57172 0.609607 0.0218366 0.0414213 0.0219544
7 0.441068 0.649048 0.038991 0.0453706 0.0217906
2 0.513331 0.50434 0.026301 0.0622987 0.0217718
11 0.492605 0.448593 0.989952 0.900739 0.0216215
6 0.783866 0.655334 0.090365 0.239616 0.0215698
2 0.18616 0.569265 0.032193 0.139537 0.0214837
10 0.0896356 0.590661 0.178056 0.833749 0.0213538
7 0.607351 0.636183 0.0252779 0.0838651 0.0212506
2 0.547545 0.247578 0.033886 0.0818303 0.0211145
6 0.307396 0.0359627 0.22017 0.0731328 0.0210286
7 0.504387 0.0389836 0.644047 0.0790104 0.0207747
11 0.580611 0.790226 0.343437 0.420694 0.0207722
11 0.103465 0.239265 0.212361 0.483905 0.0207436
2 0.184597 0.580694 0.0358628 0.15708 0.0206633
7 0.457548 0.036537 0.309176 0.0748661 0.0206327
7 0.423198 0.627383 0.0449553 0.0856449 0.0206057
7 0.42555 0.0488669 0.749182 0.0976675 0.0205961
11 0.900587 0.877304 0.116455 0.237334 0.0203203
7 0.642662 0.603974 0.0268167 0.031341 0.0199587
10 0.794718 0.690645 0.136573 0.61553 0.0199446
7 0.984718 0.950965 0.0279627 0.100682 0.0198441
10 0.441839 0.313828 0.138734 0.290224 0.0197378
10 0.0404131 0.203685 0.0825978 0.402026 0.0194531
7 0.53197 0.650511 0.0551342 0.0778396 0.0194161
11 0.408325 0.0454592 0.777958 0.0906032 0.0193991
10 0.263813 0.315154 0.0718748 0.0459292 0.0192237
10 0.0283958 0.910355 0.0574519 0.18219 0.0187958
11 0.274195 0.0848633 0.532323 0.172066 0.0186815
6 0.946466 0.827337 0.0358004 0.0986954 0.0185347
10 0.0492598 0.154239 0.100854 0.310612 0.0184956
7 0.62392 0.579031 0.0259165 0.0635794 0.0184737
10 0.789094 0.430944 0.106568 0.436095 0.0183795
11 0.576979 0.634841 0.310218 0.119058 0.0183591
11 0.497667 0.795682 0.22564 0.411363 0.0182859
10 0.773142 0.321563 0.11112 0.217943 0.0182562
11 0.489756 0.317851 0.984834 0.641107 0.0180207
7 0.531059 0.0287592 0.542851 0.0576237 0.0179867
6 0.920633 0.848201 0.0550512 0.125353 0.0179429
11 0.758831 0.696652 0.034593 0.119318 0.01787
11 0.111452 0.155186 0.226307 0.319574 0.0177497
7 0.8465 0.957223 0.06798 0.0879242 0.0176797
7 0.550145 0.64725 0.0728472 0.0846213 0.0175366
10 0.721811 0.471465 0.202998 0.36582 0.0174554
11 0.49261 0.298922 0.985336 0.603713 0.0174421
6 0.838418 0.722696 0.0904163 0.176226 0.0173981
7 0.815931 0.98761 0.111579 0.025337 0.0173055
2 0.538018 0.525476 0.0272482 0.127776 0.017263
2 0.487613 0.521312 0.0291268 0.112894 0.017089
2 0.515763 0.576814 0.0375362 0.0628969 0.0169724
11 0.506024 0.101575 0.99269 0.209119 0.0168402
10 0.353908 0.256954 0.0552278 0.0324242 0.0167697
7 0.493405 0.0518934 0.9252 0.104447 0.0166665
6 0.857769 0.569094 0.083161 0.339324 0.0163686
11 0.594954 0.642379 0.292167 0.136943 0.0163589
7 0.540465 0.585747 0.0401303 0.0710346 0.0159714
6 0.806398 0.867918 0.130429 0.245358 0.0159693
6 0.763457 0.724466 0.0508571 0.186601 0.0159452
7 0.504991 0.636969 0.164081 0.105546 0.015662
11 0.226648 0.457291 0.455798 0.926746 0.0156178
11 0.496003 0.1509 0.969549 0.309905 0.0156169
10 0.394504 0.445054 0.211605 0.889193 0.0153284
2 0.650947 0.589805 0.0132294 0.0571012 0.0150953
6 0.79452 0.499235 0.0585239 0.265194 0.0150819
10 0.0989531 0.500768 0.195334 0.994444 0.0150803
11 0.470355 0.213847 0.93378 0.440387 0.0150339
6 0.746957 0.709758 0.0285333 0.485904 0.0149125
10 0.675213 0.398746 0.0280117 0.0992739 0.0148653
9 0.312185 0.244823 0.041959 0.0150389 0.0148316
10 0.763309 0.27429 0.0468316 0.112036 0.0145708
10 0.269285 0.241911 0.0420224 0.0135422 0.01454
11 0.832036 0.882698 0.130993 0.24034 0.0144281
11 0.160233 0.261199 0.318811 0.527634 0.0142986
2 0.18888 0.540228 0.0316548 0.0933317 0.0139916
10 0.762267 0.281429 0.0313645 0.118376 0.0139388
11 0.258978 0.245133 0.527894 0.499954 0.0136184
11 0.715764 0.617811 0.0533852 0.0688673 0.0134003
10 0.779286 0.273551 0.0700961 0.10684 0.013329
11 0.888346 0.890698 0.117047 0.221038 0.0133213
6 0.739127 0.671016 0.0308245 0.207099 0.013315
11 0.40448 0.188579 0.794587 0.381909 0.0130349
11 0.507275 0.0975763 0.990853 0.199469 0.0128741
10 0.13555 0.500933 0.27193 0.983617 0.0124158
6 0.296472 0.49283 0.274201 0.788123 0.0121705
10 0.657692 0.371051 0.0242929 0.0702573 0.0120484
10 0.515082 0.256009 0.0409819 0.0818563 0.0119517
10 0.748308 0.558169 0.0655059 0.187502 0.0119151
10 0.137593 0.423982 0.272396 0.840083 0.0116779
11 0.502492 0.114721 0.957421 0.228542 0.0113351
10 0.234729 0.242966 0.0423167 0.0296895 0.011324
7 0.777772 0.382926 0.0100061 0.0234408 0.0108206
6 0.369801 0.166684 0.109676 0.0799726 0.0107303
3 0.342278 0.18755 0.0810089 0.051397 0.0105081
11 0.491923 0.267824 0.969827 0.539669 0.0103551
10 0.566204 0.246578 0.0293777 0.0783167 0.0102668
6 0.327845 0.155965 0.131181 0.0594287 0.0102184
3 0.385601 0.199765 0.0737458 0.078649 0.00965077
6 0.261307 0.289521 0.543195 0.58305 0.00950397
6 0.270068 0.254085 0.502652 0.521029 0.00940259
11 0.168836 0.15638 0.349749 0.234737 0.00930449
6 0.409051 0.183343 0.0915386 0.117536 0.00921307
6 0.331519 0.252848 0.402729 0.516098 0.00914753
3 0.286935 0.175478 0.110581 0.0538211 0.00913107
6 0.249592 0.17774 0.121957 0.0590426 0.00865269
6 0.315688 0.305714 0.432598 0.427704 0.00820994
6 0.376434 0.304286 0.308383 0.607669 0.00810648
6 0.255007 0.373084 0.487965 0.545009 0.00806453
11 0.209112 0.29556 0.435599 0.5943 0.00775339
6 0.220755 0.185787 0.115176 0.0727937 0.00761235
11 0.207936 0.248613 0.42388 0.503509 0.00754689
10 0.406843 0.243827 0.0819763 0.220884 0.00709564
10 0.384553 0.252494 0.343669 0.4838 0.00697655
