6 0.811881 0.705691 0.149966 0.58786 0.884431
11 0.575673 0.793225 0.364946 0.411408 0.793894
4 0.0580955 0.85344 0.117369 0.2934 0.353546
10 0.726099 0.360616 0.195427 0.542485 0.268034
4 0.0569984 0.767257 0.114383 0.467881 0.207172
4 0.0576684 0.787392 0.117166 0.42975 0.143181
10 0.987101 0.765713 0.0261919 0.462985 0.13828
10 0.984091 0.505436 0.0312426 0.968821 0.128155
11 0.924002 0.805754 0.152637 0.384979 0.125795
10 0.972992 0.502191 0.0538084 0.984445 0.120179
11 0.917606 0.805853 0.164003 0.385948 0.110919
10 0.72539 0.529249 0.199897 0.894009 0.107831
10 0.988174 0.811832 0.024638 0.374706 0.102451
10 0.987995 0.535541 0.0241243 0.924432 0.100157
4 0.0542614 0.709425 0.110189 0.589623 0.0987547
10 0.985499 0.71437 0.0286901 0.563635 0.0982807
10 0.988342 0.852177 0.0244104 0.294572 0.0969127
10 0.057708 0.605393 0.115347 0.796809 0.0953345
6 0.0439437 0.786411 0.0877013 0.430492 0.0864218
10 0.0179044 0.519642 0.0347367 0.728411 0.079984
11 0.929208 0.74551 0.139163 0.258667 0.0746921
10 0.027382 0.598172 0.056102 0.801711 0.0733456
10 0.0283889 0.554567 0.0576326 0.890109 0.0727286
7 0.472547 0.634549 0.09774 0.0908819 0.0683832
4 0.0641285 0.781209 0.129525 0.441827 0.0663394
10 0.0236702 0.561434 0.0482514 0.869837 0.0646825
4 0.0536015 0.511006 0.107577 0.990694 0.0613094
4 0.0697883 0.743547 0.14146 0.519396 0.0607952
10 0.0148106 0.460462 0.0278623 0.595904 0.0606708
11 0.868212 0.910991 0.255288 0.177373 0.0600322
10 0.947908 0.50343 0.105045 0.984085 0.0593377
4 0.0802877 0.744153 0.16234 0.517924 0.0591745
10 0.989862 0.71491 0.0204912 0.570897 0.0563901
10 0.0638318 0.553705 0.128167 0.904869 0.0561487
10 0.00931087 0.729326 0.0193223 0.495903 0.055704
6 0.810093 0.816373 0.137083 0.364614 0.0554879
10 0.0368914 0.511578 0.0751121 0.98288 0.055197
7 0.0449218 0.783673 0.0925201 0.149228 0.0551894
10 0.962266 0.503282 0.0745226 0.977519 0.0544658
6 0.99504 0.595168 0.0105797 0.123 0.0540717
7 0.449612 0.631438 0.0513246 0.0841725 0.0530632
10 0.987402 0.528978 0.0225857 0.925708 0.0529423
10 0.0307404 0.515859 0.0625317 0.969441 0.0527086
7 0.0315933 0.856317 0.0646147 0.286203 0.0522021
10 0.00781865 0.450312 0.016659 0.685872 0.0503341
3 0.0602821 0.509801 0.12015 0.99186 0.0499424
2 0.180511 0.566158 0.0342625 0.130438 0.0498527
10 0.988672 0.901116 0.0229288 0.198486 0.0491449
11 0.911497 0.917422 0.178648 0.167279 0.04847
10 0.932099 0.502735 0.135352 0.98538 0.0481788
10 0.779816 0.530856 0.297455 0.943562 0.0472857
11 0.929528 0.666441 0.138652 0.100147 0.047149
10 0.0123604 0.675605 0.0243498 0.347335 0.0469213
6 0.995678 0.594792 0.00966625 0.134632 0.0467715
10 0.727759 0.3532 0.17274 0.518569 0.0440673
7 0.755943 0.683177 0.0404593 0.122507 0.0435968
10 0.536147 0.254731 0.0435537 0.0929 0.043181
10 0.0343945 0.485793 0.0700413 0.89316 0.0429446
6 0.0107313 0.757907 0.0211368 0.311995 0.0420134
11 0.924933 0.871652 0.153057 0.258537 0.041799
2 0.181149 0.568211 0.0362578 0.136845 0.0415272
4 0.0913976 0.883529 0.18006 0.239769 0.0404297
6 0.824038 0.600283 0.121099 0.37884 0.040419
7 0.750308 0.682528 0.040519 0.123609 0.0400947
7 0.755238 0.594098 0.0227434 0.0958095 0.040056
2 0.183476 0.565617 0.0332128 0.128285 0.0400037
4 0.0800234 0.696818 0.162107 0.61362 0.0399889
10 0.54063 0.338022 0.0469037 0.276428 0.0396825
11 0.867932 0.861202 0.256608 0.276898 0.0389257
10 0.363583 0.374417 0.0905897 0.142381 0.0388552
5 0.593032 0.313764 0.0273833 0.0941324 0.0384581
10 0.3395 0.38464 0.0960119 0.130866 0.0382664
10 0.00837803 0.453412 0.0162737 0.573318 0.0378125
4 0.0813747 0.851322 0.164292 0.301665 0.037423
7 0.757845 0.586721 0.0203389 0.0654718 0.0368878
10 0.722238 0.517421 0.176984 0.847939 0.0362174
7 0.440139 0.630372 0.0494069 0.0843472 0.0361424
7 0.724577 0.587784 0.0588328 0.113715 0.0360052
11 0.231941 0.489678 0.471653 0.984704 0.035534
2 0.695721 0.583472 0.0199928 0.0629564 0.0353208
7 0.716902 0.582729 0.058296 0.11541 0.0352186
6 0.81011 0.808055 0.137516 0.381121 0.0343507
6 0.0079582 0.72914 0.0152468 0.160074 0.0342772
7 0.736245 0.591342 0.0443696 0.117986 0.0341856
10 0.739832 0.54028 0.268982 0.915507 0.0340873
11 0.29478 0.0517958 0.551345 0.105034 0.0338991
7 0.0349273 0.858746 0.0731109 0.28664 0.0319814
11 0.865665 0.804292 0.262041 0.388599 0.0316958
4 0.0539369 0.883116 0.112384 0.241571 0.0316107
10 0.807642 0.350717 0.361356 0.588845 0.0316052
6 0.82798 0.578811 0.113323 0.335433 0.0313988
10 0.729815 0.305572 0.180757 0.425468 0.0313033
10 0.961652 0.338606 0.0767706 0.666801 0.031257
10 0.782262 0.530773 0.299004 0.926089 0.0311815
10 0.989247 0.48965 0.0192875 0.753671 0.0311637
10 0.353734 0.368668 0.0962917 0.115566 0.0311304
10 0.535091 0.246011 0.0364236 0.0773659 0.0310214
10 0.731083 0.363814 0.192183 0.551889 0.0308019
10 0.962678 0.433555 0.0719088 0.839512 0.0306597
11 0.093788 0.395032 0.189833 0.790517 0.0305244
7 0.979572 0.0582672 0.043301 0.117446 0.0301887
7 0.714137 0.583493 0.0658309 0.11576 0.0299941
7 0.436573 0.629447 0.0485873 0.0851226 0.0294044
10 0.0606544 0.523998 0.12214 0.969752 0.0289702
7 0.75455 0.705152 0.0254024 0.0647011 0.0288442
10 0.00835731 0.283765 0.0163266 0.236278 0.0286092
10 0.38448 0.35527 0.0962026 0.140589 0.0284989
7 0.503105 0.636897 0.0696153 0.0862458 0.0283954
11 0.867033 0.957189 0.251757 0.0864595 0.0278225
6 0.806183 0.809794 0.136659 0.379052 0.0274781
11 0.266395 0.0538894 0.515357 0.108392 0.0268896
7 0.478104 0.65751 0.0620128 0.0524324 0.0265169
11 0.584661 0.631098 0.320454 0.0813482 0.0263732
7 0.750438 0.693213 0.0276944 0.0920408 0.0261625
11 0.590628 0.713146 0.350834 0.262365 0.0261046
7 0.382531 0.0443074 0.251174 0.0908797 0.0260853
7 0.476964 0.643919 0.0682984 0.0759276 0.0260382
7 0.563608 0.601513 0.0225826 0.0366558 0.0258929
10 0.993523 0.402591 0.0116522 0.502539 0.0257727
7 0.707684 0.582125 0.0187346 0.0701581 0.0257402
11 0.253038 0.0375088 0.420787 0.0761183 0.0257089
10 0.875893 0.506886 0.238122 0.975187 0.0256605
7 0.583872 0.640457 0.0229621 0.0741705 0.0256388
10 0.00872086 0.349874 0.0175737 0.568946 0.0256019
10 0.691058 0.539628 0.24632 0.902378 0.0256012
11 0.390261 0.0518771 0.669568 0.105298 0.0254412
7 0.546008 0.675435 0.0530849 0.0291834 0.0253197
6 0.827488 0.5929 0.115544 0.360327 0.0252973
7 0.989054 0.937386 0.0217604 0.127018 0.0251927
11 0.412766 0.0505096 0.788548 0.102104 0.025146
7 0.578948 0.63238 0.0247199 0.0635414 0.0250614
10 0.30778 0.383727 0.108499 0.110445 0.0250238
6 0.823938 0.634782 0.120805 0.4445 0.0249904
10 0.00935395 0.266176 0.0182976 0.198435 0.0249026
6 0.81018 0.900433 0.140497 0.199932 0.0247627
7 0.749758 0.584392 0.0350819 0.102076 0.0247068
10 0.73021 0.263681 0.184943 0.325063 0.0246175
11 0.102245 0.280952 0.206803 0.565985 0.0244366
11 0.669488 0.772224 0.200585 0.371384 0.0241187
10 0.544446 0.247003 0.0328947 0.0814641 0.0239887
2 0.499438 0.522479 0.0318009 0.106269 0.0239274
2 0.605649 0.58121 0.0272459 0.0658112 0.0238971
6 0.792097 0.745152 0.130228 0.512514 0.0235089
7 0.984209 0.919162 0.0259216 0.16815 0.0234531
11 0.503115 0.0723288 0.981392 0.144769 0.0233472
11 0.484775 0.0547414 0.907969 0.111562 0.0232288
7 0.546 0.635707 0.075154 0.0985262 0.0231841
11 0.733693 0.674657 0.0670627 0.118926 0.0231691
11 0.0418648 0.733002 0.0867622 0.079873 0.0230671
10 0.411217 0.332748 0.0913704 0.170542 0.0228022
4 0.0629359 0.852376 0.101217 0.294558 0.0227791
11 0.584702 0.762613 0.2976 0.359184 0.0227754
11 0.650457 0.797729 0.51518 0.409425 0.0227646
7 0.554829 0.585396 0.0388759 0.0674608 0.0225805
10 0.316564 0.3521 0.0804743 0.0749004 0.0224973
10 0.991719 0.349541 0.0146622 0.618988 0.0224652
7 0.474919 0.660003 0.0629877 0.0487321 0.0224319
10 0.789975 0.338132 0.316263 0.559408 0.0220885
11 0.932279 0.82455 0.0448229 0.0935193 0.0219921
6 0.355186 0.0399416 0.242478 0.0813584 0.0219357
10 0.274909 0.315474 0.049103 0.0483157 0.021932
10 0.767933 0.34566 0.157241 0.49661 0.021812
11 0.592493 0.65788 0.349109 0.149443 0.0217738
10 0.627214 0.534472 0.505427 0.938156 0.0217262
11 0.892696 0.957911 0.20894 0.0857771 0.0215854
7 0.538801 0.649301 0.0776695 0.0807474 0.0214757
4 0.0949866 0.95622 0.187381 0.0893318 0.0214462
11 0.605572 0.791833 0.40999 0.417312 0.0214328
6 0.826271 0.731348 0.161657 0.53906 0.021245
10 0.799041 0.705468 0.144699 0.587518 0.0210852
7 0.546517 0.632847 0.0803777 0.108613 0.02089
11 0.0580568 0.958336 0.116465 0.08474 0.0207811
7 0.598237 0.602639 0.0209994 0.0353234 0.0207114
11 0.652616 0.613967 0.135635 0.0474002 0.0205184
10 0.0900354 0.563492 0.179706 0.885037 0.0204368
7 0.451301 0.0392119 0.337503 0.0790768 0.0203641
6 0.301489 0.0372352 0.222925 0.0761615 0.0203453
10 0.038912 0.328209 0.0800181 0.65047 0.0203262
11 0.657806 0.71268 0.514667 0.577594 0.0202222
11 0.4924 0.785662 0.194283 0.420935 0.0200848
10 0.870638 0.528353 0.232259 0.93704 0.019845
7 0.984978 0.949044 0.0261597 0.104682 0.0197141
10 0.984591 0.901625 0.0211681 0.202726 0.0196974
2 0.575849 0.585539 0.0371272 0.0635077 0.0194533
11 0.683229 0.797588 0.418836 0.409877 0.0190955
6 0.834378 0.697396 0.117918 0.568011 0.0190031
7 0.683948 0.537117 0.0224165 0.0561292 0.0186987
10 0.026574 0.90021 0.0541111 0.203344 0.018659
6 0.723908 0.774742 0.0606147 0.364838 0.0185854
2 0.516353 0.505329 0.0279036 0.0659464 0.0184757
7 0.554787 0.675145 0.0548269 0.0326427 0.0182764
7 0.525062 0.670874 0.0529719 0.0388254 0.0182576
10 0.546307 0.26213 0.037946 0.107259 0.0180589
10 0.0376125 0.217631 0.0763922 0.431994 0.0178955
6 0.831308 0.648906 0.104071 0.226161 0.0178685
10 0.789758 0.702607 0.186682 0.590277 0.0177712
2 0.654484 0.503151 0.0311003 0.0428146 0.0176844
10 0.660768 0.372787 0.249189 0.564492 0.0176382
2 0.617128 0.579702 0.0290623 0.0666601 0.0176156
10 0.400063 0.299873 0.0871722 0.129346 0.0174837
7 0.636461 0.60394 0.0291235 0.0323042 0.0173689
11 0.48681 0.290309 0.9923 0.580453 0.0172908
11 0.58735 0.636609 0.340578 0.0980534 0.0172226
11 0.496405 0.757427 0.168267 0.375733 0.0172221
2 0.614955 0.35259 0.0116455 0.0846861 0.0171335
7 0.499919 0.039161 0.598508 0.080374 0.0168867
11 0.553769 0.823851 0.292429 0.35348 0.0168687
11 0.102764 0.151092 0.20962 0.311628 0.0168593
10 0.075062 0.501986 0.143098 0.99096 0.0167087
10 0.584049 0.0343451 0.388439 0.0691518 0.0164677
10 0.260179 0.378896 0.0954993 0.100204 0.0164667
7 0.515492 0.617225 0.0849866 0.126838 0.0164413
7 0.64723 0.606087 0.0181855 0.0262427 0.016302
7 0.421692 0.627705 0.0462202 0.088596 0.0162684
2 0.618098 0.410557 0.0165271 0.226947 0.0162359
11 0.12678 0.422794 0.250095 0.84086 0.0161939
10 0.516951 0.247274 0.0408422 0.0792911 0.0159812
10 0.228007 0.451301 0.459371 0.91133 0.0159793
7 0.63239 0.65541 0.0560352 0.0295172 0.0159427
11 0.470619 0.249396 0.952238 0.501517 0.0158896
11 0.0902296 0.228995 0.186081 0.465405 0.0158537
10 0.355555 0.265055 0.000230122 0.000536686 0.015752
11 0.16157 0.26677 0.324844 0.541423 0.0157109
6 0.809553 0.964882 0.136745 0.0719736 0.0156012
6 0.826193 0.657457 0.101528 0.190151 0.0154818
10 0.0455077 0.152191 0.0932682 0.307033 0.0154186
10 0.766398 0.705195 0.0968775 0.584849 0.0154074
9 0.313822 0.26107 0.000138712 0.000354301 0.0153828
10 0.337925 0.272983 0.000215769 0.000514348 0.0153449
11 0.867796 0.699365 0.264576 0.586267 0.0153445
2 0.616725 0.395776 0.0116094 0.218555 0.0153353
11 0.82674 0.88188 0.131959 0.242242 0.0152264
3 0.290127 0.245719 0.000200033 0.000450092 0.015122
10 0.324273 0.27195 0.000224638 0.000461769 0.0149988
10 0.342269 0.262634 0.000150681 0.000465732 0.014984
10 0.344198 0.23817 0.000161505 0.000603761 0.0149512
11 0.494265 0.797569 0.213878 0.40596 0.0149486
10 0.347596 0.22576 0.000448942 0.00101013 0.0148746
10 0.330949 0.238194 0.000169468 0.000566483 0.0148147
10 0.362789 0.228372 0.000478649 0.00105072 0.0148118
3 0.319022 0.236789 0.000193596 0.000530095 0.0148024
10 0.358994 0.240339 0.000207043 0.000644535 0.0148022
10 0.327563 0.261399 0.000152206 0.000430785 0.0147898
10 0.311647 0.272566 0.000198412 0.000374709 0.0147866
10 0.0868327 0.500888 0.170386 0.992795 0.014604
10 0.887345 0.355499 0.159126 0.5712 0.0145921
2 0.518197 0.582974 0.0361736 0.0711043 0.0143704
10 0.535345 0.324279 0.0378172 0.216869 0.0143658
10 0.321663 0.224563 0.000615311 0.00096603 0.0143302
10 0.525933 0.0307684 0.557561 0.0613909 0.014328
2 0.687 0.452452 0.030024 0.34025 0.0141458
7 0.643705 0.653741 0.0627709 0.0363386 0.0138973
7 0.686279 0.013193 0.111746 0.0264061 0.0138355
10 0.35285 0.246879 0.0302963 0.0530095 0.0137606
4 0.0557392 0.983022 0.111056 0.0353178 0.0137512
10 0.311265 0.238729 0.0232825 0.0283453 0.0134857
11 0.269737 0.26352 0.544116 0.538797 0.0134573
5 0.584594 0.337507 0.0389724 0.155074 0.0134272
10 0.34961 0.216523 0.000856924 0.00190686 0.0134053
10 0.271345 0.237406 0.0348703 0.0224785 0.0133932
11 0.142901 0.38452 0.281766 0.762622 0.0133392
10 0.290471 0.468035 0.571734 0.939224 0.0133096
10 0.335982 0.216335 0.000935698 0.00179963 0.0132875
3 0.323249 0.215346 0.00132465 0.00194992 0.0129756
7 0.771289 0.673514 0.0416633 0.11374 0.0129104
11 0.366148 0.153956 0.731124 0.312728 0.0128947
3 0.351484 0.209652 0.00164766 0.00337883 0.0127816
2 0.19464 0.549212 0.025915 0.105477 0.0126946
2 0.194708 0.550339 0.0263423 0.105643 0.0125545
7 0.858377 0.739717 0.0265146 0.16989 0.0123075
3 0.324463 0.206222 0.00354924 0.00377068 0.0122074
11 0.291241 0.261722 0.580734 0.536367 0.0120139
5 0.561545 0.244569 0.0291618 0.0757339 0.0112853
3 0.238007 0.238523 0.0441645 0.0376808 0.0111642
6 0.305598 0.491541 0.269093 0.785767 0.0111617
10 0.229545 0.334142 0.0746646 0.0630736 0.0111122
4 0.0347193 0.986392 0.116283 0.0300537 0.0105306
6 0.862734 0.895826 0.0820896 0.21196 0.0104488
11 0.166543 0.152166 0.348695 0.252079 0.0103676
10 0.38586 0.483798 0.286808 0.814277 0.0102756
6 0.368944 0.171183 0.100004 0.090892 0.00986571
11 0.177477 0.142354 0.374798 0.186345 0.0095785
3 0.342029 0.187522 0.0883689 0.0646575 0.00943297
6 0.329741 0.159395 0.113329 0.0641695 0.00933992
11 0.216472 0.262882 0.451262 0.532804 0.00899663
6 0.295408 0.183264 0.105263 0.0568353 0.00879211
10 0.385118 0.201661 0.081053 0.100667 0.00878478
11 0.274138 0.258558 0.481528 0.528271 0.00870236
10 0.416381 0.286349 0.0938103 0.281428 0.00865095
10 0.381244 0.243963 0.708653 0.492388 0.00857286
6 0.260437 0.295987 0.535265 0.588228 0.00849952
6 0.256395 0.18453 0.115017 0.0572024 0.00829649
10 0.258831 0.380616 0.478772 0.540288 0.00786956
5 0.385146 0.338687 0.275501 0.482373 0.00786355
6 0.341311 0.260204 0.360048 0.522618 0.00784144
11 0.217795 0.300612 0.451661 0.596952 0.0077961
5 0.324283 0.317887 0.408401 0.428941 0.00760379
6 0.225476 0.19137 0.101938 0.0679339 0.00727125
10 0.39725 0.292019 0.34029 0.39696 0.00724284
4 0.394229 0.23237 0.086123 0.211361 0.00698157
