11 0.508894 0.736367 0.451341 0.513309 0.750597
10 0.215987 0.303359 0.0786818 0.245547 0.750588
6 0.936231 0.530963 0.124825 0.325515 0.693245
6 0.687759 0.676735 0.124595 0.362284 0.681918
6 0.184089 0.446742 0.0873325 0.147643 0.329985
2 0.922121 0.954665 0.0623919 0.0914551 0.287526
11 0.927175 0.6048 0.0820165 0.16106 0.26551
6 0.984475 0.557389 0.0323278 0.211082 0.23852
6 0.264644 0.973319 0.289824 0.0534045 0.235812
11 0.93718 0.619711 0.11841 0.220864 0.176648
6 0.202953 0.972731 0.400755 0.0547485 0.175565
6 0.617074 0.853227 0.17635 0.276278 0.17389
6 0.474586 0.862643 0.162096 0.265935 0.172253
10 0.984191 0.653394 0.0327358 0.443695 0.165209
6 0.974017 0.556516 0.0541203 0.209745 0.163006
6 0.236327 0.974825 0.2139 0.0501255 0.158127
6 0.972655 0.556935 0.0557969 0.225145 0.150238
6 0.92884 0.881465 0.141555 0.237502 0.149596
11 0.039096 0.884132 0.0809264 0.230455 0.148778
6 0.975818 0.567224 0.0516121 0.192169 0.144652
6 0.472806 0.851639 0.151498 0.242363 0.138149
6 0.979245 0.568448 0.0423744 0.215259 0.137766
10 0.986434 0.526519 0.028929 0.700924 0.131274
6 0.353896 0.669124 0.138405 0.297118 0.12626
6 0.208885 0.950198 0.414946 0.1005 0.118514
6 0.974768 0.577062 0.0528876 0.183054 0.113965
6 0.227548 0.963586 0.451113 0.0736177 0.113315
6 0.985769 0.582318 0.0295975 0.160754 0.112301
11 0.0611347 0.879868 0.12465 0.241039 0.111858
6 0.988158 0.566983 0.0253716 0.239837 0.110957
10 0.986118 0.540275 0.0295122 0.722719 0.110374
10 0.98544 0.703276 0.0296974 0.320805 0.1097
5 0.177298 0.466861 0.0505593 0.0876284 0.108877
10 0.978553 0.728398 0.0441236 0.525278 0.108235
6 0.985372 0.72807 0.029883 0.279565 0.107892
2 0.931231 0.956022 0.0396038 0.0885807 0.106767
6 0.983621 0.570148 0.0329688 0.198167 0.104755
6 0.156135 0.971343 0.308746 0.0571936 0.103721
2 0.917528 0.956537 0.0421384 0.0879223 0.0989239
6 0.064586 0.918633 0.131875 0.163806 0.0979895
10 0.985546 0.420671 0.0302424 0.467374 0.0974568
11 0.536137 0.705116 0.374231 0.457746 0.096835
6 0.0161785 0.915616 0.0334498 0.169974 0.0961676
6 0.621861 0.83732 0.167488 0.246529 0.0960514
6 0.992693 0.540107 0.0148771 0.218353 0.093235
6 0.983721 0.567957 0.0338942 0.221951 0.0923535
11 0.974777 0.600127 0.0486423 0.117421 0.0916461
6 0.302247 0.167284 0.0337154 0.055109 0.0913373
6 0.927761 0.812934 0.145241 0.374143 0.0877521
6 0.549461 0.860313 0.31592 0.276645 0.0876648
6 0.983269 0.563075 0.035236 0.252163 0.0873353
6 0.962133 0.828363 0.0763863 0.338872 0.0859604
6 0.984618 0.518236 0.031506 0.322748 0.0859066
10 0.929726 0.679791 0.140267 0.639949 0.0858433
10 0.988716 0.351262 0.023858 0.51417 0.0855171
4 0.610761 0.164751 0.0534915 0.0510597 0.0851896
5 0.167604 0.465547 0.0450221 0.0871714 0.0848083
10 0.209478 0.348807 0.0791451 0.340187 0.0846354
10 0.933454 0.673682 0.133392 0.651076 0.0841254
11 0.942432 0.500705 0.114364 0.33506 0.0828689
11 0.0154883 0.944916 0.0319691 0.111929 0.079655
11 0.93727 0.560718 0.124436 0.336368 0.0785556
6 0.634799 0.741395 0.218225 0.508073 0.0776017
6 0.0703805 0.961662 0.142674 0.0779196 0.0768482
11 0.939728 0.512351 0.121405 0.31926 0.0764794
6 0.155183 0.921019 0.309067 0.160364 0.0758609
7 0.013503 0.971591 0.0267572 0.0585529 0.0753241
6 0.89222 0.881688 0.213787 0.238511 0.0749992
4 0.49839 0.157302 0.0268957 0.0329776 0.0736186
2 0.923348 0.953767 0.0345963 0.0939277 0.0736085
6 0.210838 0.974712 0.161201 0.0506747 0.073518
6 0.383018 0.976614 0.511172 0.0475321 0.0733606
11 0.973349 0.603037 0.047073 0.10212 0.0722803
6 0.204617 0.892775 0.408512 0.216989 0.0721489
10 0.984098 0.733986 0.032541 0.24921 0.0713598
6 0.208237 0.974777 0.160026 0.0506258 0.0713508
11 0.0344843 0.833871 0.0704643 0.112531 0.0712124
6 0.991018 0.550074 0.0185239 0.208237 0.0704466
11 0.943653 0.556238 0.12381 0.208147 0.0701683
10 0.989474 0.497395 0.0222792 0.344647 0.0687319
6 0.259197 0.965245 0.516516 0.0708622 0.0685474
10 0.0261754 0.607454 0.0529892 0.756117 0.0685472
6 0.627767 0.805917 0.178446 0.316018 0.0671073
10 0.0199436 0.541707 0.0407501 0.279261 0.0668318
10 0.986682 0.676127 0.0267254 0.449184 0.0663388
10 0.0165158 0.529381 0.0333612 0.656447 0.0659135
6 0.0607873 0.838411 0.122926 0.323374 0.064638
5 0.666929 0.424748 0.0249229 0.0441397 0.0644578
6 0.573096 0.859826 0.264171 0.279771 0.063023
6 0.987644 0.602178 0.0256456 0.108653 0.0610237
10 0.983174 0.742365 0.033526 0.267892 0.060886
6 0.237168 0.957764 0.202199 0.0832104 0.0608787
11 0.981794 0.503125 0.0392471 0.294261 0.0600201
7 0.0137 0.981481 0.0275642 0.0381678 0.0598622
6 0.990636 0.504009 0.0197636 0.303204 0.0596193
11 0.0197741 0.794885 0.0417508 0.407848 0.0594775
6 0.645554 0.743475 0.214972 0.49796 0.0592481
6 0.636213 0.741633 0.221474 0.502699 0.0589156
10 0.991454 0.487677 0.017379 0.325357 0.0588728
11 0.983945 0.507698 0.0338942 0.300368 0.0585797
10 0.986268 0.723875 0.0275539 0.248355 0.0579796
10 0.0212168 0.588899 0.0432741 0.446117 0.0575909
6 0.703614 0.620619 0.0943202 0.247527 0.057273
10 0.93235 0.942229 0.129267 0.115337 0.057174
6 0.358585 0.756461 0.158258 0.484259 0.0570027
10 0.986031 0.290557 0.029194 0.501935 0.0556279
6 0.108995 0.882697 0.2181 0.237803 0.0553616
4 0.596157 0.16489 0.100142 0.0525978 0.0549029
6 0.625281 0.739236 0.221592 0.506608 0.0547805
6 0.974778 0.889921 0.0505809 0.22201 0.0547372
6 0.0119363 0.890721 0.0259734 0.218205 0.0545125
5 0.650187 0.183761 0.0265087 0.0359867 0.054507
6 0.471006 0.805455 0.146044 0.167472 0.0542014
10 0.0408729 0.531426 0.0828717 0.92264 0.0541574
6 0.984391 0.739332 0.0324062 0.245397 0.0535101
10 0.0236603 0.722924 0.0479749 0.542981 0.0533065
6 0.55577 0.818177 0.323216 0.354112 0.0532815
6 0.876147 0.958534 0.240153 0.0844653 0.0523041
10 0.987208 0.287172 0.025724 0.305585 0.0522807
6 0.992643 0.496814 0.0150076 0.298652 0.0522518
11 0.627511 0.729993 0.230009 0.496174 0.0515852
6 0.152826 0.986037 0.270463 0.0286962 0.0513989
5 0.162475 0.466486 0.045613 0.0881816 0.0511835
6 0.640074 0.72209 0.188063 0.464505 0.0511106
10 0.9831 0.772813 0.0346336 0.445634 0.0506175
10 0.0501416 0.538095 0.0993753 0.918509 0.0504288
6 0.60466 0.836828 0.168913 0.31372 0.0502157
6 0.152501 0.987057 0.280203 0.0263829 0.0501781
10 0.054813 0.524627 0.108934 0.949025 0.049313
6 0.0671097 0.771936 0.135135 0.453761 0.0492939
6 0.986702 0.690864 0.0278046 0.351114 0.0490315
10 0.987 0.71791 0.0256751 0.25583 0.0488437
10 0.985515 0.323042 0.0293997 0.208021 0.0484915
10 0.0207714 0.657306 0.0426299 0.456032 0.0483848
6 0.0985357 0.855962 0.198755 0.290315 0.0482126
7 0.0131613 0.953131 0.0259587 0.0978752 0.0480826
11 0.979629 0.533732 0.041935 0.192116 0.0474284
2 0.917731 0.987134 0.0513295 0.0256212 0.0471981
11 0.967349 0.523374 0.0682835 0.257643 0.0468921
4 0.645571 0.181091 0.0314137 0.0411249 0.0466954
6 0.114445 0.764868 0.229487 0.47349 0.0466809
11 0.922777 0.598163 0.0729221 0.134096 0.0462643
11 0.927976 0.603339 0.074309 0.131824 0.0459295
11 0.579599 0.684012 0.305175 0.413518 0.0458295
10 0.987616 0.32388 0.0250538 0.179912 0.0455707
2 0.926219 0.959816 0.0638369 0.082018 0.0452975
6 0.438623 0.975954 0.711966 0.0485298 0.0452877
11 0.557217 0.735552 0.325386 0.515761 0.045207
2 0.810575 0.987643 0.0609605 0.0245708 0.0451358
10 0.0076291 0.437687 0.0161323 0.427348 0.044774
6 0.111566 0.74774 0.223229 0.504782 0.0447511
11 0.931862 0.599172 0.0721512 0.124973 0.0447106
11 0.935905 0.428179 0.129596 0.588007 0.0444739
6 0.875955 0.934513 0.239511 0.131861 0.044379
2 0.9375 0.954581 0.0313285 0.092936 0.0436444
11 0.514087 0.462463 0.290457 0.157878 0.0435534
11 0.950476 0.460929 0.104214 0.223229 0.04295
11 0.919364 0.599916 0.0741932 0.136885 0.0425054
11 0.520703 0.624728 0.376327 0.294938 0.041806
6 0.0114594 0.940083 0.0231864 0.125138 0.0411242
6 0.456639 0.978983 0.770765 0.0434712 0.0408535
10 0.00705563 0.332839 0.0154053 0.292925 0.0407639
11 0.961858 0.518797 0.0810156 0.269582 0.0400568
10 0.987192 0.357485 0.0253887 0.115811 0.0394469
11 0.987734 0.42475 0.025032 0.171407 0.0388423
6 0.0122052 0.880312 0.0271446 0.240246 0.0388295
11 0.918487 0.557098 0.135162 0.36288 0.0386892
11 0.932144 0.586708 0.0787241 0.114276 0.0386593
6 0.572789 0.711101 0.0650043 0.0737065 0.0386366
6 0.580694 0.710351 0.0657202 0.0746582 0.0381879
10 0.00825793 0.486723 0.0169488 0.376794 0.0381457
6 0.0102196 0.931078 0.0206568 0.146747 0.0379942
6 0.847296 0.984027 0.180355 0.0321625 0.0379216
7 0.731614 0.982312 0.0649749 0.0357539 0.0377308
4 0.563975 0.165109 0.0508954 0.0321015 0.0364362
6 0.714561 0.631072 0.0940395 0.262967 0.0362791
6 0.394981 0.757685 0.242588 0.486261 0.0360313
4 0.466959 0.166042 0.042181 0.0273526 0.0359323
4 0.0141449 0.133942 0.027668 0.0864011 0.0358344
2 0.555397 0.248793 0.0196058 0.0365645 0.035424
6 0.993585 0.513499 0.0129898 0.173689 0.0353648
10 0.942576 0.356942 0.116915 0.69251 0.0352505
6 0.986729 0.635552 0.0281118 0.123938 0.0350638
10 0.340037 0.924134 0.176832 0.153916 0.0350345
6 0.175636 0.987868 0.133567 0.0244968 0.0350232
11 0.923855 0.585529 0.0759195 0.11858 0.0349591
6 0.616565 0.915184 0.176804 0.171239 0.0342101
6 0.712431 0.630163 0.0940119 0.268124 0.0338257
10 0.987522 0.677018 0.0228133 0.323662 0.0336227
4 0.631679 0.164353 0.0541293 0.0551434 0.0330479
2 0.479156 0.281593 0.0318448 0.10635 0.0329786
6 0.984016 0.776016 0.0321457 0.174277 0.032778
7 0.0103331 0.81515 0.0188387 0.073118 0.0327759
6 0.697628 0.626615 0.0860184 0.254631 0.0326457
6 0.710401 0.650225 0.10582 0.309123 0.0324096
6 0.638144 0.679149 0.19193 0.390116 0.0318217
6 0.957022 0.953516 0.0828719 0.0950155 0.0316221
10 0.987072 0.682631 0.0231508 0.328758 0.0315102
4 0.548467 0.159969 0.149891 0.0473276 0.0312765
6 0.00762299 0.410614 0.0148878 0.151786 0.0312367
11 0.0481951 0.986362 0.14939 0.0304558 0.0311871
4 0.472553 0.163604 0.0274209 0.028621 0.0311823
4 0.477072 0.166312 0.0514717 0.0272565 0.0310119
2 0.897299 0.959057 0.0730934 0.082838 0.0309471
6 0.179274 0.446646 0.0886167 0.135458 0.0306527
6 0.121947 0.989585 0.24344 0.0215686 0.030612
10 0.00634431 0.342961 0.0131371 0.250598 0.0305498
6 0.664403 0.642402 0.0989664 0.291762 0.0303667
6 0.7097 0.586462 0.0860484 0.183462 0.0300592
10 0.187041 0.0663631 0.0171291 0.032524 0.0299871
2 0.824699 0.987688 0.0747913 0.0243204 0.0295416
11 0.0162958 0.854259 0.0352867 0.0713148 0.0291023
6 0.160698 0.438679 0.0597691 0.145284 0.0290995
6 0.411032 0.401198 0.0886235 0.091404 0.0289777
6 0.621299 0.798137 0.149692 0.133511 0.0284341
6 0.118884 0.990694 0.233318 0.0194727 0.0283139
6 0.563711 0.918252 0.0989711 0.164277 0.0282339
6 0.59688 0.713735 0.101543 0.0847718 0.0282314
6 0.358294 0.660503 0.138629 0.280892 0.0275854
6 0.537313 0.158119 0.0488474 0.0365971 0.027219
2 0.564248 0.247787 0.0190867 0.0331895 0.0272101
10 0.435236 0.169601 0.0305156 0.0371718 0.0271844
10 0.327493 0.205996 0.0260757 0.0509066 0.0270805
6 0.353045 0.755765 0.188231 0.486892 0.026804
2 0.897123 0.989849 0.103524 0.0212402 0.0266801
6 0.409626 0.729972 0.265727 0.454428 0.0262588
11 0.620779 0.666099 0.302658 0.376842 0.0262105
11 0.213577 0.441 0.0677058 0.10953 0.0262064
10 0.162667 0.0932026 0.0329695 0.0716755 0.0261308
11 0.490918 0.741904 0.472612 0.520068 0.0260309
6 0.157282 0.43898 0.0567822 0.143576 0.0258933
11 0.485273 0.749057 0.444368 0.50769 0.0257713
4 0.572943 0.158752 0.0573947 0.0413422 0.0257654
6 0.482588 0.936239 0.164021 0.126738 0.0257201
6 0.565586 0.932173 0.331743 0.137736 0.0245886
6 0.697445 0.725448 0.0941719 0.259006 0.0245445
6 0.401256 0.165517 0.0436693 0.0439836 0.0244184
6 0.835445 0.953358 0.320912 0.0954285 0.0242417
11 0.528369 0.610878 0.376787 0.266424 0.0241508
11 0.904758 0.550272 0.0971437 0.323356 0.0241463
6 0.597021 0.909447 0.132954 0.171484 0.0239781
10 0.279475 0.169275 0.037956 0.0630514 0.023838
6 0.596309 0.709718 0.0894936 0.0842181 0.0237897
4 0.0109456 0.151826 0.0228328 0.102426 0.0235066
11 0.20973 0.435516 0.0706094 0.0994392 0.023419
6 0.627103 0.91795 0.149317 0.163456 0.023284
6 0.603649 0.690114 0.180254 0.419352 0.0231078
11 0.0106124 0.906629 0.0216841 0.161538 0.0231042
6 0.5292 0.156182 0.035505 0.0361373 0.0230201
11 0.499241 0.614906 0.36875 0.2633 0.0229355
6 0.601952 0.713311 0.115078 0.0883034 0.0228183
7 0.00993753 0.822779 0.0188762 0.115619 0.0228116
6 0.408024 0.163695 0.0440683 0.0445586 0.0227845
6 0.685389 0.734149 0.104937 0.256094 0.0224922
6 0.734303 0.979843 0.388996 0.0399971 0.0223569
6 0.986274 0.809435 0.0284489 0.158786 0.0221244
6 0.392022 0.407372 0.0852114 0.0970501 0.0217748
6 0.14762 0.444565 0.0707758 0.161498 0.0217666
11 0.514308 0.448156 0.290413 0.144051 0.021394
5 0.1883 0.466322 0.0508334 0.0800197 0.021392
6 0.985614 0.803787 0.029026 0.143604 0.0213219
10 0.329817 0.152658 0.0308486 0.0604794 0.0213143
2 0.477439 0.430012 0.0221535 0.0266092 0.0213123
5 0.30631 0.212472 0.0264326 0.0480235 0.021305
2 0.447035 0.434509 0.0205564 0.0369408 0.0211475
10 0.18371 0.477407 0.137299 0.598962 0.0210496
6 0.159747 0.43733 0.0525181 0.1485 0.0210167
6 0.506864 0.978199 0.546214 0.0435989 0.0208972
11 0.517922 0.76072 0.52554 0.469855 0.020733
5 0.698509 0.19229 0.0263604 0.0364474 0.0207005
10 0.195166 0.592566 0.397118 0.817397 0.0204272
5 0.66669 0.183538 0.0281652 0.0406849 0.0202426
11 0.434291 0.426203 0.0730027 0.0436919 0.0200815
10 0.453113 0.168189 0.0206107 0.0294205 0.0196706
6 0.560279 0.907859 0.0816232 0.173138 0.0190247
2 0.594784 0.381161 0.0269878 0.0544676 0.0188826
6 0.150915 0.436376 0.0414236 0.140392 0.0187994
11 0.459226 0.478189 0.175164 0.137204 0.0182284
10 0.612231 0.0487558 0.0250444 0.0616196 0.0181113
10 0.22014 0.693267 0.4431 0.613989 0.017728
6 0.682098 0.655372 0.115132 0.257902 0.0176567
6 0.663101 0.747284 0.101981 0.183513 0.0176368
4 0.522001 0.157521 0.0270243 0.0345575 0.0171819
6 0.380353 0.785226 0.107472 0.124374 0.0159864
6 0.531349 0.716452 0.0636331 0.0797312 0.0154108
6 0.631064 0.746372 0.120211 0.176224 0.0150473
11 0.457108 0.500965 0.102236 0.0728181 0.0150406
6 0.20739 0.465734 0.0650266 0.144109 0.0147185
6 0.70318 0.698758 0.0824012 0.113327 0.0145165
11 0.50194 0.455093 0.275883 0.140408 0.0137476
11 0.627745 0.624607 0.127976 0.283845 0.0132485
6 0.640164 0.718427 0.0972979 0.136698 0.0132319
10 0.607971 0.666929 0.0973566 0.256361 0.0131623
11 0.604923 0.293175 0.789672 0.336851 0.0130264
6 0.677095 0.589605 0.0684195 0.19751 0.0128327
6 0.204606 0.472194 0.0612422 0.129163 0.0126807
6 0.653172 0.697851 0.0949709 0.186892 0.0124083
5 0.139871 0.461552 0.0338355 0.103657 0.0112917
6 0.476489 0.526902 0.409512 0.788796 0.0111986
10 0.137386 0.301022 0.233973 0.224673 0.0103537
