1 0.205069 0.191996 0.413455 0.385272 0.884981
1 0.231538 0.626717 0.392477 0.586968 0.339968
1 0.226119 0.603507 0.448972 0.78622 0.292575
1 0.0860136 0.594138 0.17253 0.799196 0.281211
1 0.285374 0.631794 0.566507 0.73237 0.220365
1 0.239023 0.574892 0.368289 0.446352 0.163915
1 0.0855827 0.50698 0.170132 0.976929 0.154376
1 0.255961 0.642521 0.510683 0.71079 0.153728
1 0.248692 0.66217 0.404133 0.666125 0.123756
1 0.105029 0.540941 0.205171 0.901776 0.115287
1 0.625171 0.255696 0.754524 0.523825 0.114935
1 0.244178 0.622259 0.365289 0.534399 0.111068
1 0.295483 0.646735 0.578091 0.698898 0.104403
1 0.497407 0.640024 0.987273 0.722973 0.0997868
1 0.216929 0.497684 0.429974 0.983827 0.0995144
1 0.21803 0.608803 0.434617 0.784529 0.0986107
1 0.349076 0.647232 0.684804 0.701126 0.0985343
1 0.085409 0.501273 0.170781 0.956602 0.0934582
1 0.186131 0.598723 0.372204 0.801168 0.091178
1 0.0848848 0.504953 0.170353 0.977283 0.0882702
1 0.46396 0.653763 0.912874 0.69488 0.0875009
1 0.24665 0.662769 0.481865 0.672153 0.0874349
1 0.225499 0.671363 0.450949 0.654571 0.0849516
1 0.0595528 0.531823 0.120378 0.639414 0.0848735
1 0.919875 0.267359 0.163114 0.537155 0.0843898
1 0.895991 0.24823 0.216999 0.502549 0.0826478
1 0.664022 0.249785 0.676206 0.509842 0.0825117
1 0.485948 0.645129 0.95562 0.708861 0.082049
1 0.146345 0.603815 0.289677 0.786276 0.0813344
1 0.0564999 0.504642 0.115441 0.966981 0.0812093
1 0.210524 0.517376 0.421235 0.947859 0.0792693
1 0.24955 0.688352 0.494671 0.624086 0.0772264
1 0.0835845 0.509974 0.165532 0.950313 0.074685
1 0.619015 0.30227 0.779074 0.611913 0.0737048
1 0.857804 0.291005 0.284924 0.583585 0.0722872
1 0.261197 0.673234 0.509004 0.652934 0.0713508
1 0.0811189 0.63955 0.162537 0.72141 0.0693382
1 0.224938 0.498754 0.442983 0.986291 0.0685001
1 0.918745 0.288114 0.16569 0.576208 0.0663642
1 0.0430836 0.474726 0.0875285 0.536837 0.0638771
1 0.0400882 0.584433 0.0813291 0.802772 0.0631821
1 0.489583 0.649604 0.955461 0.696907 0.0628523
1 0.0174332 0.378931 0.0343529 0.289268 0.0627714
1 0.28587 0.187629 0.257049 0.375958 0.0624668
1 0.639995 0.497477 0.737283 0.993615 0.0622527
1 0.0240382 0.461603 0.0476472 0.878002 0.0618723
10 0.202834 0.0304993 0.0798981 0.061352 0.0617226
1 0.0235703 0.349241 0.0464828 0.675346 0.0617141
1 0.209088 0.680038 0.415929 0.636366 0.0612837
1 0.304435 0.654984 0.588768 0.68512 0.0611491
4 0.917086 0.0597309 0.168565 0.121449 0.0606369
1 0.126281 0.631865 0.248218 0.729086 0.060229
10 0.211378 0.0255603 0.0624278 0.0515497 0.0593655
1 0.0205452 0.4407 0.0417513 0.466549 0.05871
1 0.349489 0.0854869 0.198981 0.174621 0.0587009
10 0.0838457 0.752013 0.166505 0.49397 0.0584854
1 0.649777 0.251089 0.70967 0.51113 0.0571873
10 0.538205 0.0160672 0.091189 0.0328794 0.0561808
1 0.0237063 0.532934 0.0477572 0.804177 0.0554413
1 0.29914 0.18622 0.239596 0.372426 0.0552344
4 0.913538 0.0759282 0.172767 0.15317 0.0548958
10 0.0824281 0.815781 0.164813 0.370882 0.0545894
1 0.305697 0.0906217 0.244338 0.184356 0.0542697
1 0.460998 0.64906 0.905302 0.696731 0.0535758
1 0.0811772 0.590598 0.166247 0.813288 0.0529435
1 0.0138527 0.429803 0.0277845 0.526599 0.0521596
1 0.381487 0.665767 0.748114 0.665295 0.0519991
1 0.394264 0.110327 0.460782 0.22573 0.0517832
1 0.808971 0.247077 0.389641 0.498207 0.0508925
10 0.158091 0.0216284 0.0490999 0.0429897 0.0499502
1 0.248679 0.821774 0.494575 0.358231 0.0495587
1 0.972817 0.29535 0.0586096 0.583254 0.0495203
1 0.0349496 0.590643 0.0713869 0.795033 0.0492046
1 0.250692 0.839132 0.499204 0.322121 0.0489574
1 0.648164 0.499621 0.714129 0.993519 0.0488839
1 0.486302 0.104381 0.324232 0.214336 0.0484808
1 0.113705 0.0243006 0.176251 0.048903 0.0484271
1 0.956274 0.23842 0.0935944 0.482972 0.0480837
1 0.0122982 0.359705 0.0240646 0.17541 0.0480304
1 0.160742 0.0269205 0.226389 0.0537093 0.0477562
1 0.292792 0.187919 0.260531 0.377456 0.0475299
1 0.452967 0.0835742 0.476278 0.173949 0.0475106
1 0.766926 0.283169 0.464498 0.567024 0.047105
10 0.276293 0.210465 0.0523975 0.0617263 0.0470493
10 0.231577 0.0322447 0.209567 0.0652618 0.0467976
1 0.74994 0.21604 0.0479269 0.0933029 0.0464981
1 0.605645 0.398156 0.786741 0.795759 0.0463646
4 0.772164 0.0309075 0.185127 0.0626726 0.0463138
1 0.0784325 0.618106 0.159382 0.76352 0.0460281
10 0.0829735 0.856763 0.165059 0.288966 0.04542
1 0.0112252 0.361882 0.0218502 0.185298 0.0452592
1 0.196739 0.678597 0.387124 0.626736 0.0452116
1 0.058902 0.575764 0.118812 0.673613 0.0450203
1 0.248936 0.885021 0.497198 0.229358 0.0449049
1 0.466388 0.111195 0.522276 0.229145 0.0447602
1 0.248482 0.880358 0.492951 0.239805 0.04467
1 0.0183114 0.205206 0.0372752 0.39756 0.0446645
10 0.558039 0.0163674 0.0861012 0.0335293 0.0446329
1 0.475629 0.0602781 0.225503 0.123991 0.0445966
10 0.273759 0.209184 0.051946 0.0649518 0.0443127
10 0.46492 0.0208085 0.0930029 0.0427123 0.0440577
1 0.914542 0.211356 0.175829 0.436179 0.0432883
1 0.537383 0.112454 0.375032 0.228428 0.0427836
10 0.252855 0.0331949 0.122227 0.0670215 0.0426322
1 0.106672 0.727423 0.209495 0.544266 0.042391
1 0.610519 0.349301 0.773899 0.697515 0.0423113
10 0.159376 0.028245 0.158242 0.0567562 0.0422791
1 0.497446 0.232861 0.960891 0.471198 0.0420276
10 0.108516 0.793371 0.212381 0.412064 0.0414423
1 0.982226 0.275994 0.036492 0.542899 0.0413755
1 0.616185 0.393271 0.761375 0.786143 0.0413161
1 0.869542 0.317729 0.264702 0.634264 0.0412632
10 0.269138 0.209335 0.0516035 0.0602359 0.0409344
1 0.432479 0.024254 0.347359 0.0490278 0.0407363
10 0.273772 0.0354266 0.261446 0.072624 0.0405419
10 0.23435 0.0333206 0.122922 0.0675302 0.0405045
1 0.595928 0.250142 0.801405 0.508238 0.0402751
10 0.283321 0.0890293 0.196709 0.181908 0.040211
1 0.510724 0.665468 0.988291 0.660488 0.0401546
1 0.535463 0.0542507 0.367231 0.112493 0.0398778
10 0.187996 0.0194085 0.108914 0.0393345 0.0397424
10 0.307011 0.0130064 0.110003 0.0257013 0.039659
10 0.101638 0.858182 0.198115 0.286823 0.0388473
10 0.536595 0.0249569 0.120324 0.0513106 0.0387328
1 0.568101 0.0251618 0.1721 0.0512762 0.0385057
10 0.255952 0.0315637 0.121906 0.063713 0.0382301
10 0.443209 0.018055 0.0858999 0.0374707 0.0380879
1 0.380838 0.0238825 0.233693 0.0484634 0.0379516
1 0.476975 0.0267384 0.212448 0.0538105 0.0377775
10 0.138029 0.0174111 0.101414 0.0348591 0.0376865
1 0.0792705 0.348068 0.159787 0.6817 0.0375757
10 0.974932 0.0963489 0.0534746 0.193666 0.0372124
1 0.0643269 0.166978 0.132429 0.333478 0.0370181
10 0.220593 0.0313456 0.08945 0.0636246 0.0368782
10 0.37394 0.0172262 0.0767557 0.0346958 0.0368632
10 0.500416 0.0144773 0.107777 0.0297157 0.0367071
1 0.237323 0.680161 0.40685 0.631793 0.0364633
10 0.300549 0.0363259 0.110036 0.0737974 0.0359443
1 0.662115 0.501638 0.68037 0.994206 0.0358733
10 0.132504 0.0172103 0.106474 0.0344171 0.0356515
10 0.980458 0.0924333 0.0424479 0.186185 0.0351372
1 0.766231 0.369294 0.0658577 0.0727014 0.0350838
10 0.332695 0.0283621 0.186876 0.0576691 0.035066
1 0.626485 0.0219947 0.270392 0.0449851 0.0350533
1 0.263628 0.493485 0.311874 0.856963 0.0350096
10 0.596021 0.0167057 0.110502 0.0341533 0.0349416
1 0.211424 0.0987622 0.40561 0.19765 0.0346677
10 0.486623 0.0145736 0.0846293 0.0301023 0.0346112
1 0.698719 0.785237 0.604018 0.4299 0.0345123
10 0.590599 0.0393326 0.0697934 0.0791963 0.0344613
10 0.240366 0.0429141 0.136717 0.0871821 0.0344176
10 0.482253 0.0165031 0.110798 0.0336906 0.0343606
10 0.321169 0.0129673 0.185674 0.026819 0.0341657
1 0.310837 0.881544 0.396156 0.238049 0.0340707
1 0.774163 0.31293 0.457837 0.627478 0.0340668
10 0.285555 0.0125292 0.145784 0.0253682 0.034053
10 0.195322 0.0178936 0.14592 0.036948 0.0340507
10 0.265687 0.0138574 0.173347 0.0284864 0.0333565
10 0.507435 0.0192657 0.124702 0.0396581 0.033332
10 0.256504 0.0307031 0.111862 0.062042 0.0330511
1 0.581942 0.181906 0.794584 0.377018 0.0328814
1 0.0662276 0.0126582 0.123922 0.0263966 0.032787
1 0.944998 0.500886 0.115025 0.989485 0.0326269
1 0.0874334 0.0171494 0.170887 0.0367022 0.032467
10 0.231724 0.0174532 0.068068 0.0348422 0.0323736
1 0.463074 0.178022 0.887187 0.366205 0.0323681
1 0.669662 0.198425 0.629282 0.40942 0.0323624
1 0.110305 0.0498056 0.216502 0.100618 0.0322574
10 0.180488 0.0182951 0.101042 0.0368773 0.0322403
10 0.982699 0.0970964 0.0374069 0.196907 0.0322386
10 0.633265 0.0165012 0.0750034 0.0335673 0.0321314
1 0.502982 0.78202 0.988668 0.436609 0.032077
10 0.982101 0.0763729 0.0388182 0.157557 0.0320495
1 0.597605 0.177224 0.66203 0.361281 0.0320206
10 0.300686 0.131725 0.222404 0.264665 0.0319991
10 0.479805 0.0221017 0.0786913 0.0453846 0.0317268
1 0.0187834 0.120993 0.0385951 0.237607 0.0317266
1 0.633505 0.40041 0.720341 0.796044 0.0316932
10 0.426332 0.0168819 0.104565 0.0346167 0.0316286
1 0.214875 0.481169 0.315883 0.215515 0.0316206
1 0.608625 0.116446 0.596839 0.239642 0.0316081
1 0.874033 0.925404 0.25419 0.149655 0.0313306
1 0.362107 0.496294 0.732503 0.980925 0.0313209
1 0.694273 0.715927 0.617094 0.569069 0.0311509
1 0.843822 0.207874 0.318868 0.429777 0.03101
10 0.208105 0.040806 0.148288 0.0825638 0.030995
1 0.756246 0.217122 0.0495188 0.0929513 0.0309655
10 0.238834 0.0163242 0.116308 0.032896 0.0309224
10 0.640737 0.0155788 0.116782 0.0320137 0.0308648
1 0.718475 0.695551 0.56774 0.608905 0.0306915
10 0.779951 0.26397 0.0230492 0.0584779 0.0305734
10 0.148509 0.0263723 0.0734803 0.0525314 0.0305703
10 0.785029 0.265354 0.0226374 0.0566257 0.0304096
1 0.708893 0.499344 0.594502 0.987488 0.0300958
10 0.268616 0.0123355 0.124523 0.0246585 0.0300604
1 0.620336 0.114478 0.526817 0.233298 0.0300468
1 0.502587 0.830431 0.97194 0.341104 0.0299603
10 0.981645 0.105538 0.0395164 0.212869 0.0298577
1 0.798163 0.824023 0.40988 0.350673 0.0297846
10 0.331808 0.0140918 0.124405 0.0280494 0.0296912
1 0.514188 0.660756 0.976885 0.665143 0.0296654
10 0.261973 0.14069 0.28626 0.288173 0.0295515
1 0.741244 0.216392 0.0498083 0.093426 0.0295129
10 0.487981 0.0175399 0.176969 0.0362014 0.0292424
10 0.956765 0.0571861 0.0925644 0.117037 0.0290671
10 0.267163 0.0309984 0.0898711 0.0628056 0.0290634
1 0.81667 0.238336 0.171251 0.295312 0.0290327
1 0.265927 0.496042 0.500004 0.975627 0.0290147
1 0.831664 0.75992 0.34685 0.47687 0.0287884
10 0.985896 0.16129 0.0279467 0.323317 0.0287835
10 0.106704 0.015639 0.0639792 0.0303186 0.0286773
1 0.684569 0.43521 0.63938 0.873536 0.0286537
1 0.62465 0.014682 0.195348 0.0304883 0.028573
10 0.879236 0.0555203 0.154387 0.11292 0.0284832
1 0.637608 0.203337 0.716325 0.423319 0.028468
10 0.983124 0.0556179 0.0357693 0.114698 0.0284464
1 0.477582 0.197848 0.918056 0.400175 0.0283289
1 0.933414 0.860621 0.136285 0.278552 0.0281478
1 0.698445 0.738534 0.613518 0.529282 0.0281437
1 0.639634 0.500052 0.727341 0.991858 0.0280928
1 0.79567 0.2567 0.238845 0.389476 0.0280919
1 0.922096 0.144319 0.159793 0.290301 0.028078
10 0.647767 0.0162379 0.0877229 0.0330152 0.0279139
1 0.197182 0.811732 0.393507 0.376782 0.0278859
1 0.175534 0.0618263 0.337406 0.125197 0.0278604
1 0.210576 0.359993 0.423 0.719221 0.0278365
10 0.905726 0.0487558 0.113793 0.100594 0.0274081
10 0.103385 0.913147 0.201022 0.179143 0.0273995
10 0.261127 0.01259 0.121566 0.0250226 0.0272181
1 0.853829 0.49752 0.303679 0.98404 0.0272066
1 0.793202 0.966905 0.4069 0.0672531 0.0271579
10 0.978291 0.129966 0.0469843 0.258232 0.0271073
1 0.503529 0.882977 0.977819 0.235229 0.0269593
10 0.652442 0.0149547 0.0931172 0.0303921 0.0268033
10 0.290262 0.122915 0.205854 0.249324 0.0266977
10 0.0771955 0.904587 0.154916 0.198191 0.0266886
10 0.395777 0.015005 0.0903206 0.0298753 0.0265455
1 0.980775 0.343504 0.0399614 0.458568 0.0263424
1 0.41751 0.824039 0.818832 0.352296 0.0263282
1 0.106259 0.509383 0.212149 0.561084 0.0261741
1 0.517249 0.664021 0.984752 0.660892 0.0261277
4 0.954898 0.329411 0.0946606 0.462771 0.0260693
1 0.649315 0.392727 0.697463 0.790937 0.0259707
1 0.580256 0.0565588 0.645294 0.116176 0.0257348
1 0.85906 0.966176 0.280841 0.0686769 0.0257044
1 0.851417 0.480896 0.307205 0.953771 0.0256957
10 0.258108 0.0122156 0.132332 0.0245571 0.0256749
1 0.159746 0.867274 0.316427 0.267396 0.0251892
1 0.719117 0.964328 0.551221 0.0722191 0.0250711
11 0.313113 0.933907 0.36712 0.135667 0.0250275
1 0.4077 0.159678 0.597206 0.326092 0.0249567
1 0.126622 0.428917 0.258769 0.838629 0.0248162
1 0.853851 0.371562 0.303553 0.741824 0.0245146
10 0.480085 0.0320657 0.136637 0.064876 0.0244628
1 0.188224 0.56098 0.273376 0.379275 0.0244252
1 0.991347 0.202214 0.0167608 0.249433 0.024404
10 0.611309 0.0217975 0.0636206 0.0441276 0.0242975
11 0.278632 0.968315 0.418399 0.0630261 0.0242401
10 0.736082 0.0183619 0.0911197 0.038015 0.0241247
1 0.726997 0.650293 0.552333 0.699582 0.0239406
1 0.813936 0.201952 0.334033 0.40818 0.0231237
1 0.96153 0.353191 0.0809877 0.495744 0.0228499
1 0.822501 0.20471 0.134488 0.245276 0.0228167
1 0.878011 0.496923 0.253845 0.985309 0.0227892
1 0.920683 0.963396 0.161309 0.0746518 0.0223272
1 0.170823 0.665593 0.278522 0.504737 0.0222375
1 0.261777 0.189356 0.319801 0.383924 0.0221382
1 0.625779 0.219147 0.712737 0.447169 0.0218811
1 0.957037 0.501588 0.0875393 0.951168 0.0218759
1 0.0410842 0.124856 0.0858028 0.248005 0.0218005
1 0.486731 0.90683 0.909826 0.190448 0.0216245
1 0.685425 0.684765 0.637625 0.632819 0.0212566
10 0.662522 0.0127058 0.104535 0.0263222 0.020945
1 0.984877 0.194687 0.0310373 0.142376 0.0207414
10 0.673766 0.201414 0.0551931 0.121638 0.020718
1 0.819607 0.136089 0.366499 0.274155 0.0205043
1 0.989427 0.394286 0.0212124 0.358206 0.020352
10 0.151511 0.917122 0.298529 0.169319 0.0203385
1 0.386635 0.17693 0.463807 0.360908 0.0202018
1 0.202188 0.211675 0.419338 0.420896 0.0200977
10 0.960413 0.0360684 0.0814827 0.0747305 0.0196702
1 0.178524 0.59876 0.244016 0.423961 0.019414
4 0.794183 0.0160354 0.117393 0.0330015 0.0191502
1 0.46637 0.945855 0.795995 0.11075 0.0183515
1 0.39608 0.90019 0.534004 0.203964 0.0182418
10 0.985641 0.0367098 0.030007 0.0754519 0.0181528
1 0.501238 0.950111 0.955358 0.100023 0.0181454
1 0.183627 0.203995 0.382253 0.395756 0.0174915
11 0.384206 0.970621 0.20652 0.0598862 0.0174641
1 0.332068 0.264733 0.189587 0.238639 0.017359
1 0.639306 0.496452 0.701379 0.992542 0.0166855
1 0.239773 0.194749 0.366302 0.3868 0.0165573
1 0.527983 0.498379 0.924397 0.978338 0.0158814
11 0.405207 0.938894 0.291383 0.125635 0.0157158
1 0.046777 0.292414 0.0968711 0.284341 0.0133878
1 0.140793 0.220711 0.29447 0.407857 0.0123998
1 0.0463509 0.220102 0.0946975 0.259122 0.0105376
1 0.10439 0.537588 0.117935 0.365305 0.0103307
1 0.110034 0.58298 0.103543 0.378878 0.00984405
1 0.105166 0.565716 0.123247 0.427571 0.00968831
