10 0.972783 0.90613 0.0565431 0.185177 0.323543
4 0.475137 0.393333 0.185648 0.151489 0.297737
4 0.494361 0.390436 0.25279 0.169512 0.217692
4 0.259308 0.463093 0.212078 0.243955 0.185746
10 0.985477 0.902589 0.0299732 0.19197 0.173441
1 0.962436 0.839319 0.0777939 0.319269 0.162579
10 0.983772 0.903588 0.0338602 0.190132 0.159171
10 0.984334 0.912862 0.0323126 0.171288 0.156431
10 0.971162 0.874882 0.0585945 0.247543 0.154236
4 0.761266 0.4541 0.0904687 0.161251 0.146202
1 0.961921 0.793464 0.0786965 0.41168 0.144271
4 0.718572 0.396109 0.0991144 0.1214 0.137142
1 0.936549 0.828859 0.132404 0.341476 0.135362
10 0.949692 0.903482 0.103088 0.194086 0.133527
1 0.948382 0.866492 0.105294 0.26734 0.131468
4 0.76282 0.457273 0.0973187 0.158845 0.130722
1 0.93452 0.789502 0.13462 0.418405 0.129496
4 0.416791 0.386586 0.25171 0.148226 0.124545
4 0.24258 0.465435 0.234069 0.252415 0.117109
4 0.566618 0.375846 0.119739 0.17062 0.115544
4 0.217474 0.461098 0.140047 0.221174 0.114802
4 0.290852 0.451257 0.144156 0.202299 0.108233
1 0.883908 0.780399 0.241028 0.439469 0.104505
4 0.506424 0.385833 0.23372 0.160596 0.102245
4 0.125276 0.475015 0.249626 0.287702 0.100262
1 0.854284 0.814136 0.302181 0.373793 0.0995854
10 0.954705 0.91112 0.0720899 0.177139 0.0974494
4 0.621856 0.341141 0.129009 0.153887 0.0972669
4 0.391724 0.425639 0.143428 0.206723 0.0964537
1 0.961451 0.687085 0.0799593 0.631379 0.0948456
1 0.927732 0.719737 0.14699 0.559525 0.0947117
4 0.292064 0.455105 0.14428 0.210932 0.0923756
4 0.188584 0.457168 0.373787 0.304747 0.0919253
1 0.972953 0.753951 0.0566004 0.493539 0.0915152
4 0.720003 0.398326 0.123479 0.125192 0.0909024
1 0.843605 0.854248 0.325304 0.29062 0.0892634
4 0.708976 0.0341649 0.578633 0.068013 0.0883905
4 0.771502 0.480942 0.0592215 0.0952107 0.0865829
1 0.787868 0.90485 0.437614 0.191025 0.0864884
1 0.755056 0.823903 0.50764 0.353922 0.0822157
1 0.96485 0.634345 0.0732367 0.738036 0.0813781
1 0.766806 0.860601 0.481371 0.277188 0.0775976
4 0.803465 0.476438 0.143516 0.123193 0.0757848
1 0.926568 0.652778 0.147456 0.689252 0.0756301
1 0.796268 0.764402 0.420152 0.471543 0.0749923
10 0.955628 0.893768 0.07819 0.214063 0.0742228
4 0.473228 0.399799 0.259733 0.172848 0.0729251
4 0.718861 0.409849 0.0765673 0.0864726 0.0725758
1 0.850212 0.913164 0.309443 0.173224 0.0724211
1 0.508844 0.840578 0.98082 0.32224 0.0722604
4 0.206389 0.474851 0.406713 0.294783 0.0721122
4 0.0570141 0.364782 0.114324 0.117085 0.0716672
1 0.636224 0.863094 0.736638 0.27294 0.0711601
1 0.73799 0.781246 0.534374 0.441585 0.0708016
10 0.945537 0.905361 0.0718592 0.189508 0.0703392
1 0.373042 0.937422 0.270191 0.126403 0.0699993
4 0.233801 0.469333 0.456187 0.34029 0.0693624
4 0.394351 0.443501 0.117526 0.163145 0.0693258
4 0.806529 0.436093 0.190228 0.207938 0.0692771
1 0.778827 0.920947 0.447838 0.157564 0.0691138
4 0.151839 0.474115 0.30079 0.268967 0.0691006
4 0.154639 0.302334 0.144877 0.169303 0.0690816
10 0.958782 0.943267 0.0836032 0.114401 0.068121
4 0.057359 0.342194 0.114908 0.173148 0.067068
1 0.873487 0.713348 0.26337 0.575797 0.0667892
4 0.108295 0.450957 0.222122 0.2971 0.0664295
4 0.391123 0.4278 0.163566 0.21556 0.0663613
4 0.335674 0.369227 0.108875 0.102644 0.0662988
4 0.384299 0.387561 0.194053 0.171067 0.0658363
4 0.324849 0.371107 0.0923996 0.092604 0.0655889
4 0.467349 0.37106 0.325193 0.237845 0.0650565
10 0.970303 0.89617 0.0602036 0.210739 0.0643707
10 0.886638 0.483898 0.0435272 0.101268 0.0629267
1 0.59731 0.910864 0.818699 0.179235 0.0628375
1 0.778782 0.965969 0.446322 0.0690967 0.062168
1 0.81231 0.958921 0.380242 0.0829931 0.0618423
1 0.419888 0.928239 0.221146 0.143904 0.0611741
1 0.929072 0.603341 0.143418 0.789913 0.0606484
4 0.57403 0.401336 0.0993521 0.129387 0.0596328
4 0.718977 0.396596 0.0849362 0.108504 0.0594134
10 0.969041 0.919793 0.0562944 0.160614 0.0588416
10 0.95918 0.873766 0.0763783 0.262343 0.0583931
1 0.50692 0.90874 0.979478 0.18303 0.0572633
10 0.955362 0.858956 0.0902439 0.288793 0.0570669
10 0.596148 0.3603 0.0575981 0.152624 0.0561521
1 0.520787 0.91281 0.937778 0.175761 0.0545041
4 0.569633 0.0225686 0.253328 0.0453557 0.0542274
10 0.95636 0.925486 0.0915371 0.153356 0.0541258
4 0.335724 0.31446 0.0607802 0.0804092 0.0541058
10 0.59353 0.363383 0.0593682 0.158627 0.0536141
1 0.531398 0.873804 0.929275 0.253797 0.0535971
1 0.69602 0.890219 0.621588 0.220713 0.0535664
1 0.491432 0.871505 0.578001 0.255849 0.0534081
10 0.879174 0.486156 0.0393289 0.0934466 0.0532649
1 0.568652 0.919389 0.870666 0.16299 0.0532531
1 0.84876 0.963864 0.306976 0.0729449 0.0532524
4 0.571586 0.407635 0.0835098 0.112276 0.0530952
4 0.636762 0.0222534 0.386679 0.0444328 0.052777
4 0.335673 0.317384 0.0643434 0.0844131 0.05271
1 0.414057 0.966643 0.267228 0.0678835 0.0519068
4 0.572398 0.360232 0.127859 0.20187 0.0518193
4 0.706777 0.0259419 0.577322 0.0525885 0.0518048
4 0.386761 0.412208 0.139643 0.168041 0.0517823
10 0.766759 0.352935 0.0445667 0.0942005 0.0517581
4 0.708092 0.0574701 0.58396 0.11323 0.0515758
4 0.195431 0.384916 0.394234 0.499257 0.0509299
10 0.984591 0.930459 0.0324865 0.139713 0.0506065
4 0.685965 0.0664832 0.625915 0.131022 0.0503412
10 0.969162 0.841672 0.0648028 0.321274 0.0502926
10 0.770359 0.332453 0.065351 0.134237 0.0500313
4 0.376714 0.454695 0.142185 0.165113 0.0498272
4 0.32628 0.343519 0.115233 0.144018 0.0496431
4 0.648166 0.0600271 0.708412 0.118623 0.0495108
10 0.598858 0.353305 0.0537512 0.142474 0.049425
4 0.603488 0.361997 0.217402 0.215517 0.048937
4 0.121922 0.401738 0.247612 0.438543 0.0486331
1 0.495436 0.871202 0.98096 0.259669 0.0486297
4 0.545218 0.360532 0.328222 0.220974 0.0486176
1 0.848465 0.626489 0.309112 0.746639 0.0484476
1 0.699635 0.964309 0.59749 0.072489 0.0481202
1 0.247993 0.865199 0.50342 0.271832 0.0481072
10 0.978576 0.898218 0.0398082 0.187985 0.047645
1 0.595634 0.953351 0.797634 0.0956879 0.0474078
10 0.969695 0.950859 0.0635923 0.0994333 0.0469064
4 0.282682 0.313995 0.187567 0.153588 0.0468616
4 0.312714 0.373115 0.0912937 0.085842 0.0468149
4 0.021942 0.466467 0.0446344 0.330182 0.0467367
4 0.318543 0.369063 0.0902599 0.0905748 0.0467093
1 0.473815 0.924355 0.607435 0.15167 0.046575
1 0.987003 0.661961 0.0266529 0.666658 0.0465481
1 0.376246 0.965368 0.262685 0.0709102 0.0463991
4 0.379571 0.365322 0.108184 0.102667 0.045813
1 0.359916 0.934204 0.505899 0.132706 0.0457665
4 0.574967 0.401155 0.099543 0.126559 0.0455729
1 0.371255 0.862272 0.752381 0.278823 0.0454801
10 0.591166 0.368568 0.0627515 0.160523 0.0454043
10 0.966745 0.927383 0.0653539 0.147924 0.0450563
4 0.315395 0.446255 0.141991 0.211262 0.0447268
4 0.39982 0.364244 0.131257 0.0974357 0.0446368
4 0.282727 0.29646 0.164353 0.13495 0.0442607
1 0.393794 0.824199 0.797605 0.355043 0.0440544
4 0.358811 0.42775 0.121124 0.204315 0.0440151
1 0.908317 0.548741 0.18614 0.896736 0.0435329
1 0.322989 0.830266 0.65233 0.341366 0.0434961
1 0.226582 0.836018 0.460205 0.331669 0.0434618
4 0.225571 0.490094 0.353721 0.302536 0.0426496
10 0.96652 0.95948 0.0708084 0.0829203 0.042583
10 0.955943 0.984699 0.0890415 0.031947 0.0424693
1 0.55937 0.940167 0.505126 0.119381 0.0422297
1 0.507585 0.689987 0.991455 0.621092 0.0420639
1 0.449531 0.869234 0.901655 0.26386 0.0420309
4 0.503686 0.0696415 0.984822 0.137255 0.041843
4 0.583862 0.398101 0.0921837 0.12284 0.0415575
4 0.0107146 0.43111 0.0215383 0.248143 0.0411484
1 0.392182 0.892646 0.786777 0.217372 0.0410047
4 0.365115 0.45407 0.0846905 0.129103 0.0404888
1 0.449495 0.870007 0.891517 0.258658 0.0402773
10 0.944109 0.988316 0.0650481 0.023469 0.0402045
10 0.679009 0.377647 0.0573105 0.144411 0.0400095
5 0.546936 0.0220163 0.359526 0.0455207 0.0399925
1 0.799189 0.67203 0.417892 0.659813 0.0396291
10 0.947587 0.95229 0.105622 0.0967335 0.0395221
4 0.71329 0.417221 0.0719473 0.0826126 0.0394774
10 0.779561 0.3413 0.0500583 0.111039 0.0394309
4 0.360608 0.350135 0.158401 0.167671 0.0391345
10 0.943379 0.972818 0.0642965 0.0551189 0.0391253
10 0.00901414 0.419057 0.0195288 0.388916 0.0386514
10 0.928849 0.953467 0.143192 0.0947571 0.0385914
10 0.947389 0.97386 0.106096 0.0537102 0.0384245
4 0.317315 0.34363 0.0920482 0.133272 0.0381842
4 0.352891 0.368273 0.116912 0.106198 0.0381067
4 0.822895 0.0252898 0.358726 0.0509924 0.0379795
4 0.048588 0.481999 0.100898 0.24601 0.0378743
1 0.471336 0.971731 0.442445 0.0578308 0.0377716
4 0.4256 0.411929 0.391351 0.25218 0.0375314
10 0.963395 0.982221 0.0762062 0.0365846 0.0366104
4 0.422927 0.36035 0.0896621 0.0821212 0.0364921
1 0.34263 0.9658 0.294736 0.0706964 0.0364427
4 0.72801 0.436698 0.0818688 0.169198 0.0362757
4 0.344949 0.36542 0.0931087 0.0947861 0.036195
1 0.592968 0.960759 0.80232 0.080962 0.0361143
4 0.343576 0.313204 0.0616555 0.0818452 0.0361125
10 0.983987 0.481045 0.0315308 0.0973342 0.0354222
1 0.987192 0.613376 0.0248945 0.770495 0.0352923
1 0.460458 0.824427 0.922036 0.351872 0.0347859
4 0.586606 0.37422 0.0974656 0.154625 0.034741
4 0.0109481 0.368801 0.0220779 0.0993819 0.0346944
10 0.679938 0.373143 0.0532936 0.152279 0.0346469
10 0.745701 0.351196 0.0498028 0.101902 0.0346144
4 0.259297 0.452951 0.171822 0.207735 0.0345566
4 0.318253 0.463634 0.626683 0.380135 0.0344682
4 0.725027 0.0238607 0.539502 0.0478702 0.0344368
10 0.985421 0.95249 0.030298 0.0946157 0.0342855
4 0.0505445 0.424303 0.103491 0.408273 0.0342506
10 0.523712 0.34875 0.0567924 0.0924951 0.0342373
4 0.333896 0.346692 0.112321 0.157172 0.0342308
5 0.433667 0.0244219 0.223609 0.0493867 0.0340264
4 0.856088 0.0279133 0.292332 0.0557546 0.033701
4 0.564772 0.0248244 0.794758 0.0508412 0.0333904
4 0.395397 0.358636 0.107203 0.0929857 0.0325549
10 0.990769 0.439317 0.019396 0.189878 0.0318688
10 0.990561 0.902761 0.0189038 0.172003 0.0318312
4 0.105503 0.531353 0.212978 0.220452 0.0317774
4 0.0106917 0.375792 0.0218116 0.0977245 0.0316375
4 0.0195395 0.532858 0.0397848 0.198751 0.0314333
6 0.0210412 0.309069 0.0427354 0.216088 0.0311115
10 0.0113696 0.341242 0.0238983 0.167767 0.0307845
10 0.936268 0.92907 0.0608402 0.144458 0.0305037
10 0.380198 0.459108 0.0616257 0.110719 0.0304288
10 0.257644 0.417946 0.0626045 0.132629 0.0303722
4 0.0101749 0.447537 0.0209948 0.217254 0.030347
10 0.983299 0.960628 0.0354798 0.0798035 0.0302484
10 0.982523 0.980511 0.0359718 0.0398636 0.0296545
4 0.586322 0.406808 0.0891974 0.113259 0.0295916
4 0.00980787 0.485348 0.0206049 0.236902 0.0288377
1 0.505387 0.725342 0.97745 0.547994 0.0285925
4 0.355859 0.413252 0.0989799 0.184753 0.0285574
4 0.262493 0.227558 0.0783168 0.0912673 0.0285199
5 0.488621 0.0156573 0.0952466 0.0318028 0.0281152
4 0.328088 0.469233 0.644678 0.405543 0.0280335
1 0.578326 0.968533 0.741981 0.0646683 0.0274413
4 0.416965 0.430516 0.094323 0.170004 0.0274298
4 0.145345 0.30947 0.167243 0.186851 0.0273822
10 0.982052 0.96743 0.0386589 0.0664788 0.0272318
4 0.317164 0.316559 0.0723737 0.0945611 0.0270893
1 0.461855 0.989446 0.072699 0.0211664 0.027015
0 0.0151242 0.558117 0.0308435 0.145855 0.0266221
10 0.532178 0.37959 0.0697294 0.159701 0.0265548
4 0.252881 0.0503434 0.498407 0.100045 0.0263877
4 0.190007 0.0796541 0.376066 0.158531 0.0259732
4 0.429794 0.386251 0.129201 0.13138 0.0256916
4 0.576813 0.299913 0.212737 0.0929334 0.0256778
5 0.399028 0.0251721 0.620458 0.0501962 0.0255003
1 0.0548004 0.975096 0.11456 0.0515795 0.0254395
4 0.641743 0.306282 0.0743207 0.0816221 0.0253344
10 0.636353 0.348921 0.0623357 0.147935 0.0252882
10 0.934324 0.948243 0.0500162 0.105805 0.0252824
1 0.0513297 0.362165 0.105587 0.55575 0.0249866
10 0.665123 0.368091 0.0624081 0.151535 0.0248782
1 0.576546 0.973425 0.684845 0.0548204 0.0248589
4 0.56241 0.421919 0.0678729 0.0895107 0.0247993
10 0.246503 0.449105 0.0711758 0.186142 0.0244677
5 0.510429 0.0141974 0.117419 0.0294465 0.0243415
10 0.988006 0.292583 0.0239615 0.131927 0.0241034
10 0.631482 0.352569 0.068028 0.152817 0.0239373
4 0.565681 0.427288 0.0641602 0.0760199 0.0237578
4 0.742324 0.457591 0.0684097 0.140904 0.0235958
10 0.533393 0.354257 0.0573551 0.109994 0.0233745
1 0.289419 0.40433 0.578382 0.632609 0.0231944
9 0.426739 0.427658 0.0877751 0.169704 0.0230146
4 0.587641 0.295926 0.133068 0.0826663 0.0229768
4 0.322745 0.471822 0.0982502 0.136931 0.0228243
4 0.293612 0.359976 0.126696 0.171992 0.0226494
5 0.920633 0.0255491 0.16341 0.0512839 0.0223213
4 0.719147 0.448121 0.0623029 0.126051 0.0223174
4 0.0102151 0.345755 0.0206958 0.138564 0.0219655
10 0.920455 0.989603 0.113105 0.0216913 0.0218024
10 0.791575 0.319488 0.0442811 0.144231 0.0217729
9 0.41845 0.450641 0.0782275 0.117945 0.0217527
1 0.272062 0.419404 0.548545 0.821097 0.0213825
4 0.0134154 0.547261 0.0278792 0.168014 0.0213779
4 0.892114 0.985641 0.223699 0.0303989 0.0213092
6 0.0137734 0.550517 0.0279606 0.158 0.0209433
10 0.789789 0.327957 0.0427411 0.137101 0.0206727
4 0.0164755 0.509426 0.0338236 0.102571 0.0201178
4 0.324023 0.422492 0.647847 0.561596 0.0199196
4 0.605712 0.377318 0.0595217 0.127042 0.0194758
10 0.502135 0.366974 0.0698168 0.136206 0.0193587
10 0.798261 0.352011 0.038559 0.0975285 0.0183011
1 0.497464 0.726351 0.948808 0.542559 0.0178529
1 0.0409842 0.983885 0.0843794 0.0334726 0.0178239
4 0.0967914 0.129064 0.195939 0.253557 0.0178198
10 0.0930274 0.12452 0.100117 0.218403 0.0178057
10 0.0986184 0.085066 0.0798497 0.126353 0.0177983
4 0.703857 0.363229 0.0856348 0.1785 0.0177496
4 0.893115 0.986777 0.160425 0.0275309 0.0177217
4 0.855312 0.479937 0.0619772 0.0991199 0.017118
10 0.547697 0.343583 0.0611464 0.0987117 0.0171173
10 0.860205 0.476961 0.0421057 0.0983141 0.0170419
10 0.0127096 0.538098 0.0255701 0.14699 0.0169089
1 0.484257 0.989849 0.0790643 0.0204418 0.0167091
4 0.247789 0.273063 0.139603 0.165959 0.0163486
1 0.414214 0.767158 0.548753 0.402672 0.0160578
10 0.94781 0.301403 0.0156627 0.11367 0.0160374
10 0.721452 0.322595 0.054872 0.139932 0.0159591
10 0.946943 0.303615 0.0172156 0.0778391 0.0159412
10 0.795985 0.3288 0.0416467 0.139141 0.0158672
10 0.699849 0.334096 0.0624473 0.144335 0.0158074
4 0.222586 0.245029 0.0680754 0.0765616 0.0157074
4 0.204113 0.247621 0.0775076 0.0899398 0.0153298
4 0.713947 0.467365 0.055235 0.102107 0.0152181
9 0.442073 0.446863 0.0821462 0.130933 0.0144788
4 0.327726 0.219505 0.168685 0.172545 0.0144055
10 0.986886 0.248076 0.0246986 0.11526 0.014309
10 0.985732 0.899128 0.161492 0.20843 0.0141847
10 0.986913 0.920217 0.205364 0.165021 0.0132229
10 0.809999 0.369175 0.0378914 0.137577 0.0131536
4 0.680175 0.48236 0.162898 0.186757 0.0129347
4 0.852421 0.345906 0.0518501 0.091117 0.0122637
4 0.398579 0.273201 0.13643 0.104294 0.0120453
