6 0.687579 0.676005 0.123964 0.359615 0.733588
11 0.50257 0.735939 0.460955 0.510656 0.719656
6 0.935533 0.530744 0.125204 0.32269 0.691346
11 0.927178 0.602991 0.0825243 0.158548 0.25861
6 0.983529 0.557779 0.0339674 0.21194 0.25055
2 0.923301 0.954394 0.064942 0.0918815 0.228555
11 0.9379 0.611402 0.120921 0.227079 0.191472
6 0.269315 0.972948 0.29638 0.0539024 0.185737
6 0.617263 0.854311 0.174952 0.279778 0.18259
6 0.927056 0.880783 0.145078 0.238678 0.169397
6 0.983846 0.655886 0.0332954 0.452544 0.167376
6 0.972855 0.556546 0.0563702 0.213322 0.151275
6 0.201832 0.969701 0.399711 0.0608227 0.147276
6 0.302358 0.166644 0.0329891 0.0528905 0.142977
6 0.970829 0.555646 0.0588905 0.236426 0.139538
11 0.0346555 0.8847 0.071269 0.229155 0.132394
6 0.473967 0.861506 0.1611 0.267824 0.130936
6 0.979768 0.568773 0.0414127 0.215316 0.126901
6 0.473166 0.848797 0.151865 0.245989 0.12511
6 0.234564 0.974642 0.212374 0.0505264 0.123257
10 0.986292 0.530333 0.0292068 0.711524 0.12214
2 0.918026 0.955857 0.0436096 0.0893852 0.121977
5 0.310398 0.214384 0.0285117 0.0451486 0.119921
6 0.98463 0.584258 0.0317686 0.159786 0.118145
6 0.982787 0.568106 0.0355096 0.205314 0.115735
6 0.974691 0.580809 0.052549 0.175335 0.111402
6 0.985346 0.706424 0.029594 0.318485 0.111351
2 0.930223 0.955601 0.0396801 0.0892622 0.108422
6 0.978201 0.728705 0.0445267 0.525297 0.108292
10 0.985235 0.545747 0.0307823 0.749686 0.107765
6 0.985062 0.733462 0.0303078 0.341795 0.104929
6 0.221002 0.958391 0.440055 0.0845284 0.103692
6 0.98332 0.568838 0.0347752 0.21933 0.100763
6 0.206434 0.944011 0.411549 0.11303 0.100352
6 0.0677681 0.915168 0.138102 0.170919 0.0991488
6 0.926438 0.810654 0.148253 0.378148 0.0981344
11 0.120034 0.756255 0.242624 0.487734 0.098023
6 0.152588 0.967539 0.305344 0.0648163 0.0968712
6 0.261293 0.965284 0.376783 0.069358 0.0952232
6 0.99271 0.541162 0.0147068 0.215416 0.0951153
6 0.988333 0.569362 0.0249578 0.260438 0.0947736
6 0.9844 0.562584 0.0330395 0.236568 0.0931859
10 0.985766 0.412976 0.0293705 0.475839 0.0904515
10 0.931028 0.674531 0.138299 0.649934 0.0896128
6 0.962387 0.819035 0.0757909 0.355246 0.0882153
6 0.0181451 0.913533 0.0373609 0.174294 0.0880892
6 0.892828 0.877942 0.215991 0.246089 0.0858388
11 0.974697 0.600354 0.0490138 0.114205 0.0852049
7 0.0131807 0.971925 0.0263097 0.0579767 0.0843425
11 0.0627922 0.877953 0.127466 0.245107 0.0839866
6 0.552731 0.858342 0.319543 0.280551 0.0820046
10 0.927559 0.680611 0.144241 0.635863 0.0799799
5 0.326673 0.210346 0.0287154 0.04761 0.0794423
7 0.0136114 0.979778 0.0277469 0.0416706 0.079285
11 0.0163061 0.947092 0.0336453 0.107642 0.0790961
6 0.148476 0.926363 0.298208 0.149549 0.077827
4 0.611735 0.164571 0.0563261 0.0519281 0.0771477
6 0.0750873 0.952204 0.152187 0.0976694 0.0769007
6 0.624506 0.836973 0.16338 0.246765 0.0767569
6 0.983733 0.537321 0.0327263 0.361411 0.0758764
6 0.340722 0.624273 0.125292 0.206605 0.0745166
2 0.921996 0.954244 0.0323339 0.0928694 0.0741696
6 0.990978 0.550469 0.018366 0.20706 0.0737607
10 0.988599 0.34113 0.0239442 0.476086 0.073518
10 0.220277 0.751911 0.43793 0.497046 0.0733046
11 0.973406 0.601781 0.0477854 0.105328 0.0725608
11 0.0234469 0.773482 0.0483493 0.445733 0.072515
11 0.936939 0.559664 0.124348 0.329045 0.0720311
10 0.0263298 0.642619 0.0529772 0.68559 0.0719965
4 0.498686 0.157094 0.0267944 0.0334265 0.0711947
6 0.0589617 0.847495 0.120044 0.308182 0.0693324
6 0.987031 0.598386 0.0270582 0.112973 0.0685691
6 0.355373 0.62968 0.160429 0.2198 0.0665701
10 0.984351 0.733277 0.0321117 0.252703 0.0661005
10 0.98677 0.673299 0.0265194 0.449016 0.0660146
6 0.378728 0.976299 0.498819 0.0478963 0.0641438
6 0.643473 0.74284 0.213906 0.501119 0.0635227
11 0.540826 0.68644 0.373629 0.420791 0.0633733
6 0.988858 0.497178 0.0234007 0.354729 0.0630142
10 0.985667 0.726862 0.0285174 0.252101 0.0626906
6 0.6239 0.741222 0.20701 0.510299 0.0623551
6 0.208317 0.920455 0.412405 0.160455 0.0620993
6 0.549363 0.858333 0.284745 0.280815 0.0616889
10 0.221475 0.748161 0.43746 0.503499 0.0613498
6 0.196547 0.912477 0.392628 0.177205 0.0610402
11 0.940496 0.512237 0.121315 0.323596 0.0609388
11 0.38763 0.735984 0.759889 0.52516 0.0608688
6 0.990348 0.501772 0.020306 0.303635 0.059954
10 0.29056 0.788778 0.275319 0.421335 0.0598686
6 0.219533 0.375193 0.128562 0.311963 0.0597754
10 0.215294 0.769726 0.428989 0.462897 0.0593544
11 0.940697 0.473902 0.118718 0.425893 0.0591377
10 0.216161 0.742682 0.430094 0.518856 0.0590026
10 0.983277 0.74251 0.0333384 0.272465 0.0582502
6 0.103616 0.894231 0.209235 0.215414 0.0580868
10 0.0433522 0.560852 0.0859172 0.875946 0.0573866
11 0.976571 0.538265 0.0481777 0.199579 0.0571243
6 0.607031 0.839181 0.173035 0.315041 0.0571044
6 0.0696215 0.769671 0.139689 0.458436 0.0565111
11 0.0252716 0.723052 0.0516478 0.541839 0.0564109
6 0.625733 0.802951 0.17217 0.274628 0.0561217
10 0.0415188 0.521614 0.083542 0.948943 0.0558318
6 0.972799 0.888723 0.0550016 0.224315 0.0556154
11 0.03353 0.838696 0.0679893 0.117177 0.0551077
11 0.499554 0.630901 0.433145 0.30637 0.0547201
10 0.021639 0.549373 0.0442265 0.314019 0.0546199
11 0.0895807 0.760711 0.1755 0.476609 0.0544734
10 0.0146137 0.534712 0.0292273 0.627287 0.054417
11 0.0130987 0.889429 0.0282497 0.22103 0.0542942
11 0.983846 0.505371 0.0341461 0.286878 0.0542329
10 0.0334534 0.670803 0.0686051 0.639128 0.0541774
10 0.986731 0.719573 0.0263195 0.257405 0.0535794
10 0.0482042 0.524681 0.0961864 0.94912 0.0534778
10 0.991202 0.483825 0.0177368 0.331015 0.0534033
11 0.49555 0.617794 0.442988 0.270822 0.0533855
7 0.268983 0.772174 0.0573435 0.0956238 0.053053
6 0.992543 0.495423 0.0149822 0.298509 0.0525983
11 0.0214493 0.686214 0.0441914 0.33173 0.0524924
6 0.927035 0.940693 0.139085 0.117742 0.0520634
6 0.983587 0.770622 0.0339449 0.449911 0.051184
6 0.475371 0.807928 0.146295 0.225534 0.0510548
6 0.111163 0.816947 0.222983 0.370845 0.0504684
6 0.704859 0.621547 0.0942666 0.249251 0.0503881
6 0.0128034 0.881079 0.0274843 0.239194 0.0497858
5 0.651734 0.183763 0.0259909 0.0353996 0.0496673
11 0.62042 0.734101 0.236623 0.503841 0.0494246
6 0.984289 0.741213 0.0323022 0.247327 0.0493673
6 0.205313 0.974538 0.150784 0.0510873 0.0492762
6 0.87592 0.911927 0.243659 0.178958 0.0487647
6 0.874727 0.958456 0.244147 0.0847994 0.0484745
10 0.0227395 0.587829 0.0466687 0.356948 0.0483369
6 0.0100106 0.921384 0.0203635 0.162559 0.0473297
2 0.810107 0.988137 0.0589802 0.0234659 0.0469772
10 0.986386 0.298704 0.0278651 0.337669 0.0468512
4 0.59595 0.164483 0.108841 0.0524382 0.0461136
10 0.985301 0.298063 0.0306292 0.519192 0.0459824
7 0.0127063 0.95507 0.0253109 0.0939211 0.0458705
6 0.986545 0.695133 0.0273563 0.348042 0.0456619
4 0.214376 0.225117 0.0385787 0.0762591 0.0444308
11 0.928155 0.603688 0.0741859 0.132668 0.0441871
10 0.985031 0.321314 0.0301418 0.207672 0.0436911
11 0.105314 0.674669 0.210988 0.302265 0.0436605
11 0.513878 0.458987 0.290978 0.160206 0.0434896
7 0.0113139 0.82067 0.0212627 0.0742486 0.0434676
2 0.555707 0.249042 0.0192066 0.032593 0.0431921
11 0.935302 0.415999 0.130721 0.609114 0.0431005
11 0.948394 0.460708 0.107707 0.222571 0.0430752
11 0.922225 0.597909 0.0727332 0.135463 0.0430059
2 0.92492 0.959205 0.0671701 0.0838533 0.0427155
2 0.937522 0.954876 0.0299374 0.0924791 0.0426891
2 0.917904 0.986966 0.0556459 0.0261511 0.0421675
5 0.667583 0.425784 0.0241344 0.0434758 0.0420999
11 0.932489 0.599178 0.0719952 0.125136 0.0418882
10 0.2051 0.79896 0.412539 0.408188 0.0414992
6 0.158882 0.987857 0.257122 0.024753 0.0414932
6 0.986293 0.620857 0.0290698 0.115474 0.0412768
6 0.430036 0.975007 0.741071 0.0505663 0.0410526
6 0.0109747 0.937096 0.0226539 0.13141 0.0409546
5 0.189399 0.423937 0.0576941 0.0699588 0.0409434
6 0.157868 0.986188 0.237225 0.0283877 0.0409068
6 0.635345 0.721928 0.189196 0.467816 0.0408103
11 0.543727 0.744692 0.376502 0.501325 0.0408067
7 0.733087 0.982159 0.0628033 0.0359725 0.0400037
11 0.91859 0.59942 0.073609 0.138198 0.0396486
11 0.959935 0.514609 0.0831807 0.252673 0.0392751
11 0.986996 0.432138 0.0264511 0.183863 0.0391038
10 0.987119 0.324199 0.0260471 0.181804 0.0388947
6 0.439706 0.978117 0.771959 0.04508 0.0382155
11 0.576257 0.678311 0.298578 0.399698 0.0380117
6 0.580468 0.710381 0.0665051 0.0741551 0.0375121
10 0.987199 0.359404 0.0253803 0.114808 0.0373464
6 0.2819 0.905629 0.29058 0.191069 0.0372837
5 0.299771 0.211508 0.0371248 0.0517489 0.0372512
6 0.713736 0.630944 0.0937677 0.262877 0.0371917
11 0.932799 0.582054 0.080744 0.108193 0.0368157
11 0.0549327 0.981678 0.118381 0.0391904 0.0363711
6 0.616183 0.914088 0.176533 0.173556 0.0363262
7 0.279672 0.774562 0.0538294 0.102784 0.0361264
4 0.64299 0.180535 0.0319881 0.0412973 0.0356006
6 0.843656 0.98362 0.177665 0.0330328 0.0354985
11 0.917156 0.55533 0.137009 0.366884 0.0354683
11 0.0311302 0.857984 0.0645848 0.0754561 0.0351967
6 0.569411 0.710997 0.066716 0.0732273 0.0351868
10 0.21505 0.549154 0.430923 0.902775 0.0350802
10 0.27271 0.735472 0.123971 0.205618 0.0348183
10 0.300908 0.79495 0.328341 0.416525 0.0346651
10 0.321832 0.761312 0.265622 0.473976 0.0344014
11 0.459509 0.723623 0.374812 0.460471 0.0341567
11 0.923468 0.587277 0.0773094 0.122031 0.0341221
11 0.948063 0.514764 0.114537 0.262755 0.0340655
11 0.0426099 0.699099 0.0874077 0.365103 0.0339696
10 0.987248 0.683564 0.022823 0.315174 0.0338786
6 0.402655 0.966331 0.604049 0.06847 0.0337111
6 0.35157 0.680845 0.160724 0.162611 0.0335724
6 0.21869 0.222141 0.0382382 0.0792414 0.0332741
6 0.696884 0.624936 0.0856761 0.252803 0.0329787
10 0.155686 0.722661 0.319773 0.55129 0.0328988
7 0.00996621 0.82063 0.0186389 0.0976395 0.032454
11 0.0181101 0.855078 0.0385888 0.0727562 0.0323907
10 0.00732481 0.435825 0.0151258 0.417549 0.0319634
11 0.480003 0.640138 0.403102 0.307928 0.0317689
2 0.897772 0.957894 0.0758202 0.0851326 0.0315034
6 0.993446 0.498196 0.0130848 0.15436 0.0313245
6 0.954305 0.95251 0.0882805 0.0971981 0.0308927
2 0.824056 0.988038 0.07408 0.0236361 0.0308208
11 0.444466 0.679405 0.531079 0.333263 0.0306147
6 0.983917 0.778164 0.0321957 0.183656 0.0305757
4 0.632537 0.164771 0.0559165 0.0564235 0.0302421
4 0.0135421 0.135201 0.0266664 0.0892172 0.0302163
6 0.714171 0.632046 0.0953204 0.273297 0.0300102
6 0.636526 0.677638 0.195238 0.386117 0.029959
6 0.565587 0.916872 0.0945203 0.166569 0.0298688
6 0.708876 0.65272 0.109035 0.314397 0.0298061
6 0.17926 0.988826 0.131273 0.022657 0.0297045
6 0.600808 0.899046 0.136034 0.198697 0.0296082
2 0.565031 0.247781 0.0191235 0.0307457 0.0294053
11 0.393944 0.743022 0.779125 0.512127 0.0293727
6 0.592054 0.711567 0.0881139 0.080752 0.0289154
11 0.43469 0.744762 0.601187 0.507744 0.0288248
11 0.418282 0.686306 0.468501 0.340608 0.0280485
6 0.218359 0.428376 0.118199 0.177448 0.0280113
6 0.12718 0.989038 0.255331 0.0227419 0.0279793
4 0.549056 0.159879 0.145534 0.0469469 0.0278775
2 0.901309 0.989342 0.089394 0.0220318 0.0277978
6 0.621181 0.796235 0.148203 0.128718 0.0274521
11 0.474202 0.845158 0.898485 0.307767 0.0274301
10 0.00682955 0.490288 0.0137409 0.321946 0.0270442
10 0.229514 0.5714 0.402154 0.856365 0.0266336
11 0.014131 0.870189 0.0303844 0.0938151 0.0265948
6 0.322439 0.15896 0.030521 0.0570744 0.0262943
11 0.456739 0.643549 0.366811 0.29622 0.0260339
2 0.484464 0.282193 0.0317901 0.108496 0.0260141
6 0.625407 0.743582 0.182693 0.501804 0.025799
6 0.0144191 0.58546 0.0304971 0.170507 0.0255285
6 0.115228 0.990495 0.216721 0.019575 0.0254624
6 0.533186 0.15732 0.0502131 0.0390629 0.0254523
6 0.409631 0.163595 0.0421824 0.0443894 0.0254489
6 0.398876 0.165529 0.0425319 0.0442047 0.0249847
6 0.484942 0.936333 0.162825 0.126431 0.0249503
4 0.570265 0.159358 0.0533311 0.0386605 0.0248986
10 0.343233 0.892545 0.233671 0.213192 0.0248706
11 0.0620473 0.986799 0.129388 0.0264252 0.0247762
11 0.41709 0.728268 0.281624 0.454532 0.0243156
11 0.544128 0.738387 0.354723 0.503681 0.0242427
6 0.841495 0.949786 0.310891 0.103101 0.0242038
6 0.566327 0.9366 0.275343 0.128915 0.0241845
6 0.985916 0.816645 0.0292159 0.20193 0.0240753
10 0.594982 0.707686 0.0759003 0.0834872 0.0238514
6 0.602025 0.712268 0.111693 0.0857624 0.0238433
7 0.267838 0.772332 0.0878476 0.119137 0.023823
5 0.696953 0.19201 0.0263882 0.0364422 0.0237747
6 0.690389 0.656885 0.110286 0.276194 0.0236895
10 0.00691116 0.341518 0.0159006 0.392557 0.0236388
6 0.00776794 0.404343 0.0152974 0.165734 0.0233298
6 0.56294 0.901023 0.0788697 0.193773 0.0232672
11 0.904935 0.54673 0.0990307 0.318828 0.0231042
11 0.469788 0.618685 0.455064 0.252157 0.0227774
11 0.460307 0.743009 0.551127 0.513298 0.0227537
10 0.27981 0.168121 0.0371533 0.0605462 0.0227257
11 0.571462 0.680938 0.402622 0.420676 0.022703
10 0.275087 0.727077 0.548382 0.546716 0.0225917
6 0.283642 0.164026 0.0304807 0.0574707 0.0224899
4 0.0110735 0.152503 0.0226684 0.105082 0.0224671
7 0.0125015 0.836952 0.0260388 0.0957563 0.0222764
11 0.51366 0.447395 0.291921 0.148344 0.0222613
7 0.287927 0.767545 0.0479432 0.0898462 0.0216895
6 0.704862 0.724485 0.0913204 0.254272 0.0216321
6 0.6756 0.741398 0.111952 0.218559 0.0216311
6 0.636454 0.91551 0.145528 0.161039 0.0216309
2 0.449698 0.436364 0.0206713 0.0389937 0.021433
6 0.482267 0.979493 0.569012 0.0408703 0.0206211
6 0.689202 0.748252 0.1029 0.214507 0.0203953
10 0.619786 0.711599 0.0896832 0.0892633 0.0200687
10 0.120253 0.584884 0.243786 0.838316 0.0198546
6 0.610964 0.71807 0.132475 0.109847 0.0195532
6 0.522675 0.155213 0.0433256 0.0402759 0.0190813
6 0.382385 0.643091 0.199757 0.186298 0.0187567
10 0.347878 0.089911 0.0195553 0.0342664 0.0187296
6 0.600448 0.669608 0.195018 0.380565 0.0186793
5 0.669285 0.183694 0.0278903 0.0406205 0.0179897
10 0.188909 0.0661519 0.0207573 0.0359392 0.0179812
11 0.44956 0.83348 0.745479 0.334142 0.01765
11 0.530274 0.605905 0.36153 0.249251 0.0174229
10 0.453952 0.168025 0.0201183 0.0293511 0.0174157
6 0.432553 0.426382 0.0751568 0.0431176 0.0171708
4 0.521548 0.157635 0.026925 0.0348794 0.0169209
6 0.525756 0.716782 0.064113 0.0773119 0.0164585
6 0.652629 0.752905 0.102383 0.189633 0.0160015
6 0.277474 0.622121 0.0903457 0.181046 0.0160005
10 0.614439 0.0491995 0.0259771 0.0624165 0.0158676
6 0.369817 0.781812 0.115864 0.132252 0.0152853
2 0.601709 0.379823 0.0289061 0.0621929 0.0151169
6 0.606474 0.940654 0.580595 0.12123 0.0143759
6 0.62597 0.740035 0.105779 0.158144 0.0142898
10 0.59997 0.654977 0.0962063 0.262888 0.0142504
5 0.25259 0.226433 0.0536968 0.0624791 0.0141572
6 0.66076 0.696152 0.095847 0.161218 0.0133885
11 0.511249 0.449076 0.297958 0.149408 0.0132436
10 0.430137 0.563481 0.603107 0.858742 0.0127196
6 0.633218 0.719375 0.091268 0.135801 0.0126405
