11 0.472193 0.307705 0.18961 0.321541 0.857341
6 0.695737 0.368183 0.0948457 0.29584 0.852504
6 0.431122 0.521454 0.128019 0.284873 0.784699
11 0.366207 0.469287 0.239477 0.317419 0.772967
6 0.137783 0.278097 0.0921955 0.200141 0.740936
6 0.593734 0.628471 0.128255 0.369354 0.671367
11 0.787455 0.319464 0.233005 0.439959 0.630808
6 0.360308 0.213402 0.103032 0.224941 0.61524
6 0.129072 0.519291 0.0977502 0.215752 0.534241
2 0.760561 0.237389 0.0258158 0.0960179 0.468769
11 0.320433 0.150928 0.175557 0.206251 0.396218
11 0.674609 0.644407 0.289834 0.408863 0.381476
10 0.498729 0.0925408 0.0616027 0.172889 0.335956
6 0.70917 0.198205 0.0880077 0.187433 0.295256
6 0.398034 0.258254 0.0770607 0.211379 0.271493
6 0.534877 0.305846 0.0833367 0.21815 0.264648
6 0.169115 0.605643 0.0994529 0.181519 0.253706
