11 0.473443 0.308093 0.189386 0.321255 0.863789
6 0.697247 0.36892 0.0971289 0.29694 0.857304
6 0.431515 0.521051 0.128028 0.290698 0.762834
11 0.368569 0.470052 0.239977 0.320037 0.754548
6 0.59352 0.627665 0.12793 0.369475 0.704483
10 0.148994 0.203241 0.093295 0.208125 0.632478
6 0.36061 0.212093 0.10084 0.221945 0.617749
10 0.161217 0.344543 0.107135 0.255499 0.457411
11 0.312905 0.211762 0.177351 0.343581 0.453532
6 0.708258 0.198348 0.0908262 0.199845 0.423282
6 0.168593 0.604934 0.0997754 0.181799 0.377411
11 0.674452 0.642118 0.287436 0.402095 0.292966
6 0.125663 0.51583 0.0952023 0.215146 0.2765
2 0.761561 0.240003 0.0240511 0.0921458 0.265617
6 0.159574 0.338218 0.105967 0.253429 0.253138
11 0.789261 0.324227 0.247109 0.435523 0.250094
