11 0.474528 0.308007 0.187742 0.320309 0.867377
6 0.694945 0.367705 0.0938337 0.296504 0.856111
6 0.137107 0.277671 0.0896651 0.196152 0.801064
6 0.431282 0.520914 0.128225 0.289522 0.78843
11 0.366115 0.467456 0.239654 0.312808 0.776826
6 0.593562 0.628677 0.128516 0.370501 0.693213
11 0.791443 0.321861 0.242416 0.441018 0.683757
2 0.760336 0.24115 0.0257816 0.103954 0.575672
6 0.360394 0.209942 0.099213 0.218957 0.562136
6 0.168027 0.607626 0.100202 0.18443 0.53444
11 0.319085 0.150918 0.174935 0.216717 0.496331
6 0.1291 0.499093 0.0996004 0.24958 0.474444
10 0.498621 0.0920869 0.0616825 0.172332 0.435655
11 0.674663 0.64679 0.287412 0.40384 0.388233
6 0.533908 0.308421 0.0851732 0.227404 0.376575
6 0.706875 0.194471 0.0845472 0.188573 0.319226
