11 0.474806 0.308356 0.190017 0.321592 0.862337
6 0.695616 0.368499 0.0953373 0.297224 0.853854
6 0.431481 0.522233 0.128389 0.287902 0.787794
11 0.365326 0.470015 0.238806 0.322287 0.762922
6 0.59349 0.627695 0.128538 0.371313 0.668982
11 0.792058 0.321946 0.24751 0.442405 0.619011
6 0.360557 0.211292 0.1005 0.22087 0.582643
2 0.760561 0.240562 0.0252927 0.104601 0.570046
10 0.497939 0.0913367 0.060866 0.173943 0.520317
11 0.319037 0.148963 0.175624 0.209594 0.423281
11 0.674937 0.646048 0.287478 0.402886 0.375976
6 0.168644 0.605724 0.0994329 0.178664 0.321498
6 0.533082 0.307932 0.086739 0.22407 0.304479
6 0.707379 0.192855 0.0859482 0.185594 0.301623
