6 0.694667 0.368046 0.093408 0.29483 0.863925
11 0.376831 0.485167 0.236237 0.343798 0.735937
11 0.488635 0.30507 0.158317 0.32478 0.709615
6 0.593161 0.62721 0.126912 0.369094 0.702884
11 0.788255 0.326087 0.221076 0.437397 0.702841
6 0.136848 0.277907 0.0832065 0.197869 0.675545
6 0.244421 0.256317 0.113557 0.312877 0.631703
10 0.38433 0.222082 0.125908 0.258426 0.563121
10 0.712858 0.175288 0.0995183 0.238552 0.536846
2 0.760616 0.236453 0.0246048 0.103135 0.519508
11 0.675349 0.645449 0.285488 0.399371 0.410498
6 0.130105 0.510295 0.0974903 0.19675 0.384768
6 0.430724 0.50686 0.125959 0.31408 0.317863
10 0.498067 0.092632 0.0576586 0.172705 0.283774
6 0.168431 0.606424 0.0989963 0.183396 0.282889
