11 0.479409 0.309397 0.179488 0.31998 0.869638
6 0.430695 0.518397 0.131835 0.294626 0.77995
10 0.641879 0.348513 0.138576 0.487992 0.778594
2 0.760246 0.24198 0.0272686 0.110148 0.633505
11 0.673301 0.641212 0.291016 0.412423 0.51482
10 0.361945 0.211953 0.133274 0.318175 0.511286
6 0.13617 0.280753 0.0955484 0.201798 0.508227
6 0.594131 0.629256 0.131505 0.376079 0.487338
11 0.370844 0.474285 0.246047 0.317962 0.434864
11 0.798491 0.339355 0.262093 0.407097 0.320167
11 0.328371 0.230821 0.208701 0.3642 0.307954
6 0.534752 0.304757 0.0810538 0.220009 0.291395
6 0.130613 0.514759 0.0961952 0.216301 0.284524
