1 0.220979 0.657465 0.437272 0.671217 0.582626
1 0.431655 0.0949723 0.149064 0.190724 0.527066
1 0.532525 0.130433 0.155817 0.248066 0.361602
1 0.543596 0.141272 0.187282 0.279904 0.360625
1 0.233534 0.608235 0.465111 0.786914 0.307421
1 0.329261 0.0827982 0.154923 0.167096 0.304936
1 0.226379 0.592122 0.449693 0.817027 0.299889
1 0.465925 0.095461 0.213355 0.190451 0.239551
1 0.201831 0.120311 0.396913 0.239419 0.232563
1 0.0853415 0.610415 0.168453 0.774489 0.230316
1 0.177725 0.116659 0.351731 0.231814 0.221647
1 0.721891 0.236972 0.555341 0.476699 0.213321
1 0.12933 0.106352 0.256048 0.21244 0.21102
1 0.580862 0.163323 0.277059 0.327725 0.207606
1 0.233916 0.579601 0.382798 0.484196 0.196019
1 0.225059 0.560091 0.446608 0.879041 0.192642
1 0.374313 0.0919459 0.252012 0.184155 0.19178
1 0.950652 0.300647 0.0992304 0.308154 0.183478
1 0.527722 0.152566 0.151017 0.241978 0.173773
3 0.954671 0.320795 0.0925955 0.252133 0.17315
1 0.941733 0.270155 0.116123 0.391204 0.170539
1 0.290775 0.0848747 0.220822 0.172753 0.170103
1 0.0911997 0.514605 0.17729 0.958389 0.166254
1 0.125514 0.0275445 0.154918 0.0558702 0.161645
1 0.934548 0.246302 0.132327 0.48669 0.150018
10 0.0843337 0.801823 0.168014 0.39679 0.147314
10 0.0838048 0.771262 0.168081 0.457929 0.146928
1 0.124215 0.0754156 0.240276 0.151311 0.145575
1 0.156744 0.0322783 0.157716 0.0652119 0.145044
1 0.505806 0.117549 0.321843 0.233581 0.143789
1 0.947739 0.321564 0.105387 0.266521 0.137287
1 0.113286 0.562538 0.222264 0.870119 0.127959
1 0.947778 0.235943 0.106186 0.462723 0.127118
1 0.0188997 0.3689 0.0386874 0.320069 0.127018
1 0.020098 0.37627 0.0409242 0.297303 0.125529
1 0.0839089 0.0173401 0.0910948 0.0349184 0.122916
10 0.509345 0.015053 0.0823133 0.0308921 0.122285
10 0.20148 0.0306596 0.0835919 0.0617767 0.122249
9 0.0808747 0.701782 0.160178 0.594485 0.119469
9 0.10458 0.790721 0.210527 0.419671 0.118711
10 0.204008 0.032239 0.0615566 0.0655927 0.115775
1 0.515362 0.0883825 0.217719 0.179218 0.115536
1 0.132116 0.0458841 0.233007 0.0905538 0.11509
1 0.326741 0.661 0.640839 0.675945 0.114194
1 0.349668 0.106273 0.374771 0.213102 0.113554
1 0.202728 0.547316 0.408747 0.586272 0.113292
9 0.0978257 0.758355 0.194419 0.485217 0.113063
1 0.0544452 0.514749 0.108702 0.951894 0.110397
1 0.497735 0.664604 0.983003 0.676254 0.109126
1 0.306103 0.101535 0.407062 0.205546 0.106972
1 0.964565 0.253983 0.0747229 0.44481 0.10683
10 0.502525 0.0164435 0.0705456 0.0335424 0.105481
1 0.908213 0.235003 0.184474 0.466587 0.105467
1 0.207006 0.0739465 0.399935 0.147491 0.105357
9 0.0827629 0.87382 0.165202 0.252299 0.104812
1 0.265528 0.654896 0.528452 0.692363 0.104746
1 0.557624 0.0297076 0.183199 0.059964 0.104615
1 0.669297 0.158336 0.466948 0.31727 0.104191
1 0.0505411 0.431872 0.10226 0.427354 0.103148
10 0.210579 0.0226247 0.0553141 0.0459977 0.102316
1 0.299317 0.131141 0.191231 0.267128 0.102305
1 0.328236 0.0390216 0.137702 0.0790078 0.102186
1 0.42432 0.0221499 0.128924 0.0445607 0.101673
1 0.0247626 0.356552 0.0496653 0.554184 0.101553
1 0.369677 0.663264 0.725029 0.671 0.101431
10 0.508231 0.0163309 0.100745 0.0334194 0.101296
1 0.416752 0.0165341 0.106283 0.0327376 0.101099
1 0.538547 0.209611 0.200147 0.415029 0.100875
1 0.204354 0.157445 0.406742 0.313313 0.0993524
10 0.529804 0.022266 0.11391 0.0454061 0.0986444
1 0.180872 0.0318087 0.101522 0.0639752 0.0952212
1 0.0924128 0.610512 0.184217 0.774971 0.0951608
1 0.614806 0.206063 0.359469 0.416151 0.0940436
1 0.0833307 0.533209 0.168025 0.921872 0.0937489
1 0.154485 0.0421907 0.155739 0.0857742 0.0934008
1 0.160287 0.590387 0.317162 0.819271 0.0930189
1 0.319549 0.666012 0.620304 0.666289 0.092124
1 0.0234726 0.421433 0.0480369 0.457312 0.0916591
1 0.376466 0.0385482 0.212537 0.0773483 0.091117
1 0.561874 0.0545781 0.183546 0.11177 0.0905803
10 0.552075 0.0148158 0.0876149 0.0305182 0.0890412
1 0.05626 0.473514 0.114006 0.456152 0.0889954
9 0.110003 0.867297 0.217626 0.268517 0.0886664
1 0.0214528 0.308165 0.0433753 0.432212 0.0883237
1 0.0669285 0.0123145 0.111115 0.0252401 0.0880909
1 0.035505 0.500998 0.0720088 0.940778 0.0871992
1 0.0133638 0.356267 0.0268998 0.192073 0.0859761
1 0.0758702 0.013922 0.106571 0.0288654 0.0858308
9 0.116962 0.666047 0.230585 0.665714 0.0857977
1 0.236156 0.540892 0.368226 0.314954 0.0840198
1 0.087874 0.53107 0.173811 0.921342 0.0839272
1 0.709431 0.328583 0.578112 0.660249 0.0826836
1 0.0123435 0.340689 0.0248217 0.171589 0.0817558
10 0.14845 0.018286 0.0637811 0.036546 0.0812086
1 0.710512 0.266472 0.575898 0.535231 0.0800894
1 0.207724 0.535351 0.41727 0.700838 0.0798819
1 0.134143 0.0187816 0.0846717 0.0378226 0.0778073
1 0.636375 0.135323 0.394725 0.272934 0.0776829
1 0.664142 0.159723 0.230618 0.287954 0.0776055
1 0.71265 0.498715 0.580729 0.991962 0.0773441
9 0.0857293 0.621454 0.173607 0.753545 0.077028
10 0.179953 0.0312483 0.0934843 0.062797 0.0767304
1 0.391453 0.125585 0.485628 0.253048 0.0766367
1 0.0114399 0.336504 0.0232241 0.199074 0.0763947
1 0.0456072 0.573985 0.0915252 0.829996 0.0760587
10 0.29799 0.0174058 0.072429 0.0352324 0.0756697
1 0.874788 0.246464 0.24696 0.49116 0.0753845
1 0.481548 0.67306 0.946507 0.657241 0.0753527
10 0.274501 0.0139995 0.0731705 0.0283275 0.0752181
1 0.714755 0.233198 0.555688 0.469053 0.0744788
1 0.0111133 0.36856 0.0222964 0.220209 0.0742237
1 0.463611 0.0182643 0.224648 0.0370056 0.0734266
1 0.460412 0.109979 0.704596 0.22833 0.0718771
1 0.239826 0.784189 0.484195 0.432524 0.0717492
10 0.563784 0.0165213 0.0781828 0.0332978 0.0715585
1 0.482021 0.0259108 0.250779 0.0527083 0.071124
10 0.593645 0.0244535 0.0655171 0.0492793 0.0710698
1 0.0480483 0.364168 0.0970331 0.445583 0.0709927
1 0.143522 0.641976 0.281568 0.713663 0.070979
10 0.305434 0.0296643 0.103581 0.0593691 0.0706732
1 0.611714 0.0334027 0.110622 0.0678129 0.0706046
1 0.24994 0.773745 0.498925 0.453396 0.0705603
1 0.245056 0.528853 0.483299 0.932381 0.0704441
1 0.328729 0.0352167 0.130385 0.0713406 0.0703824
9 0.111404 0.893398 0.221289 0.214399 0.0696077
1 0.248169 0.855693 0.500694 0.288484 0.0695639
1 0.429001 0.0164911 0.100399 0.0329208 0.069298
1 0.655036 0.169542 0.436823 0.336032 0.067844
1 0.252736 0.682006 0.368271 0.612136 0.0672349
1 0.0428785 0.584888 0.0867905 0.811104 0.0671155
1 0.106008 0.0168 0.0534981 0.0331588 0.0671148
1 0.247972 0.834584 0.49514 0.333446 0.0662837
1 0.860975 0.236864 0.295955 0.470289 0.0656233
1 0.0311072 0.556491 0.0631498 0.854796 0.065463
1 0.278423 0.0298232 0.222223 0.0605307 0.0639583
10 0.315591 0.0166364 0.0931118 0.0336452 0.0638516
1 0.681192 0.303992 0.632845 0.606483 0.0638122
1 0.239151 0.678536 0.494561 0.648091 0.0630475
1 0.0638211 0.0094097 0.0602669 0.0189126 0.0628619
1 0.126177 0.536038 0.249506 0.917987 0.0626984
1 0.150831 0.629332 0.296485 0.741539 0.0624651
1 0.367786 0.0158592 0.209321 0.0315335 0.0613951
11 0.245377 0.884588 0.49337 0.230372 0.0612933
9 0.0801431 0.902625 0.160866 0.195986 0.0611472
1 0.982429 0.34093 0.0352484 0.248498 0.0603853
1 0.717412 0.370654 0.563287 0.749357 0.0600229
1 0.709934 0.458227 0.588821 0.917976 0.0592197
1 0.0455615 0.292707 0.092619 0.534755 0.0590667
1 0.77824 0.0350107 0.151122 0.0708172 0.0588798
1 0.0854041 0.387662 0.170659 0.483946 0.0588305
1 0.587469 0.251117 0.0630394 0.0676661 0.0587038
1 0.488159 0.155764 0.957944 0.317853 0.0585821
10 0.189282 0.0163689 0.0864255 0.0335038 0.0585452
1 0.723073 0.235324 0.542149 0.47163 0.0575837
1 0.285356 0.160593 0.565167 0.319942 0.0571736
1 0.860117 0.224413 0.296245 0.449272 0.0563173
1 0.489784 0.665005 0.949337 0.668027 0.0559676
10 0.867831 0.272172 0.0498501 0.101809 0.0558687
1 0.632156 0.0615307 0.381143 0.125093 0.0552293
10 0.588543 0.0175158 0.137772 0.0352985 0.0551196
1 0.111831 0.163638 0.228734 0.326909 0.054931
10 0.246763 0.031052 0.0913528 0.0626633 0.0541177
10 0.156239 0.0282862 0.0513716 0.0566314 0.0539949
1 0.275614 0.74304 0.543559 0.514563 0.0535716
10 0.244755 0.0300989 0.126212 0.0603025 0.0530881
1 0.339602 0.0147182 0.147503 0.0293815 0.0521419
1 0.583087 0.16017 0.792078 0.324342 0.0518704
10 0.161091 0.0202496 0.0433447 0.0402983 0.0517085
10 0.454292 0.0160649 0.09458 0.0329206 0.051509
1 0.671328 0.0505099 0.439631 0.102637 0.0514306
1 0.382955 0.014773 0.0912318 0.0296834 0.0510632
1 0.0177171 0.211018 0.0353625 0.401229 0.050737
10 0.231519 0.0157522 0.0545967 0.0313721 0.0506788
1 0.351996 0.505509 0.687819 0.977392 0.0501732
10 0.257202 0.0295556 0.108853 0.0592726 0.0500848
10 0.343096 0.0324878 0.0959233 0.0663208 0.0496431
1 0.0333126 0.600317 0.0679992 0.777808 0.0489071
10 0.18254 0.0179578 0.0873352 0.03648 0.0488375
1 0.913584 0.312369 0.170651 0.311377 0.0487597
1 0.755414 0.158974 0.322784 0.319286 0.0486912
1 0.776062 0.0378374 0.0972343 0.0763505 0.0481988
1 0.216103 0.570682 0.414499 0.834231 0.0477009
10 0.255526 0.0131549 0.0695961 0.0274479 0.0476581
9 0.161088 0.865957 0.320645 0.267608 0.0476465
10 0.47831 0.0164719 0.123896 0.0336121 0.047606
1 0.684919 0.0329977 0.230851 0.0666753 0.04758
1 0.537754 0.0963411 0.221663 0.139867 0.0470256
10 0.255172 0.0147033 0.13865 0.0299863 0.0465982
1 0.71686 0.350941 0.562099 0.705794 0.046233
1 0.582606 0.0355569 0.0882762 0.0717643 0.0462115
1 0.902424 0.221162 0.201023 0.43893 0.0459839
1 0.246279 0.896673 0.498881 0.205339 0.0458942
10 0.270076 0.0152507 0.145188 0.0309787 0.0456946
1 0.0118904 0.395682 0.0238077 0.236527 0.0453887
1 0.962941 0.220067 0.0790407 0.435778 0.0450574
1 0.0209505 0.620209 0.0430358 0.731582 0.0443325
1 0.593693 0.228402 0.814515 0.467587 0.0442565
1 0.0440624 0.198472 0.0888187 0.38986 0.0436617
10 0.458899 0.0158874 0.0785593 0.0321701 0.043589
1 0.570475 0.253114 0.0791847 0.0766364 0.0429121
10 0.228335 0.0318902 0.0686493 0.0641065 0.0429068
1 0.0446335 0.117513 0.0916721 0.234776 0.0427527
1 0.166793 0.744477 0.330353 0.512757 0.0427418
1 0.164753 0.549337 0.333927 0.90138 0.0426151
1 0.989971 0.362358 0.0214325 0.167487 0.0425043
1 0.590491 0.250552 0.0720819 0.0747705 0.0420077
1 0.0569619 0.600516 0.112411 0.716322 0.0414845
1 0.119876 0.0293126 0.129756 0.059912 0.0412272
9 0.166627 0.900744 0.331755 0.19884 0.0406816
1 0.685305 0.691176 0.636714 0.621296 0.040659
10 0.251704 0.0154304 0.0768096 0.0308633 0.0401991
10 0.0273377 0.76291 0.0550968 0.45593 0.0401643
1 0.988583 0.376149 0.0243567 0.251783 0.0399205
1 0.74766 0.124178 0.289915 0.248144 0.0396232
1 0.147845 0.716156 0.286274 0.565962 0.0395093
1 0.724004 0.0508581 0.449499 0.104521 0.0391946
10 0.024071 0.699347 0.0485206 0.587821 0.0388222
1 0.99038 0.348356 0.019783 0.149164 0.0387976
1 0.713969 0.432017 0.570164 0.867066 0.038406
10 0.990038 0.335193 0.0205336 0.11596 0.0379007
1 0.0557326 0.0594717 0.109084 0.120247 0.0378801
1 0.320457 0.88349 0.370666 0.233119 0.0378512
1 0.374042 0.0136219 0.0755746 0.0274929 0.037804
1 0.708459 0.498911 0.570037 0.992231 0.037481
1 0.171103 0.823044 0.344461 0.354553 0.0373634
1 0.94102 0.349045 0.118058 0.249767 0.0372798
1 0.824149 0.0348906 0.248995 0.0702927 0.0369549
1 0.685324 0.129392 0.121655 0.251656 0.0369041
1 0.914943 0.200012 0.178207 0.408089 0.0368591
1 0.244604 0.677181 0.458418 0.64687 0.0367565
10 0.0217262 0.817465 0.0433435 0.359689 0.03615
1 0.499002 0.764847 0.984951 0.472638 0.0360404
1 0.228694 0.683263 0.446598 0.636377 0.0358828
1 0.637887 0.0335426 0.074954 0.0687912 0.0358419
1 0.988707 0.379084 0.0242504 0.179256 0.0353207
1 0.98744 0.168047 0.0262468 0.0703841 0.0351172
1 0.695032 0.280868 0.597573 0.563546 0.0347572
1 0.174012 0.508389 0.238109 0.226207 0.0344141
10 0.35795 0.0127071 0.0921531 0.0250962 0.034222
1 0.643211 0.0202339 0.099515 0.0411634 0.0337689
1 0.405583 0.0974457 0.127057 0.199511 0.0337457
10 0.873526 0.266963 0.0461525 0.0965309 0.0333917
10 0.370165 0.0119422 0.0880343 0.02389 0.0329943
1 0.357981 0.789617 0.708242 0.420099 0.032824
1 0.930245 0.503433 0.141909 0.983273 0.0325568
1 0.677276 0.686689 0.65409 0.631095 0.032539
1 0.710558 0.499904 0.577542 0.989995 0.0325156
1 0.708281 0.654924 0.592269 0.691722 0.032145
4 0.990954 0.318581 0.0189173 0.182019 0.0318514
10 0.0209918 0.864879 0.0419397 0.273209 0.0314367
1 0.989779 0.222428 0.0214493 0.35228 0.0313814
1 0.151533 0.702424 0.286488 0.591506 0.0312208
1 0.0853329 0.22409 0.173356 0.435021 0.031121
1 0.634809 0.0195955 0.0901214 0.0397589 0.0311158
1 0.854822 0.13731 0.302092 0.281766 0.0310494
1 0.212717 0.538466 0.402565 0.922376 0.0304448
1 0.253948 0.552567 0.490292 0.886047 0.030045
1 0.895996 0.166303 0.212214 0.337062 0.029846
1 0.677194 0.731283 0.655925 0.543913 0.0293414
10 0.0184441 0.894393 0.0368638 0.213041 0.0283269
1 0.85431 0.731637 0.301077 0.533137 0.0281971
4 0.990421 0.191984 0.0197855 0.18075 0.0281044
10 0.0646061 0.867304 0.114919 0.26444 0.0277248
10 0.0646969 0.885494 0.113786 0.227399 0.0272852
1 0.0193966 0.0142565 0.0373249 0.0287981 0.0270423
1 0.349345 0.547679 0.281176 0.893772 0.0268907
9 0.114279 0.955368 0.225641 0.090652 0.0263556
1 0.629378 0.497897 0.738369 0.983947 0.0260019
11 0.321645 0.924068 0.352353 0.154958 0.0257928
1 0.642328 0.497648 0.695057 0.991885 0.0254012
1 0.0101806 0.141764 0.0203051 0.278299 0.0253235
4 0.982096 0.130941 0.0376629 0.202554 0.0252786
1 0.502077 0.825963 0.967123 0.349275 0.024996
1 0.455255 0.828317 0.890311 0.342615 0.0249511
10 0.0570272 0.885151 0.118562 0.230183 0.0247274
1 0.503345 0.580623 0.971517 0.834226 0.0246631
1 0.751323 0.81394 0.509958 0.372843 0.02466
1 0.355052 0.68407 0.250562 0.628435 0.0245083
4 0.0124212 0.873776 0.0236285 0.219281 0.0242853
10 0.868963 0.2747 0.0717775 0.136455 0.0238303
4 0.0125371 0.891032 0.0241537 0.210867 0.0234757
10 0.852227 0.27189 0.0494417 0.0893585 0.0230411
1 0.606158 0.505278 0.342172 0.969587 0.0228553
1 0.202138 0.964711 0.396161 0.0716316 0.0228501
1 0.936572 0.293823 0.0449123 0.087112 0.0222993
1 0.523907 0.755398 0.926941 0.485834 0.0222378
1 0.609756 0.239516 0.121246 0.121667 0.0217266
1 0.663055 0.0181228 0.0683106 0.0363639 0.0214443
1 0.382081 0.890059 0.295764 0.218932 0.0213224
10 0.0400735 0.883009 0.0831742 0.229441 0.0212623
1 0.630801 0.251002 0.167933 0.106395 0.0209295
1 0.930597 0.294829 0.0528625 0.0984328 0.020383
1 0.497043 0.898577 0.930467 0.204497 0.0200361
1 0.466599 0.894495 0.882296 0.21185 0.0193252
10 0.978157 0.339774 0.0452438 0.102438 0.0189097
1 0.459657 0.890907 0.457809 0.21704 0.0176675
1 0.650519 0.504589 0.631249 0.968387 0.0167919
10 0.800471 0.0173373 0.086088 0.0352233 0.0160023
1 0.105218 0.535324 0.108594 0.287866 0.0106709
1 0.110781 0.557992 0.114962 0.331475 0.00963338
