1 0.617316 0.195714 0.745158 0.392715 0.362139
1 0.624261 0.204917 0.737235 0.411839 0.361638
1 0.500016 0.216147 0.984479 0.434833 0.323494
1 0.1236 0.0390798 0.222496 0.0774824 0.289346
1 0.189805 0.0388824 0.0800206 0.0783153 0.260429
1 0.260771 0.0551232 0.20293 0.111728 0.252772
1 0.687629 0.196905 0.613936 0.396883 0.245003
1 0.202747 0.0547979 0.385408 0.109529 0.225393
1 0.179072 0.0398406 0.117427 0.0808979 0.189808
1 0.273809 0.0502489 0.17082 0.100841 0.183791
1 0.409845 0.0886659 0.296825 0.178385 0.182412
1 0.42264 0.104101 0.347302 0.207088 0.180531
1 0.311554 0.380871 0.613423 0.766264 0.170882
1 0.835064 0.191426 0.308192 0.380299 0.167615
1 0.916171 0.0683619 0.167525 0.137851 0.162961
10 0.461952 0.241662 0.28128 0.482303 0.161774
10 0.504114 0.229782 0.168131 0.458319 0.15902
10 0.307092 0.0387759 0.0846551 0.0782775 0.157151
1 0.399343 0.10217 0.339938 0.206382 0.155429
1 0.923868 0.0522932 0.154698 0.105746 0.154118
1 0.204064 0.0439334 0.283007 0.0870891 0.151557
1 0.0671068 0.0169706 0.0846127 0.03333 0.151343
1 0.305614 0.237709 0.606264 0.478782 0.144215
1 0.308039 0.341829 0.610024 0.683802 0.142151
10 0.48464 0.225966 0.163628 0.454749 0.140166
1 0.839045 0.0866368 0.31773 0.174233 0.139824
10 0.31609 0.047735 0.120341 0.0958022 0.13406
1 0.137003 0.0522651 0.262722 0.104838 0.134036
1 0.325303 0.350881 0.63595 0.700567 0.133747
1 0.60546 0.0953312 0.768915 0.190852 0.13246
1 0.842127 0.169999 0.309709 0.342459 0.131981
1 0.296835 0.269332 0.598601 0.541357 0.131698
10 0.781128 0.14724 0.0596448 0.207342 0.129007
10 0.492124 0.245513 0.234926 0.491873 0.127795
1 0.532744 0.150753 0.580056 0.306909 0.125366
10 0.431218 0.229812 0.339872 0.459686 0.123571
1 0.607689 0.113112 0.745699 0.227451 0.123381
1 0.390341 0.0867006 0.762012 0.177588 0.122858
1 0.314735 0.361954 0.611975 0.720051 0.121863
1 0.798477 0.193957 0.401602 0.389043 0.120778
1 0.828421 0.0798413 0.335088 0.160357 0.120467
1 0.569332 0.185479 0.816193 0.376797 0.119378
1 0.299199 0.24079 0.597864 0.484065 0.113899
1 0.771702 0.0296051 0.204612 0.0593955 0.112571
1 0.41344 0.514314 0.370153 0.329971 0.111756
1 0.528429 0.0949229 0.580977 0.192569 0.111502
1 0.319357 0.0642389 0.508408 0.131243 0.111224
1 0.568349 0.183324 0.806699 0.367974 0.111175
1 0.274302 0.0856951 0.535077 0.171235 0.11082
1 0.0651528 0.0238454 0.118716 0.0475388 0.110647
1 0.857219 0.0484261 0.27374 0.0976424 0.108613
1 0.297981 0.238513 0.594277 0.478241 0.10691
1 0.718925 0.199132 0.542068 0.398737 0.106624
1 0.427729 0.25767 0.370343 0.517653 0.106545
1 0.323815 0.343673 0.591995 0.684496 0.105953
1 0.421407 0.355579 0.367028 0.707076 0.104151
1 0.60622 0.357907 0.765908 0.713394 0.103903
1 0.834316 0.122272 0.311642 0.245511 0.102871
1 0.178909 0.0924843 0.35212 0.18474 0.102824
10 0.191783 0.021178 0.0768687 0.0425725 0.102297
1 0.070383 0.0154985 0.108415 0.0313047 0.101318
1 0.966302 0.221534 0.0704618 0.434089 0.100709
1 0.424368 0.29607 0.384959 0.593104 0.0991964
1 0.363065 0.0800907 0.20423 0.159729 0.098826
1 0.628969 0.320772 0.725575 0.643673 0.0987226
1 0.596834 0.23987 0.774832 0.480802 0.0981718
1 0.744596 0.0990969 0.50025 0.199702 0.0967541
1 0.408911 0.514927 0.3578 0.311311 0.0959744
10 0.367145 0.0464561 0.188641 0.0927789 0.0958805
1 0.412099 0.089329 0.792533 0.181565 0.095821
1 0.196069 0.170721 0.380809 0.343984 0.0938266
1 0.327849 0.389021 0.645388 0.768485 0.0938026
1 0.205259 0.198946 0.405723 0.399328 0.0929753
1 0.162963 0.200657 0.320663 0.399339 0.0921045
10 0.319756 0.0357888 0.0920541 0.0727492 0.0916614
10 0.492959 0.161306 0.224629 0.326235 0.0883183
1 0.312125 0.374051 0.615689 0.744842 0.0874166
1 0.291563 0.337533 0.586276 0.673661 0.0873775
1 0.481141 0.179384 0.947817 0.36213 0.0855796
1 0.735951 0.0237777 0.288426 0.0482801 0.0855789
1 0.613824 0.380314 0.75284 0.757358 0.085291
1 0.320275 0.422249 0.628263 0.836794 0.0850619
1 0.0898908 0.0161705 0.169823 0.0347621 0.084939
10 0.335934 0.0332586 0.0628722 0.0672109 0.0831385
1 0.948863 0.73756 0.103775 0.517512 0.0830886
1 0.952502 0.704229 0.09583 0.583564 0.081576
1 0.822665 0.0346684 0.0964626 0.0702849 0.080556
1 0.3127 0.363901 0.618999 0.726795 0.0803288
10 0.780182 0.0213776 0.0684275 0.0433661 0.0796805
1 0.155116 0.175988 0.304456 0.351314 0.0796531
1 0.181035 0.972797 0.350614 0.0541197 0.0795776
1 0.355277 0.244316 0.509522 0.499775 0.0790979
1 0.689849 0.289531 0.605184 0.576081 0.0782851
10 0.182874 0.0198083 0.0912784 0.0403485 0.0780553
1 0.495092 0.314533 0.990484 0.625734 0.0777642
10 0.352317 0.0329835 0.0657567 0.0667562 0.0777383
1 0.162541 0.0478098 0.161256 0.0961426 0.0771348
1 0.740956 0.138626 0.517144 0.283583 0.0768049
1 0.921182 0.153773 0.158315 0.305206 0.0765073
1 0.39565 0.277185 0.397482 0.557987 0.0762957
10 0.497219 0.27371 0.223658 0.548083 0.0761291
1 0.409141 0.510941 0.356533 0.320473 0.0759635
1 0.932683 0.740602 0.137243 0.513258 0.0751476
10 0.518222 0.16607 0.18314 0.331486 0.0739096
1 0.415632 0.910422 0.818506 0.182621 0.0733791
1 0.701741 0.0700275 0.586591 0.142957 0.0730246
1 0.146816 0.0151376 0.131062 0.0298636 0.072715
1 0.752546 0.0179941 0.129344 0.0364774 0.0717995
1 0.402345 0.35877 0.360144 0.723133 0.0716519
10 0.882148 0.0234878 0.0703819 0.0470865 0.0715137
1 0.138227 0.97543 0.267164 0.0488888 0.0713658
1 0.983221 0.287627 0.0338871 0.294937 0.0713606
1 0.960874 0.50878 0.0810482 0.941851 0.071168
1 0.13256 0.0143979 0.107084 0.0276888 0.0710885
1 0.594521 0.228248 0.777556 0.460785 0.0708898
10 0.415684 0.0505148 0.233682 0.101291 0.0706825
1 0.819466 0.0385802 0.132235 0.0777074 0.0706799
1 0.35481 0.967618 0.6883 0.0653974 0.0704625
1 0.284533 0.349595 0.572745 0.701573 0.0698867
1 0.353609 0.904898 0.694729 0.193844 0.0696458
1 0.50166 0.330992 0.955175 0.65358 0.0693043
10 0.841078 0.0419696 0.052759 0.0846444 0.069236
1 0.930968 0.197934 0.137978 0.394739 0.0689186
1 0.494553 0.339245 0.939397 0.671857 0.0685997
1 0.454228 0.928507 0.879705 0.144879 0.0685522
1 0.795323 0.193491 0.309064 0.378595 0.0683926
1 0.953477 0.62124 0.0956986 0.750688 0.0680888
10 0.26498 0.228918 0.0604816 0.194318 0.0671935
1 0.923092 0.673211 0.154928 0.643739 0.0669386
10 0.306164 0.0476163 0.0952102 0.0972525 0.0664258
1 0.961033 0.534847 0.0812153 0.904653 0.0663275
1 0.95399 0.795512 0.092783 0.406572 0.066004
10 0.33211 0.0270481 0.1211 0.0542601 0.0657567
1 0.925241 0.801884 0.150925 0.395648 0.0653479
1 0.42049 0.504766 0.337102 0.315905 0.0652106
1 0.718041 0.117894 0.533901 0.23591 0.0651289
1 0.955604 0.666252 0.0915911 0.658124 0.0649022
1 0.599447 0.195825 0.763906 0.3913 0.0648454
1 0.482028 0.870491 0.934606 0.260182 0.0644708
1 0.75322 0.0398349 0.190858 0.0794876 0.0637386
10 0.48356 0.0647771 0.131219 0.130034 0.0637131
1 0.970838 0.170379 0.0614279 0.333568 0.0636288
1 0.117494 0.0987121 0.230124 0.196508 0.0635214
10 0.263752 0.231781 0.0615481 0.19935 0.0627954
10 0.356067 0.0229068 0.0675696 0.0459419 0.0627309
1 0.497824 0.359775 0.539543 0.722758 0.0623468
1 0.731932 0.016354 0.136552 0.032728 0.0623328
1 0.115921 0.0142113 0.123231 0.0278243 0.0622816
10 0.403745 0.0507794 0.114299 0.10232 0.062217
1 0.0495353 0.014652 0.0985196 0.0309109 0.0621002
1 0.892073 0.186256 0.192065 0.364428 0.0619893
1 0.468741 0.869997 0.497663 0.262665 0.0619372
1 0.492196 0.23421 0.991214 0.468679 0.0615693
1 0.817875 0.781635 0.359661 0.436014 0.0615145
1 0.26273 0.973692 0.503321 0.053254 0.0614464
1 0.495391 0.197664 0.964732 0.392096 0.0612696
10 0.382214 0.231864 0.372293 0.473705 0.0612389
1 0.381969 0.172708 0.30258 0.345622 0.0607304
1 0.068065 0.0523144 0.131509 0.105143 0.0606042
1 0.432373 0.537527 0.41709 0.371406 0.0604718
1 0.396126 0.968092 0.76643 0.0650389 0.0600528
1 0.930268 0.871471 0.139951 0.257649 0.0598541
1 0.747741 0.227208 0.481177 0.324766 0.0598323
1 0.91832 0.62417 0.163548 0.742402 0.0595535
1 0.986648 0.229861 0.0272829 0.145673 0.0593001
1 0.963814 0.866258 0.073958 0.2664 0.0592851
10 0.271544 0.0365963 0.0853925 0.0740115 0.0585286
1 0.15765 0.235488 0.313041 0.465384 0.0583328
1 0.430407 0.370385 0.856483 0.736382 0.0582856
10 0.760492 0.140979 0.102383 0.21544 0.0581726
1 0.713042 0.415575 0.562414 0.82495 0.0581319
1 0.851378 0.7355 0.297394 0.526305 0.0578286
1 0.898289 0.703829 0.204526 0.588502 0.0573019
10 0.207231 0.0176026 0.085974 0.0351311 0.0568527
10 0.466366 0.0576061 0.105222 0.117317 0.056664
10 0.383393 0.034854 0.126561 0.0694569 0.0561586
1 0.320312 0.153135 0.422562 0.313051 0.0561102
1 0.404881 0.869505 0.410634 0.261495 0.0558464
10 0.334604 0.0207327 0.0709246 0.0418364 0.0555817
1 0.49264 0.218553 0.954183 0.435944 0.0553465
10 0.892722 0.0237305 0.071965 0.0477509 0.0552549
1 0.86726 0.866222 0.265272 0.269027 0.0550496
10 0.390174 0.0341106 0.162743 0.0684905 0.0546864
1 0.801132 0.790101 0.398232 0.41763 0.0544998
1 0.347423 0.973898 0.671413 0.0531163 0.0543748
10 0.276315 0.0541822 0.156728 0.109539 0.0535364
1 0.415363 0.873005 0.214838 0.254408 0.0535232
10 0.355715 0.0482608 0.0825416 0.0970468 0.0534371
1 0.533801 0.0881682 0.27215 0.177368 0.053137
1 0.971151 0.368089 0.0606638 0.580967 0.0529533
1 0.959576 0.0696814 0.0818594 0.139424 0.0528832
10 0.26526 0.229095 0.0638199 0.20188 0.0528753
10 0.788758 0.0184388 0.0884825 0.038012 0.0528216
1 0.56736 0.936335 0.30812 0.128774 0.0522973
1 0.556908 0.231915 0.787787 0.465891 0.0522968
10 0.504498 0.302387 0.173274 0.603686 0.0521303
10 0.653688 0.0156927 0.0718486 0.0317557 0.0511119
10 0.883984 0.027448 0.0832308 0.0556404 0.0510383
1 0.503458 0.87702 0.948129 0.246594 0.0509593
10 0.500351 0.0871449 0.166908 0.174044 0.0509007
1 0.989981 0.259365 0.0205015 0.222686 0.0507578
1 0.972934 0.0509665 0.0556423 0.101582 0.0507198
10 0.870076 0.0222858 0.142745 0.0453926 0.0504501
1 0.458164 0.51121 0.294368 0.318137 0.0495881
1 0.891824 0.233041 0.181773 0.288615 0.0493642
10 0.864937 0.0198155 0.0770191 0.0400965 0.0492205
1 0.986976 0.239363 0.0272526 0.100776 0.049186
1 0.671355 0.0207283 0.198897 0.0417608 0.0485966
1 0.932037 0.591956 0.140081 0.799033 0.0483802
1 0.949785 0.443092 0.099917 0.860433 0.0483331
1 0.624257 0.0920471 0.232885 0.186584 0.0475822
1 0.0901669 0.977605 0.171619 0.044285 0.0473058
1 0.985952 0.233461 0.0291983 0.118955 0.046252
10 0.985319 0.0223544 0.0313383 0.0451314 0.0461776
10 0.865124 0.0290091 0.0963488 0.0588402 0.0456902
1 0.526717 0.895038 0.208606 0.210826 0.0456558
10 0.849879 0.0398692 0.0521753 0.0809249 0.0454106
1 0.149057 0.279614 0.297171 0.558077 0.0450144
1 0.94835 0.227613 0.10719 0.357671 0.0446353
1 0.495316 0.520366 0.555196 0.345324 0.0445922
10 0.910079 0.0225454 0.109679 0.0456 0.044405
10 0.382664 0.023387 0.106099 0.0462472 0.04353
1 0.0833728 0.0341769 0.164785 0.0693339 0.0434635
1 0.747088 0.236367 0.490534 0.472515 0.0433646
1 0.72232 0.782305 0.548057 0.434585 0.0430617
10 0.915772 0.0289671 0.132626 0.0590292 0.0427571
1 0.675153 0.0146207 0.14041 0.030208 0.0422924
10 0.848807 0.0178321 0.0499283 0.0362372 0.0421127
1 0.698621 0.0129818 0.134291 0.0262808 0.0420128
1 0.987307 0.21933 0.0267349 0.150936 0.0418495
1 0.617771 0.0232645 0.234063 0.0469663 0.0416426
1 0.964675 0.909173 0.0733099 0.183916 0.0415857
10 0.903452 0.0311834 0.123189 0.0634767 0.040743
1 0.941926 0.918476 0.116794 0.16627 0.0407109
1 0.827972 0.0189299 0.0847181 0.0386211 0.0403018
1 0.505223 0.849355 0.33905 0.303677 0.0397084
1 0.126313 0.889337 0.24914 0.224351 0.0394437
1 0.688765 0.012498 0.126899 0.0253217 0.0387762
10 0.409892 0.0330011 0.127492 0.0664739 0.0387022
1 0.878934 0.916317 0.242181 0.169643 0.0376795
1 0.108602 0.0308137 0.18944 0.0617723 0.0375841
1 0.835363 0.0176302 0.123328 0.035815 0.0374908
1 0.548544 0.967764 0.381456 0.0657854 0.0372591
1 0.413824 0.586928 0.358151 0.205225 0.0369986
1 0.934281 0.0299224 0.137177 0.0609549 0.036998
1 0.54688 0.518431 0.162403 0.274798 0.0369636
1 0.473792 0.457464 0.197182 0.183864 0.0368232
1 0.419769 0.973892 0.627916 0.0538433 0.0368056
1 0.0907042 0.156564 0.181155 0.311008 0.0363139
1 0.278491 0.47193 0.551335 0.934227 0.0363033
10 0.541376 0.0416558 0.235143 0.0846224 0.0362926
1 0.547084 0.523526 0.637604 0.344272 0.0362249
1 0.893348 0.269354 0.153807 0.203329 0.0358841
1 0.507195 0.477309 0.185137 0.309307 0.0357293
10 0.845318 0.0329959 0.147488 0.0673312 0.0356106
1 0.721792 0.92171 0.335625 0.158378 0.0352767
1 0.828118 0.926004 0.248194 0.151877 0.0345319
10 0.930962 0.0198774 0.139832 0.0401224 0.0339432
1 0.477778 0.528038 0.418893 0.324022 0.0338502
1 0.511277 0.541603 0.601005 0.348764 0.0336102
10 0.983091 0.0444954 0.0355247 0.090325 0.0334597
1 0.434682 0.976045 0.805671 0.0486435 0.0327302
10 0.237586 0.0450363 0.135262 0.0907306 0.032663
1 0.771042 0.403975 0.448936 0.798098 0.0324686
1 0.372686 0.583479 0.423703 0.416183 0.0323738
1 0.570055 0.81197 0.849526 0.38008 0.0322086
1 0.0903191 0.330468 0.181257 0.648585 0.0318909
1 0.0708595 0.304417 0.141981 0.596089 0.0313054
1 0.329608 0.818454 0.617402 0.361731 0.0311834
1 0.691188 0.394601 0.570817 0.77042 0.0308823
1 0.520236 0.452201 0.148142 0.176123 0.0303193
1 0.557409 0.852324 0.273356 0.297795 0.0297806
10 0.842223 0.0550371 0.133359 0.111364 0.0297791
1 0.0785888 0.981377 0.155711 0.0380777 0.0296467
1 0.0901653 0.982499 0.15653 0.0347598 0.0288903
1 0.0662686 0.982061 0.128667 0.0362219 0.0287907
10 0.585829 0.00963677 0.0822234 0.0195119 0.0284698
1 0.391047 0.59005 0.316765 0.17006 0.0279428
1 0.435064 0.811409 0.270474 0.368467 0.0279212
1 0.198301 0.786105 0.387616 0.426933 0.0276901
1 0.0755105 0.201049 0.148294 0.383207 0.0274437
1 0.557538 0.353977 0.593341 0.608102 0.0272694
1 0.596598 0.551946 0.731812 0.504135 0.0271373
10 0.834215 0.210299 0.0844727 0.158995 0.026753
1 0.0516852 0.367547 0.105344 0.721204 0.0265964
1 0.595287 0.580259 0.772686 0.485447 0.0256601
1 0.602405 0.490773 0.321346 0.342627 0.0253773
1 0.508403 0.813633 0.357741 0.371299 0.0250143
1 0.0657849 0.387852 0.133266 0.737106 0.0248432
1 0.379455 0.563836 0.750513 0.639846 0.0241033
1 0.611952 0.546286 0.704868 0.540141 0.023742
1 0.757305 0.562338 0.440895 0.604494 0.0222124
1 0.611845 0.604443 0.714468 0.642555 0.0219587
1 0.545596 0.48195 0.116689 0.139216 0.0219499
1 0.747704 0.492085 0.384136 0.391319 0.0217164
1 0.0730809 0.320688 0.143926 0.33477 0.0209893
10 0.766903 0.164542 0.0925599 0.245969 0.0208049
10 0.689307 0.19832 0.113296 0.264977 0.0185347
10 0.288522 0.228263 0.0547932 0.183441 0.0164839
10 0.230083 0.235038 0.0604891 0.193928 0.0138428
