9 0.641347 0.519002 0.177738 0.274633 0.816049
10 0.483035 0.418517 0.0854368 0.264902 0.785003
10 0.652656 0.746124 0.0866256 0.147816 0.426972
9 0.591133 0.748755 0.219254 0.204358 0.274141
9 0.677445 0.51942 0.110721 0.266186 0.264131
9 0.682053 0.73435 0.420531 0.346608 0.161401
10 0.500138 0.416338 0.0585592 0.258669 0.114693
9 0.735923 0.516951 0.113816 0.247653 0.111305
9 0.721957 0.518626 0.139329 0.251978 0.101088
9 0.705815 0.49022 0.185545 0.325243 0.0985567
11 0.500675 0.0773306 0.972653 0.154227 0.0964301
11 0.500355 0.0750977 0.97411 0.150242 0.0919486
9 0.520167 0.460534 0.138257 0.181027 0.084773
9 0.672876 0.492829 0.134145 0.326662 0.0831787
10 0.481893 0.410143 0.0772808 0.251746 0.0825355
10 0.819235 0.593365 0.120264 0.126694 0.0780449
9 0.674112 0.762715 0.394069 0.266964 0.0757394
9 0.590288 0.775071 0.225812 0.255411 0.0753973
10 0.663252 0.736067 0.0650482 0.12975 0.0737128
10 0.64889 0.75174 0.181404 0.177026 0.071133
4 0.641335 0.0215316 0.676824 0.0437114 0.0700529
10 0.622208 0.782848 0.0533805 0.102921 0.0669513
4 0.620344 0.0223697 0.710479 0.0455831 0.0651923
11 0.446974 0.954789 0.881635 0.0885321 0.0649684
10 0.510837 0.415758 0.0682945 0.263063 0.0626447
10 0.676938 0.735294 0.0634605 0.12547 0.0622395
11 0.621148 0.0720381 0.726005 0.14495 0.062224
11 0.631358 0.0687967 0.702781 0.139284 0.0611673
10 0.795332 0.568101 0.0493009 0.0773082 0.0611197
7 0.992225 0.0727001 0.0153847 0.146156 0.0611123
4 0.585453 0.0216281 0.767869 0.0446784 0.05786
10 0.809995 0.59401 0.14611 0.136917 0.0571838
9 0.736593 0.496074 0.0818545 0.187859 0.0569752
11 0.503292 0.0676818 0.942692 0.13552 0.0565402
9 0.583435 0.475391 0.0666068 0.160213 0.0559852
4 0.688576 0.0187873 0.572258 0.0382931 0.0552409
11 0.621902 0.0886845 0.730778 0.177043 0.0548469
10 0.627202 0.750949 0.133371 0.168667 0.0536081
9 0.629352 0.47896 0.112657 0.186286 0.0528102
4 0.565064 0.0209726 0.697942 0.0433412 0.0525786
10 0.788725 0.577084 0.0525313 0.0931134 0.0521603
11 0.445548 0.941384 0.877567 0.117896 0.0516507
6 0.970304 0.507324 0.0580383 0.984263 0.0491266
7 0.991796 0.0471779 0.0164944 0.097211 0.0487452
11 0.661234 0.0861983 0.656279 0.172598 0.0465545
11 0.497517 0.0654408 0.972935 0.131705 0.0463837
10 0.727165 0.753154 0.0708909 0.130913 0.0454735
9 0.67745 0.6094 0.432469 0.59239 0.0449754
10 0.505304 0.451645 0.0528435 0.193571 0.04467
10 0.511374 0.420541 0.0547232 0.248501 0.0446664
10 0.610658 0.758115 0.143496 0.185273 0.044081
4 0.512411 0.0193537 0.465607 0.0395244 0.0430102
9 0.683526 0.76867 0.413608 0.274965 0.0427799
9 0.602132 0.482303 0.107801 0.183021 0.0416435
10 0.624771 0.751157 0.0740555 0.151864 0.0413049
6 0.982306 0.509482 0.0352799 0.976747 0.0412802
4 0.757815 0.0193416 0.447896 0.0389356 0.040577
9 0.575562 0.461203 0.0550655 0.133509 0.0401373
4 0.543113 0.745221 0.125191 0.192165 0.0397319
9 0.595974 0.773713 0.254699 0.263941 0.0395991
4 0.469382 0.01918 0.556291 0.0393742 0.0394161
10 0.736601 0.750086 0.0628098 0.123022 0.0393319
10 0.61892 0.755723 0.0874232 0.166354 0.0383293
9 0.702014 0.519308 0.295274 0.284675 0.038292
9 0.794445 0.591253 0.165607 0.13511 0.0381925
10 0.462546 0.397125 0.0659805 0.216239 0.0381379
6 0.98237 0.718691 0.0351864 0.559666 0.0381243
10 0.662757 0.717636 0.0626281 0.0939103 0.0378175
11 0.580871 0.0880414 0.80872 0.175174 0.0369066
9 0.657408 0.351394 0.0387997 0.0503292 0.0363844
11 0.462206 0.9618 0.910205 0.0757236 0.0356376
4 0.462724 0.0198362 0.769888 0.0406422 0.0355714
10 0.513961 0.419145 0.0759339 0.26057 0.0355407
11 0.499732 0.0650294 0.977088 0.131742 0.0354533
10 0.450096 0.415633 0.0618141 0.254178 0.035156
9 0.52778 0.465434 0.170453 0.186242 0.0350598
10 0.631364 0.473233 0.0705884 0.171366 0.0350475
6 0.175262 0.950516 0.345101 0.101691 0.0350154
10 0.517318 0.417869 0.0554136 0.25696 0.0348851
10 0.516457 0.417888 0.0569513 0.257629 0.0342297
10 0.991109 0.387472 0.017969 0.239904 0.0340387
9 0.582208 0.512566 0.0860487 0.241392 0.0339192
2 0.629077 0.782917 0.055131 0.0992027 0.0338809
10 0.769406 0.590521 0.061285 0.117818 0.0335573
11 0.724571 0.0630332 0.536653 0.129214 0.0334441
9 0.704164 0.492626 0.0833305 0.192727 0.0332186
9 0.694699 0.497884 0.105028 0.208417 0.033117
10 0.566366 0.455811 0.0384727 0.112338 0.0331091
10 0.457105 0.367221 0.0439505 0.154901 0.0330902
3 0.496283 0.33378 0.984678 0.669043 0.0328236
4 0.440826 0.0246193 0.810985 0.0497692 0.0325791
11 0.197519 0.949805 0.386054 0.102921 0.03226
9 0.617952 0.479343 0.0867127 0.185212 0.032164
11 0.367152 0.956894 0.725535 0.0854305 0.032115
11 0.500229 0.0475938 0.941965 0.0966713 0.032032
11 0.500211 0.0578218 0.96948 0.117441 0.0317083
10 0.676383 0.758395 0.211502 0.256969 0.031574
6 0.183068 0.963487 0.362588 0.0750206 0.0315328
10 0.575426 0.746404 0.16472 0.182357 0.0315022
4 0.799817 0.602512 0.167592 0.148541 0.0311705
10 0.0273318 0.568305 0.0540082 0.688763 0.0311213
11 0.238584 0.822209 0.159062 0.204672 0.031109
11 0.457728 0.947939 0.904441 0.105597 0.0310555
6 0.0208472 0.784312 0.042786 0.27234 0.0309767
10 0.457053 0.377898 0.0557553 0.174432 0.0308907
9 0.574632 0.773295 0.288988 0.263329 0.0307522
4 0.471349 0.0122907 0.263408 0.0252898 0.0304303
11 0.464703 0.961964 0.918785 0.0755068 0.0301388
2 0.717579 0.86188 0.046261 0.0624214 0.0299522
10 0.458565 0.352419 0.0397401 0.122369 0.0299095
6 0.130106 0.970497 0.259831 0.0596611 0.0294997
11 0.313631 0.949007 0.616208 0.103337 0.0294351
1 0.0251241 0.72166 0.0506909 0.149723 0.0293945
10 0.021713 0.689053 0.0442065 0.459069 0.0293607
9 0.622727 0.448991 0.123176 0.242857 0.0293438
6 0.983989 0.783552 0.032046 0.429481 0.0292734
10 0.674532 0.746406 0.0652532 0.139253 0.0291428
10 0.629724 0.472922 0.0658458 0.173535 0.0291266
9 0.631863 0.479488 0.0879114 0.186626 0.0290068
4 0.499917 0.0124531 0.251785 0.0256021 0.0288067
10 0.48447 0.361864 0.0680728 0.144699 0.028762
10 0.607746 0.742167 0.0996441 0.155289 0.0285181
4 0.486345 0.0122371 0.239037 0.0252248 0.0285154
6 0.105699 0.969141 0.211721 0.063464 0.0284312
9 0.694812 0.508638 0.0842949 0.239758 0.0284033
10 0.0590573 0.584064 0.117527 0.66238 0.0283767
10 0.646549 0.454145 0.0575025 0.133187 0.0283575
10 0.77189 0.522947 0.0721919 0.246144 0.0282925
10 0.44785 0.413867 0.0583532 0.252777 0.0282641
10 0.560072 0.456695 0.0493163 0.117243 0.0282387
9 0.536854 0.472957 0.0652119 0.160338 0.0280851
10 0.462316 0.435291 0.0803959 0.237916 0.0280667
11 0.492501 0.824183 0.957004 0.349828 0.0279594
11 0.492332 0.0924243 0.968112 0.185855 0.0278701
4 0.461912 0.0119991 0.217784 0.0245065 0.027866
10 0.553419 0.457496 0.0388903 0.121999 0.0276707
0 0.653372 0.381006 0.0610241 0.116557 0.0275972
10 0.684943 0.741049 0.0658697 0.134605 0.0275886
9 0.664935 0.522868 0.148191 0.262165 0.0274225
10 0.0536423 0.727694 0.108582 0.381152 0.0272971
10 0.0220407 0.643469 0.0439515 0.539335 0.0270396
11 0.244184 0.819877 0.148284 0.208131 0.0270208
11 0.0569521 0.777248 0.114118 0.282752 0.0269889
4 0.547507 0.0109731 0.246608 0.0226714 0.0267767
11 0.232899 0.963917 0.456603 0.0740886 0.026702
10 0.639647 0.468996 0.068842 0.167275 0.0266169
10 0.50652 0.376015 0.0429052 0.160576 0.0265968
10 0.569861 0.452713 0.0432299 0.110808 0.0265787
4 0.45047 0.0114788 0.205267 0.0236316 0.0265029
9 0.713956 0.494393 0.361399 0.346506 0.026463
9 0.763644 0.592107 0.237903 0.137685 0.0264078
5 0.831122 0.02097 0.331415 0.0419171 0.0259976
9 0.619648 0.484833 0.0845471 0.194856 0.0258523
9 0.691583 0.519898 0.101557 0.264202 0.025741
11 0.45311 0.903598 0.875311 0.195843 0.0257308
6 0.966 0.510099 0.064827 0.977805 0.0256505
7 0.0180607 0.695056 0.0366705 0.0851167 0.0255649
10 0.663915 0.70204 0.0543017 0.0588761 0.0255046
11 0.470348 0.798482 0.926526 0.402625 0.0252099
10 0.893717 0.5035 0.218698 0.991343 0.0251164
9 0.751535 0.644071 0.277885 0.526399 0.0249915
4 0.51926 0.0122657 0.213154 0.0250207 0.0249681
9 0.551168 0.473113 0.059656 0.156345 0.0249437
9 0.546998 0.467949 0.111181 0.159447 0.0248458
4 0.435896 0.0116875 0.190269 0.0238524 0.0246315
10 0.539348 0.740275 0.141877 0.188321 0.0245863
10 0.51541 0.421012 0.0556496 0.254386 0.0245675
4 0.542904 0.0112974 0.20394 0.0229313 0.0245141
11 0.460434 0.941879 0.896296 0.118043 0.024499
9 0.562372 0.474218 0.0605616 0.154685 0.0243917
4 0.815938 0.590048 0.144086 0.122676 0.0242905
10 0.646375 0.383935 0.0510341 0.115651 0.0242729
10 0.0636507 0.54823 0.127487 0.74039 0.0242302
5 0.287239 0.0623065 0.555247 0.125185 0.0241276
10 0.758463 0.514849 0.0562778 0.183533 0.0241244
11 0.499885 0.768121 0.986933 0.457145 0.0240788
10 0.0580308 0.480616 0.117691 0.874389 0.0239648
10 0.515658 0.429463 0.0665895 0.242169 0.0238036
10 0.0136072 0.815162 0.0284618 0.216941 0.0237705
1 0.16556 0.784442 0.326181 0.283305 0.0236693
6 0.0806673 0.949211 0.161039 0.10369 0.0235915
6 0.987761 0.834308 0.0234705 0.331668 0.023562
10 0.777076 0.57787 0.0422245 0.0877259 0.0235447
10 0.0111712 0.84112 0.0236919 0.168734 0.0234152
10 0.754648 0.499485 0.0499207 0.15304 0.0233158
4 0.42041 0.0113469 0.189309 0.0234462 0.0233077
11 0.490259 0.877584 0.969576 0.246652 0.0232397
9 0.680345 0.518745 0.133945 0.262409 0.0232138
2 0.722901 0.859056 0.0417514 0.068561 0.02316
11 0.165353 0.812816 0.325709 0.227219 0.0229724
10 0.991467 0.455537 0.0142608 0.42005 0.0229092
9 0.670555 0.515552 0.0864726 0.255667 0.022904
10 0.526028 0.417036 0.17447 0.262103 0.022788
11 0.496558 0.810332 0.971263 0.371213 0.0227163
10 0.697053 0.754256 0.191366 0.229294 0.0227054
10 0.443393 0.414159 0.0555648 0.252651 0.0226251
6 0.95447 0.818906 0.0933085 0.363162 0.0222349
4 0.570703 0.0105182 0.193438 0.0214951 0.0221839
10 0.511913 0.455309 0.0552241 0.188167 0.0220851
9 0.706947 0.515116 0.157335 0.259414 0.0218438
9 0.685416 0.719482 0.433009 0.38853 0.0217032
10 0.639251 0.741878 0.170546 0.179463 0.021652
11 0.456278 0.900463 0.889214 0.198196 0.0215907
1 0.166298 0.740165 0.325101 0.375073 0.0215587
10 0.555628 0.466946 0.0290336 0.0877037 0.0215426
9 0.693353 0.503111 0.241237 0.308004 0.0215086
10 0.447334 0.40432 0.042986 0.236247 0.021269
10 0.0667129 0.473399 0.136398 0.889781 0.0212585
11 0.255811 0.929782 0.508375 0.143271 0.0212027
11 0.819738 0.0723789 0.357426 0.148707 0.021176
6 0.975471 0.5449 0.0415432 0.926745 0.0210402
10 0.748716 0.757654 0.0758216 0.140991 0.0209734
3 0.497762 0.334031 0.984619 0.669018 0.0209646
11 0.204343 0.925348 0.40133 0.152204 0.0209468
4 0.396159 0.0110637 0.195989 0.0230054 0.0204075
10 0.525248 0.418955 0.0539473 0.254032 0.0203994
10 0.964607 0.0164792 0.0757297 0.033967 0.0202941
10 0.804157 0.592231 0.101767 0.1261 0.0201895
10 0.44112 0.417313 0.0418485 0.268384 0.0199809
10 0.760007 0.742933 0.0589316 0.120587 0.0198666
9 0.707378 0.558054 0.163694 0.210523 0.0198559
11 0.496271 0.0924733 0.979285 0.188352 0.0197361
2 0.640776 0.778324 0.0487884 0.0956536 0.0195729
10 0.668682 0.350614 0.0351764 0.0512622 0.0193467
10 0.69521 0.748375 0.0659146 0.147736 0.0192905
10 0.488543 0.415132 0.143989 0.272881 0.0192856
10 0.601652 0.433752 0.039815 0.216597 0.0192686
7 0.931522 0.0298668 0.139295 0.0607218 0.0192561
11 0.499133 0.0959727 0.990267 0.195194 0.0191442
4 0.386502 0.0111847 0.183731 0.0231724 0.0190911
9 0.702273 0.513826 0.0902384 0.246425 0.0190511
6 0.0972244 0.925851 0.195004 0.149882 0.018777
10 0.649205 0.775133 0.199328 0.241809 0.0185188
9 0.705603 0.478489 0.0641999 0.165654 0.0184981
10 0.658123 0.416741 0.0342255 0.054179 0.0184366
10 0.682036 0.725759 0.0602125 0.113819 0.0184164
6 0.912097 0.0895533 0.172283 0.182937 0.0180368
10 0.601782 0.786966 0.051632 0.106106 0.0180241
10 0.474715 0.347747 0.0352499 0.104272 0.0176404
9 0.614575 0.457476 0.0842311 0.136214 0.0176254
10 0.490298 0.345451 0.0449813 0.102979 0.017509
10 0.445141 0.394014 0.0522599 0.212801 0.0174988
10 0.0118205 0.496484 0.0307557 0.854901 0.0173424
9 0.618121 0.455907 0.0777078 0.131251 0.017308
9 0.667692 0.733942 0.468383 0.371598 0.0172871
10 0.756147 0.458151 0.0275361 0.0531751 0.0171985
9 0.63273 0.62171 0.528565 0.655697 0.016931
3 0.49207 0.428369 0.983854 0.848191 0.0169242
10 0.83314 0.498971 0.339992 0.989043 0.0165233
11 0.468178 0.964348 0.911878 0.0704985 0.0164973
2 0.295613 0.392846 0.0189362 0.175239 0.016496
7 0.0405539 0.0741102 0.0981288 0.153507 0.0164396
4 0.748715 0.598519 0.0852095 0.0996328 0.0163084
10 0.111959 0.578315 0.230473 0.695037 0.0162152
10 0.539683 0.457228 0.0401457 0.125477 0.0160156
1 0.11184 0.783938 0.226718 0.278464 0.0159882
11 0.5 0.0935103 0.990299 0.189241 0.0158064
10 0.524893 0.425027 0.0556858 0.248792 0.0156086
3 0.49293 0.366067 0.967796 0.735072 0.0155909
9 0.657002 0.787516 0.407423 0.24019 0.0155411
11 0.463714 0.957339 0.909649 0.0850335 0.0154497
11 0.503446 0.748281 0.983979 0.47327 0.0153223
11 0.486534 0.0768986 0.948553 0.154463 0.0151224
9 0.667468 0.778177 0.447475 0.374816 0.0148498
6 0.855456 0.780795 0.285694 0.426498 0.0147717
10 0.708769 0.745098 0.0633339 0.143085 0.0147629
9 0.558744 0.520306 0.136349 0.265416 0.0146565
9 0.554985 0.50207 0.144133 0.238991 0.0145966
11 0.478063 0.779965 0.903227 0.293847 0.0145623
10 0.648132 0.732045 0.318588 0.210747 0.0145153
10 0.511311 0.349652 0.0389815 0.111608 0.0144649
9 0.591608 0.634046 0.594059 0.548944 0.0141509
11 0.4627 0.961317 0.901599 0.0767937 0.01414
1 0.469773 0.779669 0.903395 0.32895 0.0141258
9 0.611518 0.448786 0.0485735 0.114233 0.0139114
1 0.187963 0.723413 0.37043 0.411375 0.0138237
11 0.506855 0.859893 0.819506 0.129068 0.0138041
10 0.831065 0.581527 0.0604282 0.0916006 0.01371
11 0.246279 0.899719 0.456147 0.123536 0.0133778
6 0.0897671 0.988532 0.184884 0.025515 0.0131738
11 0.463363 0.966046 0.901435 0.0663307 0.0129777
10 0.672778 0.426205 0.0562216 0.0770375 0.012938
3 0.390147 0.330059 0.762421 0.661464 0.0126943
10 0.686451 0.430991 0.029027 0.0733108 0.012575
9 0.701788 0.604205 0.103949 0.0947003 0.0125394
11 0.49717 0.0901623 0.985247 0.17805 0.0124054
10 0.420487 0.439716 0.064099 0.267074 0.0122055
6 0.0996519 0.987722 0.228346 0.0282819 0.0122026
3 0.497256 0.277815 0.957141 0.55346 0.0118321
10 0.394643 0.0560838 0.169478 0.113167 0.0115904
10 0.756687 0.484282 0.436949 0.950368 0.0113945
1 0.47325 0.754672 0.899579 0.340618 0.011188
10 0.192885 0.476193 0.382759 0.935569 0.0111089
10 0.367086 0.0515146 0.151108 0.104167 0.0110841
10 0.343723 0.0495724 0.133299 0.101077 0.0104338
3 0.454734 0.464948 0.911209 0.911239 0.0101752
3 0.470992 0.356933 0.929641 0.621839 0.009865
3 0.43517 0.375494 0.846624 0.584454 0.00930244
11 0.464173 0.767154 0.876169 0.296936 0.00923549
10 0.379195 0.213599 0.032758 0.0748045 0.0083635
