4 0.744003 0.501318 0.406414 0.404796 0.890366
4 0.459895 0.236013 0.0500636 0.0528972 0.649802
11 0.96543 0.281013 0.07104 0.197414 0.369388
11 0.966008 0.341209 0.0698704 0.327208 0.19727
11 0.967522 0.256398 0.0672277 0.141441 0.197074
4 0.415965 0.239617 0.0385408 0.0531591 0.156852
4 0.467275 0.235008 0.0464897 0.0516701 0.137913
10 0.107181 0.270971 0.0289939 0.0561517 0.120548
4 0.417524 0.240719 0.0476171 0.0557681 0.120252
4 0.436115 0.229886 0.0832663 0.0706441 0.118633
4 0.42448 0.236359 0.0486977 0.0544786 0.108741
10 0.273111 0.21866 0.022105 0.0439716 0.103732
4 0.277916 0.219456 0.0258811 0.0434926 0.102117
4 0.524572 0.223992 0.0491013 0.0584641 0.0919707
4 0.272225 0.222859 0.0268929 0.0399371 0.0913694
4 0.335207 0.211047 0.0420462 0.059021 0.0910054
11 0.983312 0.265249 0.0345146 0.151293 0.0851384
4 0.508777 0.238281 0.0303242 0.029249 0.0845312
11 0.985088 0.257587 0.0307022 0.136664 0.0839895
11 0.0436291 0.939837 0.0887387 0.114536 0.0788602
6 0.0445464 0.857485 0.0892117 0.274093 0.0772717
6 0.0454147 0.897506 0.0924594 0.196534 0.0763379
4 0.331916 0.212532 0.0458559 0.0696425 0.0762716
4 0.521396 0.215759 0.0601302 0.0700236 0.0753733
4 0.424451 0.23418 0.0505096 0.0615183 0.0695686
4 0.426443 0.236934 0.0367255 0.0556562 0.0688145
10 0.1059 0.26878 0.026634 0.0545206 0.0635253
11 0.988745 0.255261 0.0232319 0.128117 0.05822
4 0.419079 0.238383 0.0420374 0.0532639 0.057603
10 0.110915 0.270956 0.036921 0.0559719 0.0569485
10 0.119866 0.270379 0.0313834 0.0554099 0.0553115
4 0.41053 0.240381 0.0725977 0.0587114 0.0547186
10 0.462513 0.0396292 0.0961442 0.0757187 0.0546048
11 0.970567 0.2583 0.0609915 0.129638 0.0528901
4 0.321043 0.217859 0.0399186 0.0584095 0.052387
10 0.456707 0.0402809 0.147129 0.0784146 0.0520853
6 0.0608976 0.915133 0.123689 0.163918 0.0520142
6 0.0569506 0.876088 0.115237 0.238385 0.0512811
11 0.94577 0.310817 0.10921 0.349026 0.0511831
3 0.418365 0.225721 0.0543201 0.0825041 0.0511104
4 0.401264 0.237254 0.028318 0.0546265 0.0506147
10 0.422735 0.238535 0.0217596 0.0535389 0.0499676
11 0.968295 0.277314 0.0640652 0.169018 0.0494635
6 0.0382648 0.793799 0.0773445 0.39639 0.0488735
6 0.0264553 0.745986 0.053944 0.485699 0.0476958
11 0.986526 0.300817 0.0280259 0.192628 0.0475243
11 0.969277 0.240982 0.0665751 0.106465 0.047096
6 0.0743988 0.739905 0.146733 0.496213 0.0464579
11 0.985727 0.359574 0.0283152 0.348743 0.0452795
4 0.533611 0.226541 0.0491921 0.055424 0.0451589
6 0.0672525 0.943464 0.135813 0.107401 0.0440186
11 0.959577 0.283202 0.0768904 0.19035 0.0436676
11 0.962512 0.33454 0.0752454 0.29535 0.0435696
6 0.985654 0.335564 0.0287013 0.243226 0.0426956
4 0.52078 0.21611 0.043956 0.0720421 0.0425932
6 0.988187 0.423688 0.0234296 0.435783 0.0416374
4 0.502978 0.219663 0.0387842 0.0627314 0.041488
4 0.289491 0.321592 0.0308037 0.0704467 0.0412036
11 0.959286 0.266618 0.0723593 0.159627 0.0406844
10 0.389087 0.225017 0.0321018 0.0695949 0.0398025
10 0.0966593 0.273235 0.0225065 0.0557828 0.0396396
11 0.963796 0.245431 0.0758879 0.120784 0.0393068
11 0.967881 0.226483 0.0688875 0.197074 0.0387582
10 0.262522 0.21795 0.024878 0.0469206 0.0387326
4 0.292081 0.319749 0.0304924 0.0716751 0.0384845
11 0.957804 0.340313 0.0871964 0.314387 0.0380031
4 0.316749 0.218617 0.0207697 0.0421306 0.0377958
2 0.756244 0.157953 0.119884 0.278557 0.0376905
4 0.303324 0.218183 0.0720576 0.0494196 0.0369281
10 0.338478 0.217613 0.0357538 0.0750221 0.0367149
10 0.177831 0.390033 0.0593979 0.284526 0.0362104
4 0.500153 0.235188 0.0355054 0.0366264 0.0360744
0 0.0831066 0.605599 0.162555 0.760651 0.0360729
4 0.391389 0.238825 0.033169 0.053207 0.0357979
10 0.386432 0.220192 0.0271555 0.0597418 0.0356974
6 0.0667599 0.833909 0.133189 0.318091 0.0352454
4 0.491769 0.230595 0.045423 0.0543345 0.0352204
6 0.0149619 0.733011 0.0305178 0.472332 0.0351208
10 0.0938241 0.790504 0.0623796 0.194149 0.0349142
4 0.345225 0.207358 0.0424246 0.0649928 0.034812
6 0.988114 0.370812 0.0240307 0.349909 0.0347984
1 0.0926729 0.682837 0.185781 0.605123 0.0343011
10 0.0840729 0.793571 0.0504123 0.186956 0.0332816
10 0.130175 0.269415 0.0207992 0.0517339 0.0332264
10 0.397785 0.927282 0.0407472 0.0803329 0.033219
1 0.0660669 0.711062 0.132862 0.455111 0.0325553
10 0.429392 0.231283 0.0334228 0.0597898 0.0322492
4 0.304982 0.22038 0.0420973 0.0431017 0.0315476
4 0.375436 0.209905 0.0425889 0.0601954 0.0311467
10 0.388534 0.22356 0.0416711 0.0787643 0.0311309
10 0.83467 0.0366566 0.0844385 0.0730026 0.0310611
0 0.110814 0.769062 0.105693 0.250254 0.0309259
4 0.327788 0.217004 0.0437151 0.0784612 0.0299595
6 0.0618152 0.821495 0.125812 0.344063 0.0295561
4 0.383586 0.209471 0.0394012 0.0568278 0.0294148
4 0.24023 0.222732 0.024973 0.0411802 0.0292857
10 0.279033 0.320251 0.03041 0.0735101 0.0289576
10 0.379579 0.221282 0.0323213 0.069202 0.0287573
1 0.0908161 0.501912 0.18215 0.95783 0.0280334
10 0.176369 0.391827 0.046603 0.287765 0.0277041
6 0.013316 0.701054 0.0268635 0.456131 0.0276786
4 0.304408 0.217915 0.0628153 0.0461284 0.0275822
1 0.0622302 0.662034 0.125812 0.6179 0.0275768
4 0.281427 0.304352 0.0333822 0.10846 0.0274198
6 0.985242 0.41828 0.0294418 0.248294 0.0273042
11 0.988283 0.344793 0.0238565 0.198398 0.0272577
1 0.155612 0.504333 0.308885 0.973704 0.027064
4 0.991873 0.483545 0.0171921 0.303406 0.0270435
4 0.311991 0.221693 0.0298964 0.0363362 0.0269016
4 0.292766 0.214964 0.0599298 0.0546822 0.0267763
4 0.247354 0.227622 0.0209737 0.0389714 0.0267586
0 0.108292 0.774302 0.108091 0.240605 0.0266896
4 0.504589 0.221138 0.0773734 0.0621105 0.0266336
10 0.586226 0.251357 0.0296226 0.0744535 0.0262885
10 0.600466 0.224116 0.0343395 0.107674 0.0261886
4 0.575683 0.238552 0.0282586 0.0453521 0.0260734
4 0.54319 0.239436 0.0396031 0.0325271 0.0260071
6 0.986873 0.397755 0.0260862 0.24708 0.025948
4 0.986759 0.479711 0.0271936 0.0798598 0.0259198
7 0.55951 0.668746 0.072764 0.16902 0.0257688
10 0.0782095 0.799143 0.0511733 0.184886 0.0257297
1 0.105462 0.501345 0.209466 0.971309 0.0255623
10 0.0134877 0.527454 0.0277113 0.893585 0.0255593
1 0.13879 0.742476 0.274556 0.494193 0.0254168
1 0.0222238 0.515372 0.0462885 0.929 0.0253825
1 0.105342 0.561341 0.212994 0.843323 0.0253746
6 0.935573 0.273543 0.132112 0.491991 0.0249784
4 0.543513 0.211353 0.0511947 0.0756848 0.0248681
10 0.576857 0.0417916 0.476089 0.0820842 0.0247429
4 0.558029 0.238337 0.06909 0.0509541 0.0247299
7 0.560186 0.668996 0.0767177 0.172996 0.024592
4 0.987285 0.460648 0.0259247 0.195478 0.0245642
10 0.0102551 0.665897 0.0205614 0.513709 0.0244826
2 0.72086 0.178436 0.333378 0.345384 0.0244591
10 0.167529 0.4005 0.051193 0.286204 0.0244333
10 0.119721 0.268484 0.0536842 0.0645117 0.0243973
1 0.113967 0.501249 0.229713 0.969328 0.0242569
4 0.564368 0.225724 0.0512946 0.0595848 0.0241469
1 0.0657391 0.596748 0.133464 0.770646 0.0241292
11 0.0160645 0.944748 0.0336454 0.102882 0.0241202
11 0.98441 0.413074 0.0308889 0.205457 0.0240093
10 0.610533 0.0404785 0.486306 0.0793281 0.0238221
10 0.547051 0.0420153 0.354033 0.0825712 0.0238024
10 0.176355 0.273838 0.0317856 0.0868647 0.0234277
6 0.964173 0.28468 0.0741943 0.53918 0.0232841
10 0.168609 0.272349 0.0363192 0.0770971 0.0230885
4 0.985584 0.483575 0.0271803 0.0603972 0.0229956
2 0.586925 0.159048 0.109611 0.232884 0.0229042
10 0.45065 0.192325 0.0367664 0.0613988 0.0226804
10 0.232222 0.22295 0.0280559 0.0639876 0.0225969
2 0.771948 0.171866 0.0650817 0.229022 0.0224859
7 0.567243 0.66726 0.0614415 0.184601 0.0224073
7 0.583252 0.661442 0.0621329 0.19681 0.0220618
10 0.482969 0.220442 0.0262825 0.0718864 0.0219417
10 0.00793951 0.612763 0.0156734 0.398954 0.021905
1 0.101854 0.592801 0.205536 0.785963 0.0218991
10 0.60246 0.246857 0.0326371 0.0659026 0.0217614
11 0.962738 0.499627 0.0727824 0.642029 0.0215398
10 0.232207 0.214594 0.0409165 0.0439779 0.0215181
4 0.35716 0.216774 0.0357963 0.0677804 0.0212475
10 0.585884 0.215127 0.0394068 0.0868551 0.0210669
6 0.103544 0.824953 0.206668 0.334872 0.0210109
6 0.317852 0.395272 0.0515158 0.0680015 0.020997
11 0.985401 0.421172 0.0290312 0.184232 0.0207112
10 0.774836 0.037272 0.105627 0.0743162 0.0206311
10 0.486488 0.208952 0.0396949 0.0903119 0.0205475
4 0.386449 0.248131 0.0498646 0.0565205 0.020531
10 0.034789 0.54647 0.0702575 0.830754 0.0203882
7 0.0132016 0.936898 0.0261516 0.117757 0.020312
10 0.231323 0.228883 0.0153158 0.0641261 0.0201211
1 0.271356 0.503819 0.544377 0.982746 0.0200614
10 0.00758486 0.637039 0.0154453 0.353936 0.0198026
7 0.58495 0.0744431 0.0786822 0.0713282 0.0197833
10 0.174149 0.290277 0.0375529 0.119724 0.0197549
1 0.149525 0.78776 0.294364 0.405528 0.0196856
2 0.842743 0.174663 0.115051 0.272275 0.0196726
4 0.545034 0.232837 0.0278009 0.0459729 0.0195916
4 0.450792 0.553822 0.0704914 0.0642919 0.0195604
10 0.150327 0.674258 0.301379 0.625286 0.0195469
4 0.343567 0.240292 0.0511667 0.0393309 0.0194959
2 0.0935668 0.664658 0.0279282 0.0806045 0.019372
4 0.222749 0.224886 0.0537384 0.0519333 0.0193605
10 0.672051 0.158818 0.124339 0.301744 0.0190729
1 0.488534 0.509516 0.95772 0.9574 0.0187501
11 0.987146 0.206859 0.0264857 0.0506693 0.0186884
4 0.477667 0.216591 0.0243597 0.0282917 0.0186762
11 0.988264 0.220387 0.0238533 0.20115 0.0186229
10 0.0527474 0.53841 0.108774 0.857674 0.0185254
4 0.35875 0.216123 0.0775733 0.0788541 0.0181419
7 0.406222 0.0415513 0.0689744 0.0766565 0.0180743
2 0.582128 0.166441 0.116546 0.250085 0.0180626
1 0.123575 0.722134 0.0917637 0.144102 0.0180385
10 0.225412 0.233947 0.0296516 0.0836125 0.0177994
4 0.71051 0.413938 0.329748 0.237008 0.017794
10 0.141636 0.269283 0.0233592 0.054952 0.0177794
4 0.548946 0.207053 0.0541469 0.0845809 0.0177536
1 0.499226 0.697187 0.978839 0.593245 0.0176557
2 0.722439 0.204031 0.390419 0.389089 0.0174782
4 0.370327 0.214555 0.0791608 0.0674648 0.0174307
6 0.915553 0.266957 0.177792 0.198842 0.0173705
2 0.653143 0.170206 0.214238 0.313336 0.0171537
10 0.612461 0.221784 0.0378462 0.107643 0.0171018
4 0.477754 0.28066 0.0427376 0.0232659 0.0167263
10 0.243191 0.217063 0.0240002 0.0509115 0.0165173
2 0.797653 0.1867 0.0773552 0.220595 0.0163401
2 0.789253 0.148127 0.192376 0.289179 0.0163103
11 0.103926 0.966818 0.203183 0.0594875 0.0162656
2 0.0897764 0.668444 0.0290645 0.0829717 0.0161576
10 0.152921 0.267941 0.0215049 0.0571155 0.0157622
3 0.375932 0.219079 0.231085 0.189386 0.0154724
10 0.141294 0.313533 0.045947 0.132858 0.0153601
1 0.12367 0.741137 0.0973581 0.196125 0.0153094
6 0.940696 0.19133 0.12291 0.380208 0.0152943
10 0.67678 0.0355862 0.27696 0.0700254 0.0152558
7 0.617792 0.692196 0.0454016 0.142019 0.0152349
10 0.224047 0.268978 0.0361275 0.156277 0.0151998
10 0.22849 0.363474 0.0379665 0.15959 0.0151591
1 0.0550898 0.62107 0.112087 0.31818 0.0151559
7 0.576019 0.0824456 0.0719168 0.0844517 0.0150279
7 0.602843 0.0828395 0.0872639 0.0841438 0.0149116
10 0.231787 0.257958 0.0447058 0.126019 0.0148626
1 0.496502 0.629977 0.973006 0.724589 0.0147524
10 0.152058 0.255112 0.0359816 0.0991339 0.0146589
4 0.740832 0.531801 0.387337 0.364312 0.0146526
10 0.470245 0.195925 0.0283384 0.0627623 0.0145264
10 0.580789 0.22332 0.052699 0.115619 0.0145179
10 0.620054 0.224097 0.0298601 0.0814645 0.0144555
10 0.612236 0.224866 0.0645902 0.109028 0.0144313
10 0.920592 0.0565237 0.0813248 0.117994 0.0143673
1 0.502032 0.754694 0.982204 0.480956 0.0143307
7 0.603382 0.0750457 0.0859912 0.0706679 0.0142626
10 0.214092 0.24258 0.0345732 0.098311 0.01426
10 0.203346 0.351139 0.0414014 0.207278 0.0141946
10 0.0686815 0.807684 0.0489146 0.177205 0.0141097
7 0.102755 0.674337 0.0540938 0.0808652 0.0140028
7 0.347384 0.0465472 0.101013 0.0830825 0.0137588
4 0.815785 0.492532 0.271249 0.408168 0.0136883
10 0.854581 0.183621 0.136715 0.306988 0.0136118
2 0.602506 0.173963 0.161157 0.283719 0.0135885
1 0.493925 0.751564 0.961654 0.488449 0.0134029
4 0.740709 0.512319 0.398018 0.412602 0.0133371
10 0.155204 0.2555 0.0237884 0.0891048 0.0132869
10 0.242531 0.336438 0.0247549 0.0996248 0.0132863
4 0.618077 0.516297 0.152074 0.413467 0.0132825
10 0.916 0.0607387 0.0826087 0.126313 0.0132362
4 0.840964 0.500706 0.221134 0.408953 0.0131908
7 0.601627 0.0667422 0.087113 0.0668458 0.0129887
1 0.489277 0.725198 0.950826 0.538515 0.0128444
10 0.732839 0.0330188 0.127285 0.0654256 0.0127675
3 0.360005 0.211574 0.0529625 0.0986077 0.0125509
10 0.761239 0.234987 0.467318 0.454641 0.0124586
1 0.501777 0.778441 0.958511 0.43489 0.0122647
3 0.362672 0.249714 0.358621 0.187204 0.0121242
1 0.489213 0.695771 0.916285 0.593777 0.0120349
10 0.157698 0.275331 0.0325142 0.0510056 0.0120188
10 0.733012 0.255361 0.416543 0.495378 0.0118792
1 0.506323 0.774738 0.948783 0.440977 0.0117862
1 0.506869 0.770552 0.963767 0.449352 0.0117743
4 0.806302 0.498565 0.314721 0.405114 0.011624
11 0.946919 0.702943 0.100104 0.58276 0.0112791
2 0.799621 0.0785184 0.0551624 0.159437 0.0112606
4 0.747734 0.587571 0.403994 0.24921 0.0111635
10 0.120559 0.0271225 0.099974 0.0528043 0.0111546
2 0.081117 0.666574 0.0266383 0.0904889 0.0109966
4 0.725439 0.633916 0.456044 0.689293 0.0108598
4 0.659621 0.388807 0.160273 0.125198 0.0107527
10 0.0802756 0.669282 0.0274015 0.0871159 0.0107422
10 0.106209 0.026251 0.1188 0.0509653 0.0106472
1 0.484541 0.890014 0.712999 0.212775 0.0105847
7 0.557016 0.632492 0.0653328 0.166368 0.0104668
10 0.225944 0.267297 0.0605556 0.145006 0.0104233
3 0.52322 0.141382 0.838464 0.273279 0.0102987
4 0.747523 0.546933 0.432929 0.494024 0.0102435
10 0.190544 0.271696 0.0324575 0.0893128 0.0100817
7 0.350045 0.0333058 0.108344 0.0605588 0.0100747
1 0.450679 0.737006 0.763759 0.511447 0.0100634
3 0.410419 0.313123 0.261467 0.311244 0.0100536
1 0.503471 0.640476 0.887156 0.693798 0.00986117
4 0.54556 0.59877 0.86558 0.785415 0.00978828
7 0.608736 0.663819 0.0622109 0.194495 0.00963798
10 0.421827 0.0149509 0.46467 0.0272672 0.00953698
10 0.192864 0.276948 0.0361443 0.103551 0.00947846
4 0.610987 0.631493 0.753722 0.721613 0.00945534
6 0.645022 0.65942 0.159596 0.233783 0.00941179
4 0.612208 0.534117 0.142734 0.370971 0.00936884
3 0.599174 0.21122 0.546794 0.384267 0.00936554
10 0.888915 0.0608452 0.16683 0.1282 0.00923884
4 0.61855 0.542885 0.162461 0.356881 0.00909268
6 0.947531 0.994786 0.119291 0.0091503 0.00893743
6 0.970726 0.0281665 0.0384474 0.0651936 0.00892425
4 0.696639 0.592684 0.13403 0.193188 0.00869847
6 0.646683 0.65845 0.167715 0.237294 0.00865561
4 0.596 0.564317 0.13905 0.356342 0.00858486
4 0.653013 0.586258 0.157753 0.219122 0.00850004
10 0.0305443 0.124786 0.281054 0.266282 0.00849011
7 0.594954 0.641115 0.0693591 0.236281 0.00807612
10 0.987705 0.0689882 0.411713 0.129964 0.00794004
6 0.964996 0.110871 0.0683458 0.230644 0.00743114
4 0.562696 0.598627 0.0774618 0.228515 0.00733514
4 0.673682 0.627145 0.148661 0.177584 0.00688349
