6 0.697029 0.370509 0.0979571 0.300625 0.78783
10 0.495176 0.0865896 0.06269 0.17553 0.737657
6 0.518657 0.332045 0.110203 0.244871 0.734792
6 0.281282 0.275094 0.096844 0.160855 0.681094
6 0.349936 0.224763 0.0878035 0.193729 0.657296
2 0.762307 0.232495 0.0249332 0.0898499 0.599341
6 0.122937 0.53734 0.0738234 0.247101 0.573038
10 0.719046 0.170781 0.0961258 0.144999 0.517384
10 0.159262 0.859018 0.0442731 0.11814 0.494563
11 0.786661 0.329299 0.201041 0.332184 0.449144
6 0.593157 0.620391 0.127088 0.359752 0.440785
11 0.457754 0.275929 0.163521 0.251805 0.434419
11 0.317326 0.19089 0.168438 0.287934 0.42641
11 0.370032 0.485103 0.238177 0.335544 0.416423
6 0.465261 0.916493 0.177366 0.166775 0.398777
6 0.0671786 0.512895 0.110817 0.175641 0.358868
7 0.835661 0.263524 0.0305672 0.0959068 0.346555
7 0.740712 0.264264 0.0286956 0.0832296 0.288176
7 0.866166 0.31699 0.0308086 0.0646401 0.251978
7 0.430086 0.235996 0.0238046 0.0488307 0.22688
10 0.125421 0.795172 0.0381932 0.0972556 0.215473
7 0.846477 0.268135 0.0241239 0.0748202 0.198301
11 0.00792514 0.255845 0.0159355 0.100963 0.197609
10 0.453857 0.0957993 0.0402705 0.146333 0.186948
2 0.018527 0.0969704 0.0337554 0.0854365 0.173655
7 0.678016 0.62031 0.0321723 0.0780671 0.17327
7 0.835738 0.274526 0.0243008 0.080087 0.172762
2 0.00604987 0.22913 0.01292 0.0839142 0.172203
7 0.735045 0.264753 0.0298571 0.0868343 0.171546
6 0.281962 0.268028 0.0966983 0.17891 0.171176
11 0.291006 0.238909 0.132875 0.229662 0.167845
10 0.209674 0.721466 0.357049 0.449897 0.164743
2 0.112329 0.227546 0.0399536 0.0811153 0.16259
10 0.273543 0.0409932 0.0681775 0.0815291 0.162276
10 0.968127 0.811014 0.0649399 0.373788 0.157341
10 0.499337 0.0846139 0.0506116 0.173306 0.153258
6 0.465094 0.962292 0.184178 0.0742676 0.149412
6 0.209859 0.921803 0.11122 0.159092 0.144009
10 0.124913 0.794699 0.0381986 0.0942591 0.143814
10 0.0116969 0.720117 0.0233839 0.198819 0.143095
10 0.882807 0.412123 0.135177 0.473022 0.14271
2 0.00444007 0.209142 0.00936097 0.079851 0.140042
10 0.880476 0.344843 0.109565 0.32779 0.134921
11 0.129828 0.276218 0.085983 0.194402 0.134485
2 0.953412 0.941113 0.0628871 0.118191 0.133232
2 0.738176 0.242827 0.0251776 0.100345 0.126325
10 0.92989 0.812047 0.139204 0.373055 0.124924
7 0.806449 0.214931 0.0234491 0.0421201 0.123117
7 0.316219 0.420445 0.0244822 0.0451541 0.122313
7 0.307172 0.420635 0.0244349 0.0439546 0.119957
10 0.463972 0.0956067 0.0351088 0.141854 0.119407
10 0.96099 0.515574 0.0749641 0.942576 0.118454
10 0.438589 0.0896012 0.0621556 0.180036 0.117992
2 0.047417 0.207912 0.0219469 0.0374112 0.117482
6 0.497579 0.964647 0.112927 0.0717202 0.11711
10 0.00959503 0.488536 0.019034 0.129006 0.115613
2 0.744331 0.240949 0.0242205 0.111255 0.115567
6 0.60147 0.618036 0.139151 0.36712 0.115212
6 0.0391013 0.529409 0.0523951 0.0959508 0.114498
6 0.425298 0.304997 0.0935399 0.189508 0.113685
11 0.461384 0.238824 0.147141 0.170543 0.113084
2 0.116946 0.214599 0.0311256 0.0553358 0.11063
6 0.427854 0.512556 0.121975 0.276058 0.109413
6 0.289701 0.259977 0.0820636 0.183441 0.109107
7 0.853611 0.273633 0.0231522 0.073709 0.108523
7 0.866638 0.318534 0.0288208 0.0588582 0.106334
10 0.0147893 0.483916 0.0297435 0.121121 0.105476
10 0.00819198 0.628348 0.0162884 0.37716 0.104682
10 0.0072558 0.574605 0.013588 0.315037 0.101492
2 0.746723 0.229858 0.0237871 0.0908138 0.100579
11 0.318678 0.153095 0.165059 0.211748 0.0983608
6 0.431564 0.338441 0.0686799 0.126492 0.0978588
7 0.858165 0.260298 0.0228031 0.0837541 0.0965273
2 0.262231 0.164951 0.0231995 0.0522652 0.0962751
7 0.874826 0.31899 0.0223146 0.0567157 0.0955163
6 0.109911 0.535377 0.0530526 0.226005 0.0952382
11 0.280638 0.0953344 0.0689205 0.0813684 0.0942876
2 0.0300479 0.154656 0.0183703 0.0366607 0.0940714
7 0.860014 0.263192 0.0211716 0.0789515 0.0938519
7 0.857319 0.312983 0.0427249 0.0748693 0.0932682
6 0.0403827 0.528051 0.0538404 0.0930895 0.0929682
10 0.861178 0.547163 0.260938 0.900893 0.0925327
2 0.752608 0.257877 0.0272835 0.0829826 0.092247
10 0.00968078 0.50683 0.0205237 0.174367 0.0913322
10 0.0126779 0.536531 0.0257544 0.236715 0.0910567
10 0.00924085 0.792744 0.0204626 0.254814 0.0892222
10 0.922134 0.942442 0.124595 0.115784 0.0888282
2 0.00951105 0.208889 0.016315 0.0364726 0.0883922
6 0.324982 0.229763 0.070104 0.177931 0.0883752
10 0.751388 0.537395 0.45191 0.902098 0.0880629
6 0.288128 0.257345 0.0821751 0.192764 0.0871421
7 0.723384 0.266662 0.0285337 0.0806059 0.0857421
10 0.260072 0.0345267 0.0593429 0.0701347 0.0848699
7 0.265722 0.197135 0.0386943 0.0537054 0.0846966
10 0.715205 0.203978 0.0948929 0.219219 0.083632
6 0.0842119 0.537771 0.0759685 0.224349 0.0825195
10 0.0106908 0.623468 0.0224862 0.426508 0.0825036
7 0.436068 0.226572 0.0298295 0.0696687 0.0823887
2 0.661671 0.589467 0.0389804 0.136651 0.0823547
6 0.372032 0.966604 0.362756 0.0668425 0.0822779
7 0.687821 0.609353 0.0355717 0.101231 0.081694
10 0.985205 0.797831 0.0297724 0.353046 0.0815005
7 0.824646 0.264313 0.0280613 0.0922788 0.0814086
10 0.287072 0.0371597 0.0489108 0.0758902 0.0804396
7 0.84233 0.262215 0.0457806 0.107762 0.0797764
2 0.273614 0.164582 0.0199909 0.049093 0.0790185
7 0.417091 0.234516 0.0208178 0.0469921 0.0788912
10 0.979387 0.56808 0.0389227 0.853227 0.0778607
6 0.971505 0.849183 0.0581788 0.308303 0.0775032
7 0.863639 0.257496 0.0233115 0.0800207 0.0774408
6 0.0829752 0.520991 0.0753089 0.18765 0.077082
6 0.932966 0.251039 0.0459829 0.124337 0.0764566
10 0.196635 0.683645 0.383533 0.620025 0.0759273
7 0.808639 0.229282 0.0280113 0.0709375 0.0758379
6 0.085629 0.5346 0.152098 0.244481 0.075549
2 0.284507 0.558106 0.0169067 0.0329029 0.0752386
6 0.424271 0.549916 0.107668 0.199561 0.0748258
10 0.00836937 0.760971 0.0186386 0.256073 0.0745714
2 0.278001 0.558061 0.0162638 0.0317464 0.0745507
10 0.0700674 0.549696 0.128016 0.25496 0.0744647
10 0.861548 0.563332 0.231548 0.872367 0.0729327
11 0.812577 0.40973 0.28146 0.579493 0.0727802
10 0.0149815 0.455967 0.0287747 0.0777406 0.0720491
10 0.921155 0.526957 0.144488 0.926381 0.0719148
2 0.777763 0.233744 0.0241971 0.0911532 0.0718551
2 0.776855 0.235663 0.023678 0.0863626 0.0718232
6 0.050382 0.518582 0.0859371 0.144563 0.0714807
7 0.798597 0.210426 0.0171426 0.0315612 0.0712697
7 0.483527 0.226315 0.020326 0.0593085 0.070431
10 0.262415 0.0436303 0.0560007 0.0883337 0.0702074
10 0.896477 0.582046 0.201005 0.836057 0.0698478
7 0.283039 0.191161 0.0174411 0.0468427 0.0693549
7 0.772329 0.174571 0.0333404 0.0729575 0.0684177
10 0.525943 0.0875369 0.0551043 0.17115 0.0682563
7 0.773302 0.170182 0.0304638 0.0665732 0.0681445
6 0.39839 0.226536 0.0682984 0.185099 0.0680526
10 0.575136 0.108682 0.057626 0.1398 0.067544
2 0.266115 0.0690679 0.0227411 0.0452814 0.067501
6 0.489477 0.121631 0.0534512 0.101952 0.0671409
11 0.349205 0.403162 0.171529 0.165485 0.0671046
10 0.107722 0.964432 0.21223 0.071537 0.066677
11 0.206427 0.187055 0.406186 0.359601 0.0658201
10 0.00538507 0.456992 0.0101556 0.112373 0.0655116
7 0.797775 0.235529 0.039796 0.0699597 0.0636741
2 0.132805 0.266701 0.0357683 0.0682983 0.0632251
10 0.929661 0.898741 0.136439 0.203922 0.0630834
2 0.314538 0.768058 0.0395269 0.0996613 0.0630522
2 0.0906699 0.110147 0.0179317 0.0454915 0.062779
6 0.321905 0.226204 0.0651727 0.176701 0.0627575
10 0.976597 0.473957 0.0429886 0.8803 0.0627075
2 0.0654201 0.150905 0.0335882 0.0764257 0.0624868
10 0.00747518 0.44361 0.0166443 0.35379 0.0623331
7 0.831476 0.238856 0.0269672 0.0599621 0.0621227
10 0.972391 0.468306 0.0508032 0.887001 0.0619163
10 0.883063 0.278825 0.0814909 0.168154 0.0617815
11 0.0539167 0.139522 0.0583841 0.133038 0.0616829
10 0.885281 0.553215 0.156185 0.775872 0.061508
6 0.301471 0.248574 0.0823477 0.17902 0.0614241
6 0.305755 0.246523 0.0793772 0.182535 0.0605073
6 0.693623 0.408367 0.082658 0.210141 0.0603739
10 0.550304 0.193599 0.143075 0.371839 0.0603409
10 0.884282 0.274605 0.0856206 0.163992 0.059911
7 0.68924 0.607077 0.0373149 0.104711 0.0598567
2 0.140752 0.0409732 0.0272048 0.0610737 0.0595145
2 0.146841 0.0356359 0.0208681 0.0611152 0.059199
10 0.989377 0.622974 0.0220436 0.740952 0.0587208
6 0.527159 0.915608 0.337916 0.17129 0.0584121
6 0.936608 0.942267 0.115443 0.117767 0.0583293
6 0.502402 0.964822 0.0757473 0.0715656 0.0574661
7 0.659673 0.619122 0.0305321 0.077519 0.0572608
11 0.26844 0.170942 0.100252 0.234904 0.0567549
10 0.991356 0.708542 0.018799 0.201158 0.0565221
6 0.0961603 0.490028 0.058139 0.127816 0.0559578
6 0.399561 0.215566 0.0700203 0.191312 0.0557714
6 0.88073 0.284679 0.0833783 0.157823 0.0557685
11 0.279892 0.262211 0.137341 0.185008 0.0553858
10 0.291773 0.786471 0.0689202 0.128899 0.0553834
6 0.327529 0.248702 0.0699393 0.163109 0.055121
2 0.107943 0.320667 0.018979 0.0355955 0.0546902
2 0.0442823 0.120542 0.0254042 0.0491691 0.0541937
2 0.0563145 0.144319 0.051665 0.106068 0.054189
11 0.347666 0.403541 0.171205 0.158168 0.0540904
6 0.0576206 0.513078 0.0591446 0.126674 0.0538938
10 0.899822 0.370175 0.181403 0.688676 0.0537863
6 0.705263 0.259859 0.0552621 0.093372 0.0535017
2 0.0642238 0.0811736 0.0243596 0.0393046 0.0534044
10 0.993075 0.673053 0.0159417 0.217045 0.0532006
6 0.381463 0.236593 0.065688 0.178101 0.0531529
10 0.983721 0.480043 0.0307564 0.529252 0.052956
11 0.79504 0.306242 0.183048 0.321279 0.0528001
2 0.125758 0.209928 0.0252448 0.049436 0.0525921
10 0.839507 0.414813 0.230949 0.535888 0.0519275
10 0.0167827 0.093538 0.0327872 0.0808902 0.0517272
10 0.891873 0.276007 0.106024 0.179331 0.0509795
10 0.408786 0.0924077 0.0399343 0.16381 0.0498184
2 0.236491 0.160831 0.0208314 0.0450548 0.0491052
10 0.985749 0.451663 0.0243838 0.589162 0.0488266
7 0.882495 0.319067 0.0279131 0.0583224 0.0487964
6 0.0546972 0.506137 0.0982353 0.15168 0.0486465
7 0.818452 0.210492 0.0244077 0.0359496 0.0485989
2 0.098373 0.209296 0.0237499 0.0510506 0.0484631
11 0.184394 0.969096 0.347039 0.062484 0.0484484
7 0.804714 0.231289 0.0382681 0.0745923 0.0484371
7 0.242112 0.0793371 0.0184759 0.03537 0.0483621
7 0.861849 0.230595 0.0158249 0.035601 0.0476241
11 0.322215 0.462202 0.144055 0.285738 0.0475554
2 0.234019 0.157528 0.0325049 0.0639206 0.0468361
6 0.0357916 0.953528 0.0720594 0.0942026 0.0465058
10 0.878337 0.285363 0.0782589 0.141427 0.0459107
7 0.867843 0.247658 0.0243416 0.0747277 0.0453334
7 0.293141 0.185034 0.0170945 0.0515424 0.0450953
7 0.308796 0.0779302 0.0197601 0.0377781 0.0445846
10 0.750498 0.16628 0.0261923 0.0768824 0.0445232
10 0.00636557 0.859803 0.0137589 0.13947 0.0442898
7 0.854368 0.280379 0.0240061 0.047574 0.0440882
6 0.412543 0.261017 0.082638 0.218384 0.0439537
2 0.110257 0.318857 0.0179212 0.0315672 0.0438222
6 0.319519 0.264737 0.0754932 0.153206 0.0435881
6 0.324642 0.244212 0.0665758 0.169291 0.0434009
7 0.817585 0.262341 0.0278202 0.0892359 0.0433148
2 0.10369 0.206699 0.023028 0.0502538 0.0430459
2 0.0342178 0.0781894 0.0148009 0.0287702 0.042986
10 0.983516 0.367288 0.0305119 0.710975 0.0426136
2 0.520595 0.965682 0.067411 0.0699693 0.0420667
10 0.478099 0.0868812 0.0294344 0.166462 0.041808
2 0.784087 0.230525 0.0233109 0.0882929 0.0413621
6 0.253934 0.282946 0.0719699 0.13802 0.0412875
6 0.681196 0.632712 0.287752 0.39252 0.0412437
6 0.402145 0.205495 0.0823919 0.208185 0.0406308
7 0.831205 0.229883 0.0185763 0.0431692 0.0405197
6 0.689162 0.42567 0.0795516 0.170368 0.0405015
7 0.387064 0.244698 0.014888 0.0494718 0.0403331
6 0.368493 0.170273 0.0656474 0.161331 0.0401659
7 0.854835 0.230706 0.0224143 0.0417819 0.0395921
2 0.0126086 0.0984252 0.0269518 0.0877856 0.0390108
10 0.932375 0.407866 0.0650995 0.460568 0.0386653
10 0.574596 0.257522 0.391264 0.507154 0.038436
7 0.768727 0.190085 0.0230351 0.0354259 0.0383983
7 0.49895 0.210706 0.0148846 0.0361503 0.0383721
7 0.292249 0.0786859 0.013447 0.0330838 0.0380328
6 0.355765 0.201625 0.0622448 0.158413 0.0378692
6 0.719316 0.367258 0.0878126 0.29165 0.0378584
11 0.360432 0.15965 0.123151 0.245847 0.0378523
2 0.0297485 0.10351 0.024767 0.0668215 0.0378326
6 0.101028 0.542669 0.0541566 0.238164 0.0376843
6 0.68005 0.30235 0.0601371 0.170776 0.0375843
10 0.241403 0.0128384 0.0680607 0.0266794 0.0372204
6 0.0608158 0.516358 0.101363 0.162364 0.0371659
10 0.936928 0.518291 0.0671654 0.694956 0.0370651
6 0.0561694 0.544241 0.100175 0.186004 0.0369376
7 0.301821 0.565925 0.0198976 0.0473015 0.0369248
10 0.75372 0.535785 0.451975 0.918058 0.0357542
10 0.613337 0.240914 0.310007 0.47826 0.035381
6 0.673446 0.267291 0.0680974 0.101209 0.0349521
11 0.0930219 0.195351 0.182912 0.381796 0.0346623
7 0.650908 0.615614 0.0296354 0.0837688 0.0340504
2 0.310966 0.0749916 0.0205214 0.0404091 0.0336582
2 0.949229 0.97107 0.0440262 0.0579248 0.0336233
2 0.22301 0.0763745 0.0190603 0.0325202 0.0334906
7 0.820654 0.224463 0.0166014 0.0422365 0.0327199
2 0.802833 0.225086 0.0216464 0.0868754 0.032183
11 0.244629 0.104086 0.051804 0.0919195 0.0320611
6 0.883883 0.303161 0.0778427 0.10983 0.0317831
11 0.800125 0.326036 0.157828 0.279264 0.0315811
6 0.689617 0.256014 0.0526608 0.0886168 0.0315372
10 0.816632 0.537449 0.291966 0.850658 0.0314
11 0.425051 0.269961 0.132215 0.221317 0.0312835
7 0.79378 0.175067 0.0302179 0.0743419 0.030896
6 0.672698 0.318183 0.0582232 0.202419 0.0306099
10 0.728779 0.165837 0.0353577 0.0904938 0.0300653
7 0.885172 0.306946 0.033786 0.0863314 0.0300563
6 0.401747 0.298491 0.154978 0.311074 0.0298202
6 0.409139 0.335264 0.0715883 0.131636 0.0295644
10 0.917222 0.316475 0.0953302 0.279288 0.0293926
10 0.788759 0.791679 0.417909 0.420167 0.0290385
6 0.604685 0.643591 0.160521 0.349038 0.02856
7 0.732587 0.619086 0.0496245 0.10788 0.0275891
2 0.106004 0.22931 0.0413459 0.0866389 0.0272734
6 0.409834 0.920803 0.178723 0.162462 0.0271417
2 0.0980247 0.0104265 0.0448029 0.0219611 0.0268349
2 0.0123345 0.11724 0.0277981 0.082137 0.0268132
11 0.77655 0.355373 0.234415 0.372055 0.0258359
7 0.2788 0.789281 0.0436421 0.11151 0.0256778
10 0.748647 0.713466 0.464008 0.572993 0.0248654
10 0.16147 0.730988 0.323474 0.416405 0.0245538
6 0.745459 0.454083 0.130378 0.155923 0.0226597
7 0.33008 0.0743684 0.0178619 0.0402085 0.0224856
6 0.393426 0.158879 0.0463409 0.121171 0.0224165
7 0.879318 0.248835 0.0303483 0.0795557 0.0223797
7 0.782718 0.194961 0.0187867 0.0323041 0.0219639
7 0.303396 0.169477 0.0232138 0.0605259 0.0213263
10 0.857259 0.38218 0.060623 0.23017 0.0207487
6 0.148281 0.529919 0.0531892 0.225476 0.020524
10 0.723694 0.623415 0.388609 0.396738 0.0199508
11 0.244236 0.206507 0.0577065 0.121953 0.0198593
10 0.687118 0.576972 0.56197 0.816747 0.0197676
2 0.0844043 0.132848 0.017256 0.0654866 0.0182682
7 0.818495 0.276288 0.0322941 0.105061 0.0177142
11 0.764019 0.458714 0.276087 0.591879 0.0175123
6 0.535228 0.616545 0.0648825 0.185475 0.0160024
