11 0.92635 0.598639 0.0735073 0.140659 0.620448
5 0.359785 0.324951 0.0593238 0.0930637 0.618729
6 0.934026 0.522715 0.110963 0.279127 0.51337
7 0.256186 0.697038 0.109526 0.200142 0.46824
2 0.922404 0.948731 0.060569 0.10293 0.382147
6 0.985682 0.552853 0.0297228 0.201163 0.279206
7 0.233701 0.711077 0.0513155 0.0942829 0.252718
10 0.985049 0.646737 0.030386 0.417889 0.252522
10 0.986494 0.71154 0.0273579 0.281524 0.188586
4 0.499876 0.157049 0.0251115 0.0339908 0.182275
11 0.494371 0.731634 0.97466 0.528872 0.16751
6 0.270821 0.974389 0.297233 0.050994 0.166123
6 0.972626 0.557666 0.0555962 0.210255 0.16534
10 0.306042 0.16713 0.0359082 0.0581114 0.157412
2 0.930869 0.949304 0.040263 0.101633 0.156437
11 0.378484 0.740058 0.74278 0.520054 0.153456
6 0.985562 0.592523 0.029446 0.125642 0.150929
10 0.982272 0.717562 0.0360194 0.549382 0.15041
4 0.495273 0.157225 0.0258263 0.0305946 0.149257
6 0.97644 0.57218 0.0469885 0.217182 0.146587
11 0.489733 0.732022 0.967677 0.526992 0.144682
11 0.504563 0.739836 0.478018 0.505282 0.134342
11 0.972743 0.604209 0.0436214 0.0953066 0.130877
9 0.216623 0.225063 0.0405621 0.079851 0.130657
7 0.241453 0.709217 0.0492259 0.0959366 0.130364
7 0.23514 0.71221 0.0502279 0.0972533 0.127878
6 0.986265 0.728721 0.0282351 0.252805 0.122474
10 0.983907 0.546566 0.0336674 0.665496 0.120631
6 0.985197 0.561755 0.0303472 0.198509 0.120044
10 0.290642 0.165396 0.0254673 0.0602258 0.118658
11 0.973624 0.602578 0.0422604 0.0948702 0.115187
6 0.984785 0.579329 0.0301716 0.167787 0.11517
7 0.0125766 0.980543 0.024478 0.0397248 0.113185
2 0.915582 0.952996 0.0428192 0.0956983 0.111931
6 0.212923 0.978584 0.400002 0.0429741 0.110872
2 0.0135747 0.951382 0.0274107 0.0992596 0.109944
10 0.309286 0.166789 0.0325124 0.0546392 0.107163
7 0.012498 0.97613 0.0241259 0.0482125 0.106593
11 0.214795 0.744063 0.422687 0.508348 0.103368
10 0.30315 0.0518801 0.026114 0.0434836 0.101561
10 0.300608 0.0506492 0.0231348 0.0465249 0.0995417
10 0.990644 0.457224 0.0202563 0.377192 0.0978986
6 0.229462 0.976663 0.200292 0.0465079 0.0966312
6 0.617852 0.816696 0.177705 0.19305 0.0944255
2 0.92476 0.948765 0.0351134 0.104244 0.0936137
6 0.987731 0.59923 0.0257883 0.0948266 0.0916667
6 0.992907 0.536543 0.0147295 0.180318 0.0892991
6 0.267236 0.967015 0.350553 0.0655472 0.0883012
6 0.935192 0.486474 0.109426 0.19674 0.0879947
10 0.978264 0.793507 0.0435454 0.403788 0.0869595
9 0.212015 0.230328 0.0345952 0.0616051 0.0867999
6 0.982262 0.571562 0.0366558 0.272703 0.08553
11 0.97274 0.519521 0.0563756 0.135999 0.085201
5 0.398134 0.329746 0.028429 0.0703727 0.0850095
4 0.611127 0.165231 0.0481443 0.0480327 0.0844851
10 0.986674 0.380417 0.0275626 0.486533 0.0841897
10 0.933452 0.677866 0.130834 0.641971 0.08368
2 0.936231 0.948573 0.0351593 0.103881 0.0834603
10 0.440188 0.169287 0.0268854 0.0283733 0.0805035
10 0.315664 0.0358159 0.0669183 0.0701559 0.0798977
11 0.934972 0.761508 0.131063 0.478394 0.0793885
6 0.985514 0.573978 0.0298528 0.408844 0.0789765
10 0.282058 0.0497364 0.0214438 0.049552 0.0783918
6 0.167351 0.972128 0.332023 0.0557054 0.0774082
10 0.0239773 0.618719 0.0489263 0.476848 0.0772311
7 0.011395 0.95859 0.0213864 0.0857691 0.0769619
10 0.316649 0.164727 0.0298982 0.0562473 0.0768234
10 0.34169 0.0857333 0.0225916 0.0427005 0.0766805
10 0.282153 0.167187 0.0298421 0.0622976 0.0752678
10 0.987967 0.332549 0.0247993 0.178998 0.0745023
6 0.617944 0.844 0.185548 0.244716 0.074132
11 0.93206 0.765405 0.13759 0.472279 0.073627
4 0.465223 0.1665 0.0313898 0.025611 0.0731895
10 0.330996 0.0323714 0.0455621 0.0664025 0.0729913
6 0.472937 0.848828 0.148818 0.216543 0.0725863
10 0.318243 0.0142315 0.0539573 0.0296615 0.0712715
10 0.992311 0.496425 0.0158108 0.288359 0.0710058
6 0.0131544 0.925816 0.0268794 0.149775 0.0708859
6 0.622668 0.782415 0.176308 0.247446 0.0707593
11 0.978478 0.519947 0.043438 0.247998 0.0705364
6 0.934062 0.885293 0.134335 0.229771 0.0698846
6 0.364753 0.976063 0.5083 0.0481337 0.0693951
6 0.991092 0.539148 0.0178363 0.186133 0.0673891
6 0.940426 0.515066 0.116757 0.318807 0.0673684
6 0.986301 0.613724 0.0285998 0.0933702 0.0672748
6 0.473314 0.859935 0.155786 0.239808 0.0666166
11 0.977609 0.596311 0.0359325 0.0905088 0.06596
10 0.991476 0.619926 0.0170261 0.440107 0.0653606
6 0.895763 0.943269 0.200782 0.114082 0.0651763
10 0.318657 0.0307673 0.0487789 0.0634376 0.0650907
10 0.321086 0.0486697 0.0247962 0.0453887 0.0650045
6 0.0598619 0.913236 0.121353 0.174983 0.064936
10 0.26703 0.757555 0.309983 0.479433 0.0645951
11 0.978582 0.503514 0.0442125 0.159602 0.0641344
2 0.916747 0.986964 0.0500481 0.0260143 0.0634627
10 0.343786 0.0843558 0.0225954 0.0434332 0.0631132
10 0.0186539 0.706621 0.0383154 0.559443 0.0625039
7 0.809848 0.989946 0.0481689 0.0195905 0.0623911
7 0.225587 0.701301 0.0553795 0.162238 0.0618346
11 0.059638 0.884096 0.121562 0.231692 0.0617434
10 0.985672 0.696346 0.0276841 0.327711 0.0616296
7 0.229512 0.728706 0.054213 0.138817 0.0615459
11 0.0395664 0.881119 0.0817738 0.23568 0.0607701
10 0.990446 0.502459 0.0198341 0.279257 0.0604848
10 0.278978 0.0493643 0.0245059 0.0504244 0.0600089
10 0.0211628 0.573903 0.0437406 0.296804 0.0598316
11 0.93645 0.675092 0.124879 0.623081 0.059086
10 0.987867 0.378132 0.0247793 0.0666493 0.0590038
10 0.280269 0.166233 0.0249115 0.0649229 0.0585824
6 0.684185 0.666092 0.126568 0.331381 0.0585724
10 0.0227781 0.650388 0.0471373 0.435263 0.0584883
6 0.215578 0.95996 0.424787 0.0812685 0.0584132
10 0.9896 0.50211 0.0217821 0.27559 0.0582717
10 0.298244 0.0127747 0.0327481 0.0268378 0.0578865
6 0.686278 0.642436 0.120072 0.286606 0.0577491
10 0.980943 0.343373 0.0394051 0.516776 0.0572904
10 0.0181333 0.538983 0.0371886 0.318575 0.056253
6 0.970074 0.94998 0.0600922 0.102231 0.0553867
6 0.982869 0.739892 0.0312113 0.248278 0.0549968
2 0.924539 0.958134 0.0639923 0.0853455 0.054646
6 0.0620061 0.957472 0.12668 0.0869251 0.0543682
6 0.91095 0.895983 0.178184 0.210372 0.0541991
6 0.983021 0.917698 0.0338292 0.166912 0.0538532
10 0.326186 0.0503499 0.0318971 0.0409143 0.0534874
11 0.211295 0.747004 0.426459 0.503581 0.0528604
5 0.660975 0.183153 0.0281769 0.0418251 0.0526904
10 0.2951 0.0597409 0.0258972 0.0316671 0.0526461
10 0.93813 0.939445 0.119872 0.123081 0.0514713
7 0.0100617 0.949704 0.0190038 0.102274 0.0510559
4 0.569527 0.165718 0.0453389 0.0315144 0.0505275
10 0.304981 0.0756762 0.0307344 0.082506 0.0502537
10 0.264687 0.786993 0.280642 0.423203 0.0500137
6 0.0562642 0.835024 0.114945 0.329743 0.0498399
10 0.298727 0.0374084 0.0503058 0.0753787 0.0495036
6 0.0226207 0.744732 0.0453633 0.498834 0.0490967
6 0.0630119 0.762001 0.126507 0.470507 0.0490031
10 0.987611 0.368024 0.0250744 0.0967952 0.0483255
6 0.982798 0.743663 0.030641 0.257329 0.0482441
11 0.928244 0.597413 0.0671831 0.136865 0.0481211
6 0.20526 0.975047 0.127645 0.0499833 0.0473174
2 0.00639623 0.42657 0.0120757 0.108756 0.047217
6 0.401498 0.167907 0.0386304 0.0416582 0.0472023
10 0.339234 0.0141769 0.0402719 0.0297496 0.0469663
4 0.571448 0.167119 0.0384024 0.0280964 0.0467992
4 0.474552 0.162073 0.019381 0.0288105 0.0466678
10 0.987575 0.719683 0.0230223 0.239976 0.0463281
4 0.62385 0.163735 0.0524865 0.0530341 0.0463196
11 0.175257 0.741117 0.355279 0.507364 0.0457556
11 0.116411 0.756416 0.23696 0.485858 0.0452786
4 0.638298 0.182269 0.0276356 0.0384211 0.0452269
4 0.482902 0.163328 0.0242338 0.0249887 0.0448076
11 0.982224 0.472807 0.0384595 0.182953 0.0447054
10 0.0309722 0.633318 0.0636203 0.545869 0.0446469
10 0.947872 0.509552 0.10869 0.735332 0.0445889
6 0.139166 0.927572 0.280798 0.147771 0.0438373
10 0.454754 0.168048 0.0197752 0.0269851 0.0429475
6 0.451292 0.97752 0.677012 0.0443554 0.0424124
6 0.832389 0.986615 0.143761 0.0272313 0.0422894
6 0.918111 0.474919 0.087986 0.162386 0.0414684
6 0.204279 0.918461 0.402374 0.167129 0.0413145
10 0.993033 0.501403 0.0147035 0.128593 0.0411243
6 0.987259 0.777812 0.0269733 0.150045 0.0407819
6 0.619672 0.731277 0.202364 0.470675 0.0404168
11 0.177531 0.661904 0.346339 0.322809 0.040215
11 0.0378121 0.682015 0.0776598 0.293091 0.0399569
2 0.901298 0.95717 0.0651045 0.0862768 0.0398764
10 0.0109116 0.512915 0.0230495 0.395244 0.0398499
6 0.471524 0.78867 0.152556 0.358221 0.0398292
2 0.904906 0.990474 0.067881 0.0195584 0.0398006
6 0.540807 0.870762 0.296459 0.256154 0.0391008
10 0.0445807 0.197597 0.0173341 0.0438092 0.0390563
7 0.225944 0.729056 0.0550286 0.128453 0.0387703
7 0.232759 0.681315 0.0661008 0.153682 0.0384713
6 0.333339 0.990726 0.225025 0.0187532 0.0383998
6 0.214757 0.990398 0.151615 0.0193211 0.0382958
5 0.63456 0.180955 0.0267265 0.0394519 0.0382887
5 0.668116 0.425448 0.0229694 0.0413058 0.0382592
2 0.398479 0.987598 0.0642361 0.0249083 0.0377862
6 0.877176 0.971365 0.241058 0.0583441 0.0377844
10 0.00546434 0.148125 0.0121408 0.114315 0.0377447
4 0.547175 0.165627 0.0247033 0.0267607 0.0373926
10 0.345775 0.145438 0.0211058 0.0544611 0.0373564
10 0.256155 0.0471025 0.0202152 0.0478155 0.0372259
10 0.298168 0.0812383 0.03193 0.0771746 0.0372023
11 0.934477 0.602123 0.0668907 0.125339 0.0369859
6 0.465894 0.983374 0.704222 0.0333405 0.0363879
6 0.196209 0.243861 0.0336128 0.0653751 0.0359625
6 0.702468 0.628447 0.100492 0.261759 0.0357632
4 0.455476 0.167522 0.0220207 0.0248024 0.0356476
6 0.570126 0.740655 0.385827 0.510371 0.0355119
7 0.223153 0.687279 0.0572696 0.153252 0.0352308
10 0.338718 0.140731 0.0331098 0.0555626 0.0351108
6 0.231504 0.221243 0.0324157 0.0691927 0.0348414
11 0.859303 0.689194 0.283524 0.622498 0.034604
4 0.0124963 0.134493 0.0247853 0.0762092 0.0345397
6 0.190744 0.232453 0.0352427 0.0797717 0.0342752
6 0.279638 0.897574 0.273069 0.207726 0.0342449
10 0.350054 0.139076 0.0267252 0.0564856 0.0342317
6 0.476804 0.158817 0.0278395 0.0324484 0.0339707
11 0.918037 0.597341 0.0616645 0.127945 0.0339664
11 0.465786 0.744941 0.914787 0.498966 0.0339484
10 0.338397 0.045617 0.0312708 0.0461166 0.0337613
6 0.0930032 0.83004 0.185447 0.343806 0.0334774
2 0.988446 0.964982 0.0241192 0.0728043 0.0333657
4 0.518737 0.157317 0.0256365 0.0347072 0.0332696
6 0.018057 0.825194 0.0368147 0.21416 0.033185
11 0.944233 0.683809 0.167315 0.373836 0.0329496
6 0.19646 0.222271 0.0325914 0.0770871 0.03283
10 0.600258 0.705034 0.0647219 0.0866157 0.0328282
6 0.573006 0.7124 0.0627476 0.0693532 0.0325949
6 0.43206 0.96845 0.654826 0.063233 0.032573
6 0.346446 0.634295 0.148893 0.228816 0.0324841
10 0.32817 0.142219 0.024949 0.0597713 0.0323342
4 0.0812803 0.18611 0.0658144 0.064689 0.0321877
11 0.300958 0.750847 0.602544 0.496268 0.0321296
4 0.560747 0.161785 0.158747 0.042499 0.0314567
10 0.254335 0.0415727 0.0241708 0.0348796 0.0314147
11 0.913895 0.600082 0.0618235 0.134722 0.0308703
11 0.271708 0.74289 0.543801 0.513407 0.0306559
6 0.0988742 0.898876 0.198225 0.20575 0.0306013
11 0.487181 0.744268 0.964904 0.499377 0.030205
10 0.352949 0.0846716 0.0206678 0.0448798 0.0299815
11 0.0471084 0.980707 0.0985981 0.038835 0.0294311
11 0.495984 0.952473 0.937196 0.0959712 0.0293628
7 0.0166456 0.618185 0.034623 0.123907 0.0292495
4 0.451425 0.166045 0.0469245 0.0268796 0.0292114
10 0.611189 0.0492634 0.0257198 0.0620208 0.0288809
6 0.546539 0.155724 0.0445059 0.0425505 0.0284292
10 0.255404 0.0105436 0.0512537 0.0214005 0.0282505
11 0.939436 0.594654 0.0650458 0.113848 0.0278849
6 0.18459 0.990824 0.111486 0.0187576 0.0278703
2 0.563348 0.248006 0.0170239 0.0262484 0.027687
11 0.86771 0.675154 0.26646 0.648016 0.0276348
7 0.980862 0.562351 0.0278461 0.0610747 0.0275915
6 0.587848 0.709757 0.0711211 0.0778276 0.0275383
5 0.421546 0.331075 0.0319984 0.0737986 0.0274041
6 0.414806 0.16473 0.0388496 0.0429593 0.0269828
10 0.357412 0.0129608 0.0306622 0.0262477 0.0268374
11 0.507615 0.742715 0.451172 0.503895 0.0267396
11 0.2142 0.756033 0.433453 0.485336 0.0265593
10 0.24402 0.048396 0.0211404 0.0508605 0.026468
4 0.0107272 0.148918 0.0224895 0.098858 0.0263544
11 0.509941 0.704606 0.430689 0.416299 0.026294
6 0.905664 0.52754 0.159389 0.306251 0.0262489
6 0.18402 0.242676 0.0376505 0.0777897 0.0262358
10 0.0163996 0.585211 0.0337492 0.19068 0.0258579
6 0.347508 0.659234 0.14349 0.269715 0.0257663
10 0.422789 0.170458 0.0217985 0.0271261 0.0257648
7 0.2745 0.699133 0.0997897 0.184102 0.025674
10 0.0166095 0.586012 0.0336932 0.201404 0.0256547
6 0.544888 0.15446 0.0476412 0.0445683 0.0256202
11 0.763909 0.741469 0.393194 0.513795 0.0256169
11 0.515313 0.742836 0.458484 0.504053 0.0255005
5 0.706118 0.195226 0.0273672 0.0405293 0.025251
7 0.288379 0.676818 0.0914508 0.156055 0.0250041
5 0.423018 0.327615 0.0295724 0.0731459 0.0249891
7 0.215002 0.714579 0.0473585 0.0949681 0.0249695
4 0.592424 0.162439 0.0461162 0.0389513 0.0243611
11 0.921647 0.628469 0.107754 0.530964 0.0242969
11 0.172522 0.654296 0.340908 0.319101 0.0242305
4 0.0953154 0.177775 0.0430766 0.0716727 0.024213
11 0.492339 0.744415 0.957797 0.50127 0.0240794
10 0.340809 0.16376 0.021365 0.0545779 0.0239547
11 0.0850094 0.672768 0.168676 0.276452 0.0237148
10 0.344096 0.896736 0.182939 0.208979 0.0235902
6 0.663804 0.69436 0.155987 0.324927 0.0235408
6 0.122758 0.989753 0.18433 0.0206542 0.0235369
5 0.403313 0.324624 0.0459765 0.090633 0.0234302
10 0.260432 0.171667 0.0249196 0.0644142 0.0234059
6 0.639947 0.715856 0.20208 0.453224 0.0226834
11 0.613998 0.734231 0.630468 0.484073 0.0221081
5 0.336845 0.321975 0.0518466 0.0893823 0.0219263
6 0.501224 0.748389 0.46666 0.493862 0.021509
10 0.323487 0.087433 0.0196933 0.0414347 0.0212545
5 0.472151 0.431935 0.0284468 0.0266687 0.0205428
10 0.299871 0.777775 0.513052 0.444974 0.0204955
10 0.358772 0.0307518 0.034312 0.0618367 0.0204057
7 0.014949 0.573359 0.0299176 0.160166 0.020113
11 0.825554 0.792814 0.306096 0.420831 0.0199735
11 0.491466 0.747588 0.946024 0.49474 0.019521
6 0.410894 0.925375 0.696668 0.153304 0.0190866
10 0.438907 0.565004 0.646406 0.848809 0.0187403
11 0.824632 0.680236 0.347572 0.644034 0.0186514
4 0.343724 0.172462 0.0544432 0.0468384 0.0184591
10 0.34821 0.0467635 0.0329049 0.0429137 0.0179378
5 0.440345 0.431927 0.0185545 0.0264456 0.0179202
11 0.369424 0.680715 0.69955 0.361923 0.0176187
10 0.328205 0.0382381 0.267466 0.0776055 0.0172417
11 0.728525 0.747448 0.466214 0.503409 0.0170173
7 0.221181 0.689447 0.0640259 0.177678 0.0170046
11 0.545798 0.581875 0.426396 0.567693 0.0166571
10 0.365103 0.135335 0.0213022 0.0624996 0.0166217
11 0.460452 0.885071 0.812959 0.234124 0.0164543
7 0.210894 0.738797 0.0552646 0.175126 0.0161806
6 0.45701 0.750928 0.588502 0.495909 0.0157865
10 0.518923 0.57522 0.551796 0.832582 0.0151388
11 0.607288 0.617446 0.237946 0.277555 0.0146902
7 0.204915 0.738488 0.0540373 0.173894 0.0134054
6 0.464568 0.748047 0.570585 0.498146 0.0132316
6 0.637872 0.597982 0.253811 0.496345 0.0129059
