4 0.343254 0.491692 0.213465 0.298259 0.411678
10 0.967808 0.895166 0.0659725 0.204849 0.303644
4 0.344068 0.513559 0.200159 0.23904 0.278272
10 0.971466 0.891403 0.0593256 0.21546 0.266051
4 0.488076 0.387333 0.194561 0.1407 0.241831
4 0.743568 0.460594 0.0965895 0.128663 0.141418
4 0.333973 0.448811 0.233206 0.389974 0.138537
4 0.763079 0.467336 0.074437 0.109332 0.132654
10 0.961682 0.833292 0.0778875 0.32929 0.129392
1 0.512298 0.859568 0.994476 0.282853 0.116226
1 0.508225 0.825917 0.986938 0.352096 0.114059
10 0.879404 0.480003 0.0343485 0.100949 0.113433
10 0.985925 0.900137 0.0284727 0.195544 0.110106
1 0.508981 0.857108 0.990644 0.288373 0.10945
4 0.326813 0.424371 0.254664 0.441425 0.107372
1 0.752177 0.837632 0.508357 0.326899 0.105007
10 0.893248 0.476617 0.0314997 0.105471 0.104221
1 0.93762 0.827883 0.129249 0.343721 0.103771
1 0.50631 0.826355 0.995372 0.350954 0.102695
1 0.506741 0.861901 0.978793 0.279333 0.10205
10 0.889523 0.477743 0.049855 0.111739 0.0973298
1 0.873105 0.823053 0.271071 0.353722 0.0957852
4 0.739003 0.437922 0.122952 0.191472 0.0938185
1 0.726935 0.839622 0.56434 0.322004 0.0936844
1 0.9296 0.783664 0.144396 0.431822 0.0926281
1 0.959971 0.793739 0.0823582 0.409231 0.0925658
4 0.231528 0.427624 0.457239 0.429262 0.0922031
1 0.77047 0.80226 0.471773 0.397373 0.0901638
0 0.942365 0.851668 0.113669 0.295582 0.0896765
4 0.0954439 0.43715 0.18755 0.23423 0.0889268
1 0.871735 0.854755 0.276462 0.286165 0.0883215
4 0.228637 0.452244 0.450835 0.368369 0.0872099
1 0.712608 0.851167 0.593762 0.296785 0.084076
4 0.45926 0.38208 0.248149 0.167726 0.0830115
10 0.940337 0.90308 0.119848 0.195047 0.0821708
1 0.751085 0.801427 0.519446 0.396257 0.0817757
10 0.867805 0.475732 0.0300215 0.0991498 0.0815583
10 0.898027 0.481061 0.0309612 0.105882 0.0805494
4 0.335485 0.308322 0.0611798 0.0790762 0.0802417
4 0.291978 0.424467 0.323404 0.434641 0.0800463
1 0.270163 0.877683 0.537187 0.24547 0.0794837
1 0.740351 0.910185 0.531886 0.180693 0.0787949
1 0.686628 0.903229 0.649253 0.193206 0.0762212
1 0.504669 0.898297 0.991117 0.206062 0.0754378
1 0.772295 0.92032 0.463278 0.160547 0.0748169
4 0.755136 0.447242 0.0896357 0.159617 0.0747693
1 0.325317 0.872124 0.645174 0.257701 0.0745768
10 0.862613 0.476132 0.0305624 0.0978223 0.0742063
4 0.568823 0.419967 0.0533442 0.0611451 0.0738807
4 0.233901 0.435427 0.453391 0.448425 0.0733166
4 0.111139 0.46688 0.221069 0.302651 0.072687
10 0.946734 0.893699 0.0657545 0.209913 0.0724383
1 0.5064 0.910365 0.984008 0.182063 0.0724003
1 0.872939 0.778753 0.266971 0.441041 0.0723372
4 0.249965 0.473359 0.382811 0.340751 0.0720307
10 0.982437 0.911205 0.0366224 0.175369 0.0693168
1 0.542338 0.869716 0.916267 0.260821 0.0687018
1 0.3691 0.870596 0.72556 0.260208 0.0682954
4 0.723424 0.458024 0.0519372 0.083708 0.0673929
1 0.26995 0.83977 0.539116 0.323008 0.067275
10 0.988528 0.896918 0.0230118 0.186804 0.065958
1 0.308343 0.911479 0.611425 0.179141 0.0655338
1 0.263762 0.908563 0.524147 0.184916 0.0648525
1 0.738726 0.961794 0.532089 0.0773783 0.0646509
10 0.950389 0.912284 0.0500713 0.172449 0.0642394
1 0.613941 0.924093 0.780575 0.151657 0.0618483
1 0.404318 0.879579 0.803285 0.242364 0.0617039
1 0.715036 0.965578 0.580841 0.0700245 0.0610222
4 0.0441188 0.362972 0.0876655 0.116116 0.0608746
1 0.781045 0.755168 0.44869 0.490169 0.0603792
1 0.292621 0.925786 0.57641 0.149159 0.0602804
4 0.468379 0.387927 0.275116 0.161947 0.0595589
4 0.562424 0.420469 0.0635002 0.0675187 0.0582394
1 0.781843 0.964448 0.438029 0.0717352 0.0579253
1 0.507902 0.941595 0.983828 0.118629 0.0578099
10 0.590227 0.347248 0.0476776 0.129268 0.0576763
4 0.282255 0.293413 0.162888 0.129188 0.057453
1 0.961439 0.739695 0.0791159 0.519833 0.0571959
1 0.38992 0.83393 0.775356 0.331463 0.057004
1 0.460983 0.879936 0.908509 0.238479 0.0565183
1 0.750067 0.0296009 0.494041 0.0602292 0.0562916
4 0.0392777 0.365288 0.0798044 0.0879389 0.0560087
4 0.226388 0.472313 0.453139 0.338303 0.0559749
4 0.04113 0.360146 0.0809296 0.0909 0.0553259
1 0.368789 0.835786 0.73422 0.331388 0.0552692
4 0.457966 0.380134 0.0955623 0.117091 0.0548651
10 0.995352 0.502328 0.0103281 0.0915412 0.0540708
1 0.864507 0.928852 0.277723 0.142948 0.0537422
4 0.759415 0.478075 0.055637 0.0827378 0.0532753
10 0.906967 0.477926 0.0313543 0.108742 0.0532097
10 0.959167 0.942184 0.0808857 0.115452 0.0529365
1 0.917551 0.702163 0.167721 0.591517 0.0528338
4 0.556351 0.36581 0.110441 0.160003 0.052712
4 0.0959772 0.378565 0.185745 0.112995 0.0526267
1 0.362361 0.948392 0.42042 0.104113 0.0523521
4 0.211014 0.406198 0.0881073 0.0906205 0.0522393
4 0.341964 0.308303 0.0636311 0.0829372 0.0519387
1 0.177112 0.88602 0.354545 0.22955 0.0519167
1 0.505444 0.886899 0.996973 0.22995 0.0518991
10 0.871975 0.486302 0.0345684 0.0872516 0.0516792
4 0.0688685 0.431911 0.139386 0.238292 0.0506257
10 0.992981 0.47414 0.0143036 0.170285 0.0503733
10 0.037873 0.185203 0.0771388 0.241493 0.0502392
10 0.992931 0.450837 0.0145487 0.207416 0.0502269
1 0.508948 0.815564 0.974576 0.372548 0.0501002
1 0.167828 0.84309 0.337005 0.312493 0.0497595
10 0.38143 0.44311 0.0484018 0.0822776 0.0492592
1 0.960983 0.684517 0.0801046 0.633694 0.0490645
1 0.50978 0.954272 0.976589 0.0941663 0.049047
4 0.386458 0.401185 0.111207 0.172494 0.0477492
9 0.0397103 0.547146 0.0803073 0.193547 0.0472374
4 0.0080658 0.372761 0.0164478 0.1353 0.0466276
1 0.787772 0.0291698 0.420908 0.0584174 0.0461065
10 0.950582 0.896458 0.0541119 0.207999 0.0461053
1 0.914993 0.643368 0.171732 0.709638 0.0460843
1 0.121007 0.88619 0.242349 0.228984 0.0455797
4 0.306009 0.324968 0.108076 0.125218 0.045556
4 0.275902 0.290483 0.168561 0.112205 0.0452657
4 0.2753 0.427292 0.175977 0.173252 0.0451221
1 0.462906 0.841855 0.920325 0.315837 0.0449451
1 0.165664 0.925843 0.33137 0.149858 0.0447672
6 0.027335 0.531085 0.0553382 0.189115 0.0446667
4 0.323508 0.313675 0.0661553 0.0868021 0.0444
1 0.957609 0.632447 0.0862912 0.739977 0.0435395
4 0.401853 0.392037 0.122626 0.180846 0.0435378
1 0.262816 0.964257 0.516628 0.0725543 0.0435012
4 0.368805 0.468653 0.185368 0.33028 0.043417
4 0.353478 0.52321 0.187581 0.227867 0.0432849
10 0.949448 0.889224 0.0540005 0.225234 0.0431476
4 0.192536 0.381154 0.387806 0.311902 0.0429046
4 0.357147 0.433333 0.215252 0.415987 0.0426755
4 0.571933 0.407984 0.0676276 0.0885551 0.0425402
1 0.72622 0.0254255 0.543666 0.0523269 0.041918
1 0.531945 0.967589 0.922496 0.0668011 0.0416884
10 0.940274 0.90235 0.0625339 0.192741 0.0415635
4 0.0475998 0.333007 0.0968194 0.19115 0.0415597
1 0.901858 0.597304 0.198005 0.799138 0.0415458
1 0.239798 0.761042 0.480977 0.479707 0.0411564
4 0.818325 0.476007 0.0766923 0.0935777 0.0410495
4 0.499816 0.388887 0.230991 0.142845 0.0410217
4 0.226053 0.456062 0.456915 0.551008 0.0408113
1 0.518854 0.961824 0.956367 0.0779243 0.0407322
4 0.010942 0.423747 0.0213412 0.214423 0.0406859
4 0.0119725 0.369202 0.0238924 0.0813804 0.04062
4 0.103913 0.385518 0.208851 0.37086 0.0405659
1 0.289561 0.972102 0.528077 0.0569444 0.0404699
4 0.021005 0.458638 0.0425712 0.356172 0.0400781
10 0.894608 0.48471 0.0320168 0.100106 0.0400697
4 0.478147 0.353877 0.265321 0.222991 0.0400527
1 0.435268 0.937896 0.870062 0.126476 0.0398373
1 0.506899 0.663107 0.982423 0.674287 0.0397624
10 0.967397 0.916342 0.0626352 0.167223 0.0397272
4 0.0115836 0.361405 0.0231079 0.0915954 0.0396114
4 0.272127 0.295573 0.180157 0.118494 0.0395976
1 0.114071 0.929624 0.228044 0.141853 0.0394899
1 0.503397 0.778383 0.99338 0.447301 0.0394101
1 0.787918 0.65135 0.433646 0.702098 0.039063
10 0.988928 0.471207 0.0222073 0.133867 0.0390225
4 0.0668882 0.48318 0.13751 0.197044 0.0382606
4 0.022506 0.373487 0.0471186 0.0787361 0.0381411
10 0.585874 0.352346 0.0555257 0.145192 0.0381304
1 0.886181 0.972504 0.229511 0.0561075 0.0379246
10 0.0383012 0.243103 0.0775827 0.35162 0.037815
1 0.0640508 0.924705 0.129376 0.151935 0.037798
1 0.07056 0.866756 0.142869 0.2668 0.0377729
4 0.229049 0.355313 0.460201 0.634503 0.0377671
1 0.903922 0.959544 0.192868 0.0822275 0.0377627
1 0.342523 0.973051 0.287486 0.0542627 0.0374915
4 0.393355 0.403286 0.137636 0.199842 0.0373335
4 0.427956 0.37535 0.100055 0.127945 0.0373277
10 0.980325 0.980167 0.0409649 0.0401995 0.0368619
4 0.556742 0.374884 0.12374 0.165698 0.0368233
10 0.965693 0.97864 0.0698992 0.0433283 0.0367675
1 0.396694 0.975445 0.304843 0.0493208 0.0365196
4 0.183274 0.350753 0.0518083 0.0589407 0.0364216
4 0.819419 0.477285 0.0929815 0.0948637 0.0363759
4 0.79357 0.471583 0.0563618 0.0928555 0.0363735
1 0.922181 0.559814 0.157109 0.87492 0.0363161
4 0.224559 0.416162 0.0908977 0.1201 0.0356558
4 0.340872 0.563198 0.188183 0.146974 0.0355549
1 0.506284 0.731316 0.979436 0.537556 0.035171
1 0.186065 0.965258 0.37076 0.0704075 0.0351354
1 0.775236 0.613995 0.460893 0.771451 0.0350234
4 0.0535642 0.359244 0.0790232 0.096437 0.0349141
4 0.213159 0.4238 0.13473 0.151196 0.0348354
4 0.120549 0.960389 0.242245 0.0797668 0.0348007
10 0.953053 0.941807 0.0531779 0.112629 0.034455
10 0.519385 0.341667 0.0527106 0.0962024 0.0343155
10 0.984938 0.61219 0.0298822 0.766359 0.0340099
10 0.854773 0.989892 0.0878837 0.0203736 0.0339021
10 0.612368 0.344293 0.0451735 0.126439 0.0335347
1 0.621076 0.0140209 0.107734 0.0281479 0.0334246
9 0.0182033 0.566955 0.0373601 0.120325 0.0332682
4 0.832766 0.476623 0.0736975 0.0942853 0.0330269
10 0.84355 0.990697 0.0622319 0.018811 0.0327946
4 0.0657227 0.953654 0.132658 0.09415 0.0327615
4 0.0126158 0.575137 0.0259205 0.077614 0.0327244
10 0.849097 0.473616 0.0296238 0.0986976 0.0326576
1 0.340996 0.742435 0.679388 0.518134 0.0325811
1 0.422903 0.974555 0.488027 0.0517193 0.0325734
10 0.864685 0.990499 0.0910007 0.0194113 0.0325239
1 0.667769 0.0169696 0.242161 0.0346416 0.0323407
1 0.0315029 0.910397 0.064532 0.18232 0.0321072
4 0.721307 0.462242 0.0844793 0.105433 0.0319055
1 0.697325 0.0519598 0.594004 0.102467 0.0315292
1 0.0227889 0.869707 0.0467917 0.263588 0.0313218
4 0.537141 0.403261 0.113596 0.0996311 0.0312901
4 0.396386 0.442652 0.0674986 0.0879367 0.0312212
10 0.851843 0.481709 0.0328442 0.0914062 0.0312166
10 0.985174 0.865986 0.0306086 0.124271 0.0305532
4 0.699509 0.463458 0.0856861 0.102292 0.0305235
10 0.882667 0.991292 0.0890621 0.0180063 0.0305066
10 0.043969 0.353115 0.0886137 0.54691 0.0304578
1 0.790197 0.670232 0.429082 0.661162 0.0304524
10 0.589018 0.34054 0.0732899 0.141977 0.0303451
10 0.00966389 0.334926 0.0194564 0.140844 0.0296794
10 0.959226 0.61318 0.0815825 0.766254 0.0296573
4 0.284162 0.31484 0.142328 0.11352 0.0294737
5 0.0283638 0.505035 0.0565263 0.105655 0.0290904
1 0.666136 0.677259 0.676213 0.642468 0.0288571
9 0.0492521 0.631852 0.0992046 0.717413 0.0286375
10 0.80418 0.977263 0.0904587 0.0457996 0.0285906
4 0.838029 0.477034 0.0637732 0.0952515 0.0285343
10 0.845063 0.47601 0.0297422 0.0946063 0.0284507
4 0.436853 0.364375 0.0865387 0.113897 0.0283728
4 0.292487 0.522992 0.199494 0.221377 0.0282992
4 0.302853 0.307944 0.223833 0.151991 0.0281903
4 0.526254 0.370588 0.073885 0.149029 0.0278686
10 0.900436 0.991292 0.13605 0.0179583 0.0278255
10 0.0101109 0.538753 0.0197315 0.163218 0.0275396
10 0.596028 0.360658 0.0775502 0.16215 0.027498
4 0.098828 0.565646 0.198652 0.521362 0.0272844
10 0.890192 0.990553 0.136783 0.0191885 0.0271614
10 0.978404 0.964491 0.0453837 0.0726198 0.0271177
10 0.95175 0.947064 0.0603258 0.105586 0.0270828
10 0.0157975 0.310545 0.0320376 0.21004 0.0270495
4 0.399688 0.441245 0.0727956 0.098303 0.0268966
10 0.912195 0.99117 0.11566 0.0176443 0.0266677
4 0.57602 0.404389 0.0613047 0.0904229 0.0266383
4 0.579236 0.372112 0.08836 0.153932 0.0265422
9 0.0167419 0.595218 0.0352124 0.457871 0.0264997
10 0.0675201 0.353302 0.0533888 0.0914093 0.0264763
4 0.363029 0.541477 0.182646 0.206012 0.0263488
10 0.260151 0.410708 0.0588492 0.112846 0.026322
4 0.408925 0.435237 0.0710476 0.108833 0.0260548
4 0.346186 0.303134 0.0590491 0.0728848 0.0258509
10 0.77304 0.297895 0.0709886 0.185818 0.0257868
4 0.687662 0.4662 0.0657209 0.107336 0.0253863
10 0.0706245 0.141382 0.143791 0.280418 0.0251917
4 0.198524 0.345807 0.0499918 0.0558345 0.0251095
1 0.861001 0.0249963 0.283433 0.0498137 0.0251008
9 0.0415051 0.578349 0.084713 0.619016 0.0249502
4 0.412152 0.450881 0.106955 0.285376 0.0248945
4 0.425167 0.384422 0.145663 0.131136 0.0245857
10 0.930403 0.991489 0.0771237 0.0165005 0.0244834
10 0.107068 0.141806 0.216606 0.280285 0.0242982
6 0.0284535 0.253376 0.0578795 0.116516 0.0242065
4 0.19161 0.249502 0.0760355 0.061883 0.0241801
4 0.208407 0.249236 0.0528176 0.0538603 0.0239244
10 0.927675 0.982047 0.149751 0.0366959 0.0239163
6 0.029854 0.249017 0.0604991 0.122432 0.0237002
10 0.254329 0.418257 0.0643163 0.133886 0.0234425
10 0.856729 0.979766 0.121128 0.0417707 0.0234042
10 0.00904075 0.318288 0.019175 0.188933 0.0234028
4 0.375968 0.476597 0.225878 0.34611 0.0229782
4 0.25391 0.210266 0.0822377 0.100759 0.0226691
4 0.145287 0.0845009 0.287759 0.168391 0.0219415
4 0.418879 0.447845 0.0728328 0.123324 0.0218978
4 0.168919 0.403628 0.0689908 0.0887148 0.0218706
10 0.504258 0.338882 0.0563346 0.0986401 0.0216886
10 0.216221 0.495408 0.0773769 0.178093 0.0215508
4 0.0178428 0.49523 0.0377054 0.0913034 0.0213118
4 0.082756 0.593425 0.172594 0.755156 0.0210645
10 0.986887 0.284817 0.0261767 0.111647 0.0210051
10 0.021347 0.158633 0.0467163 0.154999 0.0205723
4 0.419995 0.410318 0.0834099 0.187544 0.0202102
4 0.195321 0.252455 0.0812629 0.0690195 0.0197808
1 0.298553 0.460774 0.607864 0.900999 0.0197607
4 0.647492 0.457807 0.116033 0.106472 0.0196161
10 0.622968 0.98897 0.111099 0.0223401 0.0195084
4 0.228013 0.516187 0.452115 0.340145 0.0193689
4 0.40607 0.356271 0.0535125 0.0535171 0.0191659
4 0.394923 0.375235 0.0868277 0.113392 0.0191056
10 0.0965454 0.0879284 0.0901452 0.162821 0.018874
10 0.599093 0.98899 0.116188 0.0228375 0.0187322
10 0.197558 0.472989 0.107831 0.222999 0.0185746
4 0.0408386 0.0355069 0.0838355 0.0741669 0.0179045
4 0.303607 0.40625 0.590765 0.556071 0.0178304
4 0.430134 0.432866 0.0763883 0.143045 0.017332
10 0.350698 0.447225 0.0506318 0.085509 0.0172472
4 0.161334 0.144407 0.320868 0.283025 0.0171857
6 0.0453306 0.240158 0.0906534 0.121679 0.0170096
4 0.449184 0.398597 0.13016 0.1608 0.0168736
4 0.578948 0.383868 0.447428 0.394684 0.0166478
10 0.941707 0.30955 0.0215635 0.107157 0.0160655
11 0.151573 0.22705 0.168946 0.134302 0.0146041
10 0.98838 0.913421 0.15867 0.179953 0.0141262
10 0.987362 0.878685 0.143407 0.252361 0.0139156
10 0.987905 0.894654 0.126419 0.213161 0.0137529
1 0.529853 0.636222 0.494872 0.649348 0.00946785
