10 0.97286 0.890265 0.056084 0.211011 0.334832
10 0.967494 0.894293 0.0656529 0.205078 0.274223
10 0.606367 0.36818 0.0708038 0.164529 0.164945
1 0.510883 0.833795 0.984149 0.336992 0.154711
10 0.964942 0.836896 0.0709089 0.319359 0.151124
1 0.511469 0.869524 0.993098 0.263477 0.142641
10 0.955068 0.905618 0.0502825 0.186609 0.13275
1 0.506995 0.840639 0.991895 0.322665 0.130611
1 0.759262 0.839225 0.492657 0.324529 0.118309
1 0.50637 0.873054 0.98765 0.256904 0.1163
1 0.507416 0.896326 0.982875 0.209879 0.115148
1 0.506522 0.869131 0.973792 0.26613 0.113108
1 0.759735 0.851971 0.49326 0.29776 0.102694
1 0.280221 0.877172 0.55548 0.247258 0.102659
10 0.952322 0.847989 0.0944805 0.300999 0.102193
1 0.962155 0.795495 0.0770829 0.405412 0.102
1 0.767241 0.7932 0.477452 0.417021 0.101519
1 0.878244 0.819482 0.259958 0.358826 0.0992825
1 0.503391 0.839759 0.980093 0.32616 0.0976605
1 0.745243 0.87138 0.52719 0.258543 0.0969181
1 0.329696 0.87292 0.649134 0.256521 0.096394
1 0.931526 0.825753 0.14355 0.346137 0.0954134
10 0.767448 0.465688 0.0602801 0.106035 0.0953675
1 0.503262 0.805135 0.994506 0.394951 0.0941349
1 0.327986 0.876899 0.646583 0.248629 0.0930109
1 0.723963 0.924979 0.561362 0.152364 0.0927416
1 0.761771 0.926586 0.483477 0.148771 0.0913645
1 0.766516 0.929528 0.470768 0.142038 0.0910446
1 0.928471 0.780065 0.145193 0.438786 0.0897559
10 0.986628 0.891597 0.0273403 0.183779 0.0888968
1 0.293225 0.844615 0.583903 0.313421 0.0884332
1 0.504643 0.816376 0.978094 0.373845 0.0877428
10 0.98553 0.897177 0.0298182 0.179855 0.0866536
1 0.573044 0.879884 0.858731 0.238027 0.0864266
1 0.352616 0.88205 0.694487 0.23699 0.0860353
10 0.882814 0.478749 0.037746 0.097411 0.0853085
10 0.947279 0.905896 0.104879 0.188343 0.0844591
1 0.875498 0.776426 0.258953 0.446481 0.0841385
1 0.505108 0.905699 0.989754 0.191372 0.0840941
1 0.879678 0.870683 0.256721 0.255081 0.0836069
1 0.761695 0.961916 0.484197 0.0764391 0.0823154
1 0.546532 0.837124 0.911973 0.325733 0.0822691
1 0.380755 0.883101 0.735587 0.232835 0.082112
1 0.270826 0.90403 0.536967 0.194287 0.0820888
1 0.327605 0.901237 0.646078 0.200131 0.0807489
10 0.890203 0.477373 0.0331055 0.102984 0.0803307
1 0.408421 0.848047 0.811542 0.304658 0.0792217
1 0.383759 0.847915 0.76416 0.305863 0.0769575
10 0.61766 0.377967 0.0467914 0.145846 0.0745052
1 0.962502 0.725331 0.0759534 0.54811 0.0734628
1 0.915908 0.704255 0.167981 0.588065 0.0722573
1 0.626679 0.944562 0.744676 0.110847 0.0705462
1 0.693096 0.818324 0.640414 0.364443 0.0700172
1 0.50744 0.952418 0.975915 0.0976194 0.068056
1 0.465844 0.857526 0.929129 0.28587 0.0679907
6 0.616497 0.405959 0.0753928 0.101795 0.0668258
1 0.191883 0.850335 0.387353 0.299311 0.0659937
1 0.508189 0.703726 0.98682 0.598251 0.0656461
1 0.774279 0.73238 0.465022 0.540428 0.0651759
10 0.58379 0.36622 0.0760698 0.172389 0.064429
1 0.907661 0.606693 0.183405 0.781117 0.0643098
1 0.502641 0.784483 0.98079 0.435982 0.0642072
1 0.768001 0.829139 0.367069 0.344495 0.0639834
1 0.739875 0.970912 0.456795 0.058343 0.0633708
1 0.91986 0.668657 0.159364 0.66552 0.0628111
1 0.178617 0.887224 0.357731 0.227837 0.0627649
1 0.337298 0.924715 0.341011 0.151534 0.0627644
1 0.753804 0.0279668 0.48329 0.0575008 0.0625212
6 0.395708 0.416534 0.128843 0.204477 0.0619058
10 0.86582 0.473086 0.034577 0.101622 0.0613312
1 0.372436 0.935723 0.335891 0.129024 0.0609835
10 0.974586 0.895312 0.0461149 0.157415 0.0605006
9 0.400554 0.422373 0.116991 0.18669 0.0603257
10 0.893025 0.479723 0.0335829 0.103545 0.0601225
1 0.962089 0.640147 0.0768068 0.720958 0.0599816
1 0.38823 0.926724 0.763757 0.146163 0.0593746
1 0.123729 0.886012 0.246544 0.229649 0.0588824
1 0.26815 0.800015 0.535536 0.404864 0.0586389
10 0.951044 0.916608 0.0456773 0.163476 0.0580705
10 0.950507 0.892457 0.0460359 0.214348 0.0580562
1 0.122492 0.846479 0.245892 0.306875 0.0569415
4 0.277493 0.288754 0.166996 0.118791 0.0567545
1 0.970974 0.702894 0.060614 0.587839 0.0560863
10 0.578997 0.365273 0.0516916 0.159628 0.055364
1 0.86846 0.941928 0.266083 0.117128 0.0552497
10 0.580623 0.356053 0.059022 0.154304 0.0547783
1 0.534185 0.966464 0.927606 0.069159 0.0547425
10 0.860363 0.472731 0.0334337 0.0975299 0.0545309
1 0.267878 0.961839 0.524491 0.0777744 0.0541213
1 0.508462 0.897192 0.995748 0.210794 0.0535504
1 0.672176 0.0183602 0.242249 0.0379424 0.0529306
1 0.735416 0.0225341 0.516294 0.0468606 0.0528546
1 0.53381 0.963417 0.931476 0.0753035 0.0528321
1 0.773232 0.638213 0.464338 0.727604 0.0525108
10 0.964965 0.943279 0.0700933 0.113333 0.0523326
1 0.161342 0.926069 0.322684 0.149945 0.0522831
4 0.183903 0.347228 0.0527092 0.0656285 0.0518155
1 0.820425 0.684042 0.371287 0.638187 0.0517587
10 0.803026 0.978806 0.0851647 0.0428367 0.0517053
10 0.987755 0.887942 0.0253807 0.178932 0.0512009
1 0.662033 0.973767 0.546588 0.0529709 0.0509582
1 0.303797 0.967205 0.584908 0.0667217 0.0508649
4 0.290982 0.436541 0.144263 0.209172 0.0504852
10 0.941083 0.897834 0.063627 0.202164 0.0500838
4 0.395609 0.407901 0.133953 0.221965 0.0500633
10 0.791609 0.985208 0.0609095 0.0298524 0.0498492
1 0.93022 0.597705 0.139742 0.803789 0.0497413
1 0.62127 0.0152717 0.0825596 0.030416 0.049686
10 0.949341 0.900422 0.0407162 0.188181 0.0496146
1 0.234926 0.365466 0.468583 0.49387 0.0494937
1 0.509167 0.620096 0.989362 0.758924 0.0494613
10 0.52297 0.333405 0.0436732 0.0831991 0.0493949
1 0.149784 0.821771 0.302403 0.355535 0.0491865
10 0.89983 0.476776 0.0331083 0.105182 0.048566
1 0.0699226 0.869205 0.140687 0.262214 0.0479802
10 0.382314 0.448746 0.051967 0.103115 0.0477115
1 0.110838 0.930733 0.222355 0.139805 0.0474842
10 0.632299 0.382191 0.0584025 0.146882 0.0471895
4 0.292852 0.4409 0.129699 0.193147 0.0466843
1 0.231161 0.316574 0.464299 0.604303 0.046573
10 0.587141 0.336178 0.0499578 0.116681 0.0459425
1 0.978048 0.607778 0.0456692 0.777237 0.0458681
10 0.822023 0.977483 0.129555 0.045754 0.0457429
4 0.0407092 0.357966 0.081161 0.0970423 0.0455721
1 0.366645 0.792311 0.735652 0.42487 0.0453541
6 0.904939 0.964191 0.191845 0.0728413 0.0450431
9 0.400483 0.446691 0.097835 0.12246 0.0449397
6 0.021394 0.29872 0.0433192 0.214641 0.0448104
6 0.875132 0.968788 0.24848 0.063496 0.0446735
10 0.847163 0.989722 0.0735813 0.0205998 0.0445196
4 0.105364 0.422294 0.210824 0.274072 0.0442803
1 0.0646669 0.926007 0.130176 0.149931 0.044096
1 0.341512 0.970387 0.288353 0.0594233 0.0439652
10 0.524188 0.342167 0.0502814 0.101386 0.0430542
1 0.418241 0.973767 0.498729 0.0529436 0.04293
1 0.603298 0.0142775 0.114519 0.0283991 0.0428701
1 0.254168 0.726598 0.50771 0.551041 0.0428256
10 0.598663 0.337517 0.047453 0.109006 0.0427083
10 0.953138 0.939841 0.0440971 0.118171 0.0424115
10 0.0110478 0.343447 0.0228934 0.127468 0.0423628
1 0.112478 0.324816 0.225417 0.297666 0.0422018
1 0.642762 0.0186381 0.301562 0.0385154 0.042073
4 0.0542863 0.35693 0.0768235 0.0988505 0.0420519
10 0.78534 0.468115 0.039114 0.104587 0.0420037
1 0.542382 0.973865 0.818129 0.0532082 0.0419869
10 0.986678 0.877497 0.0272455 0.19699 0.0419416
4 0.0438702 0.361466 0.0877877 0.122799 0.0418162
10 0.726863 0.454524 0.0504122 0.0954353 0.041775
1 0.841904 0.972286 0.24789 0.0558535 0.0417357
1 0.768483 0.667152 0.478099 0.669153 0.0416448
4 0.27281 0.444726 0.1743 0.217444 0.0414321
10 0.509996 0.337742 0.0483985 0.0956423 0.041313
1 0.398577 0.973001 0.285419 0.0543329 0.0412199
10 0.73011 0.4538 0.0500781 0.0825041 0.041191
4 0.179953 0.351154 0.0514825 0.0672695 0.0411564
1 0.182158 0.964118 0.361657 0.0729421 0.0411535
1 0.707965 0.0502435 0.572663 0.099883 0.0408781
6 0.752219 0.474519 0.0526277 0.0886353 0.0407198
10 0.993076 0.470758 0.0141205 0.209887 0.0402058
1 0.326883 0.723662 0.651772 0.558519 0.0397909
4 0.499144 0.368782 0.245441 0.160808 0.03965
10 0.568112 0.365146 0.0709147 0.169954 0.0395585
10 0.638668 0.389466 0.0508214 0.135335 0.0395022
4 0.0141774 0.371374 0.0289671 0.0756139 0.0391723
4 0.0132124 0.420867 0.026427 0.217386 0.0388456
10 0.0135075 0.368815 0.0278935 0.0804891 0.0388108
1 0.0248027 0.873064 0.0511771 0.256588 0.0381395
4 0.104264 0.361843 0.207256 0.152385 0.0381097
10 0.983153 0.921403 0.0361247 0.145902 0.0380092
10 0.861619 0.991189 0.0982898 0.0179565 0.0379699
4 0.0390036 0.366079 0.0807937 0.0864837 0.0378493
6 0.758963 0.468293 0.0482987 0.0848587 0.03771
4 0.269392 0.286875 0.153349 0.0946967 0.0373775
4 0.180938 0.403755 0.367454 0.402978 0.0373599
1 0.795034 0.589293 0.418526 0.821334 0.0370755
4 0.00942506 0.389986 0.0189147 0.166384 0.0367376
1 0.79639 0.0258132 0.403042 0.0521628 0.0360116
10 0.0126203 0.393007 0.0263992 0.385837 0.0357654
4 0.564821 0.421052 0.0548244 0.0655986 0.0357563
4 0.338339 0.301749 0.0565709 0.0772672 0.0356943
1 0.0502161 0.295586 0.101727 0.254358 0.0354788
4 0.299203 0.434298 0.145855 0.180787 0.0353185
1 0.03224 0.915039 0.0660233 0.173665 0.0351975
10 0.64364 0.0135725 0.0549981 0.0280307 0.0351491
10 0.627718 0.369085 0.0524917 0.144576 0.0351148
1 0.640283 0.678869 0.728678 0.640947 0.0347135
1 0.0454517 0.365037 0.0937644 0.354819 0.0345928
1 0.509315 0.700132 0.979631 0.602756 0.0343387
10 0.608634 0.987381 0.0947189 0.0250014 0.0335631
10 0.993913 0.531416 0.0128206 0.258542 0.0332614
4 0.121119 0.961582 0.242868 0.0776493 0.0331191
10 0.6275 0.397798 0.0491686 0.110744 0.0330272
4 0.0491589 0.419429 0.100125 0.25343 0.032983
1 0.281723 0.535364 0.569683 0.913014 0.0328403
4 0.199258 0.345103 0.0426556 0.0595467 0.0327726
10 0.992705 0.519449 0.0147066 0.371465 0.0324889
10 0.0228401 0.425984 0.0472344 0.415117 0.0323144
10 0.986638 0.470965 0.0282395 0.123886 0.0322069
10 0.872139 0.992418 0.11777 0.0158813 0.0321312
1 0.50993 0.743562 0.993953 0.517562 0.0320785
4 0.0669377 0.952217 0.135382 0.0970349 0.0318292
1 0.245713 0.523426 0.496175 0.935207 0.0318139
10 0.878562 0.992222 0.101158 0.0160355 0.031594
1 0.506146 0.645963 0.983511 0.706633 0.0315184
4 0.176933 0.456633 0.359282 0.322673 0.0313832
1 0.240329 0.362847 0.484079 0.581728 0.0311709
10 0.559998 0.370152 0.0536681 0.153706 0.0310722
1 0.258461 0.697053 0.513997 0.609789 0.0309342
1 0.207213 0.707091 0.415592 0.585449 0.0308343
4 0.258147 0.204253 0.0758917 0.0779874 0.030713
10 0.0101283 0.338938 0.0217593 0.17743 0.0306707
11 0.153445 0.293954 0.140626 0.183535 0.0305552
10 0.813441 0.989423 0.209269 0.0226172 0.0304371
10 0.933336 0.991716 0.0635254 0.0159901 0.0301088
1 0.505658 0.63187 0.985033 0.736109 0.0300935
6 0.414453 0.374213 0.152855 0.284864 0.0299246
10 0.914465 0.99107 0.0944958 0.0176399 0.0295637
10 0.892303 0.991016 0.14011 0.0182223 0.0294912
1 0.425746 0.789172 0.89047 0.419202 0.0294907
10 0.980162 0.966803 0.0417483 0.0678705 0.0293757
1 0.53058 0.986454 0.202297 0.0276867 0.0287281
1 0.231017 0.430557 0.462887 0.432656 0.028592
4 0.276502 0.291217 0.18219 0.101276 0.0285381
6 0.0288412 0.243862 0.0579167 0.108891 0.0282683
4 0.490668 0.382274 0.166002 0.125465 0.0280839
4 0.342262 0.306689 0.0622974 0.0984856 0.0279271
10 0.945592 0.890771 0.109995 0.222164 0.0279058
10 0.79087 0.467496 0.03296 0.105571 0.0278629
6 0.841905 0.475925 0.0595901 0.0914138 0.0274977
10 0.793237 0.46741 0.0489321 0.10537 0.027292
10 0.586066 0.986529 0.136581 0.0278217 0.0269803
4 0.0112183 0.414877 0.0225265 0.176351 0.0269396
10 0.900408 0.990708 0.162194 0.0186444 0.0267917
6 0.0273849 0.248705 0.0559275 0.113046 0.0266302
10 0.825865 0.238865 0.0657862 0.096319 0.0264781
10 0.982405 0.98028 0.036654 0.0393686 0.026454
4 0.322163 0.310565 0.0669103 0.100167 0.0264183
6 0.569707 0.393088 0.0570946 0.116694 0.0263726
1 0.672351 0.052265 0.653284 0.104521 0.0263313
10 0.848363 0.470406 0.0333072 0.0974537 0.0259809
4 0.35154 0.403146 0.108686 0.215834 0.0259555
9 0.378333 0.452142 0.120519 0.135472 0.0257401
4 0.0330583 0.949693 0.0679435 0.102857 0.0256022
10 0.835328 0.474646 0.032464 0.0925694 0.0255583
4 0.291052 0.44995 0.124112 0.169253 0.0253251
1 0.947435 0.531751 0.109337 0.410508 0.0253144
6 0.0246456 0.514183 0.050902 0.242565 0.0250986
1 0.569262 0.0134304 0.16763 0.0271383 0.0250912
1 0.454409 0.985685 0.125363 0.028888 0.0250406
1 0.507602 0.623103 0.987352 0.751209 0.0249162
4 0.0401663 0.342043 0.084518 0.133471 0.0248689
4 0.335368 0.324678 0.0722985 0.125925 0.0244174
4 0.00930466 0.437595 0.0184078 0.229001 0.0240177
1 0.54858 0.744186 0.91775 0.514915 0.0236124
4 0.943942 0.513498 0.118525 0.131515 0.0232808
10 0.780797 0.438794 0.0361165 0.0809061 0.0232203
1 0.507855 0.632911 0.987654 0.731975 0.0230823
10 0.654555 0.386413 0.0532178 0.144332 0.022908
10 0.54287 0.336059 0.0479601 0.0877164 0.0224558
10 0.714053 0.456833 0.0466553 0.0833989 0.022449
6 0.821023 0.47441 0.0836876 0.0944659 0.0221811
4 0.23999 0.456339 0.463813 0.318577 0.0220551
4 0.554659 0.425718 0.0598284 0.0741252 0.0218654
1 0.243182 0.366981 0.485833 0.507017 0.0218471
6 0.639111 0.414381 0.0602493 0.0851016 0.0217032
2 0.083282 0.266859 0.0404697 0.130697 0.0213123
10 0.743154 0.986955 0.149538 0.0260643 0.0211791
6 0.630741 0.418467 0.0700607 0.0828961 0.0210581
10 0.355412 0.450781 0.050919 0.110063 0.0209637
4 0.293705 0.277222 0.13254 0.087035 0.020676
10 0.0137985 0.971913 0.027508 0.0578285 0.020538
1 0.395284 0.717317 0.796176 0.563308 0.020246
10 0.68183 0.466442 0.0325294 0.0731289 0.019788
1 0.32985 0.34278 0.66747 0.653596 0.0195849
1 0.988958 0.552925 0.0215086 0.21439 0.0195588
8 0.0165621 0.500726 0.0339656 0.115116 0.0194749
10 0.633863 0.988315 0.121621 0.0234167 0.0191535
10 0.078122 0.275457 0.0410556 0.149839 0.0189918
10 0.636634 0.341848 0.0551072 0.120863 0.0187299
6 0.943238 0.976467 0.0830034 0.048184 0.018519
10 0.941121 0.946037 0.0574963 0.117849 0.0184676
1 0.0806762 0.630132 0.166724 0.730769 0.0176307
4 0.385948 0.400606 0.521038 0.29301 0.0175072
10 0.476582 0.32951 0.0329013 0.0875317 0.0174926
4 0.244711 0.1991 0.111344 0.120216 0.017301
10 0.0122634 0.513779 0.024269 0.130463 0.0165228
4 0.144189 0.315247 0.157227 0.221389 0.0164386
4 0.0160618 0.040024 0.0325331 0.0833038 0.0163379
3 0.847806 0.15678 0.00594728 0.0119505 0.0162198
10 0.909489 0.910405 0.0655508 0.183941 0.0161452
6 0.465109 0.401957 0.0791023 0.138535 0.0158402
6 0.700692 0.182654 0.0527409 0.0700849 0.0154807
10 0.802207 0.466744 0.0344961 0.108083 0.0148859
1 0.39931 0.438723 0.801508 0.779086 0.014794
4 0.365916 0.297166 0.0584239 0.0846469 0.0140491
10 0.98816 0.893837 0.150398 0.213893 0.0133738
10 0.986113 0.921077 0.159279 0.164512 0.0125705
1 0.51719 0.643948 0.859982 0.679696 0.0124849
10 0.987111 0.878717 0.156985 0.230746 0.0123996
10 0.839354 0.209828 0.0116117 0.0210973 0.0114505
