6 0.403754 0.53896 0.146938 0.473579 0.687849
5 0.47702 0.169603 0.0885661 0.123677 0.67555
5 0.40523 0.234694 0.0996552 0.18411 0.657598
10 0.252106 0.410038 0.0477615 0.13591 0.177263
6 0.3704 0.6497 0.237984 0.70163 0.163489
10 0.268877 0.404717 0.0840661 0.146813 0.150525
10 0.504646 0.176463 0.0311343 0.0858652 0.135048
2 0.617216 0.162153 0.0192503 0.0730857 0.119909
10 0.236887 0.105112 0.1297 0.212128 0.109652
5 0.460427 0.167174 0.0711729 0.115993 0.101347
10 0.504059 0.166635 0.0646786 0.113788 0.0969297
10 0.751589 0.141548 0.0231118 0.0462954 0.0861058
10 0.238322 0.409349 0.0423594 0.139409 0.0808731
10 0.611554 0.161358 0.025637 0.0776016 0.0786747
10 0.712989 0.0139167 0.073915 0.029992 0.0768525
10 0.509166 0.165087 0.0620848 0.114965 0.0767135
2 0.601562 0.152079 0.0170937 0.0605568 0.0727157
2 0.406305 0.972178 0.0448968 0.0552957 0.0725685
10 0.509208 0.166069 0.0381192 0.10997 0.0724506
10 0.464313 0.167179 0.0723083 0.117533 0.0705173
10 0.692233 0.012546 0.0324969 0.0262058 0.0698791
2 0.58593 0.0986531 0.0194805 0.0386727 0.0685926
11 0.260752 0.98605 0.410459 0.0274525 0.0669324
10 0.486167 0.165382 0.044852 0.111699 0.0663274
11 0.382479 0.983167 0.676495 0.0325178 0.0648033
10 0.508355 0.165676 0.0694357 0.116215 0.0646648
2 0.415064 0.973439 0.0450211 0.0529938 0.0641284
10 0.288734 0.400655 0.0534534 0.137195 0.0639722
5 0.402768 0.225203 0.100893 0.159771 0.063636
10 0.70335 0.0130234 0.0539019 0.026775 0.0634586
10 0.61745 0.526759 0.02301 0.0777668 0.0611314
5 0.402364 0.232118 0.0958257 0.163709 0.0596184
10 0.284911 0.396261 0.0719591 0.133619 0.0590309
10 0.738972 0.140261 0.0241207 0.044277 0.0585076
10 0.73009 0.0133697 0.0478638 0.0280686 0.0570972
2 0.619238 0.175328 0.0168663 0.0502489 0.0552123
6 0.14279 0.981768 0.22922 0.0339456 0.0551487
11 0.173978 0.984048 0.267766 0.0296547 0.0536062
10 0.719807 0.0127494 0.0694473 0.0272932 0.0530941
10 0.518466 0.175565 0.032126 0.087335 0.0520859
6 0.135042 0.951281 0.248461 0.0942454 0.0502618
6 0.164891 0.961929 0.302009 0.0742227 0.049302
5 0.451699 0.170285 0.0728553 0.117008 0.0484755
11 0.326148 0.986488 0.510646 0.0273007 0.0481364
2 0.418243 0.98237 0.0498693 0.0356506 0.0472236
10 0.428889 0.0604502 0.0296153 0.0847861 0.0471338
10 0.251053 0.378089 0.0316116 0.0771594 0.0462173
10 0.221901 0.119568 0.155876 0.241837 0.0461855
10 0.289672 0.772449 0.0476176 0.0692185 0.0455152
6 0.478688 0.981308 0.242979 0.0374597 0.0453822
10 0.276052 0.40562 0.0385018 0.12978 0.0452887
2 0.412094 0.965248 0.0436956 0.0697832 0.0452475
11 0.318792 0.628287 0.173198 0.427542 0.0441044
5 0.435789 0.222433 0.0629938 0.163902 0.0429695
6 0.413299 0.454278 0.139685 0.628944 0.0429671
10 0.271027 0.0952714 0.08747 0.193481 0.0428253
6 0.423795 0.979436 0.170321 0.0413666 0.0427461
5 0.438454 0.219568 0.0444685 0.161566 0.0427176
6 0.34277 0.651223 0.171469 0.699981 0.0426968
5 0.383561 0.232114 0.0965556 0.150469 0.0423768
2 0.595833 0.725041 0.0325734 0.095013 0.0419539
10 0.477921 0.173922 0.0598595 0.0993014 0.0417492
5 0.444256 0.18388 0.0335897 0.0836297 0.041206
5 0.295442 0.770426 0.0502645 0.0738933 0.041088
2 0.621818 0.155601 0.0198072 0.0651386 0.0410463
10 0.0600534 0.652138 0.114427 0.677281 0.0407589
5 0.380541 0.241251 0.0979516 0.164065 0.0407191
11 0.394969 0.984619 0.223782 0.0320064 0.0406748
11 0.518731 0.9844 0.382546 0.031493 0.040384
6 0.405056 0.650724 0.151777 0.69658 0.0401426
10 0.0681296 0.688521 0.130252 0.606956 0.0395511
10 0.593895 0.14765 0.0155473 0.0589894 0.0391924
10 0.238299 0.403226 0.0378844 0.131747 0.0390581
11 0.609079 0.988104 0.448274 0.0231273 0.0388927
2 0.533169 0.0539581 0.0163062 0.0258594 0.0388398
5 0.422496 0.197418 0.0466928 0.116829 0.0386426
10 0.220998 0.411824 0.0483084 0.160176 0.0385082
11 0.272409 0.275718 0.13475 0.117172 0.0384293
6 0.356799 0.648758 0.274246 0.701253 0.0382102
6 0.926073 0.933327 0.132613 0.136062 0.0381589
5 0.421104 0.231227 0.0773905 0.162321 0.0379675
11 0.571929 0.98647 0.378301 0.026608 0.0378869
6 0.886123 0.932821 0.0540049 0.135544 0.0378436
6 0.329223 0.63934 0.143695 0.422073 0.0374706
5 0.462888 0.193476 0.0332221 0.0631159 0.0373995
5 0.397024 0.234344 0.0928972 0.162368 0.0373313
10 0.473871 0.163448 0.0729816 0.109387 0.0371094
10 0.301503 0.395507 0.0513976 0.14219 0.0368926
0 0.845228 0.19472 0.0304007 0.0772636 0.0363698
2 0.685955 0.962155 0.0509062 0.0715367 0.0363514
11 0.716723 0.986932 0.529219 0.0251694 0.0359742
10 0.371105 0.552515 0.23672 0.895559 0.0356774
10 0.759794 0.140083 0.0218317 0.0439419 0.0354715
2 0.752247 0.30685 0.0231966 0.15446 0.0347426
6 0.369499 0.638051 0.218417 0.667164 0.034362
2 0.650627 0.578412 0.017717 0.0452428 0.0342443
10 0.278191 0.411238 0.0499427 0.128639 0.0341195
6 0.335824 0.714133 0.174239 0.569642 0.0337902
10 0.0629649 0.755383 0.121368 0.474063 0.0337174
10 0.523084 0.176798 0.0329784 0.0844105 0.0336261
6 0.339287 0.715762 0.153308 0.567025 0.0333425
11 0.308825 0.645305 0.202368 0.487356 0.0333016
5 0.439071 0.222228 0.0496485 0.16576 0.0331149
6 0.0206734 0.813798 0.0390023 0.353513 0.0330925
2 0.756572 0.339219 0.0235773 0.0897256 0.0329321
6 0.0681114 0.978624 0.119282 0.0402123 0.0329099
5 0.396669 0.266883 0.0839116 0.0963919 0.0326286
11 0.590465 0.967815 0.771841 0.06325 0.0322557
10 0.221413 0.416168 0.0556335 0.166967 0.0322155
11 0.271899 0.219593 0.145992 0.234116 0.0321812
2 0.291288 0.96999 0.0426346 0.0604158 0.0321242
10 0.0186106 0.773136 0.033728 0.430322 0.0318039
5 0.384237 0.252016 0.0929458 0.144151 0.0317686
1 0.92899 0.97004 0.135552 0.0613148 0.0316822
7 0.640907 0.582647 0.0189262 0.0503056 0.0316479
10 0.585448 0.0169733 0.0455502 0.0353463 0.031484
10 0.347476 0.551597 0.285849 0.910699 0.0311731
10 0.429958 0.0507655 0.0465826 0.102057 0.0311269
2 0.757316 0.309744 0.0225961 0.145018 0.0311168
10 0.743223 0.142286 0.0357846 0.0503082 0.0310623
11 0.791124 0.981853 0.4027 0.0340065 0.0310432
5 0.379393 0.252972 0.103963 0.214178 0.0309309
10 0.415304 0.060469 0.0291954 0.0902063 0.0304916
11 0.311069 0.580418 0.190218 0.337681 0.0302076
10 0.884959 0.932999 0.0303886 0.136685 0.0301942
10 0.22077 0.40759 0.0439737 0.151826 0.0300385
2 0.62751 0.160893 0.0195592 0.0774901 0.0298291
10 0.236558 0.0984117 0.0638511 0.202625 0.0297141
10 0.592669 0.0259526 0.0499943 0.0527443 0.0290715
2 0.607102 0.181458 0.016855 0.03891 0.0289132
10 0.673952 0.0118177 0.0216382 0.0250094 0.0288503
6 0.356703 0.96686 0.172253 0.0675869 0.0288257
11 0.688511 0.988676 0.327541 0.0201183 0.0287381
6 0.052088 0.939811 0.0969508 0.117141 0.0287055
6 0.422319 0.47972 0.114394 0.37042 0.0286301
1 0.943002 0.984575 0.11584 0.0321242 0.0285273
10 0.224891 0.256595 0.147256 0.510339 0.0284048
7 0.440384 0.9866 0.0589999 0.0270552 0.0283736
11 0.154757 0.992566 0.19372 0.0126589 0.0282556
5 0.486612 0.184217 0.0744135 0.0812205 0.0282483
2 0.43376 0.0460542 0.0272581 0.0582909 0.0281914
6 0.945738 0.876695 0.106858 0.24755 0.0280967
5 0.348121 0.755128 0.0450766 0.0669257 0.0280943
11 0.676463 0.989943 0.288745 0.0183296 0.0280561
5 0.355328 0.754589 0.0401196 0.0621609 0.027996
2 0.366614 0.979072 0.078947 0.0425313 0.0279699
6 0.146239 0.992995 0.187271 0.0119876 0.0279119
6 0.130225 0.897945 0.244156 0.200253 0.0279031
2 0.583969 0.149411 0.0150152 0.0512444 0.0275689
5 0.42137 0.26726 0.057478 0.0769293 0.027562
5 0.432957 0.188317 0.0539817 0.0874166 0.0273569
6 0.465079 0.987921 0.124521 0.0246122 0.0272901
7 0.275478 0.452711 0.0207662 0.0553151 0.0272859
11 0.170492 0.992603 0.188113 0.0124579 0.0272382
5 0.424008 0.190478 0.0356352 0.0945064 0.0272322
10 0.0471807 0.892217 0.0913538 0.210644 0.0268892
11 0.458989 0.176815 0.107425 0.138059 0.0266664
10 0.309421 0.392037 0.0482233 0.142023 0.0262714
10 0.44909 0.0543467 0.0270069 0.0977026 0.0262577
11 0.363198 0.993055 0.169866 0.0159008 0.0261611
5 0.397586 0.233121 0.108131 0.18969 0.0260954
5 0.434391 0.220185 0.0682341 0.167015 0.0260572
5 0.451647 0.170976 0.0731932 0.117503 0.0259716
7 0.85896 0.208216 0.0216892 0.0575107 0.0256969
2 0.569215 0.0955758 0.0189512 0.0359899 0.0256312
6 0.413736 0.516717 0.111008 0.417731 0.0255159
2 0.374556 0.288879 0.045817 0.12965 0.0253496
10 0.314452 0.390007 0.0590125 0.145869 0.0253271
6 0.413383 0.523928 0.113447 0.423118 0.0251738
10 0.0151602 0.680354 0.0266302 0.610262 0.0248869
10 0.0571989 0.033935 0.0378758 0.0676218 0.0248443
10 0.00832284 0.740718 0.0131573 0.423912 0.0247418
5 0.480681 0.186341 0.0519711 0.0776294 0.0244629
10 0.261986 0.424692 0.0478305 0.121733 0.0243065
10 0.2729 0.542584 0.162614 0.899841 0.0242093
6 0.797998 0.398094 0.184063 0.169584 0.02412
2 0.378944 0.294912 0.0568072 0.129129 0.024081
5 0.439467 0.182383 0.063068 0.0918986 0.0237981
6 0.479709 0.990556 0.116256 0.0196096 0.0236738
10 0.507416 0.160655 0.0597951 0.101454 0.0236236
11 0.225883 0.993837 0.179934 0.0115952 0.0235598
1 0.898036 0.973716 0.102114 0.0526895 0.0234488
2 0.891696 0.969865 0.0380129 0.0602464 0.0233749
2 0.314946 0.974558 0.0257442 0.0514452 0.0233202
7 0.371994 0.264377 0.0382935 0.0776763 0.023231
10 0.251373 0.167798 0.139547 0.332401 0.023062
6 0.323958 0.694309 0.126996 0.314566 0.0229717
5 0.383595 0.312182 0.0574317 0.0826898 0.022798
11 0.340857 0.749354 0.0798581 0.0930461 0.022739
2 0.5792 0.151349 0.0147571 0.0559779 0.0224073
10 0.318588 0.389303 0.0536335 0.141589 0.0223973
6 0.312645 0.144007 0.0396546 0.0891124 0.0223886
10 0.016372 0.887235 0.0290955 0.215939 0.0223462
10 0.0554938 0.034318 0.0293363 0.0654858 0.0223171
5 0.442393 0.220024 0.0526946 0.167206 0.0223151
2 0.762955 0.332806 0.022049 0.105652 0.0221902
6 0.429306 0.532098 0.119199 0.455736 0.0220133
2 0.58933 0.161273 0.0159108 0.0560177 0.0219374
2 0.427704 0.719206 0.0404728 0.062818 0.0219254
5 0.510896 0.154074 0.0319965 0.0881847 0.0217908
10 0.533645 0.174588 0.0344962 0.0871011 0.0217416
6 0.213707 0.994034 0.147002 0.0115858 0.0216412
2 0.594921 0.100956 0.017487 0.0415197 0.0215188
2 0.304037 0.986087 0.0391814 0.0276495 0.0215132
10 0.771248 0.140685 0.0232128 0.0473833 0.0214904
5 0.492244 0.185952 0.0324553 0.0692777 0.0214871
5 0.377682 0.298831 0.0835196 0.126681 0.0211745
11 0.317387 0.44904 0.245666 0.702696 0.0210406
10 0.428845 0.0818428 0.0280576 0.0489687 0.0208771
11 0.721284 0.150417 0.0507525 0.0373176 0.0208646
8 0.343298 0.991639 0.131908 0.0177667 0.0207724
11 0.203308 0.992862 0.143891 0.0122189 0.0206224
10 0.602655 0.232968 0.0459799 0.230461 0.0205875
6 0.395346 0.525909 0.134064 0.445974 0.0205549
5 0.440639 0.163174 0.0259596 0.042967 0.02049
10 0.374055 0.0558605 0.0281425 0.0991706 0.0204644
6 0.656367 0.54758 0.0316921 0.117874 0.0202323
6 0.39628 0.647991 0.162293 0.696294 0.0202194
6 0.401583 0.441018 0.136663 0.611302 0.0202184
10 0.606039 0.0112059 0.0439957 0.023376 0.0202056
2 0.523477 0.183008 0.0327883 0.0733087 0.0201962
6 0.410888 0.45538 0.136989 0.64508 0.0201781
10 0.20187 0.423357 0.0437959 0.172004 0.0200909
6 0.422492 0.513614 0.108908 0.319706 0.0200483
11 0.358933 0.552355 0.342104 0.89567 0.0198647
2 0.452043 0.721846 0.0464046 0.0651651 0.0194612
11 0.423691 0.623694 0.122644 0.293559 0.0193862
1 0.960997 0.984737 0.0775837 0.0310864 0.0193633
5 0.371579 0.240145 0.0893518 0.152299 0.019254
6 0.389493 0.540791 0.140467 0.474464 0.0189086
5 0.501083 0.133996 0.0242982 0.0498257 0.018887
10 0.573316 0.122627 0.0275504 0.0963541 0.0186738
10 0.993945 0.92171 0.0102137 0.157929 0.0186467
10 0.385976 0.0527347 0.0229018 0.090748 0.0185462
2 0.758586 0.278646 0.0179828 0.0908553 0.0185391
5 0.723487 0.151923 0.0284465 0.0606874 0.0181937
11 0.272392 0.579017 0.148944 0.510961 0.0181581
2 0.54338 0.0528453 0.0181088 0.0277649 0.0180624
6 0.645517 0.99384 0.137026 0.0108957 0.0179606
6 0.71652 0.460473 0.0411298 0.0801907 0.0179501
10 0.268309 0.416657 0.173961 0.644834 0.0178596
10 0.22756 0.0463313 0.0679926 0.0943862 0.0177553
7 0.711626 0.462184 0.0375826 0.0882235 0.0176123
2 0.283705 0.0661378 0.0374249 0.107076 0.0173487
6 0.802328 0.652838 0.223262 0.684219 0.0170412
10 0.62438 0.142677 0.0145502 0.0468314 0.0170083
6 0.505741 0.991602 0.087813 0.0168968 0.016956
2 0.447566 0.967834 0.037715 0.0642101 0.0168676
10 0.985157 0.967677 0.0258591 0.0665129 0.0167629
6 0.375391 0.660778 0.188614 0.677522 0.0166282
11 0.313289 0.746209 0.100553 0.128024 0.0164209
2 0.409 0.0442774 0.0217258 0.0485126 0.0163329
6 0.32676 0.596308 0.193296 0.548391 0.0162644
5 0.483607 0.134914 0.0374038 0.0594365 0.0162156
7 0.0780395 0.993354 0.0946453 0.0123108 0.0161913
11 0.391443 0.653905 0.126863 0.239789 0.0159832
6 0.41902 0.186676 0.0769891 0.103548 0.015621
1 0.889461 0.988487 0.0472914 0.0221909 0.015617
6 0.336993 0.147755 0.0347913 0.0996182 0.0153889
10 0.289247 0.671737 0.2442 0.664733 0.0153421
2 0.453539 0.699497 0.0582799 0.11288 0.0151581
11 0.355568 0.675563 0.108786 0.239121 0.0151391
10 0.651487 0.155913 0.016277 0.0721328 0.01509
6 0.395155 0.340077 0.129407 0.411335 0.0148749
1 0.667377 0.917872 0.488229 0.165939 0.0148747
6 0.352027 0.662712 0.318599 0.673831 0.0147709
5 0.0200643 0.961138 0.0317982 0.0735222 0.01462
6 0.721192 0.963129 0.0474399 0.0705743 0.0146113
7 0.070212 0.9932 0.0871313 0.012524 0.0145245
10 0.0118944 0.922752 0.0200152 0.148523 0.0144717
6 0.0435479 0.991569 0.075342 0.0153812 0.0143629
10 0.582662 0.226551 0.0279888 0.061701 0.0141615
10 0.483977 0.173782 0.110177 0.14357 0.0139021
7 0.58262 0.291256 0.0161918 0.0365152 0.0137024
10 0.539433 0.167251 0.0278303 0.108936 0.0136334
5 0.364322 0.276999 0.071607 0.10142 0.0133645
7 0.526018 0.156373 0.0216312 0.0409959 0.0133305
10 0.622005 0.109349 0.0142697 0.049872 0.013326
5 0.414474 0.182041 0.083641 0.110534 0.0133191
10 0.488918 0.163557 0.13472 0.147764 0.0132127
10 0.565857 0.157353 0.0271705 0.112965 0.0129178
2 0.763408 0.2758 0.0167512 0.102117 0.0128507
6 0.569043 0.155238 0.0143594 0.036038 0.012587
2 0.202132 0.504437 0.0240251 0.0850334 0.0124207
6 0.513266 0.652061 0.349222 0.695474 0.0123899
10 0.638372 0.139493 0.0148049 0.044709 0.0123548
5 0.426524 0.159899 0.0227551 0.0514443 0.0118254
2 0.342492 0.32169 0.046376 0.118702 0.0117584
11 0.44797 0.120492 0.321096 0.239738 0.0115255
6 0.385777 0.513519 0.0961943 0.175505 0.0114959
2 0.508695 0.0531556 0.0200226 0.0298984 0.0114074
7 0.68211 0.58104 0.0198037 0.0515917 0.0113926
6 0.356147 0.549419 0.0709379 0.242198 0.0113855
11 0.406927 0.0986407 0.0279583 0.026376 0.0111929
10 0.633422 0.130144 0.0133076 0.0381763 0.0109092
11 0.506827 0.170408 0.180315 0.156038 0.0107582
10 0.516994 0.128166 0.0184518 0.0405881 0.0102424
6 0.45503 0.447943 0.106842 0.325559 0.0094628
6 0.708897 0.526439 0.114912 0.424352 0.00877278
10 0.572899 0.0914119 0.299676 0.185799 0.00784848
