1 0.331491 0.264184 0.388314 0.521818 0.385836
3 0.506998 0.32594 0.992023 0.648387 0.331405
1 0.333005 0.295517 0.376467 0.454575 0.237822
3 0.715564 0.386536 0.566717 0.766632 0.237738
1 0.265341 0.266222 0.522694 0.534325 0.213708
10 0.24427 0.038047 0.0797872 0.0772653 0.198753
10 0.323261 0.0451084 0.136649 0.0901245 0.198173
4 0.781936 0.912499 0.182461 0.178575 0.198053
10 0.517006 0.0430419 0.145175 0.0864148 0.195981
10 0.350078 0.0447954 0.0984187 0.0907463 0.188431
10 0.493623 0.0388257 0.104133 0.0777934 0.186714
10 0.239919 0.0425187 0.111932 0.0850266 0.15059
10 0.332779 0.0401571 0.0690066 0.0813866 0.149649
10 0.568982 0.0462588 0.238037 0.0924978 0.148011
10 0.616822 0.0457419 0.167998 0.0924157 0.139315
3 0.720671 0.495197 0.56972 0.977178 0.137352
10 0.578709 0.0387539 0.150335 0.0788091 0.128378
10 0.280253 0.0461072 0.195752 0.0924625 0.128343
10 0.330055 0.0440241 0.0816635 0.0899609 0.128021
10 0.361465 0.0416182 0.0776774 0.0839928 0.126662
10 0.484282 0.0228555 0.068979 0.0463706 0.123476
10 0.583935 0.039479 0.174659 0.0800206 0.122751
10 0.605563 0.036359 0.104162 0.0745602 0.118662
10 0.287901 0.036244 0.131076 0.0723599 0.118378
10 0.301099 0.0260963 0.0835649 0.0534979 0.118071
10 0.283504 0.0228149 0.0835406 0.0463414 0.114702
1 0.792503 0.711801 0.140704 0.16834 0.112081
10 0.5757 0.0393231 0.232846 0.0791456 0.112033
10 0.303822 0.0364583 0.105717 0.0740416 0.110243
3 0.502523 0.265382 0.972511 0.53426 0.108597
10 0.37936 0.0421447 0.079597 0.0842043 0.106684
1 0.299917 0.256096 0.588648 0.51377 0.104839
10 0.477573 0.0353474 0.0876179 0.071737 0.104191
10 0.230582 0.0425514 0.082301 0.0866193 0.103196
10 0.279886 0.0369874 0.111247 0.0738189 0.102466
3 0.721052 0.425868 0.551823 0.485167 0.100989
10 0.489281 0.0355174 0.0911618 0.0738833 0.100715
10 0.315533 0.0240162 0.11681 0.0496644 0.100146
1 0.776695 0.810111 0.194349 0.378288 0.0983059
3 0.671892 0.497638 0.664347 0.985352 0.0980659
10 0.240968 0.0419381 0.0835147 0.0867137 0.0977492
10 0.290242 0.0464601 0.211736 0.0908258 0.0951199
10 0.275332 0.0249792 0.171968 0.0515664 0.0947003
1 0.399243 0.244546 0.719453 0.496085 0.0938883
1 0.111546 0.213171 0.221327 0.425392 0.0938037
3 0.720436 0.456998 0.552803 0.892459 0.092526
1 0.826693 0.808152 0.311704 0.381989 0.0912613
3 0.562233 0.492482 0.875856 0.977592 0.0904359
1 0.778176 0.883911 0.217694 0.232523 0.0900875
10 0.264547 0.0386787 0.171241 0.0782695 0.0893519
10 0.273473 0.0402057 0.145435 0.0799405 0.0891926
10 0.580412 0.0459121 0.149835 0.0922825 0.0890915
10 0.371842 0.0440386 0.0673223 0.0888462 0.0890108
10 0.262597 0.219083 0.0866668 0.245803 0.0879352
10 0.537642 0.0383564 0.181354 0.0778004 0.0868468
1 0.831295 0.893417 0.317545 0.213625 0.0866759
10 0.587278 0.045927 0.185462 0.0926762 0.0857499
10 0.366905 0.0447653 0.0865342 0.090577 0.0838542
10 0.612455 0.0478479 0.101497 0.0974515 0.0831053
10 0.389715 0.045513 0.0680912 0.0914411 0.0830164
1 0.840391 0.9141 0.307757 0.173753 0.0829112
1 0.836395 0.88203 0.322063 0.235613 0.082351
10 0.554489 0.0372878 0.167868 0.0752827 0.0816022
10 0.556134 0.038373 0.100971 0.0781248 0.0813569
3 0.722971 0.472534 0.551678 0.575316 0.081352
1 0.100852 0.135137 0.200954 0.264827 0.0810251
10 0.598859 0.0612042 0.278336 0.121425 0.0806709
1 0.260293 0.288481 0.530152 0.48794 0.0797599
10 0.387122 0.0431425 0.0630583 0.0857329 0.0796749
1 0.835739 0.795974 0.323053 0.405369 0.0795004
1 0.143934 0.240567 0.288353 0.475261 0.0782859
3 0.871329 0.414805 0.256549 0.814358 0.0782766
10 0.470226 0.0350294 0.0868372 0.0710842 0.0782585
3 0.883158 0.486764 0.23785 0.943209 0.0781965
10 0.256406 0.0221437 0.123862 0.0454135 0.0780648
3 0.879454 0.513591 0.237219 0.560758 0.0751451
10 0.657978 0.0401103 0.128273 0.0805702 0.0741018
10 0.603223 0.0503514 0.1336 0.101613 0.0738957
3 0.715906 0.49171 0.560792 0.972569 0.073304
10 0.585872 0.0264833 0.16067 0.0542993 0.0731096
10 0.5841 0.0260661 0.172436 0.0533834 0.0724241
1 0.276874 0.285414 0.551678 0.568599 0.0718932
10 0.663751 0.0395703 0.117042 0.0795645 0.0707231
1 0.747505 0.907944 0.366421 0.18361 0.070337
1 0.781787 0.76316 0.170684 0.283962 0.069494
10 0.606309 0.0278912 0.208839 0.0572971 0.0688729
10 0.267446 0.057755 0.273774 0.115469 0.0686946
1 0.831084 0.61997 0.332356 0.757057 0.068611
1 0.876331 0.526529 0.241024 0.601835 0.0685373
10 0.727998 0.100385 0.148251 0.199786 0.0683155
10 0.271045 0.216296 0.0788151 0.237917 0.0681998
10 0.53769 0.0446452 0.194656 0.0895083 0.0681771
10 0.558358 0.022808 0.190762 0.0458901 0.0674765
10 0.544708 0.0223597 0.182623 0.0450128 0.067368
10 0.223577 0.0254642 0.0850578 0.0523808 0.0657732
1 0.858674 0.607461 0.280975 0.780044 0.0656703
3 0.501375 0.244201 0.980134 0.493777 0.0646908
10 0.504342 0.0203959 0.0874132 0.0410442 0.0639472
10 0.301661 0.0451984 0.105656 0.0919988 0.0637575
10 0.395092 0.0463843 0.152399 0.0917583 0.0635854
3 0.890783 0.500377 0.218443 0.968104 0.0628922
1 0.622259 0.411212 0.328837 0.476188 0.0620194
10 0.650687 0.0444321 0.133402 0.0896116 0.0611316
1 0.73669 0.901393 0.524278 0.198192 0.0610615
3 0.727412 0.458993 0.536837 0.894709 0.0603614
10 0.273634 0.0537029 0.170649 0.106807 0.0597143
1 0.740433 0.768811 0.261959 0.457739 0.0596519
3 0.451254 0.0472194 0.517154 0.0955104 0.059643
10 0.271718 0.0350818 0.0758616 0.0715433 0.059451
10 0.276251 0.0505239 0.163741 0.10158 0.0586141
10 0.661071 0.0396733 0.142887 0.0801451 0.058562
10 0.32038 0.0231039 0.104735 0.0477947 0.058424
1 0.24063 0.177562 0.472736 0.35206 0.0584177
1 0.938319 0.928943 0.123915 0.144761 0.0584162
10 0.251686 0.0219591 0.0698506 0.046049 0.0580013
3 0.885317 0.453669 0.224587 0.438248 0.0578602
10 0.668363 0.0457404 0.141869 0.0920146 0.0576198
1 0.176294 0.203695 0.348912 0.402109 0.0574927
1 0.85356 0.730283 0.291701 0.535014 0.057291
10 0.208544 0.0387596 0.114237 0.0788023 0.0572296
10 0.531111 0.0446841 0.237229 0.0901995 0.057175
1 0.383547 0.141242 0.728372 0.278151 0.0568778
10 0.355511 0.0534918 0.354027 0.108502 0.0568759
10 0.264562 0.231696 0.0776009 0.274746 0.0561413
1 0.113721 0.25521 0.233309 0.504261 0.0560651
3 0.894204 0.424209 0.214454 0.828978 0.0558828
10 0.683206 0.0454689 0.267224 0.0915502 0.0558324
1 0.153887 0.144705 0.303713 0.284438 0.055636
10 0.982928 0.607694 0.0363689 0.14477 0.055452
10 0.688713 0.047011 0.0792096 0.0953232 0.0553638
1 0.274342 0.30647 0.53828 0.600522 0.0548577
10 0.725916 0.101867 0.112438 0.207279 0.0545137
10 0.558519 0.0610055 0.408372 0.122444 0.0543691
4 0.802136 0.921215 0.146127 0.163233 0.0541924
10 0.687835 0.0416931 0.12623 0.0845012 0.0540918
10 0.650529 0.0420449 0.113393 0.0845892 0.0539906
1 0.828916 0.210818 0.335453 0.419447 0.0538213
10 0.629698 0.0366179 0.0936526 0.0751113 0.0537831
1 0.718205 0.549637 0.557713 0.805222 0.0537796
1 0.913723 0.961374 0.169118 0.0790945 0.0537652
10 0.198519 0.0416584 0.375937 0.0837384 0.0536042
10 0.543565 0.0423649 0.133753 0.0854119 0.0532028
10 0.526467 0.0594969 0.434815 0.120009 0.0529101
1 0.826909 0.952218 0.337267 0.0996956 0.0524651
1 0.844845 0.952339 0.301644 0.0978502 0.0522944
1 0.283967 0.173842 0.4395 0.356394 0.0507658
10 0.359664 0.026886 0.0752459 0.0555572 0.050756
3 0.50603 0.234488 0.957853 0.476861 0.0504471
10 0.366512 0.0288243 0.0966464 0.058763 0.0496639
1 0.797839 0.80209 0.155195 0.376078 0.0495841
10 0.879074 0.0515856 0.10449 0.103106 0.0492413
3 0.713574 0.48762 0.549965 0.951145 0.0488626
1 0.891855 0.342844 0.21667 0.201713 0.0486655
10 0.917916 0.0798763 0.162111 0.159035 0.0486129
10 0.179799 0.0374855 0.17192 0.0745305 0.0485858
10 0.763936 0.0914469 0.20255 0.181902 0.0485625
3 0.50002 0.264711 0.978722 0.526826 0.048439
1 0.0972391 0.0750187 0.191644 0.148467 0.0481725
1 0.25606 0.952964 0.503331 0.0950432 0.0481665
10 0.10349 0.0326218 0.150298 0.0648965 0.0475029
1 0.503095 0.152189 0.956177 0.308064 0.0471158
1 0.87995 0.210971 0.236206 0.416858 0.0469532
1 0.50055 0.881743 0.957477 0.239276 0.0468344
10 0.174859 0.0349387 0.155164 0.0697987 0.0467991
10 0.560708 0.0201988 0.113317 0.0405796 0.0466298
3 0.714141 0.547943 0.564274 0.874133 0.0463665
1 0.889757 0.370552 0.220465 0.265903 0.0462724
1 0.553626 0.148945 0.873415 0.301486 0.046163
10 0.946205 0.152147 0.113758 0.303502 0.0460256
3 0.701048 0.330384 0.580232 0.665517 0.0459494
1 0.332254 0.175358 0.330718 0.348488 0.0459184
1 0.94885 0.878367 0.103329 0.24323 0.0458844
1 0.662194 0.810357 0.455582 0.38049 0.0457449
1 0.0997136 0.329541 0.201828 0.649304 0.0457056
10 0.273892 0.0472803 0.155941 0.0948451 0.0455653
1 0.972531 0.86267 0.0557093 0.272026 0.0452509
10 0.91881 0.0532808 0.163638 0.106346 0.0451609
1 0.976867 0.922107 0.0474724 0.158633 0.0450634
3 0.874775 0.341212 0.248418 0.668535 0.0448787
1 0.728739 0.470698 0.536212 0.918561 0.0446942
3 0.565901 0.216885 0.85865 0.434878 0.0446624
1 0.320586 0.300809 0.351137 0.428385 0.044351
10 0.718126 0.109278 0.125298 0.22231 0.0442415
1 0.653507 0.778271 0.445017 0.44553 0.0436752
3 0.500126 0.344387 0.992044 0.678094 0.0436299
3 0.46377 0.05564 0.791339 0.111945 0.0435368
10 0.194305 0.023199 0.118573 0.0467079 0.0432435
1 0.612091 0.41031 0.303226 0.467826 0.0429607
1 0.777366 0.956086 0.199094 0.0895712 0.0427515
1 0.65042 0.918131 0.679019 0.165807 0.0425529
10 0.407167 0.0211825 0.124639 0.0418477 0.0423598
1 0.967021 0.963803 0.0668959 0.0746106 0.0421171
10 0.620784 0.0292576 0.0799 0.0612959 0.0419943
1 0.97277 0.833248 0.0559441 0.326735 0.0419765
10 0.697693 0.042022 0.0793308 0.0857575 0.0418905
3 0.908547 0.537325 0.184659 0.888116 0.0418892
3 0.716545 0.33623 0.543513 0.66718 0.0418161
10 0.955425 0.0953963 0.0932018 0.191797 0.0417962
1 0.678553 0.874668 0.639581 0.254791 0.041732
10 0.982465 0.633784 0.0366726 0.235176 0.0416217
10 0.182305 0.0215436 0.140098 0.0429628 0.041438
10 0.388041 0.0251428 0.0859488 0.0509573 0.0414321
10 0.428215 0.0421289 0.107217 0.0851169 0.0411675
3 0.457743 0.0564235 0.849878 0.112617 0.0406144
3 0.501545 0.319753 0.990956 0.632348 0.0405004
1 0.265298 0.337383 0.532219 0.663936 0.0404168
3 0.963561 0.503476 0.0758547 0.961936 0.0401726
1 0.504781 0.829911 0.977119 0.347312 0.0396529
10 0.267219 0.0560488 0.251773 0.111674 0.0396115
1 0.260871 0.288953 0.205546 0.42773 0.0396073
10 0.707725 0.111647 0.118412 0.227664 0.0395455
1 0.496717 0.924314 0.954737 0.153614 0.0392344
10 0.648163 0.0272423 0.0919239 0.0566327 0.0391107
10 0.954984 0.164085 0.0939661 0.322441 0.0388406
1 0.342027 0.256092 0.353233 0.506386 0.0386382
10 0.692729 0.0184032 0.098772 0.0383837 0.0386156
1 0.299076 0.320563 0.605217 0.631261 0.0386028
10 0.979662 0.657243 0.0431374 0.262528 0.0383739
3 0.790756 0.370432 0.424184 0.735039 0.0383643
10 0.158512 0.0323693 0.137487 0.0647914 0.0383437
1 0.492892 0.112362 0.596064 0.227681 0.038317
1 0.724645 0.330048 0.530685 0.646845 0.0383157
10 0.688781 0.019945 0.0913904 0.0417714 0.0382266
10 0.664836 0.0165728 0.125439 0.0335941 0.0382158
1 0.963315 0.504287 0.075391 0.965674 0.0380849
1 0.785938 0.4639 0.435783 0.890165 0.0380333
10 0.403492 0.0240634 0.0540215 0.0479051 0.0379706
1 0.495351 0.141544 0.93316 0.287323 0.0379431
1 0.962928 0.725149 0.0753241 0.536779 0.0377545
1 0.701 0.832477 0.584179 0.343644 0.0376538
1 0.898963 0.362183 0.201753 0.289172 0.0372238
10 0.897959 0.151954 0.206583 0.304072 0.0364464
10 0.721746 0.0551796 0.0764844 0.112783 0.0363204
1 0.0539549 0.183457 0.110074 0.36057 0.0362518
3 0.838247 0.321483 0.321552 0.640757 0.0361868
1 0.977435 0.727843 0.0473852 0.530881 0.0358399
1 0.972123 0.55664 0.0566826 0.859797 0.0358281
1 0.941454 0.74756 0.121677 0.499088 0.0358156
10 0.939344 0.222231 0.128687 0.437592 0.0354139
1 0.452213 0.792501 0.838432 0.423508 0.0353268
1 0.785278 0.710138 0.143812 0.164622 0.0351812
3 0.500421 0.345884 0.962951 0.682635 0.0351331
1 0.68775 0.219547 0.615906 0.445211 0.034994
3 0.639317 0.493923 0.713522 0.973482 0.0348108
1 0.318063 0.311986 0.35916 0.431726 0.0347831
1 0.795665 0.974151 0.179633 0.0530206 0.0347408
1 0.725645 0.555673 0.538583 0.878532 0.0346081
1 0.502859 0.766966 0.983653 0.474722 0.0345431
10 0.66307 0.0198327 0.187223 0.0407758 0.0343858
10 0.6726 0.0192279 0.18728 0.0394987 0.0342193
1 0.961117 0.419313 0.0823606 0.791286 0.0339229
1 0.712469 0.968599 0.445883 0.0650112 0.0337342
1 0.0526899 0.125052 0.107405 0.247324 0.0337188
1 0.777318 0.981255 0.161191 0.0392068 0.0336324
1 0.585454 0.135361 0.809905 0.276134 0.0331811
1 0.981532 0.60552 0.0392076 0.360137 0.0331186
1 0.304273 0.236216 0.302913 0.463035 0.0329074
1 0.0494665 0.236797 0.100431 0.464292 0.032786
10 0.349063 0.305582 0.101818 0.171978 0.0324685
1 0.659232 0.766094 0.417396 0.466362 0.0324497
1 0.409195 0.976927 0.446866 0.0476294 0.0324353
3 0.497361 0.388896 0.993548 0.765382 0.0319379
1 0.569399 0.493481 0.842809 0.971231 0.0316311
1 0.952486 0.598143 0.0989241 0.772935 0.0313813
1 0.955225 0.61926 0.0945995 0.75061 0.0311946
1 0.239912 0.293747 0.185577 0.44823 0.0309974
10 0.70631 0.119622 0.440467 0.241541 0.0303138
10 0.973383 0.358358 0.057036 0.670329 0.0302243
1 0.254098 0.250623 0.300164 0.496535 0.0298464
10 0.94139 0.320314 0.122216 0.631587 0.0296725
1 0.654865 0.786087 0.670887 0.436947 0.0295656
3 0.500765 0.390283 0.996824 0.769332 0.0293967
1 0.337391 0.318193 0.356125 0.40635 0.0293941
1 0.961747 0.978116 0.0803951 0.0446211 0.0292843
10 0.570904 0.0587628 0.723979 0.11768 0.0292268
1 0.785031 0.715692 0.16527 0.212108 0.0287679
1 0.957725 0.974805 0.0895367 0.0517843 0.0279029
1 0.754861 0.302902 0.503553 0.605595 0.0277586
1 0.414317 0.294381 0.252654 0.425804 0.0272373
10 0.21845 0.285302 0.119547 0.389889 0.0269526
1 0.487143 0.859241 0.261599 0.282392 0.0268593
3 0.498298 0.381053 0.994906 0.753193 0.0267726
1 0.501515 0.703674 0.981235 0.601165 0.0264841
10 0.937631 0.0458815 0.0624008 0.0927091 0.0264283
1 0.723811 0.73662 0.556165 0.527766 0.0262456
10 0.987403 0.460022 0.0239141 0.464943 0.0261322
4 0.94447 0.489893 0.112542 0.51218 0.0257949
1 0.728742 0.318158 0.520776 0.636857 0.024961
1 0.711921 0.497828 0.561443 0.964349 0.0241344
1 0.731936 0.579847 0.535047 0.784675 0.0233654
10 0.194036 0.28225 0.0813514 0.239181 0.0230307
10 0.983074 0.464459 0.0334394 0.390996 0.0229537
10 0.198149 0.301498 0.0892851 0.28241 0.0228637
1 0.301157 0.248843 0.292749 0.466124 0.0227717
3 0.533927 0.222648 0.903307 0.451784 0.0224628
1 0.667616 0.498621 0.661604 0.970918 0.0215992
1 0.446784 0.311481 0.603323 0.405539 0.0213718
10 0.201369 0.308752 0.0985455 0.313063 0.0211767
1 0.610276 0.631022 0.330893 0.627591 0.0200252
1 0.426448 0.335577 0.175677 0.331633 0.0181806
