9 0.581617 0.503463 0.164444 0.405449 0.659977
9 0.559428 0.680513 0.427976 0.297998 0.402393
9 0.450104 0.666266 0.183919 0.21197 0.372024
9 0.562638 0.564 0.425479 0.538533 0.272847
11 0.94169 0.807858 0.116258 0.385179 0.24982
11 0.94501 0.8441 0.111892 0.306216 0.235419
9 0.551621 0.503376 0.236256 0.415444 0.217104
9 0.469878 0.3897 0.0829016 0.17119 0.208207
9 0.531804 0.689764 0.361283 0.275999 0.201955
11 0.503254 0.754286 0.98183 0.491261 0.17745
9 0.471265 0.393429 0.093423 0.183175 0.16492
10 0.541929 0.645425 0.0857978 0.132871 0.157733
9 0.54612 0.270136 0.0345079 0.0437336 0.133281
9 0.499062 0.391049 0.132472 0.179396 0.117557
11 0.505076 0.740221 0.979219 0.520482 0.11704
9 0.636308 0.501819 0.259548 0.403438 0.114933
11 0.90189 0.801453 0.198339 0.396528 0.114499
9 0.550865 0.271098 0.0360903 0.0442705 0.107064
11 0.500817 0.888226 0.969056 0.223941 0.104589
9 0.561945 0.643622 0.171003 0.192964 0.099149
9 0.506162 0.39122 0.15348 0.18772 0.0970271
9 0.607191 0.415882 0.105674 0.205901 0.0940074
9 0.631921 0.521784 0.273925 0.447233 0.0903291
7 0.977372 0.788664 0.0455248 0.20336 0.0834475
11 0.933598 0.861038 0.132839 0.279101 0.0818713
11 0.875701 0.816465 0.260109 0.36656 0.0802397
11 0.406253 0.752163 0.794205 0.495291 0.0794562
9 0.547844 0.272217 0.0399543 0.049742 0.0781698
10 0.58231 0.568232 0.142021 0.253755 0.0766106
7 0.98237 0.750063 0.0359068 0.0927829 0.0753219
11 0.943645 0.71938 0.114611 0.566993 0.0748527
9 0.540197 0.40679 0.217466 0.209738 0.0738055
7 0.936642 0.755319 0.0654991 0.0924369 0.0720136
9 0.587411 0.525227 0.344674 0.468795 0.0719594
9 0.563791 0.66296 0.407526 0.233598 0.071877
9 0.494407 0.39209 0.13993 0.181656 0.071076
7 0.983228 0.757241 0.0344498 0.11303 0.0702166
9 0.499178 0.517828 0.147081 0.431002 0.0688222
1 0.106109 0.70896 0.209287 0.504916 0.0671065
1 0.940173 0.508696 0.120276 0.993038 0.0661488
7 0.983441 0.781544 0.0332804 0.153178 0.0657552
5 0.502556 0.703825 0.0634743 0.102715 0.0656408
7 0.984677 0.791723 0.0305824 0.171962 0.0654858
9 0.534458 0.669193 0.330421 0.219013 0.0640087
11 0.50609 0.711934 0.988273 0.577479 0.0628481
11 0.873772 0.863347 0.25483 0.272189 0.0628346
11 0.977525 0.822281 0.0451189 0.353161 0.0618566
9 0.596113 0.416213 0.134928 0.207454 0.0602545
1 0.100833 0.724049 0.202694 0.265928 0.0599444
7 0.8988 0.886856 0.0387215 0.120791 0.0583323
10 0.907007 0.0478641 0.0765183 0.0970482 0.0575068
6 0.980501 0.77722 0.0404861 0.347792 0.0569142
11 0.90106 0.768578 0.201506 0.465525 0.0566125
10 0.983471 0.0472307 0.0356235 0.0954489 0.054937
9 0.614472 0.43931 0.0855391 0.146949 0.0541014
2 0.908689 0.782101 0.0458284 0.336806 0.0530456
10 0.972195 0.0401896 0.0602005 0.0814862 0.0528659
7 0.942516 0.748726 0.0586605 0.0978153 0.0524556
9 0.561996 0.62927 0.469543 0.729359 0.0517712
11 0.960324 0.859906 0.082807 0.283396 0.0517424
9 0.455083 0.366442 0.0580372 0.109098 0.0515487
9 0.489527 0.394923 0.128915 0.196208 0.0515088
10 0.989616 0.043418 0.0224948 0.0877555 0.050728
7 0.985223 0.807204 0.029936 0.208496 0.0506787
9 0.590556 0.443402 0.317823 0.323155 0.0501779
10 0.96977 0.0484444 0.0614628 0.0972364 0.0492134
9 0.431695 0.662313 0.169421 0.205106 0.0486204
9 0.560711 0.270215 0.0337324 0.0451499 0.0482158
1 0.940233 0.584276 0.121017 0.841536 0.0478942
10 0.546243 0.0421544 0.0509654 0.0850289 0.0478932
1 0.406944 0.637082 0.796002 0.713517 0.0474844
1 0.0469286 0.644524 0.0939336 0.523524 0.0474502
1 0.94196 0.635961 0.118619 0.737785 0.0472941
10 0.939016 0.639554 0.124967 0.730278 0.0471579
9 0.483839 0.694468 0.293279 0.271835 0.047071
9 0.569264 0.643238 0.179493 0.223952 0.0466563
1 0.960865 0.0752815 0.0771451 0.151003 0.0463138
1 0.149097 0.733323 0.292102 0.518898 0.0461115
11 0.504786 0.885176 0.981102 0.23136 0.0459874
6 0.986861 0.801512 0.0269436 0.30791 0.0457348
1 0.11295 0.757121 0.224253 0.470821 0.0457263
7 0.935004 0.816399 0.0786824 0.216101 0.0455199
10 0.959691 0.038118 0.0781259 0.0774968 0.0444501
2 0.899499 0.871831 0.0395575 0.158252 0.0441599
6 0.943189 0.746616 0.112817 0.500001 0.0436944
9 0.514465 0.392447 0.079659 0.168924 0.0434644
11 0.404678 0.787686 0.786609 0.42138 0.0433335
1 0.102939 0.645106 0.205175 0.681375 0.043177
10 0.981968 0.516853 0.0351269 0.944463 0.0430187
10 0.549698 0.62605 0.124426 0.238905 0.0423881
11 0.939165 0.918547 0.122196 0.16586 0.0421197
1 0.140494 0.700289 0.275862 0.581463 0.0419597
9 0.622444 0.534543 0.290683 0.465869 0.0419035
7 0.987854 0.805702 0.0246943 0.174116 0.0416658
7 0.900599 0.8819 0.0389174 0.129085 0.0404029
10 0.929946 0.508951 0.138942 0.994661 0.0403709
7 0.987461 0.73897 0.0256828 0.0831746 0.0401617
10 0.969123 0.512837 0.0634403 0.973131 0.0401283
7 0.93447 0.796755 0.0731769 0.186672 0.0399766
2 0.909585 0.787631 0.0517238 0.34439 0.0399036
7 0.911182 0.858113 0.041954 0.165541 0.0390504
9 0.614797 0.427412 0.102914 0.180198 0.0387923
1 0.0462907 0.683832 0.0942386 0.321362 0.03878
1 0.94545 0.50976 0.112091 0.983909 0.0382694
11 0.503958 0.901677 0.977179 0.197329 0.0380978
11 0.365222 0.892189 0.719009 0.214624 0.0380839
7 0.89289 0.89188 0.0372468 0.125005 0.0369638
1 0.0184109 0.614155 0.0385753 0.255148 0.0369593
11 0.407937 0.724724 0.797575 0.541913 0.0368844
2 0.900121 0.856671 0.0372273 0.174962 0.0364494
11 0.895571 0.924081 0.209892 0.153478 0.036447
1 0.404797 0.579103 0.793989 0.83141 0.0360569
2 0.902053 0.835352 0.0449551 0.230058 0.0355709
9 0.502616 0.72693 0.300992 0.19606 0.0355278
10 0.910202 0.0559859 0.0906136 0.113082 0.0353026
10 0.562977 0.587743 0.100183 0.208082 0.0351998
7 0.9195 0.825123 0.050927 0.222026 0.0351731
9 0.508109 0.66267 0.227297 0.201058 0.0351704
1 0.0587684 0.617781 0.118842 0.738628 0.0350992
7 0.90472 0.884734 0.0421524 0.112945 0.0345746
9 0.480842 0.401266 0.112465 0.182535 0.0344902
9 0.556769 0.634218 0.445004 0.69101 0.0342274
11 0.389135 0.913216 0.754526 0.174887 0.0340883
11 0.50531 0.807116 0.972686 0.383188 0.0339658
9 0.563668 0.619911 0.439832 0.648429 0.0332487
10 0.52068 0.0426195 0.0442234 0.0866496 0.0328196
9 0.504649 0.67716 0.101992 0.173564 0.0326803
11 0.306428 0.764117 0.606772 0.464765 0.0325644
6 0.976066 0.897979 0.0490557 0.208336 0.0325437
10 0.953168 0.542582 0.0980389 0.926045 0.032487
10 0.519531 0.665382 0.0923708 0.155661 0.0324024
10 0.553407 0.249453 0.0337018 0.0814785 0.0323029
7 0.989316 0.81997 0.0214209 0.152392 0.0320856
9 0.625118 0.404861 0.251557 0.262808 0.0320714
10 0.576276 0.562806 0.129397 0.28812 0.0320566
10 0.277967 0.639357 0.0295153 0.0657465 0.031983
9 0.4508 0.372366 0.0570318 0.104938 0.0319712
10 0.985468 0.521716 0.0276531 0.702796 0.0318139
7 0.929992 0.707072 0.075313 0.197569 0.0318038
1 0.0248309 0.673777 0.051955 0.282955 0.0316005
1 0.462999 0.516437 0.915187 0.954978 0.0315472
10 0.936409 0.0392671 0.125862 0.0793177 0.0313259
1 0.0544284 0.730582 0.109715 0.22256 0.0311547
7 0.902033 0.910616 0.045132 0.167018 0.0305731
11 0.727564 0.811052 0.568931 0.379153 0.030493
10 0.57111 0.592621 0.115863 0.192998 0.0304331
11 0.315968 0.813454 0.61709 0.374281 0.0303079
1 0.330088 0.73888 0.664408 0.513017 0.0302996
2 0.470384 0.807996 0.0574884 0.0375221 0.030151
10 0.533996 0.650104 0.109762 0.170092 0.0298801
7 0.958836 0.747433 0.0667147 0.0922081 0.0298025
10 0.510276 0.646205 0.0827759 0.111624 0.0298014
7 0.903696 0.869766 0.0410574 0.150891 0.0297104
1 0.191719 0.757284 0.373508 0.483236 0.0296596
10 0.526799 0.646338 0.0676765 0.111738 0.0296415
11 0.804168 0.880651 0.408775 0.239559 0.0292548
7 0.988854 0.83245 0.0218475 0.127905 0.0290785
10 0.599778 0.541913 0.108053 0.289886 0.028986
11 0.508888 0.777307 0.960363 0.439848 0.0288744
10 0.927813 0.510262 0.141066 0.984923 0.0288164
1 0.297119 0.652195 0.592064 0.673179 0.0287165
9 0.5338 0.389301 0.0926577 0.166913 0.0286896
7 0.972497 0.837834 0.0585157 0.126561 0.0284475
7 0.903132 0.890637 0.0431213 0.131021 0.0283705
9 0.629915 0.638762 0.34816 0.695088 0.0282828
10 0.5622 0.63759 0.0607966 0.10453 0.0282015
1 0.0156921 0.604594 0.0320798 0.567733 0.0281362
11 0.802729 0.790151 0.412968 0.426644 0.0281134
10 0.702304 0.516695 0.119509 0.153054 0.0279983
3 0.271696 0.500388 0.540127 0.991458 0.0279041
9 0.61822 0.493059 0.195992 0.380649 0.0278829
9 0.515356 0.6184 0.946313 0.764141 0.0277677
6 0.931908 0.952584 0.138654 0.0976366 0.0277323
1 0.143384 0.628604 0.284481 0.722465 0.0277254
9 0.528223 0.389252 0.0662244 0.158535 0.0276266
1 0.950695 0.511939 0.101966 0.97753 0.027612
9 0.557858 0.362898 0.0623228 0.10948 0.0274755
10 0.517466 0.660527 0.0836012 0.14489 0.0272646
11 0.506327 0.738309 0.988014 0.522096 0.0265764
6 0.836575 0.934665 0.282298 0.133661 0.0263606
11 0.234709 0.802943 0.45529 0.397538 0.0262117
11 0.946447 0.80514 0.114487 0.347592 0.0262042
10 0.967815 0.13545 0.066386 0.269038 0.0261614
11 0.12218 0.816311 0.242286 0.365112 0.0259957
6 0.801 0.967185 0.373384 0.0674429 0.0257826
2 0.895674 0.799276 0.0639135 0.378766 0.0256754
11 0.0684522 0.773045 0.137996 0.447236 0.0256683
1 0.0556602 0.508578 0.110239 0.953296 0.0256125
11 0.879342 0.966465 0.240404 0.068667 0.0254556
1 0.0885188 0.514322 0.176618 0.956987 0.0254151
6 0.716961 0.966644 0.488747 0.0688017 0.0254104
1 0.0855516 0.507277 0.171087 0.973878 0.0253543
2 0.495515 0.703614 0.0730412 0.105942 0.0252598
1 0.118738 0.549359 0.237799 0.886014 0.0251638
11 0.641806 0.772312 0.574456 0.445693 0.025117
6 0.722361 0.931543 0.548558 0.138851 0.0250672
10 0.4526 0.387096 0.0459333 0.0643802 0.0248019
10 0.61954 0.508534 0.11019 0.34876 0.0247814
2 0.522166 0.697767 0.0582032 0.0986049 0.0247774
5 0.492512 0.70784 0.060145 0.102715 0.0246795
9 0.559695 0.699681 0.421749 0.262413 0.0245707
9 0.447286 0.365257 0.0470087 0.109029 0.0243676
10 0.417188 0.657622 0.132171 0.186982 0.024299
6 0.978282 0.933193 0.044651 0.13714 0.0240972
11 0.498571 0.954379 0.950704 0.0911507 0.0240838
9 0.561501 0.62344 0.868273 0.749703 0.0236945
11 0.492457 0.757111 0.926927 0.487388 0.0235747
11 0.497055 0.783293 0.963845 0.433631 0.023518
9 0.633913 0.502645 0.149177 0.388721 0.023514
11 0.674308 0.700724 0.664933 0.593793 0.0234815
11 0.677491 0.768637 0.654178 0.459874 0.0234733
10 0.906899 0.0185949 0.0677607 0.038466 0.0234345
1 0.150915 0.505036 0.297172 0.985757 0.0230238
9 0.623379 0.706154 0.560263 0.579552 0.0229829
11 0.454635 0.969239 0.863625 0.0601988 0.0229335
11 0.614058 0.84278 0.785987 0.314589 0.0229303
9 0.48681 0.354829 0.0609445 0.104732 0.0227849
2 0.89451 0.794106 0.0643257 0.366055 0.0227669
1 0.0239884 0.528813 0.0489398 0.829497 0.0227364
10 0.520919 0.648841 0.115277 0.126216 0.022718
7 0.193585 0.432178 0.0401044 0.0628079 0.0226952
10 0.983864 0.336418 0.0298001 0.59226 0.0226374
1 0.0911094 0.501562 0.182076 0.943205 0.0225889
11 0.502445 0.803935 0.976429 0.39271 0.0225525
9 0.419194 0.694132 0.316258 0.273873 0.0223672
10 0.474694 0.648288 0.205339 0.175384 0.0222679
9 0.519825 0.27805 0.0375042 0.0488305 0.022143
9 0.442928 0.635964 0.720892 0.719868 0.0221069
1 0.0182317 0.514895 0.0369102 0.74199 0.0220192
1 0.0433463 0.7779 0.0885831 0.172067 0.021999
10 0.613727 0.68508 0.0763127 0.135111 0.021846
1 0.0222118 0.539056 0.0457017 0.797778 0.0217708
10 0.545238 0.34201 0.0356493 0.0581231 0.0216056
5 0.482947 0.706984 0.0852154 0.108101 0.0214451
9 0.502842 0.607322 0.573761 0.484395 0.0212101
9 0.590104 0.635996 0.443807 0.711294 0.0210927
11 0.2733 0.901945 0.508158 0.196017 0.0209858
10 0.472172 0.205306 0.0368732 0.243913 0.0209717
11 0.612253 0.965492 0.741888 0.0695961 0.020906
10 0.982445 0.213803 0.0334713 0.414696 0.0207712
11 0.501187 0.786973 0.978293 0.426039 0.0203936
1 0.0261048 0.719889 0.0538234 0.236983 0.0202342
10 0.591715 0.630322 0.0633886 0.123857 0.020214
9 0.66212 0.475796 0.170821 0.342372 0.0197361
1 0.0201924 0.739873 0.0417873 0.391791 0.0197251
1 0.16286 0.504702 0.318976 0.984572 0.0196658
1 0.236526 0.601674 0.472082 0.491797 0.0194875
10 0.538572 0.371779 0.0547837 0.133679 0.0193117
10 0.289922 0.637046 0.0274766 0.0651555 0.0191066
9 0.436029 0.390517 0.062565 0.174015 0.0188457
1 0.285839 0.510736 0.57405 0.919249 0.0187348
9 0.537826 0.674968 0.158387 0.232207 0.0186647
11 0.543203 0.758929 0.520775 0.44829 0.0186607
9 0.495501 0.582763 0.566948 0.594518 0.0186508
2 0.49028 0.665211 0.089072 0.166188 0.0181928
11 0.206412 0.904404 0.359592 0.196229 0.0181854
5 0.471073 0.710703 0.0909138 0.104571 0.0181377
1 0.524592 0.650908 0.943197 0.706687 0.0180954
11 0.403623 0.695559 0.787389 0.303362 0.0180953
1 0.502056 0.663652 0.961808 0.671838 0.0180302
10 0.441566 0.385761 0.0375606 0.0620759 0.0177655
1 0.48681 0.632278 0.953185 0.729734 0.0176274
6 0.346371 0.751887 0.093337 0.14986 0.0174524
1 0.403784 0.691593 0.77906 0.307912 0.0173768
10 0.682898 0.459467 0.17562 0.304953 0.0173722
6 0.907185 0.661591 0.0371939 0.111667 0.0172633
10 0.591968 0.63532 0.131265 0.189942 0.0170054
10 0.839778 0.0213115 0.064978 0.0443806 0.0169022
1 0.268545 0.498402 0.534295 0.982873 0.0166461
9 0.584312 0.262521 0.0312292 0.0572415 0.0165431
10 0.643426 0.510497 0.0677492 0.12889 0.0163992
1 0.179465 0.472159 0.354464 0.917803 0.0162279
1 0.0174688 0.754102 0.0366131 0.429578 0.0158653
10 0.435807 0.380836 0.0414492 0.0813649 0.0157009
11 0.353398 0.977522 0.633628 0.0439045 0.0156334
10 0.592293 0.612198 0.0555299 0.114804 0.0155893
9 0.476496 0.696533 0.151228 0.15526 0.0153725
1 0.411447 0.670397 0.772671 0.34562 0.0152175
10 0.530559 0.34373 0.0361913 0.0712488 0.0149972
9 0.509798 0.352015 0.154334 0.209426 0.0146487
1 0.164795 0.541834 0.319916 0.891564 0.0146251
10 0.782286 0.171031 0.00925741 0.0275179 0.0142514
9 0.593608 0.356572 0.13473 0.0883393 0.0132804
11 0.278739 0.75614 0.249037 0.153483 0.013196
10 0.753987 0.521706 0.0444448 0.0922691 0.0131536
7 0.211796 0.931813 0.364613 0.139888 0.0130388
7 0.247878 0.930295 0.421699 0.1408 0.0127932
10 0.831613 0.0489434 0.136218 0.0989174 0.0127548
9 0.594671 0.266911 0.0327585 0.0513593 0.0127217
6 0.255037 0.992221 0.163891 0.0159673 0.0123793
10 0.522487 0.524858 0.0558355 0.203387 0.0120879
9 0.428537 0.706726 0.17735 0.123629 0.0116911
10 0.253589 0.168994 0.0268706 0.0912255 0.0116679
7 0.431481 0.801807 0.160291 0.053595 0.0116478
10 0.581889 0.350164 0.0310506 0.0711115 0.011346
10 0.740555 0.101112 0.00731069 0.0336191 0.0110987
6 0.771803 0.113753 0.00948578 0.0873157 0.0101877
10 0.789155 0.0961811 0.00904961 0.0760075 0.0101063
6 0.345439 0.718967 0.112408 0.234762 0.0100248
9 0.372008 0.708425 0.142109 0.172241 0.00874378
