3 0.127234 0.490584 0.254512 0.373967 0.867714
4 0.327913 0.422259 0.168168 0.213945 0.270191
4 0.342458 0.413512 0.131936 0.199941 0.219083
4 0.419997 0.385149 0.150418 0.201444 0.196411
4 0.52878 0.360694 0.221595 0.164208 0.156443
4 0.3845 0.399346 0.240592 0.23044 0.150099
10 0.972697 0.819667 0.0562255 0.352565 0.137323
4 0.414362 0.389096 0.160138 0.201486 0.131222
10 0.972124 0.835063 0.0577742 0.325119 0.106291
4 0.485176 0.365345 0.328112 0.181644 0.104087
10 0.980408 0.789524 0.0392735 0.278851 0.0999237
3 0.81321 0.948738 0.374057 0.102944 0.0988496
1 0.807493 0.925773 0.385701 0.149507 0.0970457
1 0.807587 0.811731 0.391085 0.38257 0.0940689
1 0.835546 0.815826 0.335433 0.376177 0.0935184
4 0.273821 0.429251 0.129531 0.203586 0.0909616
1 0.811867 0.877036 0.381909 0.248976 0.0870072
10 0.976474 0.745679 0.0480919 0.503377 0.0854939
10 0.984403 0.83173 0.0325829 0.334654 0.0853135
4 0.366951 0.413728 0.321478 0.293459 0.0830802
10 0.984048 0.827733 0.0330137 0.332355 0.0815881
4 0.473737 0.364454 0.362076 0.212092 0.0811149
1 0.819239 0.924101 0.362369 0.152646 0.080591
10 0.981815 0.831956 0.0378819 0.332553 0.0795165
1 0.844779 0.768691 0.314027 0.47066 0.0790272
4 0.494501 0.36393 0.123873 0.125525 0.0783179
1 0.932895 0.772387 0.134761 0.455426 0.0764671
4 0.534318 0.34933 0.226669 0.184693 0.0760324
6 0.797829 0.430413 0.074251 0.140377 0.0758724
1 0.637996 0.930303 0.721171 0.140107 0.0753614
10 0.984554 0.797757 0.0315788 0.27188 0.0745466
3 0.50348 0.827408 0.98396 0.347295 0.0742381
1 0.765309 0.879796 0.481135 0.239845 0.073704
1 0.732079 0.932247 0.538412 0.135932 0.07357
10 0.921499 0.448704 0.0471792 0.117332 0.0728977
1 0.932724 0.813144 0.135882 0.373741 0.072672
10 0.980363 0.826117 0.0413168 0.357633 0.0723364
10 0.919828 0.455053 0.0432354 0.100926 0.0719998
1 0.700034 0.878008 0.607878 0.241873 0.0709846
4 0.278859 0.41795 0.257832 0.244036 0.0703524
3 0.506412 0.905896 0.990771 0.186886 0.0700444
4 0.476775 0.361524 0.15152 0.143222 0.0678688
3 0.705274 0.954637 0.584239 0.0904667 0.0668207
1 0.732105 0.805169 0.540818 0.393802 0.0664682
4 0.477192 0.361481 0.223332 0.153625 0.0663338
4 0.469172 0.361644 0.109345 0.16746 0.0659967
1 0.796064 0.761602 0.418078 0.47851 0.065678
10 0.975375 0.901492 0.050314 0.194859 0.0642726
6 0.926678 0.842703 0.150439 0.310706 0.0635398
1 0.855718 0.876243 0.296489 0.24933 0.0632978
6 0.918128 0.956732 0.163625 0.0878468 0.0617016
3 0.207597 0.426792 0.40946 0.516618 0.0614632
4 0.451625 0.391795 0.126757 0.185616 0.0612656
1 0.928318 0.721008 0.144842 0.558911 0.0609745
4 0.789244 0.428494 0.0871681 0.144519 0.060744
3 0.502991 0.930229 0.980998 0.137814 0.0607232
10 0.95697 0.703811 0.0876206 0.591926 0.0597222
6 0.836198 0.955483 0.330267 0.0895576 0.0594668
10 0.946844 0.657124 0.107868 0.684244 0.0588648
1 0.826924 0.71633 0.34916 0.575841 0.0588311
10 0.983634 0.777515 0.0338598 0.219703 0.0585839
4 0.26632 0.428585 0.101168 0.186649 0.0585037
10 0.456271 0.989716 0.0694422 0.0206619 0.0583716
10 0.419524 0.387234 0.0911384 0.183868 0.0578481
3 0.610529 0.959149 0.763242 0.082987 0.0571349
10 0.979334 0.635808 0.0425333 0.671416 0.0569719
1 0.502793 0.846927 0.99087 0.307916 0.0567494
4 0.835354 0.405861 0.182182 0.209418 0.0564939
10 0.800838 0.446975 0.066851 0.109004 0.0563042
6 0.931386 0.921466 0.13935 0.158837 0.0559726
4 0.487184 0.368097 0.14288 0.136401 0.055904
4 0.293387 0.437161 0.227068 0.237449 0.0552616
10 0.952489 0.621342 0.0952473 0.75432 0.0548354
4 0.845178 0.409646 0.168576 0.195705 0.0546224
4 0.594578 0.347781 0.111619 0.161344 0.0543857
4 0.339562 0.41055 0.121304 0.193153 0.0543076
3 0.13478 0.59939 0.268207 0.792111 0.053895
4 0.491768 0.361765 0.345193 0.255599 0.0537223
3 0.510499 0.940937 0.968397 0.117307 0.0534085
10 0.985681 0.903837 0.0288875 0.191873 0.0532184
4 0.410788 0.416595 0.0915052 0.140166 0.0521195
3 0.559445 0.963588 0.869006 0.0731597 0.0519309
3 0.501587 0.89093 0.991109 0.217513 0.0518568
4 0.570873 0.351618 0.200755 0.168423 0.0511394
6 0.949779 0.949542 0.0993025 0.102558 0.0509062
3 0.512951 0.964589 0.953974 0.070599 0.0507513
10 0.90391 0.443942 0.0425276 0.10973 0.0506605
1 0.501867 0.824979 0.986975 0.352489 0.049874
4 0.417784 0.405516 0.391973 0.323773 0.0496723
4 0.254836 0.430426 0.101651 0.190988 0.0494468
4 0.406867 0.406283 0.0980099 0.166637 0.0494282
10 0.982341 0.914 0.0362477 0.173133 0.0494262
1 0.500767 0.779429 0.981609 0.445433 0.0493593
1 0.501077 0.876301 0.987039 0.247274 0.0481346
4 0.327362 0.410086 0.107719 0.187679 0.0479453
10 0.930855 0.573361 0.137926 0.846648 0.0468555
1 0.947562 0.511562 0.10543 0.983442 0.0466426
4 0.447558 0.417997 0.0792057 0.11252 0.0461192
4 0.266976 0.410838 0.0891746 0.148172 0.0451209
10 0.916486 0.631619 0.165695 0.732747 0.0448237
3 0.256594 0.894619 0.509489 0.213282 0.0446835
1 0.406395 0.870991 0.805371 0.258165 0.0439229
4 0.763989 0.431704 0.0530448 0.0910356 0.0436633
4 0.259202 0.41555 0.0921352 0.161975 0.0429636
1 0.501254 0.867555 0.992316 0.265335 0.042782
10 0.912166 0.617948 0.173823 0.761482 0.0427205
3 0.497523 0.945954 0.95811 0.108009 0.0427106
4 0.491341 0.356904 0.11603 0.131397 0.0426483
3 0.764736 0.962051 0.441785 0.0761236 0.0423567
4 0.609085 0.331159 0.123522 0.182939 0.0422012
3 0.254217 0.387964 0.501239 0.604853 0.0421055
3 0.267277 0.969536 0.482723 0.0613519 0.0420932
3 0.282742 0.936494 0.553926 0.12803 0.0420295
4 0.985756 0.500518 0.0303786 0.107928 0.0420089
3 0.563104 0.968055 0.85068 0.0639454 0.0419193
1 0.663817 0.786535 0.684219 0.427425 0.0417502
3 0.250022 0.938723 0.49335 0.123997 0.0417384
1 0.305715 0.889194 0.603092 0.223444 0.041388
4 0.388981 0.412545 0.10632 0.152832 0.0408156
10 0.398655 0.391942 0.0997604 0.186003 0.0405249
1 0.819302 0.638508 0.366887 0.729494 0.0404673
3 0.251507 0.845242 0.499218 0.312019 0.0404295
10 0.987245 0.906809 0.0251965 0.188939 0.0401942
4 0.983936 0.505832 0.033944 0.11845 0.0392318
10 0.959914 0.546468 0.0808136 0.916612 0.0390014
1 0.414146 0.814044 0.825281 0.37211 0.0388743
4 0.985909 0.466513 0.0289249 0.212087 0.0385733
1 0.381574 0.930552 0.745928 0.139279 0.0385625
1 0.365923 0.976385 0.352369 0.0482124 0.0379731
10 0.423846 0.987801 0.130763 0.02472 0.0375402
3 0.291954 0.975173 0.450549 0.0502879 0.037524
10 0.690004 0.985123 0.0643376 0.0301503 0.0375102
1 0.7938 0.694572 0.424864 0.615113 0.0373331
4 0.470886 0.380756 0.103948 0.189975 0.0371819
10 0.927027 0.442202 0.0730417 0.132635 0.0366772
4 0.60618 0.359001 0.109099 0.152369 0.0366647
1 0.320513 0.834209 0.635927 0.332872 0.0362278
6 0.848578 0.447477 0.0761459 0.0993035 0.0360691
10 0.443686 0.383028 0.0883209 0.176675 0.0360065
3 0.291314 0.784656 0.582029 0.433121 0.0359273
1 0.5372 0.88703 0.933705 0.22636 0.0358732
6 0.860792 0.448512 0.061968 0.0956233 0.0356971
4 0.469406 0.374866 0.0947567 0.175802 0.0356483
1 0.33735 0.972804 0.499863 0.0551189 0.0354121
4 0.500705 0.369911 0.178245 0.18288 0.0350355
4 0.621503 0.346549 0.119735 0.142286 0.0350283
1 0.502089 0.844598 0.982378 0.311291 0.0350089
4 0.36533 0.347916 0.0834631 0.0901498 0.0346532
4 0.463342 0.382356 0.115603 0.198265 0.0343899
4 0.273673 0.396472 0.0874865 0.128809 0.0343295
10 0.984743 0.983976 0.0314125 0.0330881 0.0342875
3 0.210483 0.318501 0.418242 0.623261 0.0342425
1 0.793968 0.608898 0.417085 0.786689 0.0339876
4 0.364476 0.350383 0.0883123 0.0900912 0.0339554
10 0.987106 0.426281 0.026354 0.259682 0.033797
10 0.418413 0.990267 0.118941 0.0203462 0.033555
10 0.986708 0.448192 0.0270556 0.282921 0.0335178
1 0.405872 0.958037 0.779648 0.0861869 0.0333445
3 0.22017 0.428901 0.43651 0.524527 0.0329025
4 0.4876 0.361254 0.128332 0.146958 0.0323904
4 0.98649 0.464963 0.0277102 0.178106 0.0323886
1 0.362426 0.76376 0.7239 0.474794 0.0323837
10 0.912902 0.463188 0.041157 0.0802934 0.0320366
1 0.426925 0.980702 0.210056 0.0394235 0.0319292
4 0.47978 0.349589 0.0852642 0.117668 0.0316913
4 0.986339 0.471843 0.0282566 0.185667 0.0316123
4 0.552566 0.388434 0.15884 0.0984688 0.0315144
4 0.233889 0.428644 0.108382 0.205449 0.0313909
10 0.767364 0.432539 0.0464815 0.100807 0.0308935
1 0.462569 0.978916 0.459412 0.0427189 0.0307901
10 0.642414 0.322384 0.0682337 0.154587 0.0302335
4 0.49602 0.367972 0.184429 0.163348 0.0301161
10 0.0364252 0.278823 0.073994 0.176878 0.0299501
10 0.895119 0.449829 0.0395132 0.0983901 0.0298494
1 0.80371 0.560841 0.401226 0.878274 0.0298088
10 0.984326 0.680707 0.031279 0.393784 0.0298009
10 0.419391 0.986844 0.176786 0.027066 0.0295745
10 0.642866 0.325829 0.0689232 0.14851 0.0295557
10 0.0184917 0.301927 0.0380066 0.402959 0.0294347
10 0.0107578 0.324922 0.0222144 0.159322 0.0292517
4 0.355813 0.447517 0.104739 0.129156 0.0290186
10 0.953272 0.490609 0.0963507 0.363638 0.0288738
4 0.438581 0.430031 0.0901416 0.112241 0.0288389
10 0.0983897 0.191048 0.177869 0.369507 0.0287845
1 0.692445 0.682942 0.618568 0.637633 0.0287153
4 0.376396 0.42111 0.112894 0.142868 0.0286534
4 0.263287 0.39357 0.0850518 0.121223 0.0286416
10 0.0173416 0.347269 0.0352234 0.313762 0.0284624
4 0.178316 0.0677879 0.349816 0.134851 0.0284424
4 0.227581 0.432474 0.409856 0.245398 0.0279863
4 0.614938 0.369172 0.0854249 0.121563 0.0277869
10 0.0104765 0.31728 0.0215548 0.165292 0.0275469
3 0.507122 0.672398 0.99456 0.656398 0.0273721
10 0.636564 0.32242 0.0719559 0.163134 0.0271756
4 0.291907 0.412186 0.0809099 0.16699 0.0269552
6 0.819731 0.445154 0.051939 0.0978571 0.0268813
4 0.369608 0.343249 0.0876108 0.092655 0.0268106
10 0.428282 0.352804 0.0810659 0.128128 0.0268
4 0.183123 0.0815232 0.360256 0.161964 0.0264322
10 0.938085 0.988287 0.122664 0.0240109 0.0263873
3 0.125943 0.605566 0.256267 0.599645 0.0262524
4 0.382556 0.288052 0.0634687 0.102231 0.0262018
10 0.310884 0.406648 0.0675264 0.160671 0.0260803
3 0.200806 0.794094 0.40365 0.415077 0.026034
3 0.506597 0.92258 0.993187 0.156426 0.0260126
4 0.599633 0.400986 0.0652095 0.0711828 0.0259971
4 0.659521 0.322094 0.0830573 0.157151 0.0259397
10 0.0102939 0.442152 0.0222266 0.423798 0.0259163
5 0.847488 0.0348569 0.30506 0.069023 0.0255542
1 0.504839 0.733634 0.978235 0.533993 0.0255512
4 0.983296 0.628532 0.0323693 0.316669 0.025485
10 0.0133658 0.472257 0.0280912 0.420442 0.0254438
4 0.609819 0.39736 0.0590544 0.0699325 0.025276
4 0.368343 0.300722 0.0759725 0.130222 0.0250906
10 0.937175 0.454912 0.043584 0.106578 0.0250486
10 0.0110982 0.346438 0.0224706 0.160351 0.0248955
4 0.0367471 0.0360831 0.0760096 0.0747985 0.0246859
4 0.106842 0.293716 0.156774 0.16828 0.0245452
4 0.368056 0.401813 0.0998356 0.189617 0.0243187
4 0.493154 0.385737 0.0901444 0.158171 0.0241778
3 0.194008 0.973491 0.370177 0.0537029 0.0240325
3 0.273881 0.602057 0.542234 0.794691 0.023809
5 0.767519 0.0417917 0.459613 0.0828062 0.0237732
3 0.127388 0.638417 0.256802 0.707933 0.0235711
4 0.346253 0.316683 0.112617 0.154318 0.02348
10 0.0310084 0.438753 0.0624832 0.502107 0.022786
1 0.856713 0.512756 0.285976 0.974623 0.0226734
10 0.100026 0.144005 0.20146 0.284823 0.0226575
4 0.386496 0.283104 0.0632029 0.0979909 0.0226286
10 0.021039 0.32296 0.0447488 0.214709 0.0221252
10 0.917518 0.990168 0.123985 0.0201763 0.0220062
10 0.883913 0.444881 0.0431354 0.101248 0.0220051
10 0.214078 0.283872 0.133014 0.187186 0.021886
4 0.334258 0.267668 0.116927 0.10365 0.0217472
4 0.172056 0.14003 0.341857 0.278055 0.0216451
4 0.356525 0.323421 0.11713 0.166704 0.0215869
4 0.442611 0.338099 0.0863145 0.094284 0.0214766
4 0.902137 0.0306291 0.198245 0.0611953 0.0214492
6 0.849617 0.446991 0.0954376 0.0991006 0.0214359
4 0.381098 0.348175 0.0688206 0.0922379 0.0213698
4 0.368775 0.400372 0.105503 0.1861 0.0211331
4 0.312034 0.213204 0.0981165 0.147585 0.0208637
10 0.715569 0.98369 0.113262 0.0331626 0.0206858
10 0.904786 0.99107 0.109928 0.0186974 0.0206816
3 0.227497 0.416632 0.413524 0.27841 0.0206423
4 0.317296 0.271889 0.17334 0.14497 0.0205521
4 0.446054 0.330648 0.110715 0.0991187 0.020525
10 0.707142 0.986774 0.177877 0.0277904 0.0203012
4 0.364775 0.423022 0.291406 0.232683 0.0199262
4 0.33446 0.309602 0.132004 0.158041 0.0198302
4 0.344621 0.31783 0.117464 0.134943 0.0198168
10 0.058329 0.389031 0.119385 0.649514 0.0195496
4 0.288051 0.240832 0.165257 0.133975 0.0193649
3 0.505737 0.625201 0.975148 0.748899 0.0193086
10 0.487786 0.991009 0.113785 0.0187188 0.0192141
10 0.014763 0.244193 0.0305227 0.165366 0.0189969
4 0.266412 0.238706 0.0698644 0.0849048 0.0187096
10 0.131132 0.315855 0.0649953 0.082179 0.0186986
4 0.0801476 0.0197104 0.151753 0.0408426 0.0183252
10 0.37479 0.991839 0.115575 0.016868 0.018324
10 0.549213 0.315451 0.0552852 0.0968015 0.0183228
4 0.498526 0.382091 0.144972 0.171394 0.0182172
9 0.442967 0.439026 0.0996022 0.11924 0.018199
4 0.316454 0.421595 0.102898 0.184281 0.0179563
4 0.0939957 0.0228299 0.143562 0.047195 0.0177696
2 0.795174 0.0667292 0.409655 0.132629 0.0175459
3 0.14853 0.496666 0.237762 0.362183 0.0168134
2 0.779316 0.0784757 0.442407 0.15822 0.0165296
3 0.117573 0.527894 0.24033 0.329566 0.0164493
3 0.304155 0.378818 0.585227 0.524463 0.0164051
10 0.81426 0.961643 0.131038 0.0773422 0.0162235
3 0.128237 0.411071 0.238706 0.422435 0.016206
10 0.213896 0.439226 0.0747377 0.230317 0.0159167
10 0.042051 0.486934 0.085955 0.309958 0.0155703
10 0.0766544 0.316073 0.114593 0.124369 0.0154479
3 0.160575 0.403312 0.29064 0.524198 0.0152416
10 0.16111 0.281132 0.0768342 0.15556 0.0151674
4 0.23367 0.990748 0.199139 0.0188019 0.015167
10 0.204478 0.440747 0.0741638 0.22554 0.0148412
6 0.562573 0.19836 0.09213 0.0859019 0.0147619
4 0.223507 0.99091 0.197885 0.0184467 0.0145497
3 0.0933779 0.806129 0.186814 0.389797 0.0145458
4 0.402285 0.294944 0.0924757 0.134569 0.0145206
5 0.576586 0.0431287 0.119403 0.0863741 0.0143272
10 0.0624309 0.500898 0.128205 0.319907 0.0140904
3 0.140284 0.509626 0.252174 0.364207 0.0139925
4 0.204066 0.990726 0.201976 0.0188944 0.0137743
5 0.569239 0.121842 0.0967254 0.0283971 0.0134503
4 0.41262 0.282258 0.0756176 0.106896 0.0133512
10 0.59839 0.0356446 0.101176 0.0728225 0.0132342
4 0.194141 0.990941 0.188484 0.0183237 0.0131316
4 0.199461 0.99116 0.219072 0.0180191 0.0131232
10 0.197088 0.44204 0.134012 0.280521 0.0129657
1 0.511344 0.689104 0.981273 0.617891 0.0125857
4 0.916379 0.0269607 0.175102 0.0546354 0.012198
4 0.161454 0.990527 0.224725 0.0192219 0.0119969
10 0.898919 0.115375 0.0196821 0.0688024 0.0115684
10 0.174211 0.295514 0.0889546 0.133893 0.0114336
10 0.960366 0.0533263 0.0787235 0.107004 0.00999309
10 0.239702 0.499928 0.101531 0.287295 0.00774403
