4 0.376565 0.267266 0.0928548 0.101588 0.76962
4 0.458614 0.236482 0.0545035 0.0536997 0.686074
11 0.964291 0.285352 0.0728924 0.220804 0.157575
4 0.292143 0.278245 0.0457807 0.0783448 0.140592
4 0.415086 0.240468 0.0474581 0.0539923 0.119658
4 0.330244 0.206181 0.0511947 0.0600505 0.0958286
4 0.416585 0.240825 0.046759 0.0556697 0.0916516
11 0.966622 0.27565 0.0698864 0.186556 0.0845664
4 0.514877 0.223792 0.0417243 0.057303 0.0818329
4 0.278351 0.218952 0.0255584 0.0428337 0.0798499
4 0.427795 0.237651 0.0521774 0.0546834 0.0761819
4 0.52495 0.22542 0.04936 0.0565059 0.076066
10 0.794348 0.365131 0.0349838 0.070361 0.0735383
11 0.0433782 0.939592 0.0885061 0.114684 0.0727833
4 0.279794 0.281267 0.0417153 0.0710574 0.0725298
4 0.295464 0.320713 0.0457362 0.0723568 0.0718235
6 0.0460414 0.894589 0.0935045 0.201479 0.0716159
4 0.337368 0.204154 0.051603 0.0632256 0.0668502
4 0.510447 0.236961 0.031212 0.030476 0.0663557
6 0.044931 0.849986 0.0901847 0.288076 0.0647628
4 0.420667 0.237963 0.045264 0.0585488 0.06379
4 0.270771 0.22404 0.0253854 0.0382167 0.0596503
1 0.501297 0.588597 0.988492 0.810985 0.057635
10 0.79931 0.368571 0.0397858 0.0748438 0.0549226
10 0.806659 0.36455 0.0431839 0.07799 0.0547564
4 0.305839 0.218494 0.0665703 0.0484715 0.0525828
4 0.31733 0.352846 0.0991555 0.164373 0.0517011
7 0.394354 0.555362 0.0392388 0.056838 0.0514963
4 0.522776 0.216381 0.064399 0.0700057 0.0496431
4 0.304677 0.290604 0.0749406 0.133653 0.0492909
10 0.270498 0.217414 0.0227461 0.0483492 0.0492198
1 0.0822952 0.736635 0.161365 0.494643 0.048921
6 0.0619942 0.915778 0.12606 0.161813 0.0477359
6 0.0372879 0.779947 0.0754015 0.421666 0.0473841
10 0.812528 0.364173 0.0334974 0.0703596 0.0465101
1 0.499714 0.590356 0.990186 0.807435 0.0464765
4 0.275777 0.274616 0.0398505 0.0706397 0.0460086
4 0.532518 0.228387 0.0492167 0.054591 0.0453332
1 0.162698 0.505337 0.324394 0.955754 0.0446392
4 0.618044 0.246038 0.065896 0.0528153 0.0439139
4 0.430239 0.229399 0.0732918 0.0593932 0.0437841
6 0.057765 0.876144 0.116948 0.237924 0.0436
4 0.285189 0.325052 0.0431563 0.0701505 0.0433183
4 0.308682 0.210333 0.0825224 0.0606996 0.0427518
6 0.0707968 0.942006 0.142751 0.109654 0.0425898
10 0.793007 0.358958 0.0257799 0.0488001 0.0418643
0 0.0818496 0.603333 0.161688 0.756697 0.0416968
10 0.106137 0.272549 0.0303937 0.057785 0.0412769
10 0.816246 0.36866 0.0335674 0.0761543 0.0411914
1 0.073731 0.705814 0.14753 0.443135 0.0409353
4 0.498964 0.229396 0.0481977 0.0552288 0.0406536
7 0.91723 0.628778 0.0877583 0.280709 0.040143
11 0.965422 0.394085 0.0708525 0.459378 0.0395405
6 0.0181768 0.748561 0.0376299 0.46922 0.03918
4 0.502125 0.229177 0.0382436 0.0465651 0.0391164
10 0.09477 0.787905 0.0663775 0.202105 0.0390988
4 0.484847 0.232587 0.0486745 0.0528425 0.038333
4 0.302862 0.337121 0.0708116 0.186997 0.0380699
10 0.119144 0.271815 0.0338051 0.0576159 0.0379405
4 0.404326 0.23593 0.0515783 0.057615 0.0378956
1 0.404262 0.50632 0.811976 0.977209 0.0378488
4 0.420032 0.231988 0.0488723 0.0612241 0.0377417
4 0.952819 0.476528 0.0967331 0.0852439 0.0372051
4 0.401007 0.238781 0.0549687 0.0509469 0.0365283
7 0.448872 0.553965 0.0751792 0.0630308 0.0361321
10 0.0957312 0.785454 0.0689117 0.20472 0.0359167
4 0.304143 0.218811 0.0220422 0.0430255 0.0359151
1 0.149216 0.502901 0.299742 0.961993 0.0357257
4 0.306354 0.267775 0.0410565 0.063432 0.0355282
1 0.103184 0.671945 0.206321 0.626242 0.0354191
1 0.135707 0.573538 0.271792 0.825021 0.0353551
6 0.694997 0.67952 0.0771114 0.1599 0.0352767
6 0.694709 0.680055 0.080291 0.161208 0.0349781
4 0.276282 0.221366 0.0541027 0.038544 0.0346498
4 0.366233 0.204251 0.0643423 0.0589232 0.0343222
4 0.324784 0.220044 0.0553593 0.0427364 0.0342742
4 0.43245 0.218828 0.0938224 0.0893148 0.0340808
11 0.9864 0.290956 0.0275387 0.194663 0.0339695
0 0.110385 0.770455 0.104408 0.24887 0.0335808
10 0.0819244 0.789653 0.052023 0.191551 0.0331494
4 0.310445 0.302036 0.0839659 0.134221 0.0330043
7 0.919096 0.61326 0.0829266 0.239321 0.0329607
11 0.988382 0.252889 0.0233414 0.127724 0.0329487
4 0.25779 0.284531 0.0384104 0.0757912 0.0329087
1 0.501956 0.663667 0.983433 0.662818 0.0328836
1 0.082173 0.581252 0.162906 0.748356 0.0328339
6 0.0146467 0.725221 0.0298144 0.453776 0.0323091
1 0.51022 0.50704 0.964855 0.965663 0.0321634
4 0.315035 0.214254 0.0820115 0.082686 0.0320127
11 0.988297 0.268996 0.0239742 0.175201 0.0318646
11 0.987039 0.269896 0.0260317 0.162061 0.0316855
4 0.420168 0.215194 0.0596939 0.0761037 0.0314686
0 0.0715501 0.643531 0.143425 0.570949 0.0313556
4 0.276729 0.218734 0.0541451 0.0442824 0.0310045
4 0.394646 0.206865 0.0742158 0.0616652 0.0308489
6 0.0715787 0.828035 0.142492 0.32854 0.0308348
1 0.0912714 0.632212 0.183185 0.697076 0.0305962
1 0.129572 0.50165 0.263159 0.965998 0.0304206
4 0.401329 0.210776 0.0621002 0.0525592 0.0300589
6 0.0149899 0.697131 0.0300742 0.460073 0.0299925
4 0.312644 0.251466 0.0774253 0.115964 0.0298838
11 0.829105 0.565118 0.298247 0.41769 0.0295735
4 0.311671 0.323285 0.0597601 0.0726728 0.02924
4 0.376968 0.206263 0.0481085 0.0498299 0.0288995
1 0.0657106 0.513802 0.13462 0.929326 0.0285685
4 0.527679 0.209418 0.0486938 0.0795038 0.0285328
4 0.362956 0.208592 0.171594 0.0680856 0.0280905
1 0.0738681 0.795264 0.148355 0.389522 0.0279849
4 0.578544 0.241126 0.0612044 0.0484832 0.0279151
4 0.394468 0.216465 0.0584009 0.0490048 0.0278544
4 0.422566 0.245828 0.0308512 0.0491143 0.0278237
1 0.0257616 0.516362 0.0563994 0.931826 0.0276516
10 0.0119806 0.651603 0.0234893 0.557771 0.0275019
6 0.986454 0.360826 0.0262997 0.232718 0.0274905
4 0.570322 0.241489 0.0341226 0.0435449 0.0273695
10 0.776141 0.0503866 0.171982 0.100208 0.0273599
4 0.243714 0.22194 0.0273337 0.0399102 0.0271857
4 0.564284 0.242794 0.0828001 0.0444729 0.0271273
4 0.254824 0.260864 0.043324 0.128923 0.0271034
1 0.154368 0.746845 0.305784 0.483035 0.0268773
1 0.0213665 0.521746 0.0429576 0.910498 0.0268727
4 0.314599 0.221712 0.0513224 0.0535634 0.0267161
4 0.316826 0.265077 0.0627183 0.0970581 0.0265991
10 0.99168 0.489893 0.0176702 0.451686 0.0264651
4 0.267509 0.349071 0.0455717 0.188781 0.0264324
0 0.107958 0.775482 0.109519 0.24936 0.0262531
11 0.825541 0.650327 0.338389 0.683141 0.0261017
10 0.266596 0.336762 0.0435495 0.214005 0.0260717
6 0.554193 0.655201 0.0729978 0.156798 0.0259066
6 0.679909 0.68761 0.0860474 0.156987 0.0257039
10 0.819164 0.0411386 0.163008 0.0827202 0.0255759
1 0.11092 0.574202 0.227794 0.814741 0.0251583
6 0.0360838 0.891348 0.0749167 0.208802 0.0251544
4 0.273339 0.322052 0.037089 0.0715637 0.0251444
4 0.324111 0.317698 0.0572204 0.0723825 0.0249578
4 0.537644 0.24003 0.040393 0.0349896 0.0248425
4 0.257168 0.218733 0.0232385 0.0473025 0.0247797
11 0.763195 0.422687 0.0799878 0.0600115 0.0244437
4 0.512774 0.224783 0.0797002 0.0593769 0.0241962
4 0.971786 0.479572 0.0608271 0.0721392 0.0236567
4 0.410765 0.246809 0.155155 0.147082 0.0234237
10 0.130712 0.269986 0.020853 0.0540226 0.0232614
10 0.0765285 0.796092 0.0521165 0.191542 0.0230032
1 0.500927 0.620383 0.986553 0.751458 0.0228767
4 0.321751 0.262035 0.0519053 0.0846551 0.0227736
4 0.62413 0.246702 0.0753131 0.0581579 0.0226815
6 0.982356 0.625922 0.0345398 0.685712 0.0226709
6 0.988884 0.451297 0.0221304 0.212641 0.0225356
4 0.430901 0.197749 0.0656953 0.0684634 0.022488
1 0.506715 0.683678 0.975804 0.620272 0.0224534
4 0.275112 0.345836 0.0465908 0.187349 0.0224106
4 0.954182 0.491079 0.0928501 0.273284 0.0222591
10 0.0929993 0.792916 0.0629508 0.197331 0.0222486
6 0.987302 0.429247 0.0258319 0.165945 0.0220503
10 0.00751127 0.639173 0.0149622 0.387076 0.0220475
11 0.0146101 0.9449 0.0301931 0.098881 0.0220199
6 0.939194 0.694741 0.125009 0.600937 0.0219812
1 0.108602 0.501447 0.220724 0.952968 0.0218218
4 0.384987 0.243631 0.137429 0.154547 0.0216134
10 0.60009 0.223032 0.0326804 0.0967382 0.0215786
6 0.98764 0.37097 0.0243542 0.406354 0.021567
1 0.498259 0.681602 0.980745 0.624573 0.0215531
1 0.204157 0.707304 0.402534 0.567205 0.0215302
3 0.756208 0.203545 0.474373 0.379127 0.02148
10 0.00699071 0.593463 0.0140986 0.282029 0.0213242
11 0.986881 0.400299 0.0258724 0.146388 0.0212159
1 0.163975 0.788772 0.323459 0.403692 0.0211999
11 0.767131 0.422805 0.0927358 0.0594464 0.0210449
6 0.986412 0.398081 0.0278385 0.146434 0.0210017
10 0.499078 0.211656 0.0435192 0.0789641 0.0209979
11 0.79785 0.421423 0.136871 0.0509873 0.0209784
3 0.757293 0.209759 0.479971 0.408678 0.0208548
4 0.240886 0.227194 0.0221517 0.0479322 0.0208289
10 0.253371 0.330354 0.0454854 0.222461 0.0208254
10 0.0490997 0.63995 0.0999322 0.498701 0.0207288
4 0.537097 0.208039 0.0706016 0.0933216 0.0207057
10 0.499276 0.0399968 0.18638 0.0780562 0.0205967
4 0.344193 0.220985 0.0433428 0.0647281 0.0204722
10 0.0891379 0.797653 0.0566853 0.192475 0.0203564
3 0.604638 0.173845 0.15709 0.277396 0.0203316
4 0.42288 0.223778 0.0504288 0.0532782 0.0202124
10 0.839098 0.196641 0.107549 0.275932 0.020174
4 0.370198 0.251016 0.216678 0.183619 0.0199689
4 0.554045 0.210869 0.0521341 0.0771676 0.0198602
11 0.759138 0.420236 0.070225 0.053725 0.0198252
10 0.0513634 0.583846 0.10626 0.604232 0.0195235
2 0.204269 0.0859439 0.151585 0.0937408 0.0192771
6 0.945794 0.686425 0.109882 0.402947 0.0191417
10 0.485003 0.222299 0.0302695 0.0670643 0.019139
10 0.447 0.191586 0.0537842 0.0718058 0.0191019
10 0.775373 0.368753 0.0414916 0.0792825 0.0190593
11 0.875214 0.543133 0.245898 0.416825 0.0190499
1 0.203474 0.601869 0.417409 0.766398 0.0190392
4 0.311548 0.246406 0.0801006 0.14922 0.0189115
10 0.730814 0.0475573 0.319217 0.0957079 0.0187665
6 0.783736 0.42301 0.0685773 0.0549971 0.0187577
10 0.236518 0.314047 0.0602741 0.243837 0.0187291
10 0.786285 0.377497 0.0403408 0.086372 0.0186759
10 0.767791 0.0650915 0.199734 0.131093 0.0186306
4 0.294449 0.244396 0.0444657 0.0666986 0.0186209
1 0.314521 0.593819 0.620712 0.801589 0.0185279
3 0.588873 0.157 0.12218 0.228746 0.0184438
4 0.243652 0.218415 0.0448078 0.0487301 0.0184287
10 0.743885 0.049861 0.0812742 0.100611 0.018427
4 0.493978 0.209079 0.119903 0.0981473 0.0184195
4 0.614784 0.237764 0.0303999 0.0621454 0.0182877
6 0.609601 0.695128 0.0944981 0.140996 0.0182372
4 0.234396 0.261633 0.0457911 0.1302 0.018073
1 0.283713 0.588124 0.559643 0.809469 0.0180433
4 0.626837 0.242417 0.0662842 0.0599139 0.0180021
1 0.499178 0.557218 0.975415 0.864833 0.0178718
4 0.606919 0.991009 0.148653 0.0136087 0.0175951
11 0.987221 0.206931 0.0263823 0.0569036 0.0175832
6 0.674612 0.689418 0.117491 0.164569 0.0175639
10 0.829139 0.357661 0.0301302 0.0694176 0.0175371
4 0.478334 0.217373 0.0269695 0.0295441 0.017381
11 0.771568 0.549909 0.429111 0.47356 0.0172192
2 0.797673 0.193487 0.18736 0.374079 0.0172171
2 0.719948 0.194371 0.389073 0.372078 0.0171487
10 0.174301 0.433689 0.0449286 0.200914 0.0170946
10 0.158313 0.450916 0.0375713 0.237807 0.0170337
4 0.402237 0.255073 0.0539136 0.0671994 0.01692
4 0.247366 0.227398 0.0558216 0.0722951 0.0168606
10 0.792759 0.304783 0.0632701 0.178657 0.0168568
11 0.82099 0.466974 0.221683 0.171155 0.0167979
10 0.147186 0.253183 0.0304783 0.101369 0.0167868
2 0.787797 0.186658 0.0801501 0.249208 0.0166667
1 0.673756 0.686902 0.638663 0.624056 0.0165674
10 0.158531 0.451559 0.0421911 0.25612 0.016502
10 0.621595 0.0441492 0.639802 0.0875007 0.016477
1 0.130742 0.713052 0.0824438 0.128688 0.0162465
2 0.815016 0.221387 0.176162 0.337328 0.0161443
1 0.720156 0.657163 0.549859 0.680476 0.0161414
4 0.241382 0.239556 0.047722 0.0924233 0.0161277
11 0.111336 0.97052 0.215748 0.0516196 0.0161177
1 0.125369 0.731287 0.0946141 0.177627 0.016115
7 0.385695 0.583421 0.0372396 0.116346 0.0161066
10 0.826521 0.35572 0.0287112 0.0572479 0.0159248
7 0.104519 0.672672 0.0460516 0.0695392 0.0159123
1 0.512763 0.750174 0.978117 0.490185 0.015798
3 0.753378 0.394177 0.491985 0.757049 0.0157951
10 0.592281 0.0443113 0.650476 0.0872653 0.0157744
10 0.245498 0.702451 0.396601 0.579968 0.0156129
10 0.471902 0.194809 0.0355742 0.0661978 0.0155418
10 0.764697 0.0549899 0.165528 0.112009 0.0155353
1 0.5038 0.680454 0.977834 0.623751 0.0154996
1 0.504012 0.679671 0.975032 0.624963 0.0153568
6 0.0562244 0.934348 0.114505 0.12588 0.0153305
6 0.647835 0.705792 0.0827125 0.125654 0.0153266
10 0.029938 0.492013 0.0604276 0.432614 0.0153239
7 0.815496 0.433059 0.03948 0.0594781 0.0153049
1 0.518854 0.790447 0.955113 0.410228 0.0152456
1 0.121336 0.458227 0.244661 0.874046 0.0151114
1 0.568718 0.718941 0.646074 0.54622 0.0149826
3 0.707667 0.198706 0.391575 0.377336 0.0149633
10 0.0702309 0.800297 0.0505064 0.191669 0.0149554
10 0.206608 0.392565 0.0536505 0.192837 0.0148876
11 0.826758 0.422092 0.0920562 0.0608297 0.0148743
1 0.522508 0.775296 0.957659 0.436928 0.0147522
4 0.424737 0.260299 0.0920117 0.114169 0.014578
6 0.90205 0.691395 0.176067 0.588583 0.0145729
4 0.213193 0.270128 0.0749054 0.147573 0.0145415
1 0.4508 0.747827 0.232 0.471325 0.0143602
10 0.502706 0.0308948 0.562219 0.0600165 0.0142171
4 0.477298 0.279896 0.0421297 0.0251715 0.0142046
1 0.63006 0.658028 0.731182 0.670146 0.0139525
3 0.496151 0.284943 0.978925 0.54851 0.013808
1 0.521766 0.775026 0.962686 0.437302 0.0137926
10 0.0679894 0.807364 0.0532257 0.1808 0.0137189
1 0.537162 0.760083 0.726349 0.458923 0.0137091
10 0.790881 0.0600009 0.433766 0.123497 0.0136474
10 0.861926 0.0428081 0.150847 0.089353 0.0133655
3 0.701891 0.219412 0.380302 0.412363 0.0133611
1 0.501124 0.677797 0.75177 0.588993 0.0131621
10 0.811894 0.044997 0.119934 0.0922443 0.0130195
1 0.535698 0.625358 0.854317 0.719628 0.0129283
1 0.609119 0.71473 0.37358 0.52674 0.0128799
3 0.501088 0.207702 0.98721 0.381948 0.0128536
10 0.924386 0.24437 0.157889 0.47449 0.0127863
3 0.569616 0.157321 0.867495 0.310423 0.0127293
11 0.741503 0.613118 0.501457 0.72511 0.0125636
6 0.768003 0.44566 0.104483 0.0984531 0.0124682
1 0.500867 0.506707 0.973546 0.970869 0.0123763
1 0.423805 0.600617 0.717597 0.76923 0.0122636
10 0.151814 0.256905 0.037163 0.104944 0.0119831
3 0.505133 0.261626 0.964111 0.495397 0.0119789
1 0.176603 0.440131 0.337818 0.825955 0.0118538
1 0.556703 0.641206 0.901553 0.683951 0.0114813
4 0.263919 0.295205 0.414954 0.216436 0.0111671
7 0.112385 0.0255707 0.0927773 0.0500323 0.0109689
3 0.649326 0.173087 0.260692 0.307107 0.0108987
3 0.122328 0.165233 0.371204 0.399106 0.010701
1 0.443868 0.596418 0.143471 0.682147 0.0106752
10 0.89402 0.0562495 0.221917 0.119685 0.0104128
4 0.345464 0.288663 0.0817706 0.0773684 0.0103817
4 0.76073 0.350002 0.0331185 0.0562264 0.0100608
2 0.127072 0.0268394 0.0957967 0.0528462 0.0100404
1 0.477431 0.574222 0.148775 0.396191 0.00996859
3 0.449736 0.336421 0.389416 0.423498 0.00807788
5 0.722168 0.864889 0.0561398 0.141322 0.00735113
