6 0.698895 0.370189 0.100722 0.301418 0.795353
10 0.494745 0.0869954 0.062933 0.176566 0.772669
6 0.518585 0.333256 0.10981 0.244496 0.73985
6 0.281202 0.270103 0.0958005 0.164467 0.642933
6 0.351416 0.224001 0.0874156 0.187709 0.625448
6 0.121632 0.53883 0.0713824 0.243258 0.623738
2 0.761502 0.231934 0.0243576 0.0908095 0.593005
6 0.596545 0.621417 0.132407 0.361206 0.506797
11 0.458072 0.274151 0.162724 0.244057 0.454706
10 0.158889 0.859245 0.0442641 0.117447 0.421499
7 0.836465 0.26488 0.0311169 0.0979044 0.41632
10 0.156376 0.282927 0.11198 0.363667 0.390263
10 0.716332 0.163165 0.0939259 0.13353 0.389724
11 0.785107 0.322984 0.206126 0.359567 0.326664
6 0.467557 0.917018 0.182445 0.166142 0.315941
6 0.148128 0.195774 0.0851529 0.189509 0.30336
6 0.336183 0.233588 0.0706411 0.164206 0.292545
11 0.0580235 0.144896 0.0540879 0.107088 0.261896
10 0.125672 0.79458 0.0372627 0.0973929 0.25285
10 0.158358 0.320854 0.107805 0.285623 0.251361
7 0.430984 0.23544 0.0229705 0.0488176 0.24663
2 0.73689 0.26653 0.0284666 0.0882276 0.243301
11 0.373201 0.485553 0.231191 0.334146 0.205387
6 0.0658984 0.517926 0.111958 0.174803 0.204872
2 0.0666324 0.148656 0.0336711 0.0757186 0.203653
7 0.74259 0.267646 0.0287846 0.0814422 0.20102
11 0.00773768 0.256534 0.0158111 0.111178 0.196496
2 0.00640869 0.24169 0.0136871 0.103218 0.195473
6 0.4286 0.515548 0.123282 0.27259 0.188106
11 0.318267 0.183026 0.167809 0.259803 0.183334
10 0.0129974 0.721816 0.0262652 0.20609 0.178539
2 0.0182863 0.0974924 0.0340067 0.0869197 0.1738
2 0.749289 0.228331 0.0225932 0.0921566 0.170591
10 0.968639 0.811814 0.0638393 0.372893 0.169848
11 0.281919 0.221538 0.0964537 0.118745 0.168205
7 0.846523 0.269754 0.0247069 0.0821165 0.161741
2 0.178114 0.314806 0.0356945 0.0927464 0.159297
6 0.215893 0.922162 0.0977405 0.15899 0.158644
6 0.894329 0.28317 0.10228 0.185439 0.157106
10 0.452146 0.0946209 0.0428864 0.151557 0.152952
2 0.734911 0.241527 0.0249578 0.101721 0.145576
6 0.320668 0.254295 0.0716797 0.15061 0.142552
10 0.012222 0.770812 0.0258161 0.29924 0.138007
7 0.837678 0.276191 0.0241997 0.0815596 0.137148
7 0.844239 0.263892 0.0393478 0.101353 0.133303
10 0.229774 0.726795 0.313806 0.418756 0.132798
11 0.464459 0.241624 0.14864 0.171524 0.13094
10 0.930639 0.811268 0.138963 0.375643 0.130803
11 0.788227 0.329096 0.190361 0.324884 0.126444
2 0.729869 0.249594 0.0251514 0.115081 0.12551
6 0.428445 0.307498 0.0921387 0.186333 0.124884
6 0.468871 0.96238 0.184929 0.0741579 0.124647
2 0.120578 0.198933 0.0346736 0.0822475 0.123389
7 0.678488 0.61958 0.0314278 0.0747481 0.123349
10 0.578574 0.541609 0.0878788 0.202575 0.121849
11 0.3201 0.150788 0.164582 0.198447 0.121751
2 0.746866 0.254889 0.0259452 0.095218 0.121467
11 0.046964 0.146354 0.0782799 0.145899 0.120519
2 0.733724 0.242578 0.0231858 0.110651 0.120193
2 0.743735 0.229357 0.0199214 0.0881065 0.119705
7 0.80744 0.216789 0.0238686 0.0458752 0.119365
10 0.576045 0.593665 0.0909131 0.300374 0.116799
11 0.0548909 0.216399 0.109136 0.323806 0.116193
7 0.680513 0.602088 0.0378888 0.103536 0.1154
10 0.00749625 0.621061 0.0142266 0.391655 0.114728
2 0.029716 0.154025 0.0173916 0.0366286 0.114551
10 0.885489 0.351475 0.140826 0.341575 0.111421
7 0.316692 0.420878 0.0249868 0.0455744 0.111059
2 0.28369 0.556831 0.016439 0.0354464 0.109284
10 0.905361 0.305239 0.129176 0.271275 0.107127
6 0.119008 0.169113 0.0360047 0.13395 0.106483
2 0.00449325 0.178833 0.00961506 0.147812 0.106275
6 0.901977 0.319651 0.118651 0.282475 0.105182
11 0.0571433 0.238124 0.113044 0.359824 0.103216
11 0.263103 0.190262 0.0417547 0.0588789 0.102824
2 0.278569 0.557968 0.0152133 0.0335909 0.100781
10 0.961588 0.518741 0.0733691 0.937234 0.100268
2 0.0871359 0.115396 0.0162522 0.037046 0.0998803
11 0.280946 0.201982 0.0970298 0.13801 0.0991401
10 0.00734303 0.64339 0.0140298 0.342793 0.0989812
10 0.0136807 0.488384 0.0271586 0.122243 0.0981296
2 0.0931767 0.113426 0.0176341 0.0421975 0.0979767
10 0.00661105 0.486557 0.013684 0.11194 0.0978596
7 0.729215 0.273649 0.0271893 0.075726 0.0974002
11 0.012059 0.255881 0.0231943 0.0927579 0.0973661
7 0.806131 0.229528 0.0270472 0.0693417 0.0969592
6 0.967921 0.825908 0.0655222 0.34995 0.0967703
6 0.95088 0.9415 0.0660683 0.118193 0.0953145
10 0.198633 0.674806 0.385094 0.640935 0.09494
11 0.131223 0.249537 0.0610304 0.152448 0.0944908
6 0.500734 0.96482 0.117283 0.0714335 0.0941992
2 0.00935274 0.209322 0.0160042 0.0373796 0.0939634
6 0.923411 0.942418 0.123467 0.116183 0.0925631
10 0.436148 0.0907956 0.0538625 0.181469 0.0904256
6 0.108727 0.541081 0.050841 0.226531 0.0901491
11 0.068479 0.127846 0.129168 0.164162 0.0896895
6 0.428626 0.547641 0.114616 0.207149 0.0881207
6 0.291142 0.259791 0.0776783 0.175378 0.0862773
10 0.895619 0.326062 0.128225 0.303908 0.085959
7 0.663563 0.589279 0.0379853 0.134519 0.085817
7 0.869224 0.322434 0.0243698 0.0538859 0.0850649
10 0.0652838 0.557304 0.120405 0.259042 0.0832986
7 0.30529 0.421187 0.0245544 0.0443771 0.0822744
7 0.480558 0.225417 0.0180882 0.0574484 0.0822358
2 0.045464 0.120778 0.0255387 0.0515448 0.0821513
2 0.0684501 0.152867 0.0320526 0.07294 0.0817669
6 0.374755 0.192761 0.069989 0.17446 0.0814279
10 0.00657732 0.462636 0.0130891 0.146322 0.0807469
11 0.293352 0.263518 0.136476 0.181924 0.0806933
6 0.0836485 0.52562 0.0744399 0.192101 0.0796789
10 0.0152994 0.459311 0.0285919 0.0867917 0.0795978
10 0.00605592 0.511967 0.0132323 0.163366 0.0793953
7 0.860403 0.264595 0.0239639 0.0841749 0.0793865
2 0.282081 0.192417 0.0159259 0.0449726 0.0767926
6 0.985913 0.792983 0.0285229 0.340868 0.076387
10 0.85811 0.563667 0.239338 0.865678 0.076289
6 0.442781 0.344459 0.0633462 0.1283 0.0755314
7 0.416567 0.233937 0.0205364 0.0471558 0.0752885
7 0.796813 0.236262 0.0387227 0.0660458 0.0749213
7 0.82314 0.265382 0.0282215 0.094492 0.0746817
11 0.0806233 0.133388 0.154629 0.186982 0.0745754
2 0.777337 0.232501 0.0239465 0.0937665 0.0744547
10 0.00757486 0.379885 0.017571 0.371428 0.0743861
10 0.0107689 0.76789 0.0232258 0.249144 0.0742499
7 0.872236 0.319397 0.0248505 0.0553861 0.0740178
7 0.437867 0.226179 0.0298002 0.0691677 0.0740085
6 0.124214 0.231101 0.0470871 0.15563 0.0735484
6 0.389387 0.968832 0.349351 0.0625364 0.0719481
11 0.819431 0.401436 0.294675 0.563645 0.0716522
6 0.393767 0.234797 0.061714 0.16498 0.0715511
2 0.262177 0.165835 0.021385 0.0533765 0.0706076
6 0.400074 0.22645 0.0622037 0.170256 0.0696007
11 0.10764 0.0923326 0.0568468 0.0799562 0.0692876
7 0.241142 0.677023 0.0439915 0.113682 0.0688827
10 0.86708 0.533191 0.189947 0.72023 0.0685946
10 0.909128 0.538005 0.164245 0.907191 0.06851
6 0.303652 0.249945 0.0714534 0.152156 0.0684583
6 0.0503979 0.517794 0.0792915 0.140777 0.0680674
7 0.77527 0.171412 0.028104 0.0645993 0.0675369
6 0.536312 0.915662 0.340154 0.170788 0.0666564
2 0.11528 0.200196 0.0348887 0.0814902 0.066563
2 0.0289006 0.151279 0.0179297 0.0384921 0.0660511
7 0.798237 0.210425 0.0164405 0.0320678 0.0660377
7 0.688379 0.607436 0.0355106 0.100339 0.0658435
10 0.750096 0.52935 0.452564 0.881314 0.065838
10 0.696387 0.173927 0.0383892 0.154487 0.0657983
2 0.142177 0.0421063 0.027229 0.061244 0.0656456
6 0.311676 0.237934 0.0761008 0.151395 0.0654553
6 0.587506 0.616945 0.128245 0.363989 0.0652296
6 0.990734 0.716145 0.019996 0.181524 0.0651722
6 0.112834 0.243341 0.040345 0.163753 0.0649583
10 0.974015 0.503042 0.04771 0.927497 0.0645028
7 0.772828 0.174701 0.0304684 0.0704372 0.0638409
10 0.927223 0.880873 0.140881 0.241928 0.0632625
7 0.854299 0.275595 0.0216423 0.0764538 0.0630955
2 0.720381 0.266028 0.0281092 0.0873651 0.0630763
11 0.273934 0.107472 0.059343 0.0921023 0.062292
10 0.985274 0.579877 0.0284927 0.829526 0.0621325
7 0.863677 0.267524 0.0202391 0.0815579 0.0619389
10 0.106427 0.968947 0.206374 0.062625 0.0619081
10 0.992692 0.681665 0.0170849 0.235843 0.0609185
11 0.356443 0.401007 0.14574 0.152689 0.0607946
6 0.366834 0.16416 0.0633482 0.129489 0.060761
6 0.487511 0.118735 0.053168 0.108051 0.0605209
2 0.193295 0.328872 0.0304139 0.0642103 0.0604976
6 0.298285 0.252826 0.0863153 0.162069 0.060304
6 0.312708 0.252961 0.0695461 0.158553 0.0590541
2 0.301038 0.56532 0.016573 0.0434547 0.0588459
6 0.935766 0.255315 0.048517 0.14305 0.0583251
10 0.138328 0.934449 0.262686 0.132497 0.058115
2 0.192574 0.314698 0.0267801 0.0780719 0.0578237
7 0.859508 0.231669 0.0175729 0.0383044 0.0575647
11 0.269276 0.0961158 0.0933562 0.0919478 0.0575224
10 0.848475 0.442989 0.228503 0.566404 0.0569404
2 0.272774 0.165528 0.0196952 0.0540098 0.0569261
6 0.315711 0.252749 0.0662675 0.14048 0.0567018
10 0.993052 0.698953 0.015609 0.523681 0.0558015
6 0.337026 0.23552 0.0808378 0.171354 0.0557762
7 0.865583 0.260102 0.0226057 0.0862201 0.0555514
6 0.392504 0.206041 0.0604938 0.180212 0.0553519
10 0.0592398 0.630096 0.115502 0.416724 0.0545417
10 0.00717498 0.852483 0.0166031 0.157787 0.0544557
2 0.0644496 0.0801703 0.0232427 0.0380817 0.054361
2 0.803895 0.227528 0.0230193 0.08903 0.0540087
2 0.070209 0.069356 0.016115 0.041157 0.053875
10 0.0093652 0.748955 0.0203949 0.238513 0.0536925
2 0.083031 0.10959 0.0197908 0.0471128 0.0535122
10 0.982416 0.505007 0.0331996 0.594589 0.0534269
6 0.323272 0.224852 0.0599512 0.1645 0.052988
6 0.388982 0.193084 0.0729338 0.183016 0.0528706
2 0.291094 0.187593 0.0148425 0.0478561 0.052371
7 0.83396 0.237183 0.0273905 0.0591852 0.0523543
10 0.476441 0.084455 0.0541085 0.176009 0.0517812
2 0.752098 0.164968 0.0334448 0.0849112 0.0514775
6 0.369235 0.157644 0.0548662 0.115837 0.0513589
11 0.184877 0.965948 0.349161 0.0690811 0.0510694
6 0.310696 0.237269 0.0709892 0.158694 0.0509244
10 0.98742 0.448502 0.0219009 0.690502 0.0508488
6 0.189807 0.941865 0.175148 0.120135 0.0508381
6 0.428659 0.232037 0.0588751 0.152 0.0507844
6 0.331628 0.246022 0.0597532 0.151713 0.0504355
7 0.806471 0.231575 0.0373644 0.0723407 0.050367
2 0.13351 0.17606 0.0242278 0.0723163 0.049766
10 0.0156497 0.0927977 0.030824 0.0785283 0.0496772
2 0.122229 0.201034 0.0393864 0.0818032 0.049638
11 0.0979996 0.341184 0.194125 0.52769 0.0494445
10 0.600482 0.0121888 0.0255109 0.0251733 0.0485417
6 0.381659 0.159471 0.0501462 0.118778 0.0484835
2 0.750751 0.167476 0.0248408 0.0728913 0.0482692
6 0.102127 0.546721 0.0484473 0.224082 0.0481317
6 0.316165 0.253989 0.0784463 0.165479 0.0476774
10 0.888077 0.362517 0.216651 0.687403 0.0474438
10 0.552793 0.0966057 0.0961756 0.18776 0.0472557
6 0.0441849 0.530979 0.0494699 0.0926151 0.0470137
6 0.0591448 0.511677 0.0564478 0.125911 0.0468111
6 0.937858 0.233363 0.0486002 0.103512 0.0461352
10 0.0103608 0.550826 0.0200625 0.227612 0.0460457
10 0.235464 0.161084 0.0400043 0.0798902 0.0459385
6 0.25145 0.274189 0.0727503 0.149051 0.0458988
2 0.780704 0.236 0.0225022 0.0854735 0.0457619
6 0.940832 0.94196 0.105209 0.119634 0.0454517
11 0.127679 0.261042 0.0404003 0.070914 0.0449455
7 0.659055 0.617743 0.0290839 0.0756669 0.0443843
7 0.819992 0.210533 0.0235802 0.0361263 0.0437557
2 0.495493 0.222912 0.0176561 0.057533 0.0433333
11 0.332461 0.462133 0.151842 0.27983 0.0433001
10 0.918167 0.378122 0.095977 0.413779 0.0426189
10 0.984833 0.393151 0.0272348 0.761276 0.0426166
6 0.0136651 0.100192 0.0299932 0.0945954 0.0425749
2 0.0290648 0.102346 0.0230756 0.0648727 0.0424805
7 0.867392 0.254801 0.0255761 0.088164 0.0420857
10 0.118619 0.794369 0.0369266 0.101077 0.0418784
10 0.228645 0.668807 0.0712323 0.131552 0.0418266
6 0.890921 0.277969 0.0874382 0.164241 0.0416919
11 0.264836 0.268286 0.153203 0.174183 0.041642
7 0.519232 0.965908 0.0654739 0.0697714 0.0415335
6 0.0839847 0.536898 0.156383 0.231505 0.0406369
6 0.0333794 0.954715 0.0668855 0.091753 0.0405967
2 0.151389 0.0383761 0.0203842 0.0551388 0.0402449
6 0.705951 0.369973 0.0921867 0.295219 0.0400258
10 0.983327 0.363296 0.0301699 0.699824 0.0395431
2 0.269514 0.0731639 0.0191006 0.0438721 0.0395295
2 0.0715283 0.0657237 0.0159462 0.044347 0.0394974
7 0.815524 0.263336 0.0287415 0.0939402 0.039331
11 0.795175 0.299652 0.170591 0.328658 0.0392235
7 0.49855 0.21002 0.015023 0.0382931 0.0392034
6 0.0126749 0.107508 0.0281028 0.0879004 0.0378099
7 0.773974 0.192582 0.0206032 0.0351213 0.0376375
2 0.322657 0.408018 0.0362745 0.0762411 0.0370447
2 0.244991 0.163284 0.0224312 0.0423336 0.0362464
6 0.410421 0.33341 0.0701129 0.133213 0.035884
6 0.894836 0.295428 0.121524 0.204361 0.0357086
7 0.706153 0.606839 0.0365512 0.110699 0.035178
10 0.806622 0.540103 0.316856 0.876129 0.0350511
10 0.58128 0.257717 0.411717 0.505688 0.034899
11 0.351731 0.146248 0.230114 0.213384 0.0347997
7 0.867056 0.22033 0.0212724 0.0486016 0.034554
10 0.941557 0.506059 0.0744966 0.656025 0.0344527
2 0.780707 0.231345 0.021026 0.0913638 0.0334474
6 0.32939 0.195889 0.0575637 0.131557 0.0333782
7 0.822607 0.22335 0.0179266 0.0452696 0.0331201
2 0.0599935 0.137094 0.043844 0.0765439 0.0328188
6 0.467535 0.499872 0.0965782 0.287138 0.0326605
6 0.68711 0.628453 0.297712 0.382341 0.0326211
10 0.557895 0.181517 0.2048 0.35568 0.0317101
11 0.250734 0.210141 0.0572847 0.0858527 0.0312822
10 0.407626 0.921443 0.190533 0.16047 0.0307543
11 0.425805 0.264269 0.147194 0.203699 0.0307498
6 0.394 0.292093 0.176276 0.301514 0.0295362
10 0.779344 0.792813 0.435249 0.417668 0.0295193
2 0.0370027 0.128684 0.0224812 0.0558304 0.0292862
10 0.730149 0.162804 0.0398148 0.0940048 0.0292153
11 0.346655 0.409626 0.131465 0.123356 0.0291238
2 0.129867 0.070605 0.0156606 0.0364104 0.0289262
2 0.0897486 0.129757 0.0193531 0.0634372 0.0282538
2 0.118149 0.0715188 0.0277579 0.0332068 0.0282017
10 0.172822 0.707309 0.344884 0.562694 0.0280211
7 0.794257 0.175093 0.0284799 0.0707413 0.0277811
2 0.296624 0.778198 0.042878 0.105131 0.0272845
2 0.266137 0.557873 0.0143299 0.0337483 0.0271464
6 0.676561 0.307565 0.0582788 0.183355 0.0271252
10 0.655493 0.615647 0.121002 0.362254 0.0264102
6 0.607226 0.656714 0.178255 0.358665 0.0259675
7 0.730831 0.618757 0.0544581 0.116802 0.0256845
10 0.673935 0.159891 0.0577031 0.132928 0.0248724
7 0.647067 0.619674 0.0289865 0.0848876 0.0248105
11 0.786836 0.350687 0.268804 0.383734 0.0239392
10 0.74577 0.712047 0.464164 0.57765 0.0235835
10 0.0911972 0.295004 0.193111 0.35749 0.0234071
6 0.682027 0.423807 0.0765076 0.169412 0.0224928
6 0.66979 0.319802 0.0568434 0.207644 0.0215625
6 0.747836 0.459551 0.137227 0.152572 0.0212262
7 0.782904 0.194899 0.0193286 0.034058 0.0211223
11 0.446446 0.31352 0.202177 0.270876 0.0199588
7 0.785358 0.209114 0.0257633 0.047157 0.0184844
10 0.75071 0.45547 0.440097 0.701487 0.0183596
2 0.332622 0.0758647 0.0166012 0.0349771 0.0182309
6 0.53555 0.618726 0.0644731 0.184716 0.014989
10 0.629574 0.152858 0.0520523 0.132761 0.0149197
2 0.351946 0.726973 0.0207003 0.0451016 0.0142754
