1 0.125811 0.233028 0.253541 0.463225 0.322264
3 0.502401 0.377476 0.996096 0.763388 0.282515
1 0.502273 0.458732 0.997193 0.919756 0.218508
1 0.173376 0.260629 0.34794 0.519383 0.12894
1 0.18941 0.436148 0.103249 0.168556 0.128015
1 0.0213856 0.427463 0.0433508 0.250722 0.126426
1 0.0291853 0.446285 0.0583093 0.337842 0.1141
1 0.273757 0.282407 0.552821 0.562876 0.113878
10 0.307086 0.0455077 0.183312 0.0910132 0.113188
1 0.211334 0.256358 0.424799 0.511812 0.106932
10 0.282104 0.0407952 0.167487 0.0818101 0.105752
1 0.191992 0.214229 0.388984 0.42418 0.105646
10 0.296362 0.0256296 0.120925 0.0519943 0.102967
10 0.283 0.0334377 0.110048 0.0682567 0.102455
10 0.271768 0.0257101 0.125694 0.0518714 0.10077
1 0.0234927 0.348668 0.0478715 0.48002 0.0999324
1 0.0294886 0.299497 0.0584226 0.582164 0.0949191
1 0.123222 0.328844 0.248086 0.659842 0.0931653
10 0.64832 0.026062 0.0930388 0.0531523 0.09229
1 0.153153 0.253573 0.309494 0.502925 0.0918992
1 0.0164625 0.388994 0.033162 0.189144 0.0908723
1 0.0286468 0.46292 0.057261 0.412522 0.089767
10 0.66078 0.0340164 0.161346 0.0685419 0.088626
10 0.105018 0.0529423 0.16885 0.10645 0.0831258
1 0.46487 0.958048 0.297064 0.0844423 0.0824584
1 0.144509 0.206584 0.235263 0.407786 0.0816429
10 0.358504 0.0408976 0.101256 0.0820219 0.0808658
1 0.123273 0.283105 0.252751 0.557856 0.0806685
1 0.512903 0.958615 0.41831 0.0835318 0.0803565
10 0.248454 0.0252282 0.111086 0.0508389 0.07983
3 0.496727 0.419052 0.997174 0.83189 0.079554
1 0.181867 0.300379 0.366905 0.596171 0.0786841
1 0.0295399 0.348388 0.0585954 0.628657 0.0785675
1 0.471099 0.941749 0.450713 0.116126 0.0784325
1 0.123009 0.320311 0.243486 0.419525 0.0784013
1 0.676607 0.501519 0.648681 0.989808 0.0773369
1 0.521721 0.929845 0.485253 0.140208 0.0769758
10 0.06612 0.233803 0.132486 0.458214 0.0767546
10 0.307583 0.0263956 0.102081 0.0537913 0.0752268
1 0.644582 0.933453 0.689451 0.134555 0.0747471
1 0.0332522 0.265676 0.0664123 0.51009 0.0746493
10 0.0823075 0.0580855 0.161687 0.117019 0.0745038
10 0.625985 0.0344921 0.19484 0.0691907 0.0738507
10 0.307229 0.0332101 0.114256 0.0676096 0.073698
10 0.253909 0.0381287 0.174041 0.0768856 0.0734001
1 0.013889 0.390995 0.0283882 0.122111 0.073351
1 0.423 0.95078 0.49561 0.0987381 0.0727775
10 0.35094 0.0408314 0.0895605 0.0823983 0.0723212
1 0.0488315 0.336479 0.0952874 0.662949 0.0723194
10 0.370134 0.041106 0.0931792 0.0829086 0.0722752
1 0.344178 0.262287 0.688384 0.52945 0.0722648
1 0.113594 0.196101 0.226518 0.389125 0.071787
10 0.352032 0.0458145 0.0997853 0.0916137 0.0717438
1 0.818542 0.933822 0.364122 0.135277 0.0710332
1 0.240131 0.330802 0.491026 0.659294 0.0710125
1 0.125436 0.453196 0.250022 0.895844 0.0707919
1 0.504883 0.498922 0.997098 0.982147 0.0704666
1 0.806975 0.888503 0.396162 0.223829 0.069782
10 0.058605 0.190301 0.117282 0.372706 0.0695661
1 0.188841 0.437355 0.100429 0.163 0.0693213
10 0.0604546 0.145515 0.121082 0.286625 0.0690421
10 0.353237 0.046486 0.110256 0.0932526 0.0688575
10 0.0501424 0.0593074 0.0995211 0.11883 0.0683459
1 0.202215 0.146127 0.403486 0.289369 0.0681612
10 0.365352 0.0464609 0.120591 0.0927294 0.06807
1 0.038467 0.364889 0.0750981 0.713457 0.0679128
1 0.653894 0.877726 0.682528 0.246612 0.0678001
1 0.60253 0.930382 0.719338 0.138222 0.0677295
1 0.927287 0.913441 0.14522 0.174988 0.0674006
1 0.748464 0.932048 0.506434 0.13765 0.0667096
10 0.104 0.13032 0.205853 0.258922 0.0666405
1 0.586769 0.962016 0.572246 0.0770262 0.0657837
10 0.711573 0.033342 0.0759623 0.067794 0.0656513
1 0.0305336 0.418778 0.0619717 0.690814 0.0652916
1 0.307819 0.309193 0.619978 0.611773 0.0650307
1 0.441828 0.96176 0.252319 0.0774371 0.0647004
10 0.485957 0.0220525 0.0781502 0.0446703 0.0646344
1 0.866812 0.967755 0.26813 0.0652601 0.0643077
1 0.879855 0.93883 0.238697 0.124293 0.0638522
1 0.639347 0.960015 0.681295 0.0814238 0.0635236
1 0.62165 0.943575 0.729097 0.114067 0.0632911
10 0.527712 0.0402133 0.171098 0.0799812 0.0632663
1 0.12127 0.331482 0.241427 0.505616 0.0629886
1 0.863343 0.881798 0.273555 0.236709 0.0626376
1 0.490392 0.897679 0.481585 0.203602 0.062367
10 0.583202 0.0395976 0.309563 0.079026 0.0621776
10 0.735701 0.0393206 0.140505 0.0791454 0.0621278
10 0.221457 0.0405607 0.35378 0.0807899 0.0611133
1 0.596536 0.921353 0.786694 0.157859 0.0610829
1 0.943137 0.869019 0.11396 0.262308 0.0604597
1 0.762349 0.882612 0.484489 0.234303 0.060106
1 0.0607598 0.29698 0.122038 0.581796 0.0592744
1 0.312252 0.953822 0.594215 0.0914774 0.0585321
1 0.963709 0.917275 0.0734421 0.168394 0.0581402
10 0.596494 0.0239213 0.271937 0.0496353 0.0581068
1 0.136458 0.175238 0.261824 0.351345 0.0580069
1 0.399707 0.896169 0.684552 0.207891 0.0573964
1 0.36833 0.251678 0.729205 0.511408 0.057209
1 0.96175 0.958417 0.0796259 0.0853475 0.0567131
3 0.728314 0.500792 0.554887 0.984065 0.0565669
1 0.916413 0.966073 0.166184 0.0697962 0.0562622
10 0.333273 0.0227662 0.120641 0.0461455 0.0558833
1 0.823052 0.972242 0.269573 0.0559944 0.0549983
10 0.0914223 0.0810573 0.179561 0.160667 0.0546195
1 0.49763 0.485881 0.996996 0.953202 0.0543806
1 0.583449 0.904217 0.64272 0.191715 0.0539014
1 0.824271 0.963719 0.0921999 0.0717644 0.0538604
1 0.624942 0.881931 0.739286 0.237922 0.0537654
10 0.368781 0.0455162 0.0814491 0.0917461 0.0536724
1 0.727802 0.976048 0.348404 0.048948 0.0531765
10 0.706551 0.0290608 0.155144 0.0585172 0.05312
10 0.223071 0.024559 0.133347 0.0494519 0.0531058
10 0.733868 0.0365898 0.0970044 0.0734106 0.0530341
10 0.708696 0.0285665 0.114116 0.0578599 0.0528423
10 0.573192 0.0351052 0.162378 0.0706567 0.0523369
10 0.379414 0.0422652 0.0781037 0.0846338 0.0515625
10 0.232974 0.0414466 0.262063 0.08233 0.051431
1 0.303442 0.196653 0.583148 0.392973 0.051412
10 0.684102 0.0316491 0.0979228 0.0636266 0.0512745
10 0.321597 0.035401 0.0884248 0.0734376 0.0511273
1 0.35959 0.964091 0.658134 0.0727047 0.0508861
1 0.960022 0.866873 0.0811499 0.26732 0.050781
1 0.762141 0.976696 0.423333 0.0478508 0.0506338
1 0.674776 0.979217 0.276292 0.0426634 0.0503754
10 0.22352 0.0386684 0.164395 0.078111 0.0490987
1 0.41807 0.929097 0.817988 0.143815 0.0487766
10 0.243601 0.0596559 0.316929 0.119291 0.0486657
1 0.19368 0.446098 0.0945541 0.132867 0.0484298
1 0.878136 0.841924 0.246658 0.319494 0.0479273
10 0.352181 0.0229102 0.139565 0.0461184 0.0476846
1 0.250749 0.916573 0.153402 0.167584 0.0474601
10 0.6274 0.0313517 0.116042 0.0634301 0.0474265
1 0.0270224 0.562734 0.0554003 0.681879 0.0470845
10 0.191926 0.032274 0.14578 0.0645564 0.0470061
1 0.609038 0.881936 0.764 0.240361 0.0469887
1 0.501502 0.498671 0.992138 0.97826 0.0465663
1 0.0416447 0.489736 0.083088 0.93557 0.0464184
10 0.111054 0.0873735 0.219181 0.175147 0.0455938
1 0.335804 0.056491 0.358909 0.113853 0.0453868
1 0.0280303 0.601659 0.058073 0.75592 0.0450648
10 0.573437 0.0207063 0.108889 0.0421619 0.0449967
10 0.0221138 0.197441 0.0442668 0.381153 0.0449083
10 0.575474 0.0218884 0.153564 0.0442868 0.0446776
10 0.681722 0.0264361 0.0991233 0.0543709 0.0446311
1 0.24279 0.13615 0.471713 0.271539 0.04423
1 0.824921 0.854605 0.357699 0.29559 0.043999
10 0.595662 0.0232803 0.132974 0.0473584 0.0438955
1 0.934992 0.816682 0.131473 0.369864 0.0436108
10 0.03949 0.0955318 0.0797327 0.191124 0.0434221
10 0.337179 0.0215716 0.0976999 0.0436273 0.043336
1 0.262529 0.847001 0.172995 0.307461 0.0430587
1 0.505027 0.498457 0.995312 0.980783 0.0428712
10 0.0259686 0.133518 0.0530301 0.260236 0.0423459
10 0.42144 0.0446926 0.412971 0.0885911 0.0421135
10 0.552176 0.036923 0.1071 0.0751247 0.0419485
1 0.42422 0.897363 0.834541 0.209138 0.0418375
10 0.505609 0.021469 0.0992027 0.0439262 0.0416661
1 0.642051 0.426313 0.722112 0.851228 0.0415328
1 0.81741 0.966141 0.0950453 0.0671184 0.0414583
10 0.208396 0.0348017 0.121767 0.0701135 0.0410709
1 0.658327 0.847291 0.676761 0.311355 0.0408926
1 0.955347 0.801199 0.0897654 0.399501 0.0405706
1 0.0403194 0.588365 0.0832477 0.781485 0.0401919
1 0.499798 0.497821 0.992818 0.973774 0.0400536
1 0.618638 0.855129 0.754283 0.295293 0.0397607
1 0.207814 0.871314 0.411824 0.261863 0.0395837
10 0.356979 0.0201999 0.0997212 0.0407285 0.0391899
1 0.495426 0.421145 0.995774 0.835045 0.0389758
10 0.788991 0.0443776 0.246267 0.0879059 0.0383787
10 0.277058 0.0701647 0.18437 0.14188 0.0382888
10 0.139086 0.0307498 0.093898 0.0619282 0.0380354
10 0.752561 0.0386599 0.120902 0.0772261 0.0378222
1 0.5044 0.496385 0.997776 0.972629 0.0378043
1 0.370728 0.279238 0.743772 0.556887 0.0377504
1 0.463047 0.287648 0.940581 0.572949 0.0376483
1 0.259305 0.871367 0.335312 0.259209 0.0371597
10 0.915402 0.0823045 0.169075 0.165236 0.036928
1 0.685212 0.985234 0.125335 0.0299013 0.0366585
1 0.942745 0.507634 0.119253 0.982995 0.0365263
10 0.177303 0.0343488 0.210757 0.0688992 0.0364378
1 0.964206 0.96436 0.0749085 0.0734565 0.0360663
1 0.707911 0.837851 0.588008 0.328296 0.0359235
10 0.882442 0.0791546 0.156755 0.159153 0.0357539
1 0.496869 0.474989 0.993919 0.933859 0.0357153
3 0.38274 0.0549588 0.730405 0.109693 0.0357059
1 0.965322 0.513812 0.0723101 0.969878 0.0354783
1 0.211423 0.830456 0.417395 0.345797 0.0349916
1 0.420672 0.241356 0.85909 0.490335 0.0346814
1 0.633869 0.448365 0.735435 0.894903 0.034561
10 0.140067 0.0207824 0.0912343 0.042147 0.0344834
1 0.739958 0.447305 0.529143 0.882316 0.0343114
10 0.381724 0.0227164 0.0881802 0.0457752 0.0342426
10 0.921315 0.0595352 0.16427 0.118123 0.0334878
10 0.4556 0.0358848 0.177848 0.0711918 0.0332927
10 0.980597 0.57418 0.0403324 0.320746 0.0330395
3 0.495353 0.283937 0.984171 0.568695 0.033013
1 0.494673 0.421128 0.996962 0.835137 0.0329434
1 0.66586 0.98565 0.188606 0.0294667 0.0328202
3 0.495753 0.343769 0.995582 0.68239 0.0327763
3 0.489477 0.276687 0.977606 0.551392 0.0326293
10 0.939057 0.578431 0.12749 0.257312 0.0323387
1 0.736256 0.987902 0.217013 0.0253639 0.032139
1 0.441033 0.290363 0.898686 0.582886 0.0321262
1 0.434435 0.268971 0.892037 0.539473 0.0320283
1 0.198091 0.43556 0.113425 0.223517 0.0316189
10 0.871547 0.0576121 0.132593 0.115885 0.0316026
1 0.320105 0.466457 0.338403 0.258764 0.0315109
10 0.146811 0.0285744 0.0838083 0.0574299 0.0308768
1 0.949364 0.51127 0.105294 0.977456 0.0308345
10 0.228016 0.0700174 0.246525 0.141 0.0308004
1 0.505343 0.456004 0.970036 0.902282 0.0307787
1 0.931169 0.716914 0.139124 0.564474 0.0306002
1 0.0408497 0.685275 0.0827602 0.622099 0.030413
1 0.470209 0.244022 0.948463 0.499431 0.0302192
1 0.298586 0.488017 0.340104 0.305585 0.0301325
10 0.150498 0.0205919 0.076336 0.0415849 0.0300373
10 0.00951614 0.441708 0.0192743 0.204979 0.0299491
10 0.402089 0.0243319 0.0622419 0.0484617 0.0299333
1 0.248227 0.42993 0.490015 0.852161 0.0298157
3 0.497287 0.310052 0.985804 0.615236 0.0296246
1 0.507846 0.497259 0.9946 0.975742 0.0295877
1 0.703138 0.98599 0.117476 0.0282202 0.0290763
10 0.982364 0.600371 0.0365383 0.302772 0.0288676
1 0.873405 0.761994 0.259713 0.481976 0.0286157
1 0.956823 0.641338 0.0885187 0.715626 0.0285637
1 0.934177 0.655584 0.132526 0.688763 0.0284919
1 0.897986 0.50758 0.213119 0.98109 0.0281385
3 0.495219 0.389955 0.991278 0.773659 0.0280705
1 0.738904 0.743644 0.523531 0.520092 0.0279099
1 0.295686 0.789733 0.587458 0.427801 0.0279055
1 0.498163 0.475975 0.990529 0.935498 0.0278674
1 0.952571 0.697868 0.0960018 0.600349 0.0278467
1 0.959054 0.696714 0.0846838 0.599943 0.0270328
1 0.49756 0.250352 0.976583 0.508907 0.0269499
1 0.412586 0.132228 0.802793 0.265187 0.0269429
1 0.0486172 0.794012 0.0977778 0.416009 0.0269327
3 0.499167 0.31639 0.990525 0.630018 0.0268583
10 0.986854 0.499947 0.0264578 0.370852 0.0267311
10 0.98327 0.527278 0.0330692 0.439683 0.0266899
1 0.865804 0.446153 0.281155 0.878958 0.0265945
1 0.938639 0.984927 0.124854 0.0329939 0.0265337
1 0.952771 0.468472 0.100335 0.888942 0.0263059
1 0.401643 0.160605 0.790213 0.323469 0.0262904
3 0.498238 0.327828 0.989711 0.646905 0.0262772
1 0.777631 0.989714 0.252523 0.0207151 0.0261655
10 0.940624 0.143613 0.125177 0.287255 0.0260826
1 0.735474 0.785781 0.527773 0.436642 0.0260091
1 0.841835 0.417419 0.325855 0.816825 0.0259675
1 0.722768 0.505121 0.566922 0.961147 0.0257835
1 0.190022 0.78995 0.377885 0.428146 0.02576
1 0.39477 0.315406 0.814316 0.625683 0.0256254
1 0.361668 0.448489 0.31076 0.25788 0.0255478
1 0.625067 0.986414 0.190579 0.0277296 0.0253867
1 0.593502 0.829034 0.785054 0.352792 0.0252852
10 0.769555 0.0388845 0.119491 0.0775699 0.0246833
1 0.454248 0.216388 0.93168 0.436742 0.024338
1 0.738549 0.549049 0.522636 0.895418 0.0241433
10 0.986501 0.590867 0.028281 0.137758 0.023931
1 0.61363 0.483617 0.772676 0.955782 0.0234271
10 0.121682 0.0176746 0.218638 0.0358734 0.0234209
1 0.562117 0.826186 0.78296 0.358885 0.0232346
10 0.986274 0.60304 0.0286148 0.157651 0.0230524
1 0.416035 0.985569 0.226908 0.0300909 0.0230038
3 0.498301 0.218086 0.979442 0.437039 0.0228964
1 0.0994935 0.760994 0.197136 0.482766 0.0228765
1 0.246634 0.493081 0.348162 0.447521 0.0225356
1 0.957421 0.558949 0.0888317 0.620021 0.0223991
1 0.109696 0.657104 0.21633 0.681638 0.0218737
1 0.425896 0.184175 0.832924 0.369099 0.0218423
1 0.738888 0.497355 0.516823 0.967242 0.0212046
3 0.477341 0.123063 0.921381 0.247868 0.0211031
1 0.724865 0.480592 0.526628 0.939166 0.0210999
1 0.293616 0.510115 0.328492 0.524774 0.0210628
1 0.506806 0.496879 0.986729 0.976706 0.0207987
1 0.424881 0.308007 0.879556 0.604495 0.0207094
1 0.328055 0.32224 0.583594 0.509828 0.0206473
1 0.908844 0.55175 0.191455 0.887307 0.0204703
1 0.511848 0.493966 0.96727 0.968989 0.0202781
1 0.506491 0.764575 0.933668 0.48522 0.0200365
1 0.446119 0.382893 0.914222 0.756081 0.0198114
1 0.470405 0.745519 0.894396 0.520862 0.0197669
1 0.385879 0.364256 0.562351 0.447926 0.0197185
1 0.506544 0.484745 0.985898 0.937702 0.0196384
1 0.588889 0.375419 0.82773 0.740664 0.0194839
10 0.0428956 0.194558 0.0894665 0.196894 0.019272
1 0.2355 0.765665 0.256459 0.464883 0.0191752
1 0.359498 0.756305 0.667757 0.499146 0.0188424
1 0.333701 0.733013 0.601847 0.542144 0.018514
1 0.510684 0.48375 0.983068 0.948489 0.0183664
1 0.506887 0.458465 0.988611 0.903637 0.0182784
1 0.747726 0.604945 0.508946 0.77925 0.0178121
1 0.51665 0.502564 0.977376 0.955508 0.0177988
1 0.396116 0.380411 0.759013 0.749481 0.0176017
1 0.412365 0.987876 0.163907 0.0242714 0.0175598
1 0.511344 0.495977 0.975879 0.967243 0.0172855
1 0.510484 0.496822 0.97391 0.971911 0.0171754
1 0.543156 0.504172 0.911071 0.959975 0.0168076
1 0.524303 0.593849 0.942213 0.815232 0.0159891
1 0.515614 0.531572 0.966115 0.837353 0.0158415
1 0.0467227 0.989971 0.0940573 0.0223727 0.0133814
