5 0.404187 0.246514 0.0675812 0.163601 0.716406
6 0.403323 0.542933 0.147194 0.488966 0.556702
6 0.370278 0.647071 0.238848 0.703132 0.237112
10 0.480285 0.16834 0.0840077 0.11945 0.212929
10 0.247598 0.408972 0.0472622 0.142062 0.170028
10 0.260653 0.408765 0.0709553 0.145909 0.158428
10 0.505744 0.165757 0.037171 0.108589 0.156602
10 0.255609 0.409041 0.0478447 0.137453 0.119302
10 0.505502 0.16578 0.0338172 0.105182 0.11558
10 0.751008 0.140766 0.0239613 0.0456539 0.112835
10 0.511523 0.165487 0.038596 0.111063 0.0990551
2 0.406533 0.970934 0.0426529 0.057511 0.0956814
2 0.616744 0.162023 0.0204789 0.0730419 0.0891018
10 0.712899 0.0139825 0.0741991 0.0301306 0.0869449
10 0.476482 0.165371 0.0413746 0.106934 0.0861765
2 0.415838 0.972382 0.0450227 0.0551418 0.0806848
10 0.277388 0.400955 0.0741091 0.138642 0.0797424
10 0.237467 0.409048 0.0428802 0.140957 0.0785858
10 0.692049 0.0123526 0.032513 0.0261471 0.0772194
2 0.587329 0.0980857 0.0195173 0.0372591 0.0751392
10 0.610541 0.161228 0.0273932 0.078865 0.0743741
10 0.703845 0.0129771 0.0540205 0.0268185 0.07416
10 0.459887 0.168549 0.0788353 0.116142 0.0725035
10 0.503752 0.162587 0.0673549 0.109428 0.0696896
6 0.405781 0.650063 0.163228 0.704754 0.0695572
10 0.730206 0.0134019 0.0495248 0.0284777 0.0636225
10 0.512956 0.182289 0.0292998 0.0725573 0.0617733
10 0.287024 0.403086 0.0505444 0.133726 0.0592845
10 0.293836 0.397981 0.04857 0.139297 0.05834
10 0.290745 0.773624 0.0461349 0.0675238 0.0578391
11 0.262686 0.985435 0.381838 0.0283353 0.0577944
10 0.718689 0.012921 0.0729682 0.0279773 0.0573254
6 0.344176 0.648779 0.172653 0.699606 0.0565243
2 0.414928 0.967128 0.0351879 0.0659478 0.0562859
6 0.340219 0.707638 0.15733 0.583269 0.0560537
11 0.928524 0.976041 0.136368 0.0486284 0.0558736
2 0.413891 0.980724 0.0494697 0.0386843 0.0557031
10 0.599372 0.150061 0.0179731 0.05575 0.0529133
11 0.370055 0.984827 0.614531 0.0304508 0.0520904
0 0.430659 0.973807 0.107979 0.0518188 0.0518016
11 0.9516 0.979333 0.0920597 0.0416286 0.0514485
5 0.421115 0.233389 0.0572536 0.134866 0.0510736
10 0.235723 0.10681 0.13954 0.215386 0.0503195
10 0.738836 0.140308 0.0243795 0.043332 0.0500759
11 0.702134 0.984231 0.565814 0.0306474 0.0500448
2 0.617053 0.172722 0.0183522 0.055615 0.0497489
6 0.375024 0.642035 0.223509 0.68043 0.0497465
5 0.427947 0.241036 0.0589112 0.151824 0.0494683
6 0.482726 0.977637 0.239598 0.0444182 0.0489353
6 0.926809 0.933671 0.133322 0.135184 0.0478497
11 0.574513 0.983856 0.317193 0.0320574 0.0474798
6 0.170018 0.956562 0.314191 0.0850973 0.0470342
10 0.250967 0.378902 0.0330201 0.0806732 0.0468272
6 0.133609 0.950054 0.246059 0.0964199 0.0464043
11 0.182396 0.98223 0.292001 0.0334671 0.0464018
6 0.134815 0.980537 0.219799 0.0358765 0.0462384
11 0.375005 0.985172 0.586326 0.0300992 0.0459449
10 0.452067 0.179167 0.0394708 0.0883585 0.0454815
10 0.456585 0.167569 0.0505438 0.108481 0.0451602
10 0.594619 0.147392 0.0166141 0.0586366 0.0443589
11 0.611187 0.984638 0.428827 0.0303613 0.0442857
6 0.886039 0.932747 0.0519476 0.135072 0.0441311
11 0.537137 0.982656 0.408557 0.0353344 0.0437019
10 0.424556 0.0530786 0.0302117 0.103527 0.0426811
10 0.282422 0.404778 0.0393702 0.130812 0.0425433
6 0.331085 0.666596 0.140328 0.496087 0.0424257
11 0.314699 0.665609 0.191406 0.529017 0.0423268
10 0.265817 0.0967952 0.0788856 0.194102 0.0411998
2 0.570937 0.0973944 0.0193224 0.0351622 0.0409756
10 0.222816 0.411527 0.0488745 0.156617 0.0409561
11 0.946792 0.982306 0.105671 0.0364098 0.0407509
11 0.646967 0.987942 0.500485 0.0236386 0.0405397
5 0.379968 0.24983 0.060226 0.155636 0.04051
10 0.0606139 0.650877 0.115234 0.680128 0.0403506
2 0.429518 0.0414313 0.0301528 0.0824964 0.0403419
11 0.320183 0.630303 0.167391 0.437279 0.0401689
10 0.069728 0.683638 0.133145 0.617481 0.0397552
5 0.410694 0.213434 0.0532278 0.0973041 0.0395548
10 0.747636 0.140902 0.0326962 0.0482764 0.0395433
10 0.300993 0.394235 0.0457956 0.140256 0.0391163
10 0.294504 0.772434 0.0476929 0.071932 0.0387459
11 0.901183 0.977328 0.186731 0.0453846 0.0387358
11 0.762513 0.980558 0.458045 0.0370201 0.0386544
6 0.397566 0.979435 0.206377 0.0419384 0.0385861
7 0.291394 0.971149 0.0417461 0.0574858 0.038392
10 0.449906 0.168611 0.0712296 0.114545 0.0372704
11 0.59821 0.965176 0.768085 0.0688137 0.0369264
6 0.568131 0.758763 0.0346871 0.0943856 0.0368904
2 0.643094 0.58035 0.0170018 0.0531471 0.0360215
6 0.350338 0.648398 0.269789 0.705458 0.0358681
10 0.0219521 0.777761 0.0414275 0.422245 0.0356322
10 0.284719 0.408028 0.0516003 0.133311 0.0347726
6 0.359011 0.96738 0.165406 0.06567 0.0346996
6 0.416517 0.500205 0.122955 0.411875 0.0346313
10 0.885116 0.932678 0.0307739 0.136763 0.0346048
10 0.0633092 0.762695 0.122032 0.459996 0.0344697
10 0.427261 0.0398879 0.0429325 0.0780338 0.0342379
10 0.227768 0.117854 0.157823 0.236302 0.0342094
11 0.690359 0.987816 0.381784 0.022861 0.0340025
6 0.454297 0.983829 0.113742 0.0330041 0.0339686
10 0.760935 0.139175 0.0213531 0.0428591 0.0339164
10 0.214186 0.41681 0.0463683 0.162166 0.0332536
6 0.0254185 0.812598 0.0488468 0.357502 0.0332448
10 0.218753 0.420698 0.0588893 0.176198 0.0330653
2 0.534006 0.0533094 0.0165795 0.0265286 0.0330504
10 0.49378 0.185966 0.0284027 0.0671272 0.0330091
2 0.387216 0.975442 0.0478294 0.0489027 0.0328575
5 0.388121 0.246954 0.106288 0.180837 0.0323844
6 0.0704595 0.978086 0.123941 0.0410564 0.0323675
10 0.623054 0.156367 0.0214314 0.0654912 0.0321496
7 0.439902 0.984651 0.0635469 0.031113 0.0320485
10 0.45871 0.170996 0.0628957 0.106531 0.0319838
2 0.567053 0.0968938 0.0183549 0.0373031 0.031786
10 0.224671 0.408687 0.0481485 0.149972 0.0316416
10 0.586755 0.0165382 0.0486665 0.0345633 0.0315976
2 0.262821 0.074754 0.0268623 0.0808988 0.0315951
10 0.310531 0.549155 0.212944 0.907065 0.0315893
6 0.425006 0.530199 0.125576 0.456712 0.031505
6 0.335646 0.743897 0.166347 0.521052 0.0314363
10 0.445884 0.0525146 0.025047 0.103827 0.0313458
7 0.671268 0.580525 0.0219178 0.0527991 0.0310984
2 0.156958 0.65464 0.0214023 0.048317 0.0310291
10 0.588717 0.149868 0.0151924 0.050867 0.0305981
11 0.57449 0.96847 0.763245 0.0619258 0.0305244
10 0.431799 0.0394216 0.0341435 0.0771144 0.0304913
6 0.945226 0.881872 0.106206 0.238308 0.0304728
2 0.308332 0.974006 0.027934 0.0522794 0.0300549
6 0.405654 0.650014 0.160988 0.7019 0.0297475
2 0.849726 0.813042 0.0113934 0.0500367 0.0293276
5 0.372419 0.249841 0.0582435 0.151675 0.0290873
10 0.447169 0.180483 0.0273916 0.0713675 0.0289953
10 0.415662 0.0602119 0.02752 0.088302 0.0289385
11 0.957564 0.98316 0.0815771 0.0341788 0.0288808
11 0.307356 0.603487 0.180305 0.391109 0.0286823
5 0.432383 0.228791 0.0451841 0.130153 0.0284761
5 0.347659 0.754385 0.051808 0.0717356 0.0284664
11 0.526161 0.96991 0.645918 0.0599216 0.0283259
10 0.235615 0.399133 0.037817 0.129449 0.0283057
2 0.756393 0.340463 0.0251612 0.0831555 0.0281847
10 0.276958 0.332822 0.118259 0.307496 0.0281226
10 0.459968 0.18633 0.0671856 0.0857181 0.0276631
10 0.413186 0.0356932 0.0319619 0.0709611 0.0276533
6 0.801659 0.65052 0.227735 0.680108 0.0274103
5 0.428617 0.213618 0.0339807 0.104141 0.0272629
7 0.666934 0.590739 0.0217154 0.0608267 0.0271488
6 0.420925 0.539009 0.139845 0.474541 0.0271406
10 0.672529 0.0117734 0.0234275 0.0251468 0.0270729
10 0.337712 0.549252 0.281789 0.910121 0.0268864
10 0.626953 0.160088 0.0210295 0.0775764 0.0266842
10 0.533441 0.166648 0.0356328 0.109049 0.0265241
6 0.333335 0.647912 0.262624 0.707374 0.0264396
10 0.0481758 0.891278 0.0937085 0.212679 0.0262805
2 0.59586 0.099998 0.0170888 0.0360283 0.0261952
6 0.373157 0.964822 0.112181 0.0712679 0.0260743
6 0.0519057 0.938481 0.0966228 0.119895 0.0260432
10 0.529276 0.166883 0.030347 0.106863 0.0259663
7 0.428955 0.0813915 0.0256553 0.0472579 0.0258501
10 0.0165369 0.677927 0.0287977 0.614296 0.0257554
5 0.423246 0.196037 0.0273808 0.0686522 0.0257455
6 0.377071 0.962572 0.459221 0.0749912 0.0254423
10 0.0138306 0.723349 0.0237033 0.523243 0.025339
7 0.273305 0.455276 0.0196959 0.0546999 0.025312
10 0.281585 0.41584 0.048211 0.125628 0.0252572
11 0.593417 0.993245 0.241329 0.0136806 0.0252406
5 0.407984 0.195121 0.0367703 0.0617518 0.0252322
5 0.374714 0.248001 0.0564518 0.151309 0.0251929
11 0.207236 0.993846 0.229719 0.0113892 0.0251851
5 0.358684 0.753339 0.0479487 0.0642537 0.0251814
10 0.446132 0.0614646 0.0237875 0.0837193 0.0247939
2 0.428684 0.718072 0.041123 0.0644242 0.0246314
11 0.330815 0.813147 0.13431 0.208564 0.0245607
10 0.31238 0.389925 0.0488671 0.139028 0.0243223
11 0.32501 0.991051 0.154689 0.0188115 0.024269
10 0.591537 0.094723 0.0445801 0.190902 0.0242446
6 0.577082 0.991726 0.147428 0.0162458 0.0242299
10 0.438506 0.0800913 0.025103 0.0493451 0.0241808
10 0.366142 0.055486 0.0275914 0.106191 0.0240655
10 0.575184 0.148727 0.0160537 0.055572 0.0240636
11 0.234401 0.994421 0.193324 0.0114019 0.0237047
5 0.383129 0.24452 0.0568435 0.142594 0.0235551
11 0.337198 0.750298 0.0761422 0.0936615 0.0234828
5 0.525424 0.180779 0.0303321 0.0743784 0.0233523
10 0.285205 0.268321 0.0559479 0.0392332 0.0233497
10 0.60413 0.0104556 0.0427515 0.0219481 0.0232667
10 0.016448 0.88668 0.0292484 0.216842 0.0232251
6 0.393359 0.537677 0.142685 0.473448 0.0231289
6 0.155936 0.992751 0.21335 0.0116274 0.0230696
6 0.167793 0.99276 0.222738 0.0117731 0.0230262
11 0.274313 0.220925 0.149785 0.240548 0.0229842
6 0.41745 0.431266 0.110789 0.271842 0.0228996
10 0.436725 0.185649 0.0384278 0.0879581 0.0224193
7 0.27785 0.449897 0.0221882 0.0629295 0.0223818
10 0.7712 0.140397 0.0224127 0.0455725 0.0223721
7 0.254004 0.45646 0.0385793 0.0766515 0.0223576
7 0.455159 0.975516 0.0575477 0.0488487 0.022264
6 0.343579 0.992276 0.13991 0.0168178 0.0221098
2 0.246716 0.0782009 0.0273404 0.0817068 0.0220067
6 0.804583 0.407162 0.199703 0.188369 0.0218874
7 0.297827 0.98364 0.0388892 0.0320697 0.0218423
5 0.520426 0.138892 0.0261826 0.0596273 0.0217594
10 0.468396 0.18873 0.0443741 0.0676059 0.0215543
6 0.418763 0.420372 0.110077 0.249847 0.0214851
6 0.604325 0.992797 0.162561 0.0136141 0.0214729
10 0.292468 0.266106 0.0588501 0.0425536 0.0213526
10 0.993542 0.918675 0.0108082 0.161997 0.0212615
2 0.636438 0.584092 0.0132117 0.0510891 0.0211864
2 0.450162 0.720501 0.0449149 0.0658139 0.0209487
2 0.533966 0.632572 0.0241857 0.0664937 0.0209004
6 0.544681 0.992826 0.146232 0.0147232 0.0208203
6 0.401304 0.484177 0.128534 0.381171 0.0207309
6 0.493183 0.988705 0.0959305 0.0228985 0.0206929
10 0.244918 0.144164 0.129769 0.287529 0.0206465
10 0.218329 0.254667 0.188388 0.505081 0.0206224
6 0.606191 0.992856 0.167741 0.0135707 0.0205396
5 0.438242 0.231328 0.0518812 0.15679 0.020308
10 0.0575958 0.0370332 0.0246384 0.0573759 0.0202304
2 0.757483 0.278913 0.0168741 0.0759119 0.0201025
10 0.377557 0.0508527 0.0242747 0.101806 0.0199825
6 0.640531 0.993517 0.175639 0.0122505 0.0199053
6 0.21139 0.994356 0.160022 0.0108598 0.0195656
6 0.367789 0.651702 0.220048 0.69224 0.0194934
6 0.346992 0.945298 0.169296 0.111282 0.0194877
5 0.436942 0.237612 0.0513 0.158487 0.019486
6 0.800938 0.518888 0.218014 0.413763 0.0194806
10 0.467296 0.0499404 0.0300264 0.0997596 0.0193572
7 0.681092 0.577261 0.0214065 0.0564141 0.0193022
10 0.284 0.445997 0.16722 0.704067 0.0192903
2 0.451546 0.968147 0.0354463 0.0639351 0.0192866
6 0.42957 0.63908 0.111745 0.261497 0.0192573
10 0.195289 0.424555 0.0407726 0.14941 0.0192204
6 0.656555 0.993076 0.161274 0.0129651 0.0191312
10 0.0586602 0.0338793 0.0353856 0.0668487 0.0190805
6 0.51454 0.991 0.10125 0.0179747 0.0189753
10 0.424432 0.190229 0.0313916 0.0832231 0.0187493
10 0.389453 0.037291 0.0249437 0.0725858 0.0187124
2 0.543565 0.0517687 0.018455 0.0297215 0.0185636
6 0.0407773 0.97879 0.0741023 0.0386446 0.0183635
6 0.336308 0.623466 0.214315 0.634075 0.0182942
10 0.430768 0.182665 0.0728164 0.112203 0.0181941
10 0.479925 0.163619 0.120657 0.140571 0.0180264
10 0.582588 0.158398 0.0177249 0.063202 0.0178687
7 0.712112 0.457821 0.0369023 0.0784188 0.0178501
11 0.311531 0.74589 0.0863066 0.124086 0.0175871
6 0.469021 0.647495 0.228149 0.695236 0.0171733
7 0.672166 0.713269 0.0238172 0.0570607 0.0170497
4 0.979921 0.985808 0.037536 0.028683 0.0170052
6 0.677177 0.992697 0.133989 0.0133789 0.0169625
5 0.400584 0.246925 0.130138 0.190712 0.0167852
10 0.280185 0.093366 0.0448855 0.138275 0.0167705
10 0.724612 0.149248 0.028246 0.0593215 0.016515
6 0.344137 0.685184 0.265668 0.633223 0.0164213
10 0.209641 0.428851 0.0496642 0.145204 0.0163632
6 0.0768465 0.993624 0.0997914 0.011797 0.0163375
6 0.800725 0.467498 0.21492 0.309643 0.0162461
7 0.716443 0.459511 0.0401463 0.0777858 0.0160287
6 0.692857 0.992049 0.137622 0.0144215 0.0159621
10 0.434587 0.193489 0.058277 0.0851288 0.0157193
7 0.0731131 0.993196 0.0875069 0.0124968 0.0155459
5 0.374304 0.244257 0.106158 0.176454 0.0154589
6 0.886685 0.989341 0.0513544 0.0208353 0.015415
10 0.559824 0.146762 0.0148325 0.0429094 0.0152615
11 0.334224 0.547286 0.341386 0.870717 0.0151822
2 0.611706 0.103711 0.0190165 0.0380813 0.0151538
10 0.0123557 0.921134 0.0211683 0.151247 0.015117
4 0.0209069 0.960899 0.0338805 0.0736908 0.0151004
10 0.244857 0.409343 0.230283 0.630799 0.0150927
6 0.352666 0.672125 0.10365 0.26468 0.0149074
11 0.405376 0.0956212 0.0303625 0.0327239 0.0148959
6 0.312459 0.140903 0.0381684 0.086698 0.0148097
6 0.703735 0.992392 0.106884 0.0136219 0.0147894
6 0.501691 0.646837 0.313065 0.701382 0.0147404
11 0.409362 0.144079 0.254145 0.174582 0.0143787
10 0.455803 0.18898 0.0530452 0.139254 0.0143324
5 0.393757 0.293387 0.0558439 0.0821479 0.0142526
10 0.276782 0.751257 0.0596828 0.129203 0.0141017
6 0.0451653 0.991953 0.0779908 0.0148836 0.0140942
10 0.257268 0.647612 0.148729 0.674181 0.0140585
2 0.454027 0.699576 0.0589688 0.110143 0.0140291
11 0.712398 0.147238 0.0509825 0.0292718 0.0140013
6 0.351411 0.582471 0.0787049 0.31475 0.0133652
10 0.656808 0.154008 0.0165494 0.0700045 0.0133168
5 0.370738 0.26275 0.0572645 0.134959 0.0132717
11 0.45759 0.114858 0.319098 0.230109 0.0131661
6 0.442052 0.530438 0.112596 0.457343 0.0130869
11 0.490622 0.160815 0.136223 0.146642 0.013017
10 0.641819 0.135717 0.0153513 0.0413263 0.0128399
10 0.292628 0.0722571 0.0301307 0.081661 0.0124972
6 0.432314 0.539466 0.105086 0.229305 0.0124872
6 0.391582 0.519997 0.103858 0.188403 0.0123964
10 0.629215 0.142229 0.0151952 0.0465736 0.0123604
10 0.621278 0.101844 0.0141701 0.0382164 0.0117299
6 0.370851 0.50447 0.063575 0.16681 0.011654
10 0.5077 0.053301 0.0222122 0.0366214 0.0116476
2 0.766249 0.276976 0.0157546 0.0822729 0.011459
5 0.323998 0.242527 0.139038 0.167373 0.0110005
10 0.635332 0.127859 0.0138541 0.0346203 0.0108234
6 0.359876 0.535295 0.0694588 0.221383 0.0106704
5 0.436851 0.236534 0.176162 0.234907 0.0105926
6 0.708598 0.559131 0.270817 0.500377 0.0100619
10 0.550243 0.279071 0.240155 0.464064 0.00903741
