3 0.500023 0.497844 0.994458 0.988611 0.317934
10 0.558315 0.444205 0.118721 0.154939 0.167884
1 0.0256508 0.787313 0.0512884 0.225967 0.138495
10 0.603294 0.0423913 0.195534 0.0860157 0.130802
10 0.575651 0.0418414 0.235662 0.0837041 0.12106
1 0.0250564 0.819415 0.0513426 0.26394 0.117035
3 0.498175 0.364327 0.989238 0.730104 0.115279
10 0.571546 0.0259516 0.130271 0.053052 0.114641
1 0.0314677 0.723404 0.0631649 0.503143 0.113921
10 0.53255 0.0422184 0.171732 0.0850462 0.106833
1 0.0328788 0.675784 0.0659148 0.57839 0.103246
10 0.567658 0.0416962 0.259804 0.0844713 0.0985293
10 0.318254 0.0516492 0.160162 0.104041 0.094136
1 0.0261503 0.471265 0.0523256 0.89778 0.0939607
1 0.0422539 0.729669 0.0837644 0.524028 0.0906973
1 0.030723 0.842983 0.0623069 0.302727 0.0895046
1 0.0288336 0.629823 0.058435 0.645487 0.0888135
10 0.554202 0.0237728 0.128928 0.0482406 0.087166
10 0.960822 0.589561 0.0790586 0.176174 0.0853231
10 0.538736 0.0252707 0.171099 0.0516773 0.0840282
1 0.917337 0.909437 0.164015 0.182799 0.0837083
1 0.0419862 0.782103 0.0845385 0.425533 0.0831975
1 0.0499307 0.684665 0.0989172 0.611415 0.0826179
1 0.883967 0.924622 0.235702 0.152644 0.080257
10 0.5032 0.0371365 0.139854 0.0747792 0.0791508
1 0.0514516 0.672305 0.102919 0.632863 0.0784726
1 0.0440832 0.621053 0.0890406 0.485073 0.0781597
10 0.0470426 0.0518291 0.093933 0.103687 0.0778729
1 0.0162425 0.791835 0.0327663 0.130386 0.0775687
1 0.0388792 0.594321 0.0794853 0.535369 0.0758591
10 0.605156 0.0338906 0.132292 0.0689954 0.0755399
10 0.606563 0.0285366 0.202134 0.0586142 0.0722118
1 0.041055 0.502293 0.0829431 0.925131 0.0721732
10 0.575125 0.0628566 0.311995 0.126882 0.0720313
1 0.87633 0.886598 0.247413 0.227053 0.0701166
1 0.0546382 0.4925 0.107845 0.950173 0.0699586
10 0.27609 0.0538125 0.243725 0.107693 0.0692974
10 0.643189 0.0371469 0.127161 0.0745473 0.0691784
1 0.014453 0.80132 0.0292699 0.143406 0.068472
10 0.650879 0.0372965 0.105926 0.0746181 0.0681688
1 0.0997625 0.605657 0.200613 0.581538 0.0660744
1 0.101172 0.45442 0.204287 0.891169 0.06576
10 0.351055 0.049608 0.10017 0.0997384 0.0653149
1 0.961721 0.910348 0.0777075 0.182405 0.0644288
10 0.629664 0.0357272 0.136207 0.0722887 0.0642727
1 0.937827 0.870203 0.124542 0.260993 0.0642715
10 0.533861 0.0390809 0.165218 0.0796648 0.063959
10 0.301294 0.0288179 0.108401 0.0599276 0.063935
10 0.350648 0.0455639 0.0898128 0.0928664 0.0638157
1 0.0523053 0.494906 0.10333 0.960515 0.0637445
3 0.123528 0.22857 0.245619 0.452202 0.0636311
1 0.0525157 0.836859 0.104824 0.323849 0.0636083
10 0.490029 0.0377809 0.10237 0.0762952 0.0628147
1 0.0184053 0.547722 0.0362487 0.178978 0.0624698
1 0.108427 0.63406 0.216009 0.364999 0.0620717
1 0.106766 0.481099 0.213682 0.938976 0.0616387
1 0.869035 0.966173 0.258779 0.0691952 0.0607678
1 0.0169599 0.514739 0.0334685 0.222921 0.0604976
10 0.783694 0.528296 0.0617544 0.132008 0.0604338
10 0.959755 0.585149 0.0748156 0.143445 0.0603777
10 0.525738 0.0399277 0.169193 0.0806599 0.0599951
1 0.964716 0.957193 0.0727596 0.0879474 0.0597985
1 0.91268 0.961625 0.173143 0.0786835 0.0595472
1 0.182865 0.241255 0.367707 0.477606 0.0594211
10 0.316736 0.0290486 0.121015 0.0616003 0.059118
1 0.0165546 0.541719 0.033641 0.586885 0.0590217
10 0.29342 0.0377704 0.115516 0.077404 0.0588805
1 0.0984152 0.487681 0.197314 0.946729 0.0582422
10 0.522445 0.0218914 0.145167 0.0449248 0.0581415
1 0.0146138 0.575276 0.0291151 0.101838 0.0578859
1 0.156134 0.216594 0.31379 0.430699 0.0578647
1 0.111145 0.70101 0.220944 0.548227 0.0573991
10 0.357643 0.0463948 0.0966735 0.0933983 0.0568981
10 0.309863 0.038504 0.108241 0.0804599 0.0567232
10 0.365029 0.0531808 0.145842 0.106819 0.0565849
10 0.245831 0.0348843 0.0962552 0.0716845 0.0563536
1 0.116116 0.384589 0.232632 0.756558 0.0559667
1 0.0186576 0.332396 0.0376473 0.636458 0.0551763
1 0.19814 0.217758 0.396041 0.435106 0.0547936
1 0.215038 0.242222 0.428753 0.480542 0.0547294
10 0.709263 0.493277 0.0723418 0.131699 0.0546798
1 0.962928 0.867012 0.0757641 0.268674 0.0546105
10 0.493096 0.0530721 0.564901 0.107262 0.0540121
2 0.869763 0.0706567 0.0782398 0.141919 0.0538397
10 0.693039 0.0438399 0.284326 0.0877108 0.0533367
1 0.119607 0.719773 0.236907 0.551501 0.0531599
1 0.0511243 0.410659 0.104297 0.802977 0.0530443
1 0.929638 0.817403 0.141131 0.368424 0.0527189
10 0.449048 0.0513589 0.3161 0.10349 0.0522329
1 0.0218085 0.314979 0.0428784 0.614252 0.0519826
10 0.632859 0.0621584 0.407553 0.124672 0.0519557
3 0.491055 0.272695 0.967629 0.546346 0.0518095
1 0.0429096 0.333842 0.0857099 0.658197 0.0507332
1 0.970992 0.968547 0.0626175 0.064964 0.050296
10 0.719714 0.0416974 0.0888038 0.0839034 0.0502688
10 0.788352 0.528707 0.0639651 0.133907 0.0500973
10 0.242286 0.0238544 0.117409 0.049296 0.0498269
10 0.259192 0.0280136 0.231122 0.0577281 0.0498088
10 0.235165 0.0333557 0.114209 0.0692463 0.049659
10 0.469918 0.0436664 0.227922 0.0868769 0.049566
10 0.233047 0.0398758 0.26694 0.0804568 0.0492499
4 0.0166102 0.167892 0.0334446 0.281902 0.0492406
10 0.964979 0.577205 0.0720762 0.345257 0.0490821
10 0.496303 0.0247703 0.240679 0.0506344 0.048915
1 0.185779 0.282385 0.376428 0.556975 0.0488547
1 0.785132 0.973004 0.421958 0.0552147 0.0484807
3 0.493663 0.383188 0.977413 0.763591 0.0484508
10 0.0580161 0.0550488 0.116001 0.11131 0.0478957
1 0.498989 0.913144 0.954696 0.175894 0.0476195
10 0.262992 0.0374462 0.131523 0.0759068 0.0475372
1 0.016551 0.321158 0.0333437 0.605024 0.0474636
1 0.499875 0.873333 0.970262 0.254565 0.0470072
1 0.961032 0.81047 0.0792164 0.376628 0.0469942
1 0.118401 0.608895 0.242381 0.686291 0.0469609
1 0.0135113 0.56656 0.027189 0.128073 0.0468514
1 0.954287 0.509438 0.0927742 0.981641 0.0467151
1 0.0324956 0.858728 0.067676 0.277659 0.0467125
10 0.918894 0.0532892 0.162249 0.105848 0.0465555
10 0.102466 0.0386505 0.198605 0.0769446 0.0465409
1 0.602911 0.504405 0.785496 0.990638 0.0462652
10 0.916255 0.0755263 0.164806 0.151597 0.0458019
4 0.0608292 0.087747 0.12159 0.174887 0.0457128
1 0.0132637 0.553614 0.0266927 0.145565 0.0454024
10 0.0496122 0.0973551 0.10045 0.192295 0.0453426
1 0.255295 0.268293 0.511055 0.529122 0.0449504
10 0.227957 0.0244202 0.129722 0.0504036 0.0449039
1 0.0453536 0.318623 0.0908622 0.63015 0.0447645
1 0.120735 0.734828 0.240004 0.524834 0.0447065
10 0.97031 0.61409 0.0627424 0.297917 0.0444775
1 0.735573 0.972106 0.524675 0.0572311 0.0441575
10 0.386513 0.0459097 0.0933719 0.0922027 0.0440636
1 0.203819 0.115828 0.406013 0.22897 0.0438582
3 0.375873 0.258686 0.749494 0.52018 0.0432456
4 0.0557244 0.144164 0.111724 0.282928 0.0431696
10 0.320731 0.0708607 0.27949 0.143493 0.043137
1 0.306561 0.913888 0.585924 0.174849 0.0429863
3 0.49668 0.251561 0.989394 0.50857 0.0429261
4 0.017603 0.15019 0.0355101 0.291512 0.0429133
10 0.225326 0.0386517 0.179412 0.0782872 0.042392
1 0.94449 0.506943 0.112658 0.98805 0.0422841
3 0.109476 0.211299 0.219823 0.419532 0.0421826
10 0.434368 0.0593844 0.420659 0.120374 0.041793
10 0.46117 0.038043 0.159326 0.0762269 0.0409752
4 0.0114934 0.179959 0.0232938 0.224137 0.0409624
1 0.144564 0.666149 0.2899 0.612282 0.040904
10 0.646387 0.041043 0.10989 0.0827583 0.0407548
1 0.146904 0.452305 0.297062 0.888213 0.0406014
1 0.750399 0.505293 0.503334 0.987548 0.0405169
1 0.499766 0.866737 0.976606 0.268752 0.0403501
10 0.10769 0.0823869 0.214428 0.163868 0.0402171
10 0.390562 0.0479356 0.0787692 0.0958032 0.0399623
10 0.263203 0.0244575 0.116913 0.0498809 0.0397137
1 0.951269 0.508834 0.097419 0.983145 0.0396428
10 0.887056 0.0740167 0.124547 0.148262 0.0396248
10 0.443407 0.0521709 0.113827 0.103174 0.0394381
10 0.330518 0.0264142 0.109703 0.055362 0.0393453
10 0.62303 0.0280832 0.0936598 0.058607 0.0393403
1 0.537717 0.944971 0.869871 0.11214 0.0392209
1 0.488254 0.888223 0.947899 0.22527 0.0391886
1 0.930551 0.737504 0.139769 0.525753 0.0389397
1 0.432283 0.926518 0.598188 0.148109 0.0389224
1 0.500123 0.82341 0.990094 0.359046 0.0386907
1 0.734188 0.503489 0.535021 0.989777 0.0384414
1 0.429741 0.895757 0.701171 0.207932 0.0383881
10 0.752348 0.0506445 0.219117 0.100964 0.0381573
1 0.499443 0.855308 0.974544 0.294205 0.0381305
10 0.953488 0.591793 0.0667404 0.134279 0.0379725
1 0.445372 0.924173 0.836589 0.152973 0.0378132
10 0.831216 0.0479455 0.327688 0.0960775 0.0377825
10 0.648574 0.0304575 0.116948 0.0624189 0.0377301
3 0.451918 0.290564 0.906604 0.577896 0.0376774
1 0.368182 0.890374 0.726558 0.221313 0.0375676
1 0.108894 0.833575 0.217084 0.335024 0.0374687
1 0.130846 0.564309 0.265378 0.767387 0.0374225
10 0.0418037 0.0321783 0.087563 0.0659819 0.037379
1 0.274805 0.912092 0.489609 0.178841 0.0371834
1 0.421299 0.918982 0.824778 0.163721 0.0370959
1 0.210696 0.0664855 0.373694 0.134383 0.0366655
1 0.14321 0.118077 0.285671 0.23305 0.0365808
3 0.517511 0.0585955 0.8134 0.119121 0.0362472
1 0.894546 0.782154 0.215742 0.43947 0.036208
10 0.207679 0.0215654 0.131965 0.0438571 0.0361977
4 0.0497814 0.177247 0.100918 0.347307 0.0358907
1 0.426376 0.213243 0.849806 0.429784 0.035851
1 0.710023 0.977343 0.383659 0.0465564 0.0358231
10 0.960223 0.688504 0.0827421 0.620124 0.0358191
10 0.88489 0.0504911 0.133346 0.101202 0.0355897
1 0.313118 0.297741 0.630429 0.590438 0.0355158
1 0.939633 0.699715 0.123399 0.601907 0.035425
10 0.699504 0.0214451 0.136964 0.0439632 0.0353732
1 0.261927 0.0718495 0.309081 0.144844 0.035063
10 0.6986 0.0224733 0.158336 0.0461228 0.0350465
10 0.528858 0.443218 0.0928727 0.13547 0.0350347
4 0.102458 0.125779 0.20522 0.248289 0.0350024
1 0.0491818 0.22318 0.0998578 0.438903 0.0347272
2 0.871708 0.0640961 0.0674093 0.128946 0.034695
1 0.94815 0.508476 0.106653 0.980561 0.0345066
1 0.955587 0.51738 0.0893013 0.965717 0.0343961
1 0.969477 0.985626 0.0648941 0.0293591 0.0342994
1 0.914235 0.987554 0.171629 0.0263386 0.0340454
1 0.595155 0.97162 0.665796 0.0587129 0.033698
1 0.30891 0.958478 0.594603 0.0851219 0.0335157
10 0.682554 0.0375861 0.0959101 0.0766378 0.0333275
1 0.506131 0.969747 0.853269 0.062332 0.0332412
1 0.501084 0.819446 0.986552 0.368237 0.0329564
10 0.870576 0.0191735 0.0754946 0.0377026 0.0328846
1 0.362865 0.960512 0.696147 0.0814781 0.0326701
1 0.258359 0.132322 0.507337 0.263667 0.0325924
10 0.36353 0.025611 0.0889986 0.0515677 0.0325705
1 0.016681 0.231633 0.0336943 0.448902 0.032518
1 0.67035 0.975849 0.32326 0.0491108 0.0322111
3 0.497612 0.193068 0.986547 0.392846 0.032192
10 0.955676 0.716002 0.0914183 0.561472 0.0321904
10 0.0379524 0.0453193 0.0805071 0.0917701 0.0321047
1 0.240422 0.734851 0.491239 0.537001 0.0320897
1 0.184799 0.707733 0.37133 0.583829 0.0315142
3 0.531292 0.0674728 0.867853 0.13552 0.0313544
10 0.788046 0.0459392 0.240768 0.0917201 0.031217
1 0.431581 0.975974 0.31515 0.0486324 0.0311096
10 0.683586 0.0237843 0.256655 0.0482338 0.0310987
1 0.986021 0.965661 0.030253 0.0709059 0.030972
10 0.882941 0.0181429 0.0722277 0.0362423 0.0308365
3 0.499294 0.0990238 0.975634 0.199885 0.0306586
1 0.111898 0.86168 0.223659 0.278219 0.0306133
1 0.478973 0.974224 0.487755 0.0533488 0.0305429
1 0.174307 0.861347 0.345066 0.279489 0.0303219
1 0.386145 0.850894 0.762429 0.305882 0.0303213
1 0.447327 0.854414 0.886078 0.298622 0.0303085
10 0.459847 0.0379853 0.111249 0.0755901 0.030167
10 0.616463 0.462205 0.101969 0.147057 0.0300899
1 0.95565 0.987662 0.0921293 0.0257853 0.0300852
1 0.144923 0.497883 0.29397 0.958157 0.0299872
10 0.67849 0.02105 0.109959 0.0432148 0.0298679
10 0.665157 0.0207741 0.151792 0.0420708 0.0298182
1 0.0928347 0.291448 0.186835 0.358311 0.0295918
3 0.495461 0.42906 0.991479 0.850154 0.0292729
1 0.560365 0.976463 0.443991 0.0481873 0.0292456
10 0.69204 0.494563 0.0742748 0.135825 0.0292208
1 0.738549 0.500054 0.532744 0.983524 0.0291691
1 0.355521 0.144666 0.694553 0.289436 0.0283772
10 0.00957887 0.142309 0.0192194 0.270527 0.0283207
1 0.386643 0.977745 0.290151 0.0455143 0.027936
10 0.00861772 0.115485 0.0168312 0.225986 0.0274852
10 0.901662 0.0377345 0.116973 0.0768783 0.0272202
1 0.939354 0.988965 0.124565 0.0232716 0.026688
1 0.410413 0.118313 0.787021 0.235932 0.0263216
10 0.479202 0.0452213 0.261095 0.0899841 0.0260351
1 0.013475 0.631408 0.0273389 0.187279 0.0260042
10 0.962151 0.0957938 0.0770741 0.192237 0.0258089
10 0.966112 0.508389 0.069389 0.521861 0.0255747
1 0.883647 0.988588 0.206885 0.0232982 0.0255733
1 0.744515 0.370055 0.509697 0.732302 0.0251975
10 0.953858 0.39839 0.0976002 0.757705 0.025097
1 0.508316 0.816564 0.971055 0.369999 0.0249753
1 0.668101 0.805566 0.666852 0.392933 0.0248979
1 0.504208 0.695991 0.98744 0.618862 0.0239749
1 0.503742 0.794273 0.980152 0.419757 0.0231776
1 0.408547 0.177031 0.796341 0.356711 0.0231147
1 0.781097 0.391545 0.448389 0.770603 0.0230871
1 0.906341 0.526105 0.192149 0.961023 0.0230604
1 0.482174 0.127337 0.933392 0.257002 0.0228333
1 0.451685 0.283363 0.92172 0.563002 0.0228197
1 0.504599 0.609157 0.987305 0.786991 0.0223525
4 0.00918602 0.240895 0.0184812 0.337009 0.022196
1 0.532514 0.812407 0.930925 0.374505 0.0221765
10 0.811628 0.534082 0.0701794 0.138344 0.0221508
2 0.851837 0.0757753 0.0622515 0.148036 0.0215802
1 0.630985 0.837747 0.576976 0.330456 0.0212059
1 0.497546 0.438623 0.986368 0.871945 0.0210239
1 0.370296 0.834609 0.361762 0.332156 0.0208761
1 0.98228 0.512555 0.035692 0.793359 0.0207973
1 0.561916 0.482057 0.89455 0.952851 0.0206604
1 0.297626 0.830663 0.525948 0.34214 0.0205345
1 0.316793 0.48661 0.633386 0.945561 0.0199525
1 0.692639 0.627059 0.625281 0.749868 0.0197765
1 0.559404 0.493149 0.911718 0.974218 0.0195942
10 0.599499 0.458161 0.100248 0.141074 0.0193139
1 0.502186 0.355144 0.977592 0.703824 0.0192784
1 0.745681 0.440672 0.501308 0.866223 0.0192767
1 0.511116 0.558733 0.9803 0.881674 0.0188891
1 0.494401 0.501226 0.98044 0.982088 0.0187048
1 0.442769 0.168045 0.840941 0.337007 0.01829
1 0.50006 0.449162 0.986492 0.890513 0.0181355
1 0.207396 0.676326 0.415535 0.582398 0.0177751
1 0.588889 0.130528 0.788949 0.268415 0.017664
3 0.496722 0.471042 0.991603 0.927262 0.017088
1 0.510879 0.504759 0.983743 0.968769 0.0169722
3 0.509192 0.254007 0.97849 0.500596 0.0168812
1 0.499293 0.489591 0.982303 0.962318 0.016413
1 0.505432 0.506111 0.983372 0.974585 0.0162378
1 0.508385 0.498666 0.988802 0.982165 0.0159266
1 0.509716 0.506551 0.983042 0.967874 0.0159044
1 0.508438 0.533614 0.968653 0.91402 0.0151574
1 0.517552 0.597435 0.964496 0.805131 0.0150732
1 0.480912 0.263024 0.9198 0.516426 0.0144818
3 0.503507 0.204673 0.984507 0.403572 0.0134688
1 0.528504 0.569528 0.942382 0.713495 0.0129652
1 0.531421 0.654269 0.936723 0.65289 0.0128629
1 0.469384 0.300239 0.805432 0.537489 0.0120839
1 0.556426 0.49651 0.899601 0.86787 0.0120316
