10 0.536663 0.629314 0.0862119 0.158961 0.545692
1 0.42827 0.648011 0.147278 0.192675 0.243752
11 0.950162 0.817748 0.100872 0.351925 0.222325
11 0.947162 0.779346 0.10591 0.421346 0.216014
9 0.573549 0.386002 0.152555 0.192869 0.187148
6 0.982053 0.742898 0.0368524 0.176265 0.150117
1 0.55579 0.599727 0.445728 0.75733 0.131824
9 0.512964 0.375564 0.185177 0.206474 0.127278
9 0.535724 0.387828 0.231396 0.242449 0.119719
1 0.40438 0.594674 0.783833 0.807819 0.118752
11 0.405459 0.732116 0.79496 0.52995 0.116744
6 0.980284 0.758891 0.0400143 0.232114 0.116326
9 0.507483 0.353932 0.176553 0.254494 0.116231
9 0.47654 0.648374 0.242393 0.208478 0.116221
9 0.459034 0.369481 0.0794114 0.173663 0.11555
11 0.943279 0.829954 0.114529 0.332153 0.110042
9 0.486797 0.677307 0.279175 0.272523 0.0976132
6 0.980914 0.752729 0.03969 0.193589 0.0969207
9 0.606057 0.38506 0.0920015 0.172813 0.0968124
6 0.984107 0.720042 0.03229 0.344778 0.0952117
6 0.979515 0.773596 0.0434086 0.24443 0.094991
6 0.935433 0.726131 0.0732269 0.301638 0.0927912
11 0.946979 0.802134 0.108949 0.382088 0.0911778
6 0.948616 0.688781 0.105252 0.607689 0.0841297
1 0.402976 0.604567 0.787822 0.781689 0.0833894
9 0.588483 0.400365 0.348673 0.348119 0.0810498
7 0.984393 0.710883 0.0324837 0.107332 0.0775634
9 0.473491 0.660195 0.246223 0.227463 0.077085
11 0.892672 0.819133 0.220752 0.357367 0.0759169
9 0.576705 0.389267 0.211955 0.221958 0.0750589
6 0.941349 0.501439 0.120729 0.991019 0.0749784
11 0.400126 0.75111 0.783686 0.489818 0.0742541
11 0.501807 0.677728 0.987168 0.64394 0.0698271
7 0.982439 0.0140761 0.0368191 0.0273472 0.0680514
10 0.938025 0.502184 0.125743 0.993666 0.0673955
6 0.984845 0.742717 0.0318325 0.177671 0.0671124
1 0.553489 0.665313 0.429363 0.30256 0.0660927
10 0.540802 0.598409 0.0444159 0.101522 0.0656366
9 0.626243 0.489899 0.271401 0.399027 0.0651878
7 0.915242 0.837961 0.0418099 0.107045 0.0651199
6 0.923889 0.652527 0.0510765 0.160743 0.0648956
10 0.528455 0.633755 0.112889 0.174553 0.0641292
11 0.889272 0.784636 0.228155 0.425885 0.0624113
9 0.585382 0.515429 0.367145 0.567852 0.0619728
9 0.55817 0.606904 0.450571 0.780524 0.0605043
11 0.943638 0.880173 0.111217 0.238541 0.0603175
11 0.959908 0.862352 0.0820154 0.273608 0.0598123
6 0.936004 0.646564 0.0731766 0.153227 0.0596588
6 0.979525 0.801625 0.0439316 0.285427 0.0575947
1 0.485901 0.598915 0.595282 0.793138 0.055646
9 0.472696 0.397461 0.107193 0.246256 0.0552328
11 0.502175 0.739022 0.984167 0.515412 0.05426
10 0.523489 0.651593 0.08496 0.123457 0.050962
7 0.909464 0.841886 0.0376873 0.112184 0.0486758
7 0.988942 0.701514 0.0234055 0.0906259 0.048532
11 0.399062 0.764609 0.780929 0.464332 0.0481462
9 0.631815 0.419122 0.249912 0.2564 0.0479459
11 0.895479 0.741431 0.217393 0.516516 0.0478714
7 0.981913 0.787118 0.0383179 0.197103 0.0478102
7 0.987502 0.714527 0.0264107 0.130231 0.0476665
10 0.869688 0.0306348 0.136094 0.0621525 0.0474572
10 0.527249 0.617081 0.0581369 0.131196 0.0474133
6 0.944698 0.604386 0.113983 0.789685 0.0468783
11 0.502285 0.869816 0.980055 0.256787 0.0467959
1 0.947085 0.502019 0.110013 0.987291 0.0464927
7 0.91579 0.840822 0.0398935 0.103246 0.0458057
9 0.480625 0.381788 0.112335 0.197516 0.0454322
10 0.526427 0.620817 0.0676104 0.141228 0.04505
10 0.55085 0.599558 0.0399953 0.0985803 0.0442237
11 0.496846 0.89709 0.953515 0.206777 0.0434303
2 0.890644 0.0295981 0.0723915 0.0603327 0.043287
10 0.865599 0.148594 0.126076 0.302501 0.0427982
6 0.956279 0.699139 0.0912625 0.156321 0.0427101
9 0.599498 0.531245 0.339755 0.564703 0.0424957
7 0.365306 0.750015 0.0556909 0.135931 0.0421327
7 0.916948 0.826991 0.0449598 0.147045 0.0420856
7 0.915986 0.837113 0.0359677 0.103934 0.0419669
10 0.52152 0.625879 0.111514 0.163752 0.0419326
11 0.488843 0.834184 0.955822 0.326998 0.0418917
1 0.558386 0.647664 0.429627 0.337294 0.0417674
4 0.707001 0.479945 0.114655 0.123954 0.0416106
9 0.525917 0.508048 0.261871 0.490273 0.0414084
6 0.93746 0.662345 0.0790148 0.176788 0.0409884
10 0.918926 0.504235 0.16057 0.994185 0.040921
10 0.942693 0.500706 0.118352 0.988238 0.0405404
6 0.948017 0.539405 0.106526 0.926786 0.0404922
10 0.572863 0.6223 0.0759855 0.15487 0.0403591
2 0.898775 0.0237963 0.0595093 0.0480766 0.0399489
7 0.969997 0.0228484 0.059166 0.0459114 0.0394132
11 0.411733 0.759088 0.807987 0.476341 0.0388266
10 0.567048 0.625546 0.0663394 0.132975 0.0386684
10 0.277296 0.694354 0.0469345 0.195839 0.0382739
10 0.973446 0.458227 0.0550476 0.790972 0.0382166
9 0.608406 0.400837 0.0901322 0.141129 0.0378131
1 0.092846 0.715021 0.187284 0.300712 0.0374575
2 0.565816 0.554328 0.0363791 0.0912372 0.0374438
10 0.51529 0.657694 0.0830923 0.118798 0.0373256
9 0.58217 0.421706 0.134132 0.172743 0.0372232
4 0.926779 0.0344697 0.147715 0.0696293 0.0363868
9 0.48487 0.528068 0.279743 0.57332 0.0363535
7 0.983587 0.796023 0.0337263 0.12387 0.0361431
10 0.836944 0.0442446 0.0816845 0.0910903 0.0359234
6 0.912532 0.732803 0.0408074 0.323194 0.0356578
10 0.818583 0.0213156 0.0465903 0.0445393 0.0353255
10 0.522649 0.661957 0.0887924 0.112967 0.0352934
11 0.50195 0.794154 0.979454 0.40856 0.0352084
9 0.467733 0.366407 0.0853279 0.171231 0.0348723
10 0.973326 0.507162 0.0540247 0.857491 0.0348339
1 0.0888313 0.689715 0.1776 0.373838 0.0345219
1 0.287911 0.743953 0.574481 0.492565 0.0340104
10 0.446824 0.345485 0.052758 0.106888 0.0338684
7 0.908092 0.839486 0.0347207 0.105425 0.0338096
6 0.918181 0.653665 0.0428364 0.163817 0.0337416
11 0.499903 0.89467 0.96908 0.210084 0.0336168
1 0.0189204 0.620191 0.0394346 0.43991 0.0329698
10 0.882616 0.0234412 0.0713558 0.0478622 0.0327764
10 0.928513 0.14627 0.143214 0.296239 0.0327523
6 0.990363 0.632222 0.0196708 0.227993 0.0326832
11 0.985576 0.874678 0.0284787 0.248683 0.0325689
11 0.889584 0.891337 0.220387 0.218192 0.0325659
10 0.967713 0.509403 0.0667519 0.973486 0.0324989
9 0.476991 0.682171 0.262572 0.272518 0.032434
10 0.938658 0.457056 0.126384 0.882532 0.0323734
7 0.966125 0.012348 0.0702139 0.025745 0.0316632
10 0.974589 0.351766 0.0506725 0.677039 0.0314739
10 0.816337 0.0334075 0.0484646 0.069811 0.0313748
11 0.285623 0.762451 0.567818 0.464806 0.031288
1 0.288245 0.678874 0.579235 0.622596 0.0311721
2 0.562021 0.559165 0.0367558 0.107942 0.0310097
10 0.944718 0.505903 0.108832 0.933583 0.0309598
7 0.909019 0.812342 0.0357942 0.178017 0.0309454
1 0.0988844 0.761192 0.198537 0.437664 0.0308886
2 0.570673 0.550105 0.0306241 0.0781096 0.0307446
1 0.022825 0.662731 0.0484484 0.230767 0.0307047
6 0.828117 0.927451 0.18676 0.145971 0.0305164
10 0.465447 0.212977 0.0311655 0.140725 0.0302594
6 0.943851 0.920254 0.114104 0.162508 0.0302015
4 0.955752 0.0126642 0.0921757 0.0261892 0.0301752
10 0.831774 0.0210303 0.0722887 0.0444186 0.030144
11 0.492616 0.786022 0.96122 0.425829 0.0300741
1 0.309583 0.502283 0.613402 0.987436 0.0299885
1 0.140866 0.748924 0.277053 0.47148 0.0299174
4 0.697841 0.481547 0.133131 0.132031 0.0294374
6 0.887398 0.944422 0.169186 0.113104 0.0293494
11 0.986059 0.819239 0.0277272 0.192406 0.0292415
10 0.864891 0.18367 0.126087 0.372043 0.0291686
7 0.908988 0.831572 0.0349824 0.132755 0.0290727
10 0.925974 0.182394 0.147718 0.36758 0.0289063
6 0.93392 0.636676 0.0688312 0.120935 0.0288913
9 0.429763 0.681591 0.178506 0.268901 0.0288194
10 0.938944 0.316041 0.124315 0.630494 0.0284885
1 0.0462495 0.640499 0.0920126 0.673344 0.0284796
10 0.564712 0.156354 0.0186056 0.0456185 0.0283907
4 0.654894 0.502531 0.176935 0.112594 0.0282283
2 0.574843 0.551228 0.0372724 0.0824181 0.0280001
11 0.924272 0.962245 0.152235 0.0776501 0.0279208
6 0.909243 0.745883 0.0421198 0.352859 0.0276286
6 0.82781 0.883868 0.184373 0.23126 0.0273386
10 0.516362 0.634548 0.0780355 0.15483 0.0271354
1 0.047801 0.71518 0.0981482 0.268071 0.0268999
2 0.870498 0.0290643 0.0822357 0.0595855 0.0268033
11 0.476506 0.8968 0.919113 0.206426 0.0267335
10 0.636231 0.39919 0.0600521 0.150483 0.0266675
1 0.117775 0.690143 0.235158 0.442139 0.0265839
10 0.451718 0.218365 0.0346466 0.16019 0.0262958
6 0.871755 0.966163 0.255807 0.069236 0.0262408
10 0.920284 0.0624686 0.159058 0.126935 0.0262115
10 0.514395 0.626528 0.121074 0.165259 0.0261943
1 0.0276943 0.704249 0.0580177 0.289901 0.0261929
1 0.0260709 0.744261 0.0541088 0.426034 0.0260195
10 0.580959 0.602095 0.0485972 0.113243 0.0259824
11 0.951859 0.0746129 0.0981591 0.151158 0.025797
11 0.362379 0.890845 0.709094 0.214225 0.0256763
1 0.547765 0.651876 0.467295 0.337452 0.0254167
10 0.499269 0.637284 0.0877783 0.154013 0.0253959
4 0.681817 0.491452 0.152818 0.144353 0.0253821
6 0.803969 0.970878 0.385327 0.0593553 0.0250507
1 0.557678 0.7382 0.4601 0.504732 0.0248246
10 0.977888 0.134345 0.045966 0.269607 0.024776
1 0.0178615 0.60671 0.0366376 0.69212 0.0247443
1 0.656822 0.452294 0.245172 0.396555 0.0244686
1 0.572372 0.633952 0.423153 0.717722 0.023689
4 0.682897 0.493118 0.100936 0.0931501 0.0236789
1 0.191946 0.76663 0.377559 0.462974 0.0235741
9 0.500322 0.649754 0.147549 0.20418 0.0234392
10 0.567707 0.572872 0.0680912 0.148562 0.0231969
10 0.981303 0.209597 0.0376688 0.414246 0.0231348
10 0.545537 0.618441 0.112099 0.221096 0.0231017
11 0.414042 0.741379 0.807901 0.508344 0.0229274
10 0.934038 0.498708 0.127228 0.987429 0.0228766
10 0.856604 0.259383 0.117702 0.519089 0.0228585
10 0.952197 0.503291 0.0904631 0.97417 0.022812
11 0.458611 0.753966 0.897796 0.489502 0.0227784
11 0.773985 0.814478 0.471165 0.375578 0.0227062
3 0.712552 0.0876481 0.00448882 0.00844911 0.0225529
11 0.489594 0.759317 0.96365 0.482237 0.0220752
3 0.722734 0.0877477 0.00432587 0.00998862 0.0220735
11 0.301718 0.892889 0.579684 0.20205 0.0220205
1 0.250443 0.599965 0.502749 0.693286 0.0218942
1 0.649488 0.628511 0.272502 0.719486 0.0218665
11 0.498565 0.955415 0.941044 0.0897729 0.0217138
9 0.550638 0.603081 0.458049 0.784762 0.0215192
10 0.58808 0.611868 0.0557079 0.123809 0.0214464
1 0.309715 0.506172 0.622726 0.971842 0.0213298
3 0.7268 0.087386 0.00367327 0.00922142 0.0213269
1 0.66757 0.61839 0.646797 0.756986 0.021269
11 0.240059 0.807598 0.461786 0.378879 0.021139
11 0.207919 0.793842 0.406446 0.411161 0.0210485
11 0.590282 0.747896 0.405374 0.467534 0.0210477
4 0.527213 0.278134 0.058889 0.10963 0.0210441
1 0.426933 0.679768 0.328883 0.275179 0.0210039
10 0.436807 0.369859 0.0546174 0.160356 0.0209955
9 0.585698 0.386731 0.170245 0.18007 0.0209466
6 0.927806 0.624374 0.0553426 0.106396 0.0208424
10 0.507521 0.607577 0.0637161 0.1047 0.020794
11 0.677908 0.738282 0.649744 0.522205 0.0206939
9 0.531201 0.278156 0.0724819 0.117868 0.0206834
10 0.476083 0.21399 0.0332716 0.152634 0.0206145
1 0.325565 0.685229 0.352805 0.288198 0.0204467
7 0.907332 0.719641 0.036521 0.286655 0.0202507
11 0.440036 0.72461 0.853619 0.545555 0.020104
10 0.748842 0.0830847 0.0035083 0.0124851 0.0200529
1 0.56042 0.731315 0.453107 0.530119 0.019989
1 0.0933834 0.621972 0.189987 0.718581 0.0199383
6 0.96922 0.940472 0.0658514 0.124166 0.0199152
3 0.633979 0.0646241 0.00750927 0.0160203 0.0197804
11 0.396358 0.922159 0.766342 0.154651 0.0197638
1 0.471914 0.62252 0.933728 0.748598 0.0197576
1 0.49316 0.613423 0.958761 0.767456 0.0197431
6 0.915775 0.624548 0.0373371 0.11108 0.0197344
1 0.56972 0.619633 0.423536 0.748139 0.0197211
11 0.499292 0.939541 0.942308 0.122668 0.0196845
10 0.609322 0.599958 0.216001 0.22751 0.019563
10 0.0550269 0.569804 0.111175 0.815048 0.0195252
1 0.139935 0.503003 0.276866 0.979291 0.0194695
3 0.707832 0.0733634 0.00598339 0.0102885 0.0193394
1 0.0370606 0.766427 0.0762306 0.211287 0.0190502
3 0.714574 0.0747708 0.0057517 0.0112666 0.0189319
11 0.408384 0.788361 0.785374 0.419593 0.0188329
1 0.55521 0.609682 0.429642 0.767188 0.0187759
4 0.655704 0.494448 0.227436 0.149043 0.0187212
10 0.543486 0.247098 0.038041 0.0521267 0.0187143
11 0.421724 0.76287 0.788279 0.467517 0.0184128
1 0.0186739 0.761205 0.0392683 0.426121 0.0183529
1 0.0490056 0.773067 0.101382 0.43213 0.0182758
10 0.760391 0.082844 0.00324732 0.0149686 0.0182743
10 0.0599712 0.506685 0.119038 0.958815 0.0181636
11 0.111796 0.790527 0.222351 0.409307 0.0177535
10 0.8597 0.0608859 0.100663 0.125364 0.0177469
11 0.964812 0.919945 0.0754044 0.160669 0.0171532
10 0.503209 0.634819 0.1755 0.186943 0.0170292
4 0.600173 0.555901 0.177614 0.186127 0.0169251
1 0.462683 0.619159 0.923468 0.751799 0.0167501
11 0.674526 0.761761 0.643185 0.479745 0.0167137
10 0.583479 0.621015 0.0558092 0.0946953 0.0166727
10 0.0810788 0.508424 0.162244 0.877069 0.0166204
10 0.439117 0.369043 0.0464144 0.0651233 0.0164381
11 0.676787 0.71 0.645894 0.578336 0.0163681
10 0.527731 0.633816 0.178445 0.188845 0.0162833
6 0.761921 0.890875 0.399632 0.223374 0.0161349
11 0.433543 0.965808 0.820525 0.068664 0.0161168
1 0.575364 0.614015 0.380129 0.743408 0.0158528
4 0.64698 0.49704 0.0943706 0.105072 0.0157966
1 0.0719599 0.508565 0.144453 0.953599 0.0157498
9 0.453294 0.338867 0.0913712 0.230058 0.0157151
10 0.584715 0.613013 0.0400276 0.0917207 0.015708
1 0.149915 0.610922 0.299927 0.751609 0.0157076
10 0.739949 0.539477 0.0849214 0.531935 0.0152523
1 0.778505 0.656065 0.464187 0.691298 0.0151307
2 0.569315 0.590128 0.0318005 0.0826884 0.0150237
9 0.516851 0.671852 0.226582 0.262259 0.0149989
11 0.321983 0.938046 0.623153 0.121896 0.0148449
10 0.597417 0.627734 0.177476 0.178949 0.0147275
1 0.183525 0.504047 0.363768 0.982417 0.0146177
10 0.6222 0.65127 0.0935499 0.162734 0.0144566
10 0.516311 0.252848 0.0509725 0.0588074 0.014275
4 0.296833 0.124986 0.0315483 0.0391323 0.0141054
1 0.11934 0.539961 0.239959 0.887131 0.0140011
10 0.423538 0.342709 0.0369796 0.109522 0.0138116
10 0.938317 0.042605 0.123433 0.110792 0.0136837
7 0.316885 0.737803 0.179086 0.162466 0.0135465
2 0.34624 0.703853 0.0425844 0.221193 0.0134565
11 0.358471 0.973417 0.654442 0.0518667 0.0132676
9 0.561733 0.343821 0.105726 0.112918 0.0132607
10 0.6193 0.558876 0.082462 0.134263 0.0132227
10 0.249502 0.180963 0.0265042 0.0969703 0.0130709
10 0.625209 0.576987 0.0964397 0.132563 0.0127588
1 0.642543 0.612085 0.460822 0.772585 0.0126491
1 0.391119 0.657978 0.12464 0.205936 0.0126475
7 0.315491 0.720862 0.152351 0.199368 0.0124952
5 0.480724 0.673735 0.100296 0.141151 0.0123128
7 0.369242 0.644418 0.0701937 0.180904 0.0122384
10 0.795595 0.166572 0.0124397 0.255626 0.0119314
10 0.300099 0.155274 0.0367688 0.109568 0.0116918
10 0.604271 0.588036 0.050701 0.141384 0.0108862
11 0.19143 0.943263 0.338951 0.113454 0.0105418
6 0.377396 0.718925 0.117302 0.21536 0.00994117
10 0.233625 0.149692 0.0421654 0.0682503 0.00974082
3 0.405206 0.214867 0.815882 0.428822 0.00931308
10 0.456556 0.102219 0.801903 0.217032 0.00853729
