4 0.420025 0.249011 0.0995128 0.0775537 0.760934
4 0.45851 0.238755 0.0443778 0.0592879 0.592286
4 0.27489 0.222772 0.0253596 0.0381671 0.206479
4 0.277962 0.220576 0.0250653 0.0395937 0.206093
10 0.804474 0.364997 0.0456889 0.080888 0.171574
4 0.330646 0.211138 0.0443271 0.0574107 0.166505
10 0.79246 0.363498 0.0332652 0.076512 0.157847
4 0.512151 0.240151 0.0317115 0.0284329 0.154325
10 0.816599 0.365724 0.035133 0.0767443 0.125961
10 0.81703 0.362255 0.0326418 0.0733074 0.122067
4 0.561095 0.235649 0.0313891 0.0306501 0.121233
11 0.962499 0.311865 0.0760208 0.264171 0.106399
4 0.445963 0.232342 0.0421336 0.0512812 0.100562
4 0.323338 0.209859 0.0540032 0.0625883 0.099343
10 0.107878 0.271256 0.0272825 0.0539707 0.0980377
11 0.0434812 0.940196 0.0881768 0.113567 0.0967386
11 0.965043 0.284032 0.0716105 0.205133 0.0955919
4 0.555524 0.235492 0.0279854 0.0286134 0.0885724
4 0.437357 0.240022 0.044824 0.0645129 0.0879788
10 0.789279 0.362937 0.0364001 0.0807102 0.0856731
4 0.261364 0.221286 0.0236404 0.0432742 0.0790948
10 0.793343 0.357105 0.0237892 0.0572272 0.0751059
6 0.0459301 0.856143 0.0923399 0.277393 0.0743156
4 0.26409 0.222149 0.0335759 0.0500688 0.0740056
10 0.270057 0.216832 0.0185731 0.0421242 0.0726957
6 0.0442594 0.902454 0.0908021 0.186448 0.0719537
4 0.292137 0.318221 0.0387395 0.0744756 0.0706045
4 0.25367 0.224691 0.0239654 0.0393998 0.070032
10 0.107264 0.27073 0.0214807 0.0524607 0.0681881
4 0.424362 0.245446 0.0850118 0.0805126 0.063363
10 0.789942 0.366481 0.0351124 0.0741146 0.0610034
4 0.288841 0.301766 0.0401145 0.11015 0.0600979
4 0.314586 0.217168 0.0415939 0.0512843 0.0594511
4 0.48619 0.231191 0.0438447 0.0551132 0.0589956
6 0.0648271 0.918309 0.130598 0.156908 0.0587383
4 0.31308 0.218628 0.0190018 0.0395786 0.0583681
10 0.120566 0.271055 0.0249155 0.0530018 0.0576747
11 0.793809 0.417641 0.151726 0.0583277 0.0564218
6 0.074474 0.94128 0.148678 0.11067 0.0554442
6 0.0801345 0.737382 0.158693 0.502615 0.0547599
11 0.96283 0.383001 0.0754851 0.421448 0.0546953
4 0.257856 0.227147 0.019151 0.038043 0.0542688
6 0.0404198 0.784783 0.0816404 0.413414 0.0539825
4 0.442766 0.243317 0.0462633 0.0715677 0.0535941
4 0.538682 0.23858 0.0294415 0.029783 0.0530436
6 0.0302458 0.743428 0.0612492 0.492236 0.0525952
11 0.914549 0.390492 0.167368 0.179752 0.0520014
4 0.296106 0.218742 0.0643888 0.0467346 0.0512023
6 0.0612144 0.875392 0.123225 0.240068 0.0510558
10 0.0998913 0.274295 0.0231117 0.0552963 0.0509223
4 0.534607 0.238486 0.0329849 0.0280087 0.0508975
4 0.449531 0.245018 0.0840686 0.075777 0.050621
10 0.801509 0.356647 0.0237108 0.05709 0.0500302
11 0.967285 0.278204 0.0681739 0.18173 0.0490293
4 0.537504 0.237612 0.0294901 0.028922 0.0484806
10 0.58823 0.237459 0.029678 0.0325868 0.0480157
4 0.538733 0.23384 0.0632337 0.0362492 0.0479133
4 0.533833 0.235006 0.0326854 0.02992 0.0476359
4 0.573075 0.23827 0.0296853 0.0304694 0.0474341
4 0.305234 0.220053 0.0447663 0.0430011 0.0472052
4 0.390414 0.248275 0.0673134 0.0746015 0.0455061
10 0.802326 0.348781 0.0516495 0.115815 0.0444068
1 0.50083 0.504002 0.98531 0.978845 0.0441182
4 0.39146 0.230577 0.040049 0.0406355 0.0440524
4 0.310488 0.221433 0.0262518 0.0359969 0.0438442
4 0.541655 0.227364 0.0492149 0.0530261 0.0438097
1 0.499315 0.654196 0.987689 0.679526 0.0434382
4 0.283962 0.290553 0.0337758 0.0851381 0.0428122
1 0.160034 0.502041 0.316843 0.981404 0.0425469
10 0.127928 0.270837 0.0182387 0.0499995 0.0423943
10 0.486707 0.231456 0.0176792 0.0540882 0.0423571
10 0.491698 0.222638 0.0206764 0.063655 0.0422473
4 0.295458 0.314859 0.037915 0.0865043 0.0422451
6 0.0770074 0.748127 0.153407 0.483515 0.041462
6 0.0675329 0.831472 0.135054 0.323533 0.0403211
4 0.577652 0.234623 0.0325381 0.0345601 0.040293
10 0.384122 0.217348 0.0305839 0.0513995 0.0401271
10 0.501365 0.216581 0.0275255 0.0713802 0.0400844
4 0.388809 0.248518 0.0476114 0.0699774 0.0397696
11 0.811717 0.421963 0.109023 0.0612814 0.0393326
4 0.419837 0.209591 0.102956 0.050942 0.0383002
10 0.500611 0.228066 0.0394888 0.0497848 0.03826
4 0.285544 0.322953 0.0367139 0.0700942 0.037992
4 0.55314 0.226517 0.0475639 0.0515695 0.0378386
10 0.497398 0.223629 0.0313799 0.0594583 0.0376664
6 0.0157325 0.730383 0.0323698 0.485045 0.0376124
10 0.498416 0.235797 0.0150272 0.0446152 0.0375325
4 0.476936 0.240932 0.0419542 0.065211 0.0372953
4 0.533588 0.228515 0.0695355 0.0522043 0.0371414
1 0.0803915 0.578848 0.160097 0.815698 0.0370515
1 0.0952494 0.706046 0.18991 0.560945 0.0367232
4 0.292937 0.216277 0.0614934 0.0521554 0.0366728
4 0.508106 0.223373 0.038436 0.0604234 0.0363844
11 0.882894 0.414303 0.228697 0.185898 0.0363178
4 0.297127 0.21738 0.0589466 0.0465385 0.0363041
10 0.492366 0.0419491 0.186261 0.0819028 0.0354714
11 0.917389 0.401632 0.165492 0.251315 0.0351634
1 0.167759 0.503178 0.333223 0.976391 0.0351371
7 0.448687 0.552536 0.0739387 0.060707 0.0350343
10 0.830326 0.360098 0.0322081 0.0754931 0.0345166
4 0.378361 0.214316 0.0441704 0.0584205 0.0344792
10 0.493481 0.216834 0.0313268 0.0757662 0.0333356
4 0.296849 0.22322 0.0145835 0.0397 0.0332665
1 0.0706114 0.699005 0.142525 0.430596 0.0330594
10 0.0943734 0.787627 0.0651982 0.194634 0.0325664
6 0.987656 0.344621 0.0240894 0.312173 0.032544
1 0.368697 0.502551 0.741747 0.985506 0.032445
1 0.0856805 0.634961 0.171815 0.695321 0.032294
11 0.818942 0.423853 0.0961721 0.0538618 0.0321252
10 0.0847894 0.789028 0.0555266 0.191888 0.0319122
6 0.950387 0.435289 0.0985954 0.199332 0.0318713
11 0.988165 0.257014 0.0239374 0.126389 0.031568
11 0.986867 0.404611 0.0279406 0.134651 0.0312536
1 0.071865 0.510813 0.146761 0.949606 0.0311416
1 0.498384 0.617186 0.990199 0.756193 0.0307076
6 0.989652 0.418563 0.0207556 0.278937 0.0304978
7 0.925009 0.609087 0.0716936 0.237361 0.0303017
4 0.422989 0.213942 0.0983501 0.0390312 0.0302352
6 0.0136439 0.697185 0.0279026 0.468217 0.030205
11 0.856666 0.479388 0.281225 0.30936 0.0301984
11 0.987397 0.268602 0.025275 0.160954 0.0301301
10 0.775421 0.365474 0.035232 0.0775951 0.0299873
6 0.987357 0.429266 0.0269281 0.147661 0.0298687
10 0.780674 0.370961 0.0371274 0.0818392 0.0297741
1 0.499098 0.590809 0.989439 0.811171 0.0297562
10 0.00885273 0.648995 0.0181022 0.544597 0.0291612
11 0.832286 0.566057 0.287065 0.393229 0.0290279
6 0.987646 0.32935 0.0247231 0.236294 0.028936
11 0.831392 0.663545 0.323259 0.660254 0.028895
4 0.240687 0.219773 0.0406852 0.0439648 0.0288354
7 0.791339 0.443012 0.0443443 0.0744797 0.0286297
6 0.98854 0.410779 0.023114 0.202308 0.0285395
10 0.421423 0.0397947 0.0985941 0.0683676 0.0284601
6 0.987258 0.419272 0.0270697 0.192169 0.028424
1 0.499271 0.674248 0.983264 0.640805 0.0283616
11 0.824297 0.425834 0.100967 0.0611165 0.0283427
6 0.985308 0.428078 0.0288431 0.468786 0.0279816
4 0.610493 0.245512 0.0297476 0.0543761 0.0279099
10 0.491056 0.242655 0.0151045 0.0349604 0.0278309
10 0.37278 0.221138 0.0378501 0.0627087 0.0277605
1 0.106211 0.767297 0.123649 0.245926 0.0276831
10 0.0102305 0.666093 0.0209027 0.521697 0.0276827
6 0.960646 0.480224 0.0812288 0.339293 0.0275856
10 0.0512993 0.658031 0.105151 0.584305 0.027554
11 0.758597 0.418974 0.0740995 0.0526441 0.0273104
7 0.557702 0.659885 0.0728747 0.160123 0.0269935
1 0.500503 0.688685 0.983822 0.612006 0.0268776
1 0.0177607 0.521169 0.038472 0.918797 0.0267179
11 0.0160073 0.944974 0.0331213 0.102871 0.0266389
6 0.10181 0.825904 0.202961 0.335051 0.0265298
11 0.809737 0.432376 0.178684 0.0850136 0.0264888
6 0.948417 0.679632 0.109293 0.623272 0.0264883
10 0.0181716 0.520891 0.0376419 0.919815 0.0264385
4 0.296722 0.220555 0.0417562 0.0407938 0.0264352
10 0.777173 0.355573 0.0280965 0.0680996 0.0264093
10 0.095112 0.78507 0.0674846 0.198581 0.0262806
11 0.989405 0.293476 0.0224258 0.189011 0.0261442
10 0.00725562 0.599694 0.0150106 0.345739 0.0260469
10 0.477508 0.217641 0.0236411 0.0319173 0.0260318
6 0.988171 0.401293 0.0227448 0.184834 0.0257622
11 0.988942 0.267589 0.0219143 0.151722 0.0255502
1 0.502588 0.503156 0.967122 0.971522 0.0254178
1 0.465438 0.504043 0.926384 0.988314 0.0250331
10 0.15514 0.694695 0.308794 0.590804 0.0249306
6 0.971816 0.576364 0.0574646 0.798168 0.0249178
10 0.275182 0.317214 0.0339983 0.0771817 0.0248084
10 0.532612 0.0461108 0.12366 0.093874 0.0244823
11 0.927814 0.345005 0.14537 0.455521 0.0243731
4 0.354695 0.245471 0.0327849 0.0372953 0.024342
4 0.300367 0.291247 0.0408225 0.122332 0.024332
10 0.149393 0.281563 0.0270823 0.0390478 0.0241675
10 0.831348 0.357033 0.0307622 0.070381 0.0241567
10 0.362664 0.217686 0.0315258 0.0808401 0.0240613
4 0.408986 0.212699 0.0298363 0.0441009 0.0240547
4 0.354101 0.207518 0.0416824 0.0625092 0.0240008
11 0.761538 0.424797 0.0784175 0.0611077 0.0239856
6 0.9877 0.407184 0.025076 0.143713 0.0238096
7 0.0137658 0.938893 0.0273815 0.114031 0.0236103
11 0.770361 0.419066 0.0839053 0.054009 0.0234344
6 0.094181 0.8163 0.152101 0.335345 0.0234143
4 0.359636 0.221693 0.0349097 0.0617914 0.0234104
6 0.0999904 0.898657 0.201306 0.192927 0.0233889
11 0.79487 0.434892 0.158359 0.0955673 0.0233712
4 0.364175 0.238799 0.0306499 0.0510437 0.0232537
11 0.761198 0.416619 0.0784462 0.0499969 0.0232172
1 0.501092 0.659045 0.987535 0.677505 0.0230979
6 0.925984 0.630778 0.0755877 0.279718 0.022768
10 0.0778736 0.794231 0.055962 0.187202 0.0223462
4 0.481923 0.243892 0.0207186 0.0476424 0.0223451
4 0.342996 0.243509 0.0357834 0.034776 0.0222219
10 0.145797 0.292658 0.0409749 0.0696125 0.022177
10 0.203187 0.691909 0.402724 0.595428 0.0221477
1 0.175023 0.748797 0.347748 0.485338 0.0220126
4 0.354848 0.211913 0.0717928 0.0611646 0.0218083
4 0.366967 0.232698 0.0353809 0.057603 0.0216811
11 0.784244 0.437232 0.141869 0.081325 0.0216781
11 0.876823 0.532256 0.246458 0.383263 0.0216576
1 0.499662 0.551114 0.985977 0.879403 0.0206221
4 0.211415 0.225762 0.0480427 0.0542684 0.0205377
10 0.772937 0.0485431 0.210688 0.098623 0.0204955
4 0.372611 0.244407 0.0548002 0.0769924 0.0203612
4 0.633447 0.248577 0.0528727 0.0513295 0.0203558
6 0.31972 0.395847 0.0508977 0.0650557 0.0203246
4 0.271084 0.303041 0.0363309 0.104005 0.0201319
7 0.447603 0.486952 0.0715742 0.219739 0.0200894
1 0.11332 0.503194 0.229884 0.964482 0.0198726
1 0.499905 0.742759 0.986993 0.503768 0.0196091
7 0.805565 0.443264 0.0509597 0.0763818 0.019518
10 0.447733 0.194512 0.0475236 0.0682037 0.0194937
11 0.104942 0.968414 0.203833 0.0567776 0.0193011
10 0.774753 0.346438 0.0311726 0.112824 0.0190672
10 0.840424 0.353195 0.0289558 0.0669726 0.0188889
7 0.0989309 0.975479 0.0851255 0.040197 0.0185513
6 0.659948 0.688128 0.0992961 0.158794 0.018415
11 0.985426 0.21174 0.029896 0.0537684 0.0183856
4 0.531009 0.223121 0.0379355 0.0633614 0.0183844
1 0.12273 0.745019 0.0993056 0.198433 0.0183295
10 0.62515 0.240919 0.0241465 0.0509769 0.0182644
10 0.771603 0.356444 0.0290346 0.0704314 0.0181796
6 0.867863 0.678959 0.261935 0.62896 0.018075
1 0.120785 0.503189 0.252274 0.973314 0.0180747
1 0.123967 0.515643 0.257314 0.946228 0.0180745
10 0.0952578 0.791223 0.0667996 0.191181 0.0176952
10 0.888097 0.226497 0.228846 0.450749 0.0176577
1 0.398746 0.506486 0.797045 0.97428 0.0176549
1 0.502084 0.689803 0.985279 0.607954 0.0175695
10 0.142836 0.605233 0.288488 0.769408 0.0175374
10 0.728079 0.0505225 0.125648 0.103536 0.0174946
6 0.0585871 0.927918 0.120661 0.140487 0.0173827
1 0.130022 0.72081 0.0832152 0.14156 0.0173768
6 0.762088 0.444092 0.0673646 0.0844005 0.0173729
11 0.820849 0.457459 0.211412 0.128582 0.0173352
1 0.0918366 0.505314 0.187375 0.966015 0.0173292
1 0.505509 0.79075 0.976446 0.4094 0.0172682
3 0.725114 0.503409 0.555265 0.971326 0.017003
10 0.637444 0.230862 0.0240611 0.0655269 0.0169484
10 0.258458 0.592548 0.516604 0.792968 0.016894
6 0.354041 0.374259 0.0407523 0.0608119 0.0168658
9 0.483412 0.250806 0.0240008 0.0611844 0.01677
4 0.211021 0.227332 0.0357874 0.0537381 0.0167314
1 0.0553899 0.594845 0.115988 0.22745 0.0166864
10 0.534312 0.222356 0.0306988 0.0655127 0.0166201
10 0.0914404 0.802496 0.0591117 0.180079 0.0166182
1 0.704681 0.667282 0.580622 0.663083 0.0164946
10 0.900085 0.322068 0.202222 0.625977 0.0164911
1 0.718294 0.663086 0.56051 0.671311 0.0163616
10 0.218353 0.311275 0.0566923 0.236493 0.0163177
3 0.758144 0.21119 0.47622 0.41841 0.0158921
10 0.860841 0.0415577 0.179093 0.0884152 0.0158916
1 0.673098 0.715487 0.643152 0.567744 0.0158099
1 0.512953 0.784105 0.966659 0.41967 0.0157735
10 0.0713157 0.802001 0.0514628 0.178036 0.0157155
1 0.37306 0.586462 0.748634 0.803874 0.0157088
10 0.268101 0.309824 0.0374316 0.097687 0.0155895
3 0.760284 0.230143 0.481102 0.452679 0.0151265
4 0.238066 0.264384 0.0461314 0.136235 0.0150093
1 0.584934 0.72654 0.561225 0.532968 0.0148989
1 0.503306 0.502371 0.984553 0.977594 0.0147455
10 0.467083 0.193977 0.0335524 0.0666577 0.0146799
10 0.866248 0.0438879 0.195742 0.0933287 0.0146397
4 0.314987 0.237549 0.0403458 0.0506143 0.0146302
6 0.880468 0.630167 0.172095 0.467463 0.0146058
10 0.511545 0.0400199 0.537331 0.0814436 0.0145921
1 0.552607 0.896638 0.40917 0.203635 0.0145063
3 0.749873 0.585119 0.501894 0.81576 0.0142076
10 0.619007 0.0465123 0.684739 0.107612 0.0140524
10 0.659165 0.040605 0.616074 0.0953715 0.0139941
6 0.369657 0.366524 0.0386419 0.0717576 0.0138595
1 0.534761 0.798185 0.939256 0.388009 0.0134983
1 0.512731 0.684491 0.770524 0.578596 0.0134916
1 0.513138 0.687859 0.967322 0.59595 0.0133874
10 0.919582 0.242053 0.170573 0.476765 0.013381
1 0.502984 0.612863 0.981221 0.762445 0.0132896
6 0.898124 0.688963 0.158783 0.559994 0.0132487
1 0.524606 0.750421 0.908096 0.467769 0.0131438
10 0.0653699 0.812635 0.0660153 0.174449 0.0130983
3 0.733712 0.394864 0.539937 0.77386 0.0126782
10 0.121094 0.0272043 0.0956501 0.0518114 0.0126186
4 0.636243 0.249702 0.0777339 0.0559249 0.0125714
1 0.603889 0.726325 0.377108 0.513239 0.0125358
4 0.484995 0.232929 0.244026 0.144497 0.0123324
3 0.865642 0.823653 0.269238 0.345595 0.0123264
1 0.567137 0.647611 0.524137 0.687998 0.0121344
7 0.450072 0.506884 0.0817427 0.278054 0.0118622
1 0.459545 0.600706 0.6417 0.771202 0.0115169
4 0.433114 0.221959 0.23291 0.176403 0.0109807
10 0.939001 0.393048 0.13194 0.751454 0.0108849
3 0.825514 0.821245 0.286076 0.345708 0.0108153
2 0.774499 0.190743 0.162957 0.380633 0.0104847
10 0.10564 0.0253454 0.13344 0.0493604 0.0104132
10 0.671379 0.175904 0.275874 0.323905 0.0103257
3 0.175443 0.351094 0.338286 0.648428 0.0102329
3 0.568701 0.144134 0.872988 0.287005 0.0101718
11 0.687827 0.302871 0.088479 0.121031 0.0100431
10 0.633333 0.136471 0.805599 0.273058 0.00949787
3 0.720234 0.189969 0.327325 0.379115 0.00932901
10 0.654614 0.250076 0.462304 0.47221 0.00927195
10 0.514921 0.125763 0.98716 0.249363 0.00922987
10 0.0312119 0.118933 0.251856 0.238774 0.00896708
10 0.42305 0.00852473 0.620734 0.0137148 0.00884506
