6 0.699285 0.370084 0.102209 0.304472 0.796819
10 0.494707 0.0870256 0.0643486 0.176381 0.770588
6 0.518691 0.332817 0.109529 0.243994 0.750138
6 0.280883 0.271794 0.100756 0.164311 0.650767
6 0.355574 0.219511 0.0958686 0.198492 0.649034
10 0.160255 0.85871 0.0437744 0.116991 0.585737
6 0.123926 0.519281 0.0770278 0.275346 0.546204
10 0.716106 0.165786 0.0886464 0.134717 0.511646
2 0.762155 0.234458 0.0242373 0.0836249 0.502801
11 0.370573 0.484739 0.238189 0.336062 0.479552
11 0.459146 0.274212 0.160615 0.246978 0.449584
11 0.785107 0.327113 0.202243 0.332818 0.447302
10 0.125921 0.79489 0.0373287 0.0960322 0.423578
2 0.740019 0.264582 0.0292124 0.0851712 0.351949
6 0.465058 0.917102 0.181124 0.165395 0.350591
11 0.31622 0.190643 0.170894 0.283802 0.309603
6 0.59353 0.618235 0.128423 0.363396 0.301309
6 0.596124 0.619729 0.135006 0.364633 0.294149
7 0.43097 0.23567 0.0234644 0.0490305 0.252186
6 0.0630529 0.517607 0.105982 0.178263 0.2473
6 0.335994 0.226604 0.0722254 0.178149 0.246387
11 0.284293 0.25545 0.118536 0.195089 0.23024
2 0.00630935 0.239116 0.0134373 0.100205 0.21399
7 0.833936 0.263402 0.0300772 0.099026 0.201112
10 0.232579 0.734662 0.294499 0.402311 0.199578
10 0.454718 0.0949004 0.0423317 0.149228 0.199374
7 0.309329 0.421189 0.0241993 0.0435791 0.18934
2 0.953276 0.941201 0.0628228 0.117816 0.178588
7 0.675777 0.618532 0.0322861 0.0752039 0.177929
6 0.209351 0.920475 0.106291 0.161109 0.177241
2 0.114183 0.228338 0.04118 0.0846857 0.17655
10 0.96737 0.812131 0.0662415 0.372929 0.176051
2 0.0668011 0.262328 0.0344695 0.0790669 0.171029
6 0.427887 0.513268 0.12577 0.278598 0.166771
6 0.902801 0.283403 0.121521 0.210283 0.160358
2 0.847825 0.271344 0.023555 0.0753332 0.159372
6 0.464424 0.962422 0.184522 0.0740437 0.156278
10 0.0133122 0.72138 0.0269938 0.196846 0.156102
2 0.00439318 0.210898 0.00909977 0.0717423 0.155782
2 0.838799 0.276269 0.0243514 0.0784677 0.153056
2 0.74994 0.231126 0.0236746 0.0841135 0.150635
11 0.126593 0.275496 0.103658 0.189561 0.150367
2 0.773199 0.236392 0.0220222 0.0834553 0.145161
7 0.317609 0.42122 0.0244145 0.0449972 0.13817
10 0.930618 0.812353 0.138529 0.373347 0.13471
2 0.156571 0.470381 0.0279387 0.0616204 0.133957
2 0.0174967 0.0960895 0.0326644 0.0843976 0.132103
6 0.082935 0.300427 0.0666305 0.165703 0.128985
7 0.683302 0.604451 0.0370772 0.100185 0.127708
10 0.887797 0.410102 0.148082 0.468793 0.12687
2 0.0184917 0.0963547 0.0346418 0.0845441 0.125934
2 0.744128 0.237497 0.0226671 0.0897607 0.125525
2 0.752334 0.257801 0.027566 0.0841334 0.123901
6 0.426882 0.305978 0.092141 0.188134 0.121955
10 0.440117 0.0897413 0.0623158 0.179899 0.12112
2 0.280423 0.558464 0.0154173 0.0310872 0.120903
6 0.499391 0.964615 0.115968 0.0717911 0.120289
7 0.734437 0.264661 0.0271108 0.077993 0.118712
7 0.682546 0.602451 0.0383345 0.103135 0.11813
10 0.902956 0.318054 0.12512 0.288877 0.118129
10 0.886097 0.349582 0.152467 0.352994 0.11266
10 0.0115446 0.781502 0.024534 0.270353 0.11212
7 0.806169 0.215398 0.0241219 0.0427275 0.110852
6 0.433531 0.33938 0.0706953 0.129095 0.11058
2 0.0464855 0.121245 0.0266084 0.0509999 0.110283
6 0.00941173 0.48894 0.0188526 0.135603 0.108263
2 0.749575 0.164819 0.0340623 0.0830285 0.105684
10 0.199998 0.682589 0.381391 0.623847 0.104487
11 0.00546433 0.267495 0.0117628 0.093774 0.102625
7 0.869622 0.322065 0.0259113 0.0563605 0.10135
6 0.0143909 0.484189 0.0296219 0.125846 0.101164
10 0.961238 0.543812 0.075052 0.901456 0.100017
6 0.0402908 0.53197 0.0541078 0.0955572 0.0997912
11 0.0153764 0.354729 0.0326346 0.327233 0.0989464
7 0.872061 0.322308 0.0225122 0.0526643 0.0987127
10 0.00795176 0.611308 0.0158194 0.406646 0.0975801
7 0.826301 0.267409 0.0283726 0.0937777 0.0970774
7 0.418184 0.234448 0.0210496 0.0470728 0.0962801
11 0.0785127 0.296751 0.154239 0.259398 0.0960691
10 0.00773549 0.64499 0.014535 0.333245 0.0957378
6 0.114986 0.558353 0.0557172 0.201334 0.0953944
11 0.318781 0.15012 0.16578 0.203179 0.093532
10 0.29054 0.786608 0.0708116 0.126753 0.0929962
6 0.347946 0.260284 0.0677232 0.120434 0.0916814
6 0.337357 0.249052 0.068143 0.149003 0.0911443
7 0.267536 0.198324 0.0368833 0.048664 0.0897392
2 0.776067 0.235632 0.023292 0.0862402 0.0893165
6 0.308848 0.263428 0.0764314 0.16768 0.0892688
2 0.857081 0.260309 0.0241421 0.0891906 0.0884904
6 0.399762 0.967204 0.310506 0.0658323 0.0873249
10 0.467326 0.0954212 0.034943 0.141719 0.0867992
11 0.471043 0.236375 0.143939 0.165925 0.0866715
2 0.0987607 0.229124 0.0352379 0.0900786 0.0864367
2 0.0296364 0.154149 0.0177665 0.0359811 0.0857323
6 0.972269 0.852448 0.0565075 0.301454 0.0850621
10 0.921545 0.942474 0.123012 0.115523 0.0845844
2 0.0653734 0.149588 0.0326192 0.0732904 0.084581
6 0.428394 0.548388 0.118136 0.205139 0.0836286
10 0.985316 0.799624 0.0293249 0.356448 0.083552
7 0.723553 0.266414 0.0290764 0.0800057 0.0835179
7 0.873364 0.318467 0.0262314 0.0572143 0.0828266
6 0.936462 0.249899 0.0494937 0.13429 0.0822082
6 0.934718 0.941907 0.117983 0.117883 0.0821124
6 0.263936 0.277325 0.0744853 0.145119 0.081667
11 0.0524409 0.137706 0.0629374 0.13478 0.0815292
2 0.00945015 0.209199 0.0165003 0.0405945 0.0804881
10 0.00690699 0.466519 0.0135745 0.159263 0.0799157
6 0.134049 0.442197 0.0695532 0.127517 0.0797075
2 0.121559 0.214745 0.0330924 0.0657176 0.0795146
7 0.437089 0.226667 0.0302171 0.0684239 0.0794569
11 0.0125578 0.760385 0.0251207 0.131681 0.0793697
7 0.858181 0.232505 0.0181623 0.0412055 0.0792394
6 0.385312 0.205969 0.0809413 0.196825 0.078012
6 0.0406955 0.526747 0.0515694 0.086934 0.077549
7 0.797821 0.236202 0.0397984 0.0644059 0.0775092
10 0.00721112 0.504946 0.0160365 0.160817 0.0771901
6 0.889884 0.283689 0.0910702 0.161259 0.0763454
6 0.0651322 0.554574 0.120946 0.276641 0.075626
10 0.861851 0.57056 0.232085 0.856256 0.0750591
7 0.482567 0.224705 0.0192528 0.0584855 0.0740466
11 0.0343751 0.143579 0.0664525 0.165109 0.0731108
6 0.39331 0.21432 0.0708088 0.194284 0.0728634
6 0.376992 0.21766 0.0699605 0.195142 0.0716096
10 0.733817 0.16536 0.0359104 0.0848812 0.0713469
2 0.0911411 0.10982 0.0183436 0.0458219 0.0712752
7 0.83268 0.240979 0.0285482 0.064586 0.0706913
10 0.861293 0.541422 0.203197 0.755354 0.0705126
7 0.856747 0.272886 0.0209001 0.070551 0.0704692
6 0.326065 0.256579 0.0663697 0.138799 0.0703065
2 0.288884 0.558744 0.0152039 0.0312856 0.0701292
10 0.0121039 0.531547 0.0256128 0.240601 0.0697462
10 0.934923 0.89678 0.128308 0.208671 0.0689536
2 0.306321 0.0786367 0.0212554 0.0406083 0.0686302
2 0.753137 0.253239 0.018711 0.0827507 0.0681132
6 0.990659 0.715125 0.0199831 0.175462 0.0675654
10 0.992327 0.679652 0.0178354 0.242353 0.0671133
6 0.0635104 0.291663 0.0357539 0.133349 0.066835
10 0.920506 0.570998 0.143648 0.859801 0.0665387
6 0.328337 0.250587 0.0911949 0.178051 0.0662057
11 0.0106306 0.221282 0.0217004 0.0686155 0.0661816
7 0.797163 0.209304 0.0168968 0.0290977 0.0654532
6 0.364282 0.229382 0.0680073 0.183869 0.065397
2 0.0245073 0.430061 0.0144598 0.0398656 0.0648352
6 0.264652 0.280587 0.0857125 0.14666 0.0644925
10 0.57439 0.115459 0.0551749 0.140825 0.0642623
10 0.00707584 0.850503 0.0158666 0.160283 0.0642344
6 0.109504 0.354863 0.127823 0.315578 0.0641707
10 0.903287 0.353598 0.126669 0.369724 0.063924
6 0.936702 0.234479 0.0484928 0.103128 0.0627288
6 0.302468 0.254579 0.0726721 0.166028 0.0624743
7 0.864877 0.266195 0.0201223 0.0760579 0.0624463
2 0.100528 0.209813 0.0236267 0.0528355 0.0623387
7 0.773621 0.16948 0.0285444 0.0646372 0.062136
6 0.695263 0.403202 0.0872229 0.223826 0.0619987
11 0.111816 0.286406 0.136625 0.179497 0.0619192
10 0.993937 0.651756 0.0137966 0.235411 0.0617624
2 0.166872 0.467575 0.0251652 0.0645929 0.0616045
7 0.810895 0.228943 0.0277229 0.0701151 0.0613705
2 0.25876 0.163416 0.0226463 0.0510853 0.0611773
10 0.00863323 0.405855 0.0196336 0.376984 0.0605709
6 0.289763 0.249049 0.0872422 0.208752 0.0598889
7 0.192704 0.0777316 0.0201624 0.0284049 0.0598775
2 0.274014 0.162023 0.0195656 0.0464898 0.0595536
6 0.338656 0.230052 0.095058 0.195975 0.0594708
6 0.069888 0.282764 0.0443356 0.119698 0.0593675
10 0.747986 0.505728 0.439818 0.806324 0.0589901
11 0.183914 0.961372 0.356217 0.0781716 0.0588705
2 0.0664576 0.255807 0.0300992 0.0704412 0.0588456
7 0.242773 0.675874 0.0430276 0.113384 0.058512
7 0.822988 0.272585 0.0273813 0.0816496 0.0577763
10 0.988275 0.590779 0.0233687 0.808585 0.0573314
7 0.283646 0.192398 0.0164945 0.0442667 0.057316
6 0.489354 0.119763 0.0549457 0.106451 0.0572505
6 0.293166 0.251659 0.0963759 0.192129 0.0572143
7 0.864918 0.253574 0.0269609 0.0824457 0.0557635
10 0.0822706 0.953862 0.163987 0.0925764 0.0554614
2 0.236887 0.157264 0.0346519 0.064196 0.0546837
10 0.011765 0.901442 0.0250853 0.195175 0.0545643
7 0.299933 0.422362 0.0213372 0.0417571 0.0542752
6 0.363978 0.171345 0.0652989 0.144281 0.0537048
7 0.868527 0.258126 0.0256737 0.0847516 0.0536993
2 0.106867 0.207386 0.0221812 0.0506977 0.0534469
10 0.753809 0.528564 0.467883 0.925482 0.0534359
10 0.0101647 0.570949 0.0211014 0.316399 0.0521293
11 0.25607 0.919997 0.227446 0.161593 0.0519492
6 0.00956141 0.758778 0.020183 0.151446 0.0515133
6 0.103716 0.513912 0.0619974 0.20247 0.0514863
7 0.755089 0.170013 0.0251205 0.0710475 0.0513422
10 0.416885 0.0905065 0.0415138 0.172125 0.0512813
6 0.416889 0.224802 0.0869795 0.193518 0.051219
6 0.887747 0.286969 0.0959637 0.15984 0.0511516
2 0.057974 0.143279 0.0481276 0.0964697 0.0509959
7 0.816801 0.211365 0.0240931 0.0345833 0.0507595
6 0.119645 0.963333 0.232599 0.0745674 0.0505901
10 0.982176 0.463453 0.0321737 0.876016 0.0494859
10 0.895588 0.36639 0.196353 0.698021 0.0494553
11 0.810692 0.410122 0.309395 0.567511 0.0493642
7 0.807311 0.231575 0.0394075 0.0713748 0.0491096
10 0.0141988 0.444725 0.0253966 0.0776975 0.0489668
10 0.98463 0.405566 0.0273333 0.782156 0.0476313
10 0.988184 0.445847 0.0205994 0.651277 0.0468548
6 0.305883 0.261906 0.0675826 0.158312 0.0467372
7 0.49607 0.209664 0.014937 0.038007 0.0461613
2 0.013886 0.0976525 0.0287675 0.086679 0.0461202
10 0.056053 0.870773 0.111258 0.255259 0.0458026
11 0.140079 0.932148 0.26766 0.138185 0.0455486
6 0.0658687 0.50819 0.0552731 0.118146 0.0453981
2 0.299255 0.774859 0.0427752 0.101678 0.045218
6 0.316107 0.221486 0.066664 0.169046 0.0450936
11 0.0979677 0.225193 0.19674 0.447971 0.0448273
7 0.658784 0.615342 0.0301282 0.0767505 0.0448179
6 0.394247 0.196556 0.0750484 0.189028 0.0439103
2 0.518765 0.965637 0.0672612 0.070059 0.0433873
6 0.334066 0.201735 0.0602626 0.149994 0.0433306
10 0.140373 0.857713 0.0406588 0.112259 0.0432383
10 0.56833 0.190664 0.134524 0.326193 0.0428011
6 0.0345478 0.95398 0.0693674 0.0931597 0.0425913
6 0.255587 0.27723 0.0783029 0.14688 0.0423469
6 0.301493 0.241767 0.0823266 0.18798 0.0421413
11 0.347249 0.402067 0.167646 0.153562 0.0418983
2 0.95032 0.970714 0.0437489 0.0581591 0.0415335
6 0.368559 0.160253 0.054758 0.125111 0.0415058
11 0.374262 0.178286 0.320676 0.342873 0.0413033
6 0.896615 0.294009 0.10999 0.219197 0.0412652
2 0.739471 0.226372 0.0223777 0.0794199 0.0412378
10 0.116001 0.794921 0.0347215 0.0979912 0.0411087
10 0.84021 0.436462 0.250693 0.569331 0.0406604
6 0.361847 0.170655 0.0759132 0.137528 0.0406163
6 0.529859 0.918219 0.325747 0.16684 0.0400346
2 0.108552 0.22643 0.0405913 0.0838894 0.0397289
6 0.712152 0.366269 0.0963044 0.30436 0.0396811
2 0.127801 0.208263 0.0252978 0.0522703 0.0395988
10 0.395582 0.0958965 0.040319 0.169441 0.0393488
10 0.865869 0.309155 0.210762 0.321482 0.0392634
6 0.0916898 0.418357 0.0501108 0.0781283 0.0387601
2 0.782584 0.234026 0.0237263 0.0828038 0.0386923
11 0.43519 0.270491 0.144676 0.216258 0.0384576
11 0.25479 0.189714 0.123907 0.259973 0.038414
6 0.406446 0.24976 0.0906071 0.171843 0.0382634
2 0.0656173 0.159397 0.0315475 0.0630928 0.0381607
10 0.986398 0.371706 0.0232721 0.715679 0.0381243
6 0.377242 0.182082 0.0665809 0.157421 0.0378851
6 0.89541 0.292199 0.10599 0.15683 0.0376041
6 0.686531 0.41415 0.0837105 0.197046 0.0368733
6 0.41906 0.262935 0.083657 0.220109 0.0367378
6 0.459501 0.348625 0.0546309 0.11539 0.036524
10 0.579747 0.260592 0.385531 0.490554 0.0363554
6 0.319505 0.246228 0.0642856 0.160612 0.0360519
7 0.869763 0.224539 0.0196341 0.0457984 0.0358447
10 0.184806 0.907227 0.367704 0.186337 0.0357928
7 0.802998 0.224606 0.0198664 0.0694441 0.0354761
6 0.38417 0.295036 0.150022 0.301307 0.0354204
2 0.075466 0.0733458 0.0155033 0.0375369 0.0350882
11 0.255186 0.269416 0.14868 0.170111 0.0344192
10 0.164748 0.850637 0.328275 0.301446 0.0343109
7 0.77309 0.19254 0.0240534 0.027874 0.0339325
6 0.410045 0.333224 0.0771483 0.143457 0.0335866
6 0.146389 0.543374 0.0559777 0.183111 0.0335758
10 0.936173 0.475118 0.080467 0.606492 0.0335325
6 0.304467 0.238874 0.076989 0.166084 0.0330095
11 0.77954 0.32746 0.181035 0.307166 0.0330053
7 0.791006 0.174018 0.0287217 0.0720089 0.0327094
6 0.689145 0.63688 0.301419 0.402587 0.0324084
2 0.072332 0.251637 0.0253534 0.0636302 0.0322622
6 0.679918 0.304034 0.0614318 0.177407 0.0322215
7 0.733543 0.616962 0.0467936 0.109936 0.0319983
10 0.174375 0.859553 0.0361132 0.112752 0.0319125
11 0.251567 0.203259 0.0667099 0.0994612 0.0317154
2 0.26897 0.558864 0.0133953 0.031029 0.0315729
2 0.317229 0.0776025 0.0186619 0.0395396 0.0311904
6 0.318637 0.229384 0.0832047 0.157348 0.0311259
7 0.296951 0.18335 0.0157992 0.0457546 0.0308337
2 0.924901 0.989845 0.102649 0.0213284 0.0303344
6 0.408615 0.921311 0.196861 0.160748 0.0303256
6 0.674623 0.317072 0.0599508 0.204032 0.0298075
10 0.623944 0.242343 0.291744 0.46544 0.0288767
10 0.147351 0.790906 0.0329915 0.0923009 0.0288637
11 0.640146 0.292562 0.580899 0.379065 0.0274356
11 0.772897 0.245151 0.188186 0.254639 0.0271052
2 0.175973 0.467956 0.0197699 0.0617473 0.0270354
6 0.0126129 0.113462 0.0275561 0.0707582 0.0265993
10 0.107304 0.79634 0.0550759 0.11603 0.0264006
10 0.811896 0.545445 0.302303 0.816983 0.0258223
10 0.730943 0.640223 0.402442 0.441109 0.0256277
6 0.60076 0.649569 0.164026 0.358748 0.0255638
6 0.388488 0.159313 0.0481274 0.119341 0.0252908
6 0.670998 0.263538 0.0608989 0.0977357 0.0251735
7 0.822042 0.28127 0.026701 0.0820591 0.0249715
7 0.782466 0.200195 0.0178485 0.0266562 0.0248227
10 0.162888 0.758022 0.308047 0.333782 0.02441
11 0.768779 0.352106 0.221931 0.357849 0.0243521
2 0.0798348 0.137974 0.0179358 0.0637422 0.0241572
7 0.852976 0.303222 0.0417812 0.105997 0.0241272
10 0.657806 0.615192 0.119574 0.363145 0.0230824
6 0.739404 0.454841 0.128763 0.14871 0.0223137
10 0.748514 0.714429 0.457205 0.569711 0.0218096
11 0.852298 0.306185 0.111008 0.249859 0.021138
11 0.790023 0.242471 0.158898 0.146734 0.0202696
2 0.338229 0.729353 0.0199815 0.0414142 0.0154023
6 0.531872 0.621077 0.0668036 0.202626 0.0136099
