5 0.374072 0.271492 0.0858982 0.161269 0.807541
10 0.780853 0.566262 0.13405 0.462229 0.793885
6 0.404364 0.544438 0.157577 0.481981 0.709749
5 0.299079 0.529062 0.0812419 0.201952 0.682366
10 0.818727 0.887315 0.0988833 0.222967 0.58347
10 0.73807 0.904761 0.11789 0.189123 0.370918
6 0.375206 0.59491 0.207994 0.580533 0.230044
10 0.778736 0.886221 0.221928 0.227819 0.228528
5 0.305565 0.502159 0.0745515 0.138516 0.218478
10 0.747888 0.92195 0.0947326 0.156024 0.17402
6 0.36063 0.608731 0.241592 0.615818 0.159436
10 0.734568 0.893381 0.109072 0.209843 0.148719
2 0.306346 0.985879 0.044023 0.0286156 0.129305
10 0.851313 0.885363 0.150775 0.227542 0.112339
2 0.406674 0.986223 0.0416355 0.0278047 0.111958
2 0.616219 0.165077 0.0192757 0.0754261 0.0995366
5 0.404913 0.251503 0.0414064 0.112975 0.0979677
10 0.800438 0.892134 0.24104 0.215088 0.0957894
11 0.356935 0.984472 0.1611 0.0317869 0.0922745
5 0.405164 0.263607 0.0377981 0.0859827 0.0871793
11 0.346573 0.984265 0.576128 0.0304381 0.0842875
11 0.273385 0.984058 0.450434 0.0311414 0.0836561
2 0.604811 0.157226 0.0193737 0.0663719 0.0735694
2 0.455718 0.987325 0.0334373 0.0249178 0.0730432
5 0.30851 0.497926 0.0739477 0.1284 0.0725535
10 0.76609 0.922755 0.0863852 0.152249 0.0690069
6 0.129375 0.954783 0.237644 0.0874469 0.0686733
11 0.353077 0.985053 0.148668 0.0308389 0.0682139
6 0.135614 0.981327 0.226441 0.0350049 0.0669189
2 0.327504 0.984933 0.0645155 0.0303677 0.0653985
7 0.742937 0.979783 0.0630304 0.0402317 0.0653647
6 0.737653 0.968269 0.118979 0.0635216 0.0644304
11 0.629962 0.98735 0.330492 0.0261766 0.0633517
5 0.744103 0.141446 0.0261285 0.0491084 0.0627987
11 0.376163 0.968546 0.696433 0.0600693 0.062305
6 0.957524 0.984308 0.080422 0.0309692 0.0622948
6 0.173751 0.984493 0.271299 0.0281996 0.0616941
6 0.167073 0.963836 0.307686 0.0697965 0.0614778
5 0.405663 0.251905 0.0403031 0.114881 0.0602642
11 0.277143 0.289407 0.124799 0.137118 0.0601442
2 0.432489 0.0443761 0.0250806 0.0594017 0.0585126
2 0.425065 0.985992 0.0287968 0.028471 0.0584248
11 0.682011 0.98457 0.422542 0.0309511 0.0581277
11 0.780457 0.971462 0.41611 0.0572359 0.0576913
5 0.314105 0.495475 0.0676684 0.124846 0.0561929
6 0.488987 0.985723 0.156867 0.0292181 0.056047
2 0.609596 0.166392 0.0292391 0.0827648 0.0551574
11 0.748748 0.972591 0.424052 0.0549986 0.0550691
2 0.619072 0.17228 0.0165219 0.0641704 0.0549731
11 0.290278 0.967367 0.527353 0.064805 0.0537474
10 0.709312 0.885995 0.418202 0.225508 0.0528899
5 0.317003 0.546645 0.0492812 0.148443 0.0525523
2 0.384446 0.990068 0.0770982 0.0204347 0.0520537
10 0.0595287 0.640402 0.112596 0.703609 0.0518233
2 0.422063 0.0495742 0.022195 0.0490358 0.05108
11 0.583759 0.987674 0.304621 0.0244372 0.0505933
7 0.696471 0.0131846 0.0414882 0.0271154 0.0504281
11 0.411021 0.987403 0.154454 0.0257881 0.049774
10 0.0689101 0.675932 0.132507 0.63538 0.0495342
10 0.773352 0.92189 0.0775477 0.153217 0.0494451
6 0.528865 0.986648 0.211073 0.0275679 0.0492454
11 0.870896 0.982236 0.217397 0.034973 0.0486297
10 0.674579 0.916659 0.329396 0.167946 0.0484237
10 0.320805 0.39576 0.103141 0.162521 0.0478015
5 0.737114 0.983713 0.0900688 0.0333611 0.0472429
2 0.599984 0.150873 0.0158434 0.0654207 0.0471718
11 0.95786 0.990213 0.0793373 0.0197119 0.046778
10 0.0649084 0.74634 0.125113 0.491984 0.0467333
11 0.354676 0.990223 0.172069 0.0216253 0.0465609
11 0.733381 0.151701 0.0565506 0.0584087 0.0456812
2 0.717315 0.477812 0.0486308 0.11169 0.0453651
5 0.32085 0.515753 0.0525639 0.0843163 0.0453273
2 0.725417 0.482973 0.0331431 0.112173 0.0448832
11 0.722579 0.15818 0.0510687 0.0488277 0.0447291
11 0.72433 0.151976 0.0526272 0.0443443 0.0445258
11 0.462848 0.968516 0.853285 0.0609039 0.0444276
7 0.713113 0.984914 0.0399662 0.0297511 0.0443247
5 0.396609 0.265249 0.0399326 0.0924092 0.0442771
11 0.641504 0.993992 0.2471 0.0124739 0.0436177
2 0.377429 0.989413 0.067393 0.0215632 0.0433865
6 0.0705046 0.978891 0.122847 0.0403723 0.0432065
2 0.620488 0.156967 0.0185885 0.0666831 0.0426901
2 0.431171 0.0379483 0.0352771 0.0755953 0.0419288
10 0.771248 0.921812 0.0715372 0.154011 0.0417374
10 0.0179181 0.76928 0.0324118 0.43719 0.0416765
11 0.932115 0.978365 0.131529 0.0435324 0.0415908
7 0.704649 0.0128752 0.0500504 0.0265242 0.0414986
2 0.471791 0.986224 0.0477988 0.0276176 0.0412626
2 0.423419 0.0611624 0.0274199 0.0892084 0.0409658
2 0.586528 0.0181343 0.0348545 0.0374474 0.0409094
2 0.723296 0.473904 0.0464878 0.0954482 0.0407374
10 0.781123 0.881866 0.249152 0.237239 0.0406425
10 0.735823 0.908223 0.115712 0.184387 0.0406038
10 0.320541 0.393771 0.0851157 0.155277 0.0405461
7 0.59429 0.827799 0.0262004 0.0354395 0.0404876
10 0.717387 0.971155 0.0497259 0.0580376 0.0403244
10 0.306082 0.39564 0.157513 0.195825 0.04017
11 0.622683 0.992597 0.208093 0.0149202 0.039845
2 0.712748 0.0132861 0.072269 0.0294486 0.0397995
2 0.534067 0.0525609 0.0154547 0.0279099 0.0397611
10 0.0197942 0.813206 0.0370458 0.354426 0.0397405
6 0.544407 0.71799 0.0202482 0.0506378 0.0396338
5 0.372129 0.266127 0.0678838 0.145699 0.0393956
7 0.731998 0.479806 0.0337642 0.109621 0.039339
2 0.678965 0.962112 0.041645 0.0744046 0.0391891
11 0.62431 0.993825 0.224313 0.0124954 0.0391361
6 0.933527 0.944236 0.127597 0.112509 0.0390631
2 0.338438 0.981087 0.103625 0.0385635 0.0389452
2 0.890597 0.967643 0.0429491 0.064739 0.0387035
7 0.950871 0.991793 0.0869774 0.0168421 0.0385192
10 0.308627 0.517873 0.172545 0.464715 0.0377136
11 0.556355 0.961009 0.719103 0.076618 0.0376107
2 0.427679 0.0375506 0.0370168 0.0734595 0.0374366
10 0.0463791 0.888513 0.0894599 0.216585 0.0372008
10 0.797467 0.899423 0.112237 0.202437 0.0354787
2 0.588441 0.153097 0.0155774 0.0581281 0.0353126
10 0.758264 0.142179 0.0226007 0.0491989 0.0351484
10 0.342401 0.536249 0.263172 0.727332 0.0349431
10 0.327934 0.426052 0.106024 0.244264 0.0349319
10 0.05405 0.941418 0.100036 0.114314 0.0348176
11 0.610051 0.99351 0.177385 0.012628 0.0347401
2 0.59009 0.097989 0.0197895 0.0392557 0.0344682
11 0.343699 0.992056 0.128895 0.0174547 0.0338471
5 0.318059 0.49326 0.0631526 0.119809 0.0334756
11 0.268227 0.298454 0.119842 0.132423 0.0333863
6 0.417802 0.538096 0.131009 0.47249 0.0332745
5 0.287442 0.495646 0.0721859 0.126359 0.033233
10 0.288632 0.424305 0.129619 0.268155 0.0331845
10 0.27319 0.368048 0.156891 0.544876 0.0328185
5 0.320844 0.523857 0.0464079 0.0810073 0.0327408
2 0.358294 0.993612 0.0621257 0.0139798 0.0324374
2 0.445299 0.0529154 0.0247434 0.106151 0.0322655
7 0.435383 0.0830523 0.0253597 0.0480921 0.0321512
11 0.678889 0.941643 0.431237 0.116706 0.0319521
6 0.464763 0.992219 0.125581 0.0173738 0.031921
5 0.281986 0.507241 0.0725965 0.142045 0.0318798
2 0.580264 0.105286 0.0251609 0.0569902 0.0317859
10 0.319347 0.450034 0.228959 0.590025 0.031752
6 0.353911 0.618767 0.227186 0.629285 0.0315443
10 0.821901 0.871773 0.0825202 0.188521 0.0314843
6 0.142636 0.991741 0.200157 0.0144012 0.0311938
5 0.357313 0.270753 0.0743043 0.159363 0.0309614
10 0.794782 0.891171 0.0422375 0.194937 0.0308667
2 0.205363 0.514134 0.0132136 0.0543624 0.030749
2 0.284279 0.987794 0.045787 0.0238352 0.0306549
11 0.374664 0.704233 0.198299 0.399152 0.0302801
6 0.275647 0.22874 0.146208 0.266806 0.0301499
10 0.300598 0.468809 0.151113 0.33573 0.03004
6 0.400117 0.62654 0.167157 0.6437 0.0300138
10 0.306193 0.348642 0.194271 0.352684 0.0300133
6 0.783829 0.989206 0.172166 0.021335 0.0299324
5 0.288926 0.570301 0.0647092 0.124207 0.0298489
5 0.329166 0.533952 0.0490444 0.168949 0.0296524
10 0.873891 0.88532 0.0770514 0.228385 0.0296153
2 0.754797 0.270361 0.0196016 0.11647 0.0295933
2 0.601538 0.0277846 0.0418814 0.055983 0.0295351
11 0.350816 0.703274 0.162011 0.390984 0.029532
10 0.00996329 0.723754 0.0167228 0.525291 0.0293772
7 0.760695 0.977796 0.0576496 0.0441109 0.0292124
11 0.159819 0.990857 0.17853 0.0153032 0.0292001
11 0.358068 0.993665 0.113896 0.0138597 0.029134
10 0.0140723 0.666696 0.0250367 0.637948 0.0290662
10 0.0159507 0.886598 0.0283744 0.217925 0.0289705
10 0.940067 0.885067 0.0975252 0.231045 0.0289609
5 0.281628 0.519051 0.0710035 0.123921 0.0289046
5 0.41437 0.259229 0.0699965 0.146424 0.0287453
10 0.994483 0.928215 0.00969582 0.141866 0.0286948
10 0.281927 0.399618 0.0686639 0.131759 0.0280007
11 0.272237 0.297015 0.122638 0.110534 0.0277602
6 0.353065 0.628337 0.217881 0.645402 0.0277411
5 0.827028 0.845778 0.0635951 0.141232 0.0273456
2 0.245437 0.48705 0.0380495 0.0613046 0.0272668
11 0.639003 0.991831 0.134901 0.0147293 0.0270991
7 0.568904 0.285237 0.017358 0.033262 0.0270851
6 0.344693 0.534426 0.272825 0.469795 0.0270476
5 0.327369 0.502032 0.0549618 0.112988 0.0268462
10 0.665099 0.872527 0.493014 0.252891 0.0266952
11 0.329658 0.649266 0.141393 0.460785 0.0265318
2 0.409598 0.0442743 0.0214601 0.0537679 0.0265078
6 0.363102 0.526347 0.208585 0.442386 0.0264014
6 0.687688 0.895947 0.0491817 0.105251 0.0263515
11 0.628297 0.992342 0.128179 0.0138519 0.0259805
6 0.415058 0.468048 0.115384 0.342272 0.0258023
11 0.731633 0.239517 0.0598654 0.249799 0.025403
5 0.284316 0.537485 0.067811 0.113387 0.0253164
7 0.649222 0.992946 0.097794 0.0145488 0.0248764
5 0.307835 0.586313 0.0365685 0.0828463 0.0247219
7 0.327577 0.575424 0.0266223 0.0797591 0.0246479
10 0.298818 0.391702 0.0431304 0.112066 0.0244244
5 0.726988 0.835789 0.0495451 0.0543837 0.0243833
10 0.0573221 0.0327054 0.0362683 0.0648958 0.0243168
2 0.755723 0.270882 0.0205204 0.125882 0.0243123
5 0.821224 0.84911 0.0813915 0.146898 0.0242961
5 0.369873 0.277594 0.0840177 0.183114 0.0242715
11 0.211393 0.992944 0.206893 0.0120264 0.0241401
10 0.334831 0.448103 0.13024 0.261191 0.0240154
6 0.287746 0.143261 0.090073 0.0909779 0.0239587
10 0.776607 0.50685 0.125524 0.350216 0.0238337
11 0.715626 0.152617 0.0341789 0.0526807 0.0237948
5 0.290685 0.557329 0.0958851 0.263984 0.0237743
6 0.691677 0.884293 0.049834 0.0752957 0.0236122
5 0.829343 0.833989 0.0601057 0.11932 0.0234793
5 0.282761 0.588387 0.0494638 0.0774281 0.0233315
2 0.606246 0.0126535 0.0389285 0.025847 0.0230621
2 0.200248 0.506557 0.0131129 0.0751761 0.0224283
10 0.821148 0.918754 0.071591 0.126344 0.0223855
5 0.343254 0.271627 0.0705873 0.162272 0.0223838
5 0.366016 0.238382 0.0684141 0.0959963 0.0222729
11 0.369288 0.937469 0.151015 0.128339 0.0220902
2 0.752914 0.27706 0.0180477 0.109762 0.0220457
2 0.583914 0.167096 0.0192461 0.0808754 0.0218709
11 0.25181 0.296066 0.0844352 0.110653 0.0216227
2 0.544764 0.0507568 0.0170111 0.0317233 0.0213465
2 0.568933 0.0244519 0.0281337 0.0480552 0.0213042
11 0.264015 0.314451 0.110674 0.153315 0.0211818
11 0.742537 0.16381 0.0296697 0.0318525 0.0211005
7 0.576349 0.284451 0.0162358 0.0356498 0.0208066
10 0.311442 0.363826 0.132693 0.236214 0.0207911
7 0.0777804 0.993731 0.0925753 0.0120335 0.0206648
10 0.409299 0.0354872 0.0296388 0.0702522 0.0206012
5 0.414722 0.26491 0.0783099 0.157468 0.0204633
11 0.29368 0.600083 0.127747 0.366531 0.0203953
11 0.712145 0.142924 0.0583324 0.0479796 0.020364
11 0.970972 0.992827 0.0568192 0.0140961 0.020199
2 0.705691 0.4722 0.0403003 0.103255 0.0201755
2 0.757095 0.317881 0.016479 0.0344548 0.0195345
2 0.465505 0.046672 0.0277956 0.0960053 0.0195316
2 0.231394 0.489428 0.0350783 0.0636205 0.0193505
11 0.277533 0.347009 0.142065 0.192364 0.019298
5 0.338996 0.276366 0.12009 0.189583 0.0192814
6 0.383208 0.630892 0.189499 0.640135 0.0192806
5 0.334222 0.511535 0.0348318 0.095248 0.0192566
11 0.332247 0.611572 0.279046 0.64159 0.0192444
11 0.374114 0.640565 0.121489 0.25741 0.0192273
10 0.362147 0.387922 0.0725482 0.135798 0.0190199
6 0.376592 0.649576 0.215549 0.69101 0.0188493
2 0.630926 0.162407 0.0178524 0.0770412 0.0188326
2 0.672643 0.0119517 0.0210851 0.0249396 0.0188247
6 0.444851 0.53537 0.112101 0.463424 0.018815
5 0.272476 0.544277 0.0632821 0.176917 0.0187692
2 0.389815 0.0569074 0.0239846 0.0989253 0.0184967
10 0.350925 0.53891 0.181841 0.453171 0.0182216
10 0.83306 0.861365 0.0621044 0.162698 0.0182176
2 0.385751 0.048028 0.0184399 0.0534391 0.0181459
5 0.271465 0.52053 0.0783926 0.174037 0.0180062
10 0.766879 0.140973 0.0204317 0.0465154 0.0174421
10 0.0120962 0.921803 0.020612 0.150705 0.0172894
10 0.331155 0.384105 0.110652 0.19451 0.0172887
6 0.0433245 0.991178 0.0738783 0.0166367 0.0171823
2 0.448849 0.083074 0.0237464 0.0443377 0.0171422
5 0.400559 0.210335 0.0314235 0.0442269 0.0170236
5 0.334935 0.496672 0.0556393 0.117876 0.0170049
7 0.670875 0.710213 0.0234434 0.0523332 0.0169794
6 0.314654 0.299999 0.207586 0.23883 0.016966
10 0.797669 0.91025 0.211987 0.181821 0.016854
6 0.0657728 0.993438 0.0933379 0.0127563 0.0166311
11 0.0209895 0.961528 0.0337765 0.073056 0.0166272
6 0.358911 0.550113 0.217065 0.477697 0.0165699
5 0.338455 0.502535 0.043194 0.112832 0.0161646
5 0.276421 0.500391 0.0763223 0.135375 0.0161043
2 0.578537 0.174552 0.0185737 0.0848965 0.0160858
5 0.423216 0.253862 0.044285 0.130034 0.016044
7 0.744671 0.476149 0.0705486 0.106692 0.0159475
10 0.363641 0.373866 0.0715539 0.119703 0.0157899
2 0.746835 0.28472 0.0184912 0.155132 0.0157414
7 0.745125 0.467146 0.0342792 0.0820832 0.0157376
10 0.863834 0.886418 0.0525885 0.217638 0.0156452
2 0.353 0.444967 0.0349229 0.0512012 0.0154489
10 0.381418 0.366592 0.0633559 0.114327 0.0151731
2 0.605016 0.113593 0.0185139 0.0681608 0.0145991
6 0.437886 0.645738 0.35159 0.712162 0.0143786
10 0.455318 0.028381 0.0338386 0.059599 0.0142003
10 0.359621 0.474604 0.255808 0.580506 0.0136601
2 0.694947 0.491421 0.0414691 0.134892 0.0135914
10 0.807555 0.565471 0.117277 0.463625 0.0135281
5 0.335546 0.286389 0.0876178 0.188931 0.0134762
10 0.265809 0.528317 0.0527336 0.195114 0.0131124
2 0.643105 0.156116 0.0151084 0.0685104 0.0130521
2 0.849603 0.832452 0.0334558 0.111627 0.0127206
5 0.340728 0.494428 0.0591836 0.121464 0.0126767
11 0.408965 0.0955575 0.0276061 0.033584 0.0126285
2 0.564099 0.114535 0.0331328 0.0867342 0.0125187
11 0.698052 0.157814 0.0271797 0.0570592 0.0123261
5 0.258187 0.538177 0.0616114 0.186812 0.012138
2 0.506984 0.0533602 0.0183928 0.0346957 0.0119861
10 0.332189 0.508396 0.136362 0.286933 0.0118514
11 0.247621 0.643867 0.0878337 0.176701 0.0118314
5 0.25897 0.5283 0.0646537 0.166212 0.0117932
5 0.841772 0.826779 0.053154 0.105096 0.0115847
10 0.330878 0.27424 0.0422368 0.157181 0.0115655
10 0.301279 0.265982 0.0359349 0.164807 0.0111727
11 0.268256 0.265218 0.0633363 0.190883 0.0111015
2 0.640171 0.142892 0.0137343 0.0507266 0.0110318
11 0.342613 0.490062 0.0761218 0.128809 0.0110285
10 0.342968 0.524213 0.102884 0.395228 0.0108655
2 0.339619 0.459909 0.0486202 0.0669027 0.010844
2 0.341596 0.475496 0.0503507 0.0940824 0.0104074
11 0.690247 0.168933 0.0221581 0.0907028 0.0100529
5 0.33189 0.456879 0.0623158 0.0841237 0.00938461
10 0.598097 0.0782341 0.333747 0.156726 0.00747532
