9 0.566595 0.429337 0.19134 0.279471 0.837661
9 0.430961 0.458372 0.19599 0.249194 0.666789
6 0.972424 0.774178 0.0562545 0.369972 0.547886
10 0.437119 0.455019 0.134033 0.234368 0.478204
9 0.480223 0.658235 0.161233 0.216991 0.381576
11 0.49839 0.893809 0.980367 0.209122 0.239375
9 0.657927 0.407543 0.104817 0.199271 0.23934
10 0.59395 0.655523 0.0671157 0.144616 0.209332
9 0.610263 0.430782 0.113013 0.270119 0.208711
6 0.974393 0.68969 0.0514679 0.195049 0.195409
11 0.505249 0.758478 0.995619 0.482234 0.176487
10 0.441487 0.451295 0.128529 0.230547 0.161382
11 0.501414 0.714434 0.984871 0.568973 0.159954
9 0.502107 0.44118 0.341019 0.28385 0.158242
11 0.97259 0.847291 0.0568604 0.299123 0.156643
9 0.637374 0.3784 0.156592 0.27984 0.128129
9 0.424929 0.500659 0.18 0.169108 0.123567
6 0.979887 0.714486 0.0417173 0.276899 0.11597
11 0.959927 0.794148 0.0807987 0.40615 0.115832
11 0.957186 0.794171 0.086919 0.402927 0.115446
11 0.500735 0.896971 0.987546 0.202216 0.110663
6 0.976981 0.678857 0.0491167 0.169294 0.103477
9 0.637526 0.430475 0.154929 0.258564 0.102835
9 0.434386 0.509184 0.167788 0.145483 0.0992858
11 0.9711 0.802371 0.0590773 0.398251 0.0978374
10 0.459495 0.453134 0.132389 0.231886 0.094684
10 0.404249 0.450697 0.071465 0.212015 0.0911814
6 0.975476 0.761263 0.0505165 0.326331 0.0869905
11 0.503195 0.713133 0.99662 0.570328 0.0848227
11 0.971664 0.891985 0.0578774 0.213696 0.0846238
11 0.979663 0.816665 0.0446146 0.359894 0.0839101
11 0.979465 0.821999 0.0428604 0.229696 0.0817281
9 0.598404 0.394207 0.256702 0.311809 0.0809198
9 0.453738 0.456394 0.122493 0.259585 0.08029
9 0.504563 0.436199 0.349528 0.284394 0.0799749
9 0.517893 0.39565 0.0964922 0.19934 0.0796734
10 0.388856 0.451391 0.10945 0.221927 0.0783398
9 0.457447 0.4716 0.274563 0.253389 0.077928
0 0.423065 0.510022 0.174159 0.149551 0.0778283
10 0.610139 0.642099 0.0486539 0.127896 0.0777883
4 0.716328 0.575847 0.203723 0.22363 0.077209
6 0.982592 0.682677 0.0343704 0.560718 0.0764979
2 0.5162 0.812224 0.0510525 0.0402982 0.0725796
10 0.409086 0.445926 0.0823021 0.2068 0.0710818
11 0.949223 0.864226 0.102603 0.27031 0.0693483
6 0.970491 0.675113 0.0489754 0.16209 0.0675741
9 0.663623 0.40433 0.108271 0.204257 0.0665693
6 0.666975 0.0355125 0.202689 0.0711833 0.0660044
9 0.497479 0.469709 0.331024 0.23189 0.0653664
11 0.449521 0.770186 0.892559 0.451624 0.064961
11 0.979897 0.846501 0.0438589 0.296871 0.0641026
10 0.483229 0.514636 0.0730274 0.12946 0.0624339
6 0.628903 0.0349629 0.250475 0.0699406 0.0604694
6 0.986653 0.766822 0.02691 0.335507 0.0596076
10 0.387381 0.455304 0.0831556 0.221222 0.0592984
11 0.985622 0.769189 0.0296171 0.335554 0.0584491
10 0.729967 0.480656 0.0486367 0.0847504 0.0577447
9 0.559635 0.433063 0.202676 0.276251 0.056397
2 0.505664 0.799465 0.0565145 0.0649085 0.0563346
9 0.593464 0.255037 0.0381894 0.0443985 0.0558751
11 0.406508 0.911746 0.805642 0.173264 0.0557919
10 0.390221 0.458665 0.13321 0.238193 0.055711
6 0.979707 0.758159 0.0437171 0.326016 0.0556775
10 0.475605 0.45768 0.0874404 0.248466 0.0556415
2 0.582077 0.672971 0.0607005 0.113521 0.0549969
10 0.970771 0.529527 0.0592584 0.940891 0.0548607
9 0.62648 0.430784 0.104136 0.264713 0.0537172
4 0.716341 0.592042 0.217902 0.234619 0.0535846
9 0.447337 0.457889 0.209341 0.25289 0.0533932
9 0.431963 0.512171 0.185892 0.144782 0.0532843
11 0.983579 0.815964 0.0335016 0.220538 0.0531093
4 0.763766 0.488745 0.123877 0.135515 0.0523402
10 0.49251 0.512501 0.0694675 0.127939 0.0521052
10 0.967623 0.554857 0.0662214 0.890182 0.0515707
10 0.966125 0.524676 0.0689951 0.951171 0.0515461
6 0.578695 0.0338687 0.0730174 0.0679084 0.0510387
11 0.979651 0.836249 0.0436102 0.230423 0.0510293
2 0.958975 0.871595 0.0354643 0.12268 0.0502959
9 0.500549 0.356871 0.0617573 0.115309 0.0502793
6 0.979429 0.742502 0.0439823 0.297011 0.0496487
11 0.502249 0.726503 0.996777 0.546547 0.0494227
11 0.429912 0.896692 0.847804 0.199847 0.0487659
11 0.987749 0.799386 0.023737 0.268826 0.0482818
10 0.686493 0.423902 0.0515394 0.174995 0.0480712
11 0.948652 0.911162 0.105095 0.181012 0.0476829
6 0.598494 0.0365525 0.0784549 0.0731118 0.0476046
6 0.568092 0.0339194 0.0985495 0.068346 0.0474549
2 0.957777 0.86834 0.0312723 0.11533 0.0459235
9 0.498311 0.50203 0.324672 0.162042 0.0454888
7 0.820957 0.606103 0.0357372 0.0957227 0.0452922
11 0.400639 0.859639 0.790157 0.275362 0.0452856
6 0.981138 0.623333 0.0383339 0.265989 0.0450184
4 0.722229 0.554464 0.212634 0.268644 0.0447124
9 0.505096 0.354122 0.0614993 0.111812 0.0444571
7 0.822654 0.598555 0.0350171 0.109562 0.0444562
6 0.0235569 0.920328 0.0490571 0.154082 0.0436962
11 0.968112 0.753559 0.0642591 0.486523 0.0435407
9 0.436233 0.444028 0.197049 0.269655 0.0435267
6 0.582269 0.0362322 0.104607 0.0725318 0.04349
6 0.0198132 0.878948 0.0411547 0.227377 0.0433948
10 0.5813 0.331259 0.0350047 0.0574265 0.0433377
10 0.411773 0.421719 0.060666 0.161402 0.0430985
6 0.558216 0.0336605 0.0764157 0.068094 0.0426953
10 0.388257 0.456444 0.0908774 0.226813 0.0425737
6 0.901328 0.882444 0.207259 0.236817 0.0422761
9 0.575673 0.683766 0.513335 0.306023 0.0422347
6 0.0636133 0.917288 0.128703 0.164662 0.0420178
11 0.492449 0.824324 0.959021 0.344108 0.0419565
6 0.982201 0.748161 0.0391186 0.312464 0.0419242
10 0.442898 0.410776 0.117297 0.148965 0.04173
10 0.418686 0.421546 0.0815515 0.169036 0.0416783
6 0.567206 0.0355144 0.0926021 0.071327 0.041549
9 0.518415 0.371861 0.0887413 0.153674 0.041155
6 0.978906 0.654009 0.0455473 0.123606 0.0411319
6 0.962759 0.754192 0.0743019 0.329867 0.0405065
10 0.485411 0.514568 0.088956 0.138844 0.040354
7 0.973616 0.875723 0.0552376 0.13988 0.0402833
10 0.613866 0.647387 0.0528388 0.127443 0.0396902
10 0.448218 0.451309 0.127274 0.257634 0.0396472
10 0.0560698 0.708023 0.111578 0.558205 0.0395298
7 0.980024 0.871172 0.0413609 0.135288 0.0394248
10 0.581304 0.659134 0.0684844 0.146473 0.0391084
9 0.455746 0.515552 0.238267 0.152316 0.0391013
10 0.603726 0.423956 0.0814034 0.249774 0.0390867
9 0.454225 0.512422 0.13928 0.139499 0.0383859
6 0.0460187 0.896114 0.0963556 0.205742 0.0383219
10 0.958038 0.509229 0.0827622 0.979252 0.0382829
11 0.307665 0.902936 0.616261 0.186622 0.0378729
11 0.979642 0.898726 0.0434542 0.203835 0.0378555
9 0.48785 0.50377 0.319483 0.177985 0.0375508
11 0.249555 0.907561 0.489816 0.184568 0.037523
9 0.646155 0.402357 0.110239 0.205953 0.0374711
11 0.503544 0.807473 0.989238 0.379151 0.03746
10 0.380521 0.456351 0.108525 0.235038 0.0371745
10 0.0568972 0.580123 0.115243 0.805829 0.0367978
10 0.0179477 0.566658 0.036099 0.810579 0.0365943
10 0.458354 0.409341 0.111555 0.145005 0.0364038
0 0.416891 0.509007 0.166971 0.137121 0.0362603
11 0.504687 0.889008 0.985222 0.220364 0.0360774
11 0.956807 0.762843 0.0853157 0.345113 0.0360474
11 0.496752 0.757893 0.985546 0.479096 0.0360189
10 0.0626286 0.541913 0.122906 0.885384 0.0358499
6 0.884164 0.934235 0.234169 0.134707 0.0358271
10 0.434707 0.401761 0.101614 0.133268 0.0355868
10 0.0125035 0.37442 0.0251896 0.312443 0.0351431
11 0.971608 0.933141 0.0585044 0.135988 0.0349522
11 0.972336 0.837797 0.0556866 0.246746 0.0347091
11 0.506484 0.898012 0.986902 0.201609 0.0344409
10 0.758948 0.500029 0.131881 0.152842 0.034138
10 0.379191 0.454008 0.0898834 0.225124 0.0340174
10 0.0606927 0.528634 0.121954 0.922632 0.0339223
11 0.239615 0.911083 0.473031 0.179808 0.0338379
10 0.387829 0.461976 0.0997147 0.217436 0.0337893
9 0.606701 0.435828 0.262134 0.271465 0.0336788
10 0.0254751 0.758324 0.0527027 0.425928 0.0336174
11 0.505292 0.892882 0.985469 0.212055 0.033559
10 0.0478238 0.767659 0.0974806 0.44 0.0334374
10 0.579889 0.657513 0.0604771 0.131808 0.0333367
10 0.0156007 0.418146 0.0312841 0.368644 0.033317
9 0.602449 0.670216 0.477492 0.331651 0.033218
10 0.682574 0.428913 0.0560683 0.166212 0.0331795
9 0.605377 0.637054 0.452183 0.28248 0.0330951
10 0.0317532 0.777907 0.06506 0.408144 0.0330448
6 0.77732 0.974667 0.412171 0.0516374 0.0328526
7 0.980509 0.85638 0.0416656 0.199567 0.0327856
11 0.958689 0.754093 0.0816513 0.328624 0.0324625
6 0.868899 0.971362 0.262365 0.058153 0.0323682
11 0.266023 0.911394 0.517196 0.178844 0.0322445
2 0.568386 0.671697 0.058821 0.112409 0.0319783
11 0.432974 0.734859 0.852558 0.517581 0.0316419
6 0.0405131 0.84083 0.0840494 0.308828 0.0316346
11 0.289999 0.882938 0.575316 0.229904 0.0316301
6 0.546159 0.0353402 0.0844086 0.071684 0.0313695
10 0.0976564 0.530547 0.196586 0.900876 0.0311544
11 0.980553 0.89952 0.0409651 0.196719 0.030869
9 0.579287 0.260844 0.0397836 0.0538389 0.0308178
6 0.932312 0.962731 0.138946 0.0768448 0.0307793
10 0.0551464 0.784289 0.110805 0.412203 0.0304788
10 0.0161851 0.550046 0.032914 0.704545 0.0302124
11 0.384888 0.777548 0.757451 0.44634 0.0300889
10 0.500387 0.436171 0.0921885 0.231061 0.0296468
10 0.374336 0.458819 0.0985521 0.228652 0.0295957
6 0.880948 0.819057 0.25331 0.365734 0.0294832
10 0.420495 0.506654 0.126699 0.11902 0.0292532
11 0.506546 0.746377 0.977414 0.506999 0.0292408
7 0.0184551 0.863096 0.0377234 0.0433369 0.028802
6 0.967639 0.645206 0.041784 0.108728 0.0287832
4 0.766006 0.478898 0.141077 0.33807 0.0286714
10 0.0141668 0.847733 0.0294498 0.232314 0.0285617
10 0.37529 0.453411 0.100905 0.233616 0.0284876
11 0.500749 0.802965 0.984899 0.390052 0.0284497
6 0.981115 0.643167 0.0411876 0.109086 0.0278083
10 0.486695 0.514845 0.0945849 0.138413 0.0276374
2 0.563572 0.666228 0.0485113 0.104948 0.0275626
11 0.15801 0.907559 0.314434 0.181931 0.02755
9 0.544969 0.69578 0.542602 0.292591 0.0273728
10 0.131059 0.511501 0.263819 0.950418 0.0272883
10 0.400311 0.50711 0.08561 0.117355 0.0272538
10 0.42467 0.455463 0.164596 0.231712 0.0270569
6 0.10409 0.878554 0.210872 0.23801 0.0270349
11 0.505828 0.777772 0.978446 0.434965 0.026901
6 0.721385 0.94759 0.456724 0.106824 0.0267474
11 0.455701 0.734068 0.897386 0.525828 0.0266737
6 0.0999826 0.917592 0.201741 0.165394 0.0266569
10 0.377111 0.446975 0.0672454 0.198915 0.0265314
9 0.567548 0.464684 0.171485 0.225647 0.0265028
2 0.671987 0.658271 0.0689663 0.100533 0.026451
11 0.50413 0.731552 0.985778 0.500263 0.0262464
10 0.504107 0.505482 0.0685311 0.131218 0.0262082
10 0.688879 0.389463 0.0386373 0.108068 0.0261504
11 0.474779 0.740906 0.922061 0.508793 0.0261011
9 0.456792 0.463206 0.198868 0.272717 0.0260688
11 0.414784 0.964521 0.80721 0.0691076 0.0259459
11 0.503625 0.714782 0.995369 0.569964 0.0258058
9 0.557963 0.654332 0.30171 0.224554 0.0258038
2 0.614768 0.626469 0.028604 0.146055 0.0257684
11 0.4953 0.698906 0.984355 0.598401 0.025597
6 0.0836186 0.911343 0.170735 0.166294 0.0255579
6 0.983731 0.613458 0.035256 0.165004 0.0254733
10 0.418197 0.499543 0.106866 0.107616 0.0252549
11 0.717583 0.636139 0.232443 0.360189 0.0251616
9 0.550701 0.676497 0.224406 0.224287 0.0249521
10 0.124119 0.52834 0.250797 0.921973 0.0246925
6 0.803492 0.893307 0.353686 0.215267 0.0246107
11 0.176195 0.87305 0.353211 0.248798 0.0241784
9 0.65163 0.421044 0.0769385 0.138264 0.0240064
3 0.457722 0.518507 0.912486 0.962025 0.0238487
11 0.443004 0.696647 0.858038 0.325628 0.0238176
11 0.495478 0.734523 0.981803 0.530716 0.0237951
11 0.160801 0.91396 0.32056 0.171406 0.0237184
9 0.486272 0.511241 0.159936 0.142245 0.0237021
11 0.987348 0.753454 0.101915 0.316598 0.0235829
9 0.562026 0.421371 0.0727849 0.253494 0.023482
2 0.951072 0.892224 0.0315458 0.168875 0.0234736
11 0.30953 0.888105 0.601458 0.168941 0.0234206
10 0.440171 0.45644 0.133216 0.22292 0.0232084
11 0.545636 0.682323 0.614393 0.331874 0.0230843
9 0.699847 0.587237 0.199756 0.185761 0.0227715
10 0.518037 0.215548 0.0362059 0.168748 0.0226956
11 0.699937 0.742881 0.414478 0.500279 0.0225533
11 0.280372 0.777303 0.549872 0.442382 0.0222806
9 0.622042 0.507061 0.0972485 0.135093 0.0222095
6 0.65796 0.973296 0.642512 0.0534832 0.0221335
10 0.446457 0.454284 0.157553 0.222734 0.0219727
11 0.498594 0.779824 0.978789 0.437896 0.0216644
11 0.62175 0.723717 0.469053 0.503066 0.0212682
11 0.506389 0.920557 0.969048 0.156421 0.02066
10 0.495297 0.448717 0.112601 0.206092 0.0203609
11 0.507731 0.757904 0.960937 0.480353 0.0202923
11 0.484525 0.95353 0.939784 0.0914784 0.0201693
11 0.490841 0.789876 0.969198 0.415138 0.0200766
10 0.483378 0.417418 0.111993 0.161285 0.0198821
9 0.636868 0.63807 0.677177 0.715696 0.019839
11 0.69123 0.767762 0.526072 0.458092 0.0198109
11 0.494715 0.780548 0.988118 0.436073 0.0197184
2 0.514085 0.499919 0.0367221 0.104906 0.0192437
9 0.438168 0.521783 0.10515 0.13285 0.0188738
3 0.442979 0.539274 0.875284 0.913459 0.0188595
9 0.576202 0.567451 0.50052 0.544047 0.0188554
6 0.985133 0.748741 0.0823787 0.309058 0.0188365
9 0.483634 0.435602 0.108584 0.249413 0.0188227
10 0.491675 0.413518 0.10324 0.164401 0.0186799
10 0.390929 0.506944 0.114109 0.124773 0.0185445
10 0.261326 0.500215 0.5207 0.971287 0.0184589
11 0.636806 0.70897 0.679505 0.576417 0.0183978
10 0.702464 0.428843 0.0474005 0.169995 0.0183
10 0.929561 0.512267 0.133896 0.986428 0.0181561
11 0.422954 0.70007 0.834025 0.32814 0.018034
11 0.955274 0.804701 0.032259 0.378652 0.0178897
11 0.721305 0.391638 0.141706 0.2492 0.0177024
10 0.482532 0.435627 0.134771 0.220188 0.0173535
11 0.652915 0.678745 0.567227 0.63055 0.0168878
10 0.494593 0.48998 0.0864566 0.170346 0.0168799
11 0.7727 0.738552 0.457573 0.520169 0.0164075
11 0.53348 0.677583 0.684588 0.432917 0.0163705
10 0.470435 0.360543 0.0518568 0.118865 0.0160621
11 0.299812 0.967085 0.573907 0.0646357 0.0160487
2 0.535479 0.666466 0.0912933 0.135829 0.0157445
9 0.509492 0.43865 0.074424 0.158751 0.0155615
11 0.480183 0.645058 0.938771 0.690201 0.0154436
11 0.640528 0.678462 0.65035 0.636082 0.0153017
9 0.576382 0.589177 0.536091 0.606989 0.0152118
10 0.929216 0.514009 0.113638 0.971101 0.0151672
11 0.505995 0.654201 0.975013 0.651078 0.0148988
3 0.401394 0.216086 0.300851 0.32229 0.0148637
10 0.395786 0.512521 0.136899 0.120185 0.0148494
0 0.395871 0.518173 0.138201 0.129349 0.0147476
9 0.522593 0.690481 0.116651 0.163639 0.0146217
11 0.667881 0.687404 0.566239 0.616267 0.0145468
3 0.329147 0.402546 0.652783 0.77075 0.0145196
9 0.512992 0.414075 0.107966 0.223855 0.0145065
9 0.579326 0.463222 0.0879028 0.201625 0.0142195
10 0.38281 0.383951 0.0424751 0.086449 0.0141971
6 0.204092 0.96834 0.397992 0.0621549 0.0135668
9 0.540909 0.593225 0.623218 0.655124 0.0132235
10 0.47181 0.359018 0.0516645 0.123681 0.0129024
10 0.79097 0.479603 0.0921794 0.109835 0.0124694
11 0.474292 0.613419 0.938917 0.749977 0.0117107
10 0.359954 0.467382 0.0991238 0.221589 0.0103267
11 0.454942 0.573109 0.887635 0.628676 0.00991932
