9 0.674328 0.463862 0.177282 0.251808 0.799081
11 0.497253 0.0695889 0.977882 0.13925 0.495905
10 0.696546 0.667759 0.0630358 0.126522 0.463209
11 0.493625 0.0700421 0.981355 0.139702 0.213984
1 0.0151795 0.96788 0.0304048 0.06579 0.177073
11 0.695474 0.0693259 0.605269 0.139707 0.162182
4 0.631911 0.678837 0.1992 0.181514 0.155624
11 0.614204 0.0687797 0.773191 0.138506 0.147208
5 0.972291 0.0751411 0.0578507 0.15173 0.142457
9 0.714126 0.689736 0.394738 0.264028 0.139246
1 0.0188142 0.92702 0.0382498 0.151951 0.135672
11 0.766465 0.0704958 0.462438 0.14216 0.133767
4 0.838639 0.53239 0.129656 0.124348 0.132247
1 0.0132755 0.982576 0.0262063 0.0354752 0.123068
9 0.744165 0.466454 0.136568 0.230132 0.117435
11 0.495262 0.730145 0.986947 0.53544 0.11106
4 0.841072 0.532941 0.125114 0.12603 0.110849
5 0.661451 0.704249 0.0492895 0.0911374 0.109276
6 0.973225 0.499906 0.0522127 0.981446 0.107449
9 0.748047 0.463288 0.326824 0.268851 0.0952095
11 0.490237 0.0186752 0.940934 0.0384093 0.0942321
11 0.686234 0.0707912 0.623311 0.142221 0.092433
11 0.501099 0.894452 0.991052 0.208123 0.0919508
9 0.692325 0.313407 0.0379737 0.0402345 0.0911302
9 0.78916 0.470869 0.233328 0.248207 0.0821713
11 0.862128 0.0714349 0.280273 0.144889 0.081611
6 0.975827 0.66703 0.0479943 0.657595 0.0782825
1 0.041694 0.936295 0.0846577 0.129438 0.0781777
9 0.61374 0.404172 0.0512631 0.0917353 0.0760519
11 0.492873 0.0170197 0.947321 0.035083 0.0754201
1 0.0482184 0.973566 0.0985198 0.0542977 0.0727947
6 0.915654 0.0723762 0.17335 0.147091 0.07245
9 0.750924 0.466961 0.154444 0.237761 0.069807
9 0.757237 0.444834 0.0903013 0.168809 0.06895
6 0.975843 0.903807 0.0508578 0.191955 0.0678481
9 0.740218 0.469865 0.130146 0.236806 0.0672073
6 0.974901 0.863128 0.0526628 0.27333 0.067065
9 0.62066 0.423974 0.0717549 0.13796 0.0659674
11 0.696948 0.0212242 0.585501 0.0432229 0.0659438
11 0.578108 0.0645748 0.850188 0.130008 0.0659422
11 0.762416 0.0236771 0.454708 0.048067 0.0657692
11 0.806504 0.0719177 0.389159 0.14513 0.0650115
5 0.975856 0.0665954 0.0504109 0.134511 0.0642632
6 0.94486 0.0695527 0.11466 0.141082 0.0607762
6 0.974946 0.641433 0.0470246 0.711555 0.0599396
4 0.598152 0.674225 0.136367 0.17466 0.0579442
9 0.7481 0.444998 0.0881056 0.172261 0.0574231
6 0.939274 0.9172 0.123546 0.164937 0.0570126
10 0.972611 0.140893 0.0553152 0.284842 0.0564322
6 0.944289 0.873201 0.113258 0.251019 0.0561531
6 0.979706 0.81813 0.0423906 0.357625 0.0557455
10 0.65581 0.678949 0.12963 0.159313 0.0553812
11 0.492768 0.0161696 0.921375 0.0332565 0.0551898
11 0.511142 0.0170201 0.905593 0.0347883 0.0544783
11 0.614756 0.0175721 0.717264 0.0361359 0.0542989
6 0.97344 0.563356 0.0494527 0.876648 0.0542639
11 0.525706 0.0179838 0.890764 0.0366063 0.054231
5 0.356039 0.0169224 0.68373 0.0356662 0.0540534
2 0.670076 0.703501 0.0512523 0.0879191 0.0536556
9 0.805788 0.468039 0.196695 0.252172 0.0524838
11 0.661529 0.017862 0.601926 0.0365587 0.0523524
6 0.91105 0.0736422 0.184906 0.149764 0.050802
5 0.266794 0.0174034 0.515864 0.0362911 0.0507387
10 0.660204 0.680409 0.0664996 0.152046 0.050371
9 0.684972 0.31481 0.0455751 0.0473082 0.0502484
10 0.682713 0.659181 0.0554316 0.100814 0.0500835
11 0.813706 0.028715 0.362834 0.0585213 0.0498883
6 0.956079 0.819706 0.0899774 0.358431 0.0497984
9 0.734579 0.450937 0.116823 0.193214 0.0497816
10 0.972304 0.233422 0.054164 0.471562 0.0495494
6 0.974936 0.496927 0.0488487 0.97908 0.0493189
8 0.391198 0.015326 0.754667 0.0322804 0.0487487
5 0.186267 0.0162596 0.361314 0.0340934 0.0485665
6 0.98159 0.776898 0.0367561 0.442535 0.0478208
11 0.495632 0.0633024 0.970507 0.127361 0.0475516
5 0.128192 0.0143484 0.250841 0.0303067 0.047421
9 0.698218 0.4459 0.0783298 0.192885 0.0471937
9 0.746192 0.442766 0.323789 0.305014 0.0471554
6 0.98752 0.498788 0.023385 0.975028 0.0469402
10 0.685691 0.378703 0.0291573 0.0427603 0.0469014
10 0.774628 0.450943 0.0530176 0.153743 0.0463134
6 0.970103 0.500168 0.0573997 0.976067 0.0462378
6 0.987548 0.49862 0.022761 0.974067 0.0461688
10 0.766533 0.453243 0.0626154 0.164234 0.0460314
11 0.42788 0.0672629 0.834807 0.136344 0.0459797
6 0.81721 0.96153 0.337141 0.0781163 0.0441392
6 0.127063 0.0664134 0.250327 0.133483 0.0433623
6 0.188322 0.0638811 0.369208 0.127433 0.0431141
9 0.721824 0.641866 0.440802 0.711513 0.0427637
5 0.973542 0.0483292 0.0551109 0.0985096 0.0425635
10 0.682133 0.379378 0.0338793 0.0483321 0.0424298
5 0.955539 0.0778072 0.0847439 0.157516 0.0418053
11 0.501154 0.902872 0.992854 0.190519 0.041755
6 0.337301 0.0705162 0.654852 0.140957 0.0417379
10 0.972339 0.327078 0.0531008 0.655284 0.0412888
9 0.688366 0.438964 0.164905 0.296593 0.0411701
6 0.729342 0.962626 0.505199 0.0749495 0.0408789
10 0.778334 0.42491 0.0378879 0.0837415 0.0408097
11 0.499142 0.898929 0.973592 0.199894 0.0407639
6 0.85795 0.966757 0.278777 0.067947 0.0407035
9 0.787508 0.440836 0.238676 0.300323 0.0406656
4 0.837777 0.512515 0.0604292 0.0697116 0.0403108
10 0.717826 0.654815 0.0531199 0.0920754 0.040308
4 0.815435 0.545465 0.198963 0.147502 0.0403024
4 0.0817039 0.0115992 0.16107 0.0248648 0.0402146
10 0.812505 0.514554 0.0504497 0.0872963 0.0400935
10 0.961011 0.0612485 0.0768664 0.180845 0.0400236
11 0.424139 0.0488383 0.817591 0.0992117 0.0396768
10 0.775507 0.44727 0.0604836 0.142669 0.0391474
5 0.983265 0.0707838 0.0336004 0.1495 0.0391382
6 0.960029 0.760168 0.0804484 0.4789 0.038747
11 0.49654 0.907979 0.983726 0.182835 0.0380975
6 0.976905 0.948154 0.0490843 0.106185 0.0376393
11 0.500788 0.917388 0.966277 0.164546 0.0375976
11 0.518743 0.0716349 0.923806 0.142063 0.0374893
6 0.980471 0.478504 0.0372473 0.941385 0.0372454
9 0.733411 0.471459 0.114322 0.225251 0.0369556
6 0.988964 0.438542 0.0231243 0.191693 0.036865
10 0.99089 0.426753 0.0197296 0.190528 0.0368319
6 0.915984 0.959639 0.168491 0.0827667 0.0366552
2 0.687912 0.696043 0.0465973 0.0898415 0.0360375
9 0.687792 0.429222 0.132392 0.166755 0.035353
6 0.244455 0.0569037 0.471625 0.114422 0.0352074
9 0.743651 0.459207 0.097099 0.203134 0.035202
2 0.669955 0.701781 0.0483838 0.0885302 0.0351156
10 0.705693 0.641187 0.0507646 0.0696237 0.034336
4 0.104755 0.00971491 0.204829 0.0211542 0.0333887
1 0.0200326 0.611956 0.0415402 0.794282 0.0328384
5 0.960127 0.0795212 0.0761639 0.16116 0.0324123
6 0.341664 0.04837 0.647082 0.0975982 0.0323015
1 0.708232 0.743702 0.47265 0.504839 0.032284
10 0.669218 0.67162 0.0688906 0.134248 0.0319945
11 0.500627 0.86785 0.986115 0.258987 0.0311968
10 0.672926 0.669801 0.0566342 0.123989 0.0309768
10 0.965719 0.0758104 0.0648205 0.153795 0.0307912
1 0.124413 0.984379 0.249339 0.0318346 0.0306693
6 0.991238 0.548546 0.0136814 0.880126 0.0303637
11 0.501464 0.962564 0.968403 0.0740159 0.0303204
1 0.106981 0.609629 0.215081 0.7921 0.0302037
11 0.489958 0.0742429 0.974033 0.150202 0.0301918
11 0.509417 0.0574576 0.946387 0.116648 0.0301561
6 0.898558 0.0417979 0.207859 0.0864835 0.0301484
11 0.49039 0.0709169 0.969835 0.142923 0.029887
1 0.0625897 0.613054 0.127787 0.787034 0.0298373
11 0.496131 0.0728566 0.984408 0.145496 0.029824
1 0.154352 0.630691 0.306102 0.637091 0.0296953
1 0.0565035 0.600246 0.114674 0.812681 0.0296583
11 0.493849 0.0632027 0.976792 0.126859 0.0295598
4 0.799238 0.546692 0.0725748 0.0860847 0.0295313
9 0.628901 0.699629 0.222004 0.212795 0.0294908
11 0.492625 0.0739218 0.975996 0.150784 0.029477
7 0.347116 0.313141 0.0350595 0.0863915 0.0293541
11 0.499753 0.904638 0.986715 0.187264 0.0292612
11 0.498601 0.07407 0.977775 0.149985 0.0289169
9 0.65118 0.474553 0.157088 0.242095 0.0286747
10 0.731286 0.670953 0.0569146 0.111223 0.0286747
10 0.761259 0.672571 0.0917508 0.0930225 0.0286705
1 0.107 0.640991 0.120254 0.294289 0.0282846
5 0.0515644 0.00828168 0.104341 0.0180322 0.0282548
11 0.498747 0.0733889 0.987185 0.148348 0.0281757
7 0.383922 0.325429 0.0337286 0.13492 0.0280434
11 0.496645 0.059873 0.96817 0.121723 0.0279461
1 0.49965 0.721491 0.980808 0.542285 0.0276616
1 0.101861 0.716946 0.197993 0.571914 0.0275142
11 0.492301 0.0697072 0.971962 0.139816 0.0274659
4 0.110036 0.00897072 0.213949 0.0193236 0.0272882
9 0.731027 0.63911 0.42922 0.712962 0.0272378
1 0.707711 0.748881 0.471494 0.485282 0.0271527
1 0.477036 0.568778 0.960322 0.854351 0.0271393
2 0.780206 0.407984 0.0245787 0.0478495 0.0270586
1 0.440277 0.742273 0.881947 0.517282 0.027033
9 0.758694 0.463285 0.110728 0.210763 0.0270027
10 0.675357 0.660028 0.0587556 0.106756 0.026991
10 0.694203 0.378462 0.0277814 0.0514895 0.0269279
9 0.639757 0.401616 0.0757053 0.0918996 0.0263901
6 0.985338 0.955911 0.0304668 0.0901449 0.0262962
11 0.498131 0.0683648 0.970007 0.14021 0.0262351
4 0.830176 0.523674 0.0961599 0.106761 0.0261525
1 0.177799 0.599741 0.350949 0.538998 0.0261352
9 0.714165 0.580252 0.408344 0.498496 0.0261064
1 0.206566 0.695815 0.40225 0.607962 0.0260995
1 0.722519 0.740843 0.438219 0.51397 0.0259225
6 0.623974 0.969298 0.73338 0.0617432 0.0258294
4 0.0581825 0.00830818 0.118023 0.0180892 0.0255656
1 0.143524 0.673935 0.280446 0.418188 0.0255586
1 0.112871 0.589386 0.228054 0.832644 0.0251627
4 0.838966 0.514797 0.158912 0.332254 0.0251059
6 0.944066 0.97335 0.115649 0.055328 0.025061
1 0.143608 0.584754 0.294257 0.832195 0.0249515
9 0.703729 0.700539 0.377809 0.249916 0.0249402
4 0.788939 0.555237 0.196448 0.101818 0.0246957
4 0.0843704 0.00899638 0.164569 0.0188457 0.0243512
4 0.0357997 0.00730532 0.0749505 0.0159548 0.0241329
11 0.497922 0.742969 0.976287 0.498555 0.0237638
4 0.623197 0.672049 0.190629 0.165023 0.0236089
4 0.0704515 0.00882115 0.139457 0.0186445 0.0236087
6 0.988474 0.491017 0.0197813 0.316586 0.023472
11 0.501243 0.96528 0.973957 0.0686485 0.023399
10 0.786645 0.460197 0.0478043 0.156359 0.0233762
5 0.637617 0.714415 0.0496453 0.0892676 0.0232815
1 0.500692 0.740531 0.967459 0.51329 0.0231153
4 0.12176 0.00929939 0.210648 0.0190446 0.0230801
10 0.727457 0.660949 0.0569023 0.104792 0.0230466
6 0.900001 0.681954 0.196279 0.634815 0.0230158
9 0.749629 0.467965 0.324526 0.268794 0.0229233
4 0.6276 0.684293 0.219087 0.192208 0.0229063
11 0.501296 0.907877 0.988874 0.181649 0.0228775
11 0.501435 0.85151 0.974787 0.288291 0.0228011
6 0.91703 0.974994 0.170897 0.0517456 0.0226232
1 0.0812779 0.664033 0.158867 0.325613 0.0225346
1 0.502121 0.733066 0.975371 0.527327 0.0225115
10 0.786104 0.544333 0.0583084 0.0826746 0.022313
9 0.708048 0.312062 0.0361741 0.0387604 0.0222036
1 0.462725 0.75403 0.91442 0.479992 0.0220915
9 0.627328 0.467896 0.106378 0.239695 0.0220603
10 0.650107 0.701216 0.11999 0.202653 0.0220344
5 0.582545 0.0101727 0.194522 0.0208311 0.0219952
1 0.0379935 0.665548 0.076972 0.644243 0.0219918
1 0.352876 0.57626 0.709971 0.851432 0.0219915
1 0.167754 0.591083 0.337643 0.825067 0.0219849
1 0.199381 0.670673 0.390116 0.525102 0.0219165
9 0.713702 0.696474 0.384624 0.252092 0.0217568
1 0.599232 0.00978789 0.157525 0.0196388 0.0216032
4 0.142232 0.00967967 0.160232 0.0192757 0.0215678
11 0.47288 0.901432 0.890172 0.166219 0.0215546
11 0.425987 0.918743 0.834489 0.161743 0.0215045
1 0.299875 0.709882 0.592869 0.574995 0.0214767
10 0.879267 0.505491 0.220857 0.989062 0.0212752
11 0.377186 0.908594 0.728103 0.177632 0.0212539
4 0.861644 0.474948 0.116479 0.298433 0.0208156
4 0.157685 0.00966346 0.138901 0.0192635 0.0206308
1 0.161376 0.594377 0.329959 0.81609 0.0204597
4 0.169152 0.00943455 0.158338 0.0190931 0.020439
11 0.482055 0.855169 0.94201 0.282367 0.0204325
4 0.182081 0.00933305 0.194111 0.019235 0.0203009
9 0.751097 0.71929 0.369927 0.453811 0.0202953
11 0.501792 0.75211 0.986508 0.480688 0.0202736
1 0.498613 0.750549 0.964391 0.486284 0.0202689
11 0.471658 0.813591 0.933533 0.36085 0.0201933
1 0.220786 0.585262 0.446101 0.828498 0.0200488
11 0.500341 0.760083 0.985347 0.466328 0.0196885
4 0.614495 0.697794 0.187741 0.145947 0.0196875
6 0.895482 0.975443 0.150802 0.0495209 0.0196733
10 0.718517 0.654216 0.051974 0.104347 0.0196714
11 0.49557 0.740646 0.983844 0.508054 0.0195595
9 0.67997 0.639379 0.526618 0.704525 0.0195454
9 0.717309 0.314964 0.0265558 0.0430174 0.0194403
8 0.984114 0.0760716 0.0927311 0.156808 0.0192778
10 0.984869 0.0602865 0.109886 0.190674 0.0191154
4 0.589223 0.680819 0.160745 0.184716 0.0189357
6 0.913271 0.976024 0.142238 0.0487816 0.0185602
4 0.723725 0.653379 0.388359 0.309204 0.0184927
10 0.590033 0.404145 0.0407897 0.0961679 0.0184785
1 0.667772 0.703724 0.520986 0.276231 0.0182419
1 0.553119 0.692978 0.759201 0.320223 0.0181256
4 0.863831 0.517747 0.098938 0.0909414 0.0180926
4 0.786427 0.533214 0.0812605 0.108824 0.0180133
10 0.880971 0.602672 0.233485 0.797285 0.0179362
1 0.100004 0.75917 0.196863 0.488751 0.0179257
4 0.874456 0.510729 0.0938318 0.0843214 0.0178671
10 0.667206 0.309793 0.0423358 0.0412055 0.0178173
11 0.324656 0.917535 0.615541 0.167951 0.0175968
9 0.719013 0.691923 0.36059 0.243847 0.0171811
11 0.497073 0.775391 0.973421 0.438125 0.0171364
10 0.878019 0.528588 0.0815872 0.0985601 0.0169719
10 0.958165 0.24582 0.0804403 0.501514 0.0168086
11 0.498089 0.797385 0.974791 0.391832 0.0167373
11 0.498579 0.794669 0.964476 0.399054 0.0166767
1 0.479432 0.69822 0.925786 0.342787 0.0166152
4 0.0264871 0.00650832 0.0575988 0.0145888 0.016585
10 0.752455 0.661502 0.0501387 0.108474 0.0165778
1 0.222475 0.58007 0.444994 0.83195 0.0164935
4 0.856558 0.544948 0.100394 0.11633 0.0163615
10 0.717705 0.703625 0.173507 0.220539 0.0163496
1 0.323125 0.586282 0.652764 0.719282 0.0161913
6 0.628485 0.260012 0.0567157 0.182012 0.0161359
5 0.982833 0.0786921 0.0818086 0.162398 0.0160106
11 0.405798 0.977085 0.788687 0.0441156 0.0159751
10 0.827998 0.593383 0.338183 0.816083 0.0159684
11 0.483373 0.775164 0.934444 0.391617 0.0159118
1 0.616506 0.701874 0.623901 0.25543 0.0158898
11 0.791055 0.111217 0.396561 0.226879 0.0155726
9 0.721276 0.561668 0.497865 0.876264 0.0155317
11 0.260999 0.91037 0.399621 0.182479 0.0154662
1 0.718244 0.768431 0.419974 0.46062 0.0150842
11 0.497663 0.793235 0.973381 0.402745 0.0150398
1 0.370408 0.588698 0.739829 0.813018 0.0149495
11 0.497919 0.736288 0.978178 0.513212 0.0147497
10 0.597274 0.427454 0.0378233 0.0526473 0.0146946
1 0.254776 0.721 0.327953 0.236003 0.0131741
10 0.812443 0.51533 0.261218 0.970378 0.0130845
6 0.211827 0.930287 0.398144 0.144605 0.0125886
11 0.50573 0.747573 0.975611 0.48408 0.0125004
11 0.319216 0.85969 0.604042 0.273796 0.0122364
1 0.566115 0.700828 0.740918 0.257865 0.0119094
10 0.366727 0.255621 0.0275303 0.0661944 0.0118821
4 0.564023 0.694628 0.131441 0.200683 0.0117815
11 0.480742 0.27587 0.941191 0.565057 0.0103978
9 0.596944 0.482868 0.104471 0.238283 0.0091956
11 0.360157 0.239306 0.69526 0.48046 0.00873421
