10 0.904527 0.626298 0.047806 0.197364 0.820083
10 0.321463 0.856498 0.070081 0.281665 0.744759
10 0.356287 0.878745 0.0972485 0.242425 0.731131
0 0.633239 0.569893 0.0634914 0.129173 0.685062
10 0.160667 0.759952 0.0490815 0.16372 0.594852
10 0.499773 0.553468 0.0716824 0.267991 0.413742
10 0.908879 0.380014 0.0204403 0.0671693 0.379352
6 0.296437 0.898112 0.0936504 0.200461 0.349488
10 0.855567 0.374837 0.0213783 0.0715468 0.279891
10 0.858727 0.374173 0.0200827 0.0732149 0.254404
6 0.324015 0.891935 0.150309 0.213031 0.245927
0 0.734464 0.494426 0.0377339 0.088312 0.237703
10 0.17035 0.754855 0.035593 0.148857 0.218032
10 0.853528 0.371909 0.0251055 0.0775023 0.197265
6 0.0316321 0.913606 0.0653568 0.174863 0.188955
10 0.848213 0.373044 0.0202261 0.0737215 0.177119
7 0.38795 0.739579 0.0406263 0.147805 0.176952
6 0.950732 0.939714 0.100588 0.119311 0.171963
0 0.737478 0.494774 0.0360252 0.0862728 0.166325
10 0.627017 0.494822 0.0481757 0.209068 0.164902
10 0.508786 0.61474 0.0492264 0.14725 0.156648
10 0.625925 0.510991 0.0518821 0.210659 0.150792
7 0.381014 0.709807 0.0323463 0.0787841 0.149513
10 0.435084 0.552466 0.075411 0.2076 0.147601
10 0.0311151 0.845947 0.0628356 0.309617 0.146383
6 0.0331575 0.883854 0.0684444 0.233747 0.140079
6 0.0344564 0.943968 0.0707446 0.113391 0.137694
10 0.622758 0.504255 0.0397948 0.166096 0.128028
10 0.846545 0.370084 0.0196468 0.0763919 0.126835
4 0.880971 0.349499 0.0434893 0.0432071 0.123811
4 0.274611 0.272369 0.0391142 0.0380718 0.116182
6 0.0145284 0.92204 0.0301633 0.157776 0.115473
10 0.626529 0.479858 0.0490102 0.271232 0.114137
6 0.302944 0.896599 0.0936201 0.205827 0.113222
6 0.320987 0.88796 0.14893 0.223848 0.110221
4 0.239899 0.277478 0.0532068 0.0434351 0.109991
6 0.0444827 0.950188 0.090146 0.101137 0.107548
6 0.0485462 0.917307 0.0987513 0.166861 0.106385
6 0.26265 0.891474 0.172893 0.214858 0.103984
10 0.512975 0.624664 0.0401114 0.110438 0.101543
6 0.319585 0.90546 0.0674105 0.192389 0.100139
6 0.974448 0.659726 0.0540173 0.131021 0.0992972
2 0.20062 0.0742827 0.0699461 0.148613 0.0969865
6 0.354605 0.909584 0.0903961 0.179707 0.0951442
6 0.324445 0.902083 0.0685325 0.198454 0.0938995
10 0.320075 0.825586 0.0622535 0.214828 0.0917285
10 0.0472535 0.864658 0.0975459 0.272337 0.0915209
10 0.947006 0.360815 0.0159925 0.0574429 0.0884866
6 0.264625 0.671442 0.0456329 0.137205 0.0875456
10 0.346678 0.737153 0.0410494 0.158695 0.0862419
10 0.42939 0.58261 0.0860497 0.281954 0.0861629
10 0.431675 0.595369 0.0272287 0.113231 0.0860053
10 0.944038 0.361871 0.0186243 0.0581463 0.0858793
10 0.845946 0.380527 0.0224094 0.0652196 0.0839883
10 0.898419 0.380076 0.0196436 0.0654642 0.0828275
6 0.267105 0.697395 0.0612931 0.192614 0.0827551
6 0.974496 0.648802 0.0508743 0.162228 0.0819375
10 0.461691 0.595168 0.0361215 0.12417 0.0797619
10 0.918685 0.381384 0.017803 0.0691861 0.0789946
6 0.987867 0.424008 0.0243219 0.194536 0.0784452
7 0.402888 0.738993 0.036927 0.141163 0.0783573
10 0.0456855 0.788871 0.0915266 0.425958 0.0762534
4 0.265905 0.271068 0.030311 0.0357454 0.0756754
10 0.839788 0.372391 0.0187407 0.0734118 0.0746186
10 0.427614 0.598673 0.0279904 0.10632 0.0724385
11 0.986446 0.37104 0.028409 0.0999987 0.0713145
7 0.364361 0.732743 0.0388431 0.142786 0.0708162
6 0.259005 0.673918 0.0464385 0.143196 0.070569
10 0.455818 0.594064 0.0304692 0.120532 0.0699998
6 0.973344 0.663567 0.0525421 0.126285 0.0699969
10 0.989151 0.379727 0.0231886 0.126178 0.0699418
10 0.919817 0.383296 0.0161579 0.0698906 0.0698641
10 0.0150062 0.750126 0.0330305 0.506041 0.069694
4 0.22984 0.27796 0.0506515 0.043926 0.0686115
6 0.013427 0.947513 0.0270454 0.104587 0.0683643
10 0.319626 0.747095 0.0715129 0.17716 0.068218
10 0.985936 0.510775 0.0288412 0.425768 0.0666994
6 0.28514 0.678232 0.0495623 0.144618 0.0662947
10 0.989829 0.449642 0.0223434 0.553052 0.0647203
10 0.453226 0.594296 0.0307814 0.114397 0.0647068
10 0.355624 0.819831 0.120923 0.349476 0.0646947
6 0.28483 0.667129 0.0637445 0.125857 0.0645456
10 0.993125 0.337409 0.0145325 0.356936 0.0637935
10 0.138954 0.783446 0.034436 0.137325 0.0636657
2 0.259851 0.0741118 0.0605855 0.144816 0.0624883
6 0.983439 0.424234 0.0340565 0.191734 0.0621616
4 0.233738 0.274737 0.0504141 0.0421105 0.0612188
10 0.917043 0.381304 0.0185268 0.0696319 0.0609547
10 0.438116 0.602401 0.0277056 0.105823 0.0606662
11 0.982651 0.417597 0.0352812 0.171974 0.0605098
10 0.409105 0.659265 0.0615013 0.147091 0.0599155
4 0.25526 0.275179 0.0339797 0.0357385 0.0596429
10 0.0456644 0.747421 0.0916812 0.511053 0.0593644
10 0.393665 0.856125 0.073312 0.275096 0.0593393
6 0.296841 0.89045 0.0700154 0.21806 0.0593265
10 0.446658 0.588149 0.0364769 0.129383 0.0589807
6 0.334269 0.889522 0.131344 0.22085 0.0584074
10 0.136454 0.768993 0.0437492 0.180061 0.0582352
10 0.412896 0.61175 0.0290264 0.0736298 0.0581126
10 0.446892 0.595181 0.0286276 0.11585 0.0577363
10 0.179764 0.751383 0.0338846 0.148007 0.0572134
2 0.210474 0.0703703 0.0399712 0.143626 0.0571827
10 0.281914 0.852615 0.0590148 0.271421 0.0570702
4 0.292999 0.27368 0.0209726 0.0330776 0.0564045
4 0.888229 0.354384 0.0243196 0.0332538 0.056058
10 0.644549 0.507492 0.0410499 0.167558 0.0559541
10 0.120653 0.771806 0.038713 0.17678 0.0554923
10 0.345338 0.862169 0.0591459 0.277074 0.0553184
0 0.91734 0.398177 0.01887 0.0500193 0.0548116
6 0.985157 0.441461 0.0303316 0.17803 0.0544809
10 0.357796 0.798596 0.0493512 0.0812027 0.0542773
2 0.405489 0.484506 0.0383496 0.0573297 0.0538974
11 0.985509 0.384105 0.0283417 0.0915124 0.053582
7 0.371616 0.990026 0.0647751 0.0199783 0.0534883
4 0.293455 0.268983 0.0283618 0.0378716 0.053447
6 0.0135275 0.968475 0.0275126 0.0644209 0.0533937
10 0.469588 0.593381 0.0370024 0.1283 0.0527068
10 0.605619 0.513395 0.0380794 0.200289 0.0523098
2 0.42162 0.481556 0.0437233 0.0573058 0.0517677
10 0.98224 0.617293 0.0350246 0.261987 0.0516806
10 0.582692 0.507869 0.0396696 0.231364 0.0515841
4 0.308265 0.269067 0.022754 0.0346918 0.0514735
2 0.402372 0.4848 0.0331192 0.0576714 0.0510954
10 0.968592 0.163706 0.0274391 0.088939 0.0510394
10 0.377922 0.886163 0.0807341 0.230333 0.0507947
10 0.946119 0.989516 0.0394487 0.0210664 0.0504584
10 0.278522 0.257835 0.0225917 0.0443475 0.0503215
6 0.00874588 0.882876 0.0182008 0.238991 0.0501106
10 0.131247 0.763202 0.027788 0.101543 0.0498642
6 0.0166184 0.985764 0.0336002 0.028865 0.0498144
10 0.9832 0.632103 0.0335171 0.639876 0.0497876
10 0.966415 0.188232 0.0287537 0.144068 0.0496579
10 0.990661 0.393718 0.0200939 0.660312 0.0496325
7 0.408521 0.73748 0.0351882 0.136561 0.049561
7 0.359319 0.990036 0.0962783 0.0205735 0.0493295
2 0.159406 0.0743389 0.137188 0.148775 0.049179
10 0.37678 0.571135 0.0416302 0.256752 0.0484445
10 0.131244 0.0191154 0.0627888 0.039348 0.0481882
6 0.332029 0.899999 0.081861 0.201982 0.0480516
10 0.342677 0.761344 0.0413257 0.153519 0.0474432
10 0.870285 0.377942 0.0161785 0.0723625 0.0470913
2 0.382373 0.488373 0.0244964 0.0579873 0.0470324
10 0.133231 0.768889 0.038576 0.167914 0.0469609
11 0.0137111 0.788659 0.0280211 0.165922 0.0465243
2 0.449252 0.471894 0.0218392 0.0540035 0.0463667
10 0.161523 0.38536 0.0468234 0.126332 0.0460539
10 0.342155 0.861705 0.0581727 0.279285 0.0458727
10 0.373038 0.58196 0.054471 0.300403 0.0455159
2 0.428811 0.476612 0.0268526 0.0544926 0.0454845
6 0.134887 0.978453 0.191542 0.0425775 0.0452817
6 0.273597 0.897813 0.0702844 0.195168 0.045228
10 0.288329 0.856535 0.0948851 0.278794 0.0451277
0 0.90389 0.398541 0.0194599 0.0364697 0.045105
4 0.257085 0.274408 0.0363307 0.0368241 0.0448407
10 0.376464 0.551984 0.0473712 0.205592 0.0446846
4 0.312694 0.269506 0.0251456 0.034002 0.0444967
6 0.986743 0.440229 0.0270178 0.149623 0.043927
6 0.0963135 0.935042 0.189879 0.130661 0.0438965
10 0.98115 0.596953 0.0378979 0.580618 0.0438923
6 0.321894 0.90639 0.149335 0.189052 0.0438757
10 0.46126 0.553616 0.042468 0.209626 0.0432042
2 0.46423 0.469441 0.0204906 0.0523641 0.0431985
10 0.134632 0.74999 0.0235717 0.0682899 0.0431051
6 0.254001 0.898394 0.0656928 0.19903 0.0429041
10 0.4606 0.564101 0.0704964 0.266767 0.0428225
6 0.989556 0.793014 0.0209303 0.382476 0.0423043
10 0.371424 0.273624 0.0269374 0.12753 0.0422377
4 0.257738 0.272629 0.0506901 0.0427015 0.0419345
10 0.400435 0.607856 0.0236099 0.0695895 0.041808
6 0.989179 0.652833 0.0212843 0.128477 0.0415903
4 0.969495 0.397564 0.0610134 0.136597 0.0407084
2 0.4188 0.479863 0.0289876 0.0543051 0.0406342
2 0.190807 0.0711558 0.0523695 0.145476 0.0403056
4 0.897242 0.352341 0.0463888 0.0389596 0.0401008
10 0.409602 0.733014 0.0405153 0.146803 0.0400608
11 0.260666 0.662673 0.0481576 0.117096 0.0398674
6 0.277476 0.918899 0.0904963 0.162627 0.0396506
6 0.270396 0.765054 0.0299598 0.0476123 0.0392595
10 0.873662 0.367651 0.017404 0.0804072 0.0391101
6 0.00716552 0.7852 0.014896 0.188623 0.0385003
11 0.0116936 0.749507 0.0237751 0.075671 0.0384678
2 0.423336 0.47778 0.0189398 0.0544601 0.0376766
10 0.0924811 0.352466 0.0108552 0.022741 0.0376282
0 0.928973 0.407512 0.0390957 0.0370057 0.0376097
7 0.408308 0.696432 0.0328667 0.0748791 0.0373161
6 0.0120176 0.801021 0.0256392 0.202772 0.0372701
10 0.394043 0.881315 0.0856545 0.235429 0.0372053
10 0.427108 0.620659 0.0224232 0.0749455 0.037016
6 0.222743 0.679617 0.0362935 0.0720051 0.0369117
10 0.99211 0.892623 0.0174501 0.211675 0.0368035
10 0.1402 0.75951 0.0286702 0.0819985 0.0366789
10 0.497524 0.623721 0.0385578 0.100115 0.0365196
11 0.258378 0.644661 0.0443589 0.0830523 0.0361516
7 0.314551 0.267935 0.0243622 0.0352258 0.036069
10 0.879868 0.371109 0.0134596 0.0742464 0.0353355
6 0.0430116 0.970215 0.0646421 0.0617525 0.035189
10 0.985479 0.725123 0.0289576 0.354437 0.0350762
6 0.254661 0.904927 0.0712603 0.192338 0.0348427
10 0.944335 0.385923 0.03459 0.0942651 0.0347981
6 0.41866 0.902373 0.355289 0.194923 0.0342503
10 0.142722 0.626957 0.0339375 0.103147 0.0342256
10 0.122385 0.0222366 0.0563657 0.0459528 0.0339437
6 0.236279 0.676387 0.0489079 0.154377 0.0339132
0 0.717147 0.497818 0.0357627 0.089979 0.0335103
6 0.983647 0.46194 0.0324652 0.196498 0.0335087
10 0.979762 0.295119 0.0372311 0.342526 0.0334642
2 0.462357 0.468862 0.0266203 0.0530589 0.0331573
10 0.151722 0.0165302 0.0428891 0.0341051 0.0327011
6 0.303003 0.661247 0.0406862 0.114529 0.0325913
10 0.172519 0.640927 0.030038 0.0937148 0.0323277
6 0.273119 0.895397 0.0629637 0.181741 0.0321303
10 0.119276 0.786887 0.03827 0.151788 0.0320334
10 0.0302481 0.358787 0.0340911 0.0589034 0.0320306
6 0.269647 0.900421 0.43198 0.201772 0.0312448
11 0.381856 0.973445 0.199232 0.0527737 0.0311444
10 0.473407 0.61681 0.0329747 0.0875838 0.0304145
10 0.990581 0.257976 0.0194674 0.436212 0.0302155
7 0.412247 0.694983 0.0335796 0.0786981 0.030102
6 0.934565 0.407727 0.0379816 0.0389925 0.0300525
2 0.380767 0.50365 0.0310508 0.0985403 0.0292685
0 0.744891 0.49135 0.0346097 0.0851136 0.0287753
6 0.213139 0.683685 0.0414974 0.0813827 0.0286708
1 0.873298 0.498159 0.0433813 0.0471471 0.0284835
6 0.948072 0.399311 0.0267979 0.058016 0.0284283
11 0.263481 0.743759 0.0465627 0.0999476 0.0283156
10 0.643368 0.533983 0.0423291 0.169324 0.028269
7 0.17319 0.212945 0.0282918 0.051842 0.0278191
6 0.350383 0.769468 0.132145 0.238335 0.0277552
10 0.178505 0.651204 0.0287778 0.0990964 0.0275474
2 0.222995 0.192608 0.0242903 0.0607161 0.027188
10 0.410752 0.591366 0.131106 0.469819 0.0270153
10 0.164998 0.0163339 0.0535264 0.0331033 0.0268481
10 0.342813 0.739969 0.13067 0.181231 0.0268326
2 0.184877 0.0771451 0.053294 0.157307 0.0263993
10 0.289335 0.780505 0.0497485 0.112877 0.026293
10 0.396719 0.597627 0.0343706 0.112606 0.026099
10 0.142862 0.792765 0.053503 0.136235 0.0259713
10 0.344641 0.775313 0.0451849 0.122887 0.0258671
2 0.191101 0.187976 0.0301552 0.106756 0.0258257
0 0.83775 0.387375 0.0176115 0.0492424 0.0258141
1 0.87741 0.499406 0.0451105 0.0460189 0.0256268
4 0.212852 0.280299 0.0445984 0.0477974 0.0255362
11 0.359578 0.974031 0.505303 0.0529787 0.0253957
6 0.235593 0.679049 0.0399028 0.0791319 0.0251651
10 0.320818 0.624479 0.0230529 0.150918 0.0250419
5 0.85413 0.453807 0.0243681 0.0260211 0.0250193
0 0.382719 0.96171 0.256452 0.0780288 0.0249837
11 0.360048 0.754619 0.0854326 0.135531 0.024908
7 0.12684 0.820589 0.0346302 0.0845812 0.0248921
2 0.177029 0.0161601 0.0327185 0.0326379 0.0245132
0 0.930109 0.602734 0.136854 0.554399 0.0245032
10 0.655945 0.511719 0.0366257 0.158813 0.0244479
10 0.419186 0.670712 0.047689 0.119294 0.0244365
10 0.634097 0.330346 0.0266012 0.146992 0.0243499
10 0.279663 0.780057 0.0538106 0.119029 0.0242787
2 0.478441 0.463776 0.0271471 0.0501924 0.0241168
10 0.935984 0.428589 0.125854 0.630756 0.0241118
2 0.462468 0.00978322 0.0512779 0.0203401 0.0240225
10 0.370788 0.613497 0.0263473 0.0759315 0.0240046
0 0.693754 0.501055 0.0380301 0.0918773 0.0236469
6 0.258557 0.708433 0.0348368 0.0631491 0.0231755
6 0.234342 0.69183 0.0364593 0.0927573 0.0227657
11 0.359244 0.749635 0.0786759 0.162738 0.0225475
10 0.339259 0.808502 0.0664116 0.180872 0.0223425
0 0.910761 0.65769 0.05823 0.150869 0.022102
6 0.605289 0.457616 0.032258 0.093937 0.021637
6 0.195609 0.701985 0.040638 0.177249 0.0209543
11 0.333481 0.710703 0.20799 0.222238 0.0208986
6 0.363306 0.729552 0.145963 0.199808 0.0207411
3 0.467616 0.500995 0.873289 0.985185 0.0206927
2 0.196473 0.18616 0.0289415 0.105243 0.0203764
3 0.308278 0.130343 0.565647 0.25993 0.0198903
10 0.102107 0.771065 0.0739452 0.196112 0.0198682
0 0.920791 0.696561 0.117199 0.397878 0.0198215
3 0.315125 0.115366 0.548469 0.232603 0.0196488
2 0.17924 0.0436471 0.0417987 0.0897288 0.0195931
10 0.346299 0.775746 0.0514128 0.122976 0.0195353
2 0.236541 0.0602139 0.0534022 0.124033 0.0192763
6 0.248801 0.705075 0.0911126 0.2127 0.0192061
2 0.161868 0.0431164 0.140017 0.088847 0.0192
10 0.36189 0.764803 0.0641834 0.119883 0.0191306
6 0.194914 0.679032 0.0576262 0.170016 0.0189075
2 0.497224 0.46121 0.0231723 0.0506224 0.0187725
3 0.307306 0.187803 0.584703 0.371205 0.0178676
6 0.646767 0.469251 0.0320481 0.107334 0.0175569
3 0.415926 0.444359 0.790604 0.87498 0.0173595
6 0.675093 0.483298 0.0339148 0.132805 0.0172259
3 0.332575 0.121523 0.509872 0.245056 0.0169453
2 0.359904 0.483384 0.0279073 0.0613 0.0166896
10 0.798666 0.408688 0.0273878 0.0737085 0.016337
7 0.335 0.266846 0.0153708 0.0338275 0.016134
0 0.765149 0.495837 0.0379264 0.0859536 0.0159522
6 0.395995 0.798558 0.0638832 0.0851733 0.0153806
6 0.381473 0.798637 0.0476063 0.0728564 0.0153314
7 0.342006 0.269047 0.0167647 0.0337259 0.0149805
11 0.383917 0.789637 0.0529508 0.080321 0.014924
3 0.430811 0.238664 0.827011 0.475581 0.0148609
0 0.772122 0.489693 0.0331834 0.0863355 0.0145878
10 0.292625 0.781952 0.080759 0.129386 0.0141559
3 0.401832 0.144271 0.745151 0.292057 0.0133118
