4 0.31992 0.259047 0.110134 0.0774866 0.814067
4 0.457232 0.236299 0.0568024 0.0538595 0.566055
4 0.439603 0.228415 0.088111 0.0718777 0.415881
10 0.405961 0.226924 0.025545 0.0759234 0.253059
10 0.392365 0.223013 0.0235753 0.0610935 0.206946
10 0.387829 0.218631 0.0208677 0.0562733 0.167976
10 0.420544 0.225511 0.0254381 0.0765957 0.161967
10 0.380359 0.221608 0.0235352 0.0594288 0.133486
10 0.27991 0.220975 0.019231 0.0438813 0.12883
4 0.435124 0.229753 0.0591436 0.0674672 0.127178
10 0.280409 0.222858 0.02185 0.0478006 0.126895
11 0.922512 0.357537 0.15578 0.131631 0.117909
4 0.428419 0.237812 0.0466896 0.0557536 0.110589
10 0.43447 0.226434 0.026915 0.0771833 0.105468
10 0.419157 0.219018 0.0209302 0.0608149 0.100494
4 0.435488 0.236529 0.0506292 0.0527175 0.0941711
4 0.420333 0.232582 0.0620209 0.0613214 0.0931235
11 0.919153 0.365372 0.160504 0.154704 0.091483
10 0.271832 0.225723 0.0255736 0.0527089 0.0899695
10 0.383181 0.224024 0.039911 0.0717064 0.0889551
4 0.41944 0.238312 0.0313861 0.055844 0.0884103
10 0.433683 0.230071 0.0262904 0.0688709 0.0870664
10 0.107736 0.273137 0.0285654 0.0579059 0.0839948
10 0.395995 0.232787 0.0246863 0.0604946 0.0836356
11 0.9632 0.315834 0.0744511 0.289333 0.0795959
4 0.47855 0.235121 0.0485353 0.052923 0.0794489
10 0.366137 0.222996 0.0215825 0.066096 0.0794122
10 0.269273 0.222965 0.0253301 0.0549671 0.0792556
4 0.460003 0.227912 0.0528151 0.0590448 0.0787374
4 0.418263 0.240756 0.0535742 0.0555832 0.0783383
4 0.527354 0.223901 0.0492032 0.0581423 0.0740784
7 0.0451199 0.939624 0.0916857 0.115134 0.0734717
4 0.510303 0.221072 0.040968 0.0595649 0.0712576
10 0.364259 0.217477 0.017745 0.0575229 0.0619336
4 0.258375 0.229295 0.0411274 0.0514189 0.0615427
6 0.0463981 0.900428 0.09493 0.190978 0.0611565
4 0.520019 0.205504 0.0767832 0.0898829 0.0611252
6 0.0440994 0.854413 0.0882856 0.279926 0.0582555
10 0.445681 0.226741 0.0364157 0.0726739 0.057745
10 0.434242 0.219285 0.0247798 0.0623005 0.0571093
10 0.120106 0.272222 0.0252718 0.0563086 0.0542085
10 0.111565 0.274433 0.0383601 0.0611648 0.0530967
4 0.420886 0.230377 0.0797154 0.0622897 0.0522951
10 0.433823 0.23549 0.0241486 0.0568961 0.0516588
4 0.234917 0.248352 0.101241 0.0971436 0.0500995
4 0.524734 0.207456 0.0770365 0.0912621 0.0496744
4 0.267133 0.233811 0.0249595 0.0409153 0.0489352
0 0.0833628 0.626955 0.165118 0.699131 0.0488546
10 0.774884 0.0468021 0.18355 0.0917904 0.0487422
4 0.234972 0.25081 0.109 0.0996369 0.0478867
11 0.963388 0.268669 0.0749132 0.178967 0.0475152
10 0.807694 0.366661 0.0467112 0.0750718 0.0473306
6 0.0616997 0.917641 0.125264 0.158681 0.0465526
10 0.350466 0.219723 0.021203 0.0610919 0.0454556
10 0.346333 0.22685 0.0254508 0.063257 0.0444851
4 0.272853 0.258209 0.0444289 0.0792572 0.0437331
0 0.0822463 0.603773 0.163647 0.750352 0.0433389
10 0.38268 0.238337 0.0235312 0.0565528 0.0431202
11 0.879386 0.40512 0.235034 0.221175 0.0430219
10 0.798624 0.36842 0.0464677 0.0749576 0.0427092
10 0.442708 0.221731 0.0286477 0.0626812 0.0426646
4 0.608013 0.247033 0.0462725 0.0513678 0.0422351
7 0.8115 0.366834 0.0430607 0.0718742 0.0418192
10 0.789929 0.366445 0.0353408 0.0693765 0.0411994
1 0.0820724 0.737686 0.161758 0.493453 0.0411134
6 0.0677294 0.940808 0.137247 0.11253 0.0411051
11 0.912579 0.367381 0.179446 0.131645 0.0407355
4 0.526722 0.220126 0.0482926 0.0658051 0.0400522
1 0.505772 0.5051 0.976336 0.971086 0.0399828
6 0.0347214 0.799427 0.070655 0.384553 0.0398192
4 0.533928 0.227594 0.0495202 0.0547982 0.0397824
6 0.0577127 0.880031 0.116807 0.230908 0.039559
11 0.912437 0.341546 0.143322 0.0798941 0.0392807
10 0.099321 0.276008 0.0265035 0.0586285 0.0387471
6 0.0192871 0.753776 0.0399308 0.458609 0.0384597
10 0.288572 0.324303 0.0359912 0.0687125 0.037846
1 0.0971092 0.665371 0.19354 0.638296 0.0375448
1 0.0854702 0.506215 0.172124 0.947188 0.0371264
10 0.129501 0.269531 0.0192989 0.0522597 0.0369435
1 0.081657 0.689124 0.161747 0.558769 0.0369424
10 0.351638 0.214757 0.0245166 0.0645408 0.0369165
4 0.231527 0.247839 0.0945605 0.0978606 0.0367691
1 0.503311 0.505884 0.982743 0.970163 0.0363006
1 0.133664 0.501212 0.269916 0.969481 0.0362125
1 0.074746 0.629316 0.151024 0.681937 0.0361847
4 0.49437 0.229809 0.0451447 0.0546753 0.0360132
4 0.26775 0.245806 0.0519624 0.102045 0.0354842
1 0.403397 0.504411 0.801614 0.983111 0.0351982
1 0.114669 0.567335 0.229278 0.833903 0.0347763
0 0.108411 0.773818 0.110362 0.240634 0.0347403
10 0.084425 0.794046 0.0506293 0.181945 0.0345468
10 0.34837 0.230979 0.0337906 0.0711151 0.0345467
4 0.612814 0.242913 0.0615685 0.058621 0.0343723
10 0.0812874 0.801291 0.0483645 0.173632 0.0337562
10 0.819057 0.366971 0.0347691 0.0747422 0.0333916
1 0.0971623 0.613034 0.193918 0.736912 0.0331534
10 0.303853 0.220804 0.0179735 0.0404096 0.0321329
1 0.171465 0.501698 0.344079 0.979087 0.0320261
1 0.17254 0.503397 0.344742 0.975389 0.031832
10 0.286357 0.319977 0.0353044 0.0791249 0.0318181
10 0.81518 0.0431964 0.150583 0.0863568 0.0310364
6 0.990489 0.426277 0.0189785 0.251792 0.0310245
10 0.486339 0.220969 0.0246426 0.0651426 0.0308474
4 0.214924 0.25693 0.0730748 0.111032 0.030728
10 0.463251 0.20762 0.0244829 0.0284872 0.0306433
1 0.110239 0.588957 0.221945 0.791759 0.030611
4 0.237936 0.244995 0.0424546 0.0933738 0.0306098
0 0.110246 0.767627 0.109542 0.257344 0.0301147
10 0.0967447 0.787445 0.0719516 0.199662 0.0300467
10 0.393738 0.926278 0.0465347 0.0868034 0.0298665
10 0.790849 0.358368 0.0246817 0.0462755 0.0295775
6 0.988425 0.389394 0.0227198 0.165246 0.029372
1 0.106156 0.498301 0.21471 0.972141 0.0293679
6 0.0141839 0.726576 0.0288732 0.433478 0.0293583
1 0.0754627 0.775934 0.149674 0.426222 0.0293133
1 0.502834 0.655341 0.983125 0.677528 0.0291189
10 0.0164792 0.632955 0.0326632 0.688674 0.0289702
6 0.989204 0.406893 0.0218525 0.127739 0.0285578
10 0.450826 0.213006 0.0321679 0.0537353 0.028326
6 0.0708868 0.832861 0.140938 0.320147 0.0282141
6 0.0156266 0.684053 0.0310566 0.518279 0.0281526
10 0.728277 0.0484832 0.243485 0.0970502 0.0280086
4 0.258673 0.263894 0.0386429 0.0707137 0.0278891
10 0.275841 0.323966 0.0327645 0.0676207 0.0277759
4 0.245166 0.224763 0.0476712 0.054598 0.0277077
6 0.983789 0.376785 0.0326387 0.396942 0.0276678
10 0.494119 0.225581 0.0278117 0.0515251 0.0275865
4 0.33865 0.230934 0.0875247 0.0449393 0.0273183
6 0.988075 0.431617 0.0236723 0.147174 0.0270726
7 0.0157428 0.944993 0.0325658 0.102212 0.0268582
1 0.0614506 0.581992 0.126047 0.792723 0.0267914
10 0.134896 0.275144 0.0340004 0.0633953 0.0265001
7 0.446285 0.548821 0.0769725 0.0544628 0.0263019
10 0.454372 0.205484 0.0349644 0.033511 0.0262783
4 0.234384 0.232467 0.0503077 0.0687763 0.0262005
10 0.14314 0.272287 0.0208894 0.0605455 0.0260904
10 0.0963337 0.789857 0.0721698 0.200549 0.0260786
10 0.232147 0.248858 0.040239 0.0936695 0.0260542
10 0.992315 0.508454 0.0161694 0.301928 0.0259541
4 0.303717 0.25777 0.11689 0.0966946 0.0259074
4 0.220129 0.252767 0.151679 0.103549 0.0254963
4 0.227374 0.23853 0.046671 0.0745082 0.0253744
10 0.795953 0.333949 0.0533715 0.139368 0.0253325
1 0.151849 0.75803 0.298519 0.461537 0.0252706
10 0.345896 0.220072 0.0479224 0.0654767 0.025035
10 0.993005 0.460404 0.014212 0.321801 0.0248404
10 0.169998 0.270379 0.0272425 0.0663793 0.0248291
10 0.491811 0.228659 0.0391284 0.0535305 0.0246124
10 0.014811 0.525341 0.0304427 0.90495 0.024404
2 0.0921839 0.667636 0.0273142 0.0818136 0.0243878
10 0.214874 0.359737 0.0389618 0.107672 0.0243615
4 0.332164 0.227605 0.0780784 0.0366853 0.0241788
10 0.487102 0.209812 0.0438798 0.0861246 0.0240579
10 0.796742 0.341245 0.0447924 0.118466 0.024037
6 0.985863 0.421559 0.0299694 0.0993915 0.0240148
3 0.75508 0.211819 0.477672 0.402321 0.0238442
4 0.333712 0.227268 0.0725675 0.0364419 0.0238403
10 0.221201 0.238731 0.0315011 0.0798902 0.0238095
4 0.194962 0.260889 0.0517287 0.0765327 0.0237371
7 0.0127713 0.938934 0.0249808 0.113284 0.0235756
10 0.161436 0.267716 0.0283283 0.0756448 0.0234923
1 0.503067 0.654773 0.979714 0.679928 0.023457
7 0.547474 0.66168 0.0567924 0.141979 0.0234444
10 0.729769 0.0445682 0.172551 0.0916182 0.0233492
4 0.98679 0.477745 0.027423 0.094925 0.0233024
10 0.988332 0.563555 0.0235676 0.805821 0.0231963
4 0.219224 0.253651 0.0491982 0.108541 0.0230704
10 0.00857627 0.64333 0.0169113 0.471087 0.0230426
2 0.0948895 0.664904 0.0279648 0.0832496 0.0230345
10 0.497375 0.222885 0.0590927 0.0587151 0.0227217
10 0.327906 0.231471 0.0218119 0.0598216 0.0227217
4 0.349367 0.230994 0.072293 0.0564755 0.0225829
1 0.504198 0.691182 0.978634 0.607441 0.0225045
10 0.597442 0.224206 0.0293288 0.0956502 0.0224097
4 0.476498 0.240789 0.0495249 0.05128 0.0224096
10 0.0325264 0.544678 0.0659952 0.839129 0.0221219
10 0.354137 0.212889 0.0613254 0.0576328 0.0220961
10 0.726928 0.0687295 0.325698 0.135764 0.02206
0 0.00775038 0.577058 0.0159679 0.256902 0.0220202
1 0.259523 0.501227 0.522904 0.975468 0.0219006
10 0.462797 0.197567 0.0391171 0.0507058 0.021526
4 0.625604 0.247489 0.0883198 0.0604658 0.0214935
10 0.5705 0.0427172 0.63498 0.0861995 0.0213519
10 0.50091 0.0395518 0.249215 0.0777484 0.0213507
10 0.810924 0.260881 0.0361476 0.0434042 0.0212891
1 0.50525 0.738423 0.986676 0.512322 0.0212188
10 0.491113 0.207504 0.0706666 0.0888642 0.021208
4 0.328558 0.25073 0.143791 0.116608 0.0211693
4 0.551372 0.215915 0.0560122 0.0702125 0.0211678
10 0.478084 0.221454 0.025845 0.0319545 0.021043
1 0.381102 0.51149 0.758051 0.955334 0.0207614
4 0.366798 0.241854 0.0430691 0.0366048 0.0207488
10 0.558946 0.223936 0.0549522 0.0600742 0.0206362
4 0.346524 0.221336 0.0747755 0.0442936 0.0206186
10 0.0507301 0.528145 0.104535 0.838273 0.020367
1 0.186636 0.722485 0.367714 0.532407 0.0202274
10 0.755961 0.0424161 0.134 0.0865247 0.0202261
10 0.672561 0.0394356 0.444748 0.0802573 0.0201437
3 0.623626 0.180641 0.202477 0.307794 0.0201317
10 0.299511 0.320924 0.0321556 0.0693553 0.0201121
10 0.764647 0.773951 0.0439277 0.0939744 0.0200326
4 0.301991 0.233897 0.0814241 0.0335958 0.0199965
4 0.556453 0.230198 0.0539909 0.0570246 0.0199216
10 0.153499 0.26974 0.0277279 0.0619147 0.0196994
1 0.502496 0.65576 0.98805 0.678055 0.0195012
4 0.545971 0.206209 0.0690539 0.0924719 0.0192263
1 0.165028 0.801502 0.324574 0.377548 0.019126
1 0.109609 0.816629 0.216961 0.347757 0.0191112
10 0.172658 0.428542 0.0408638 0.195616 0.0190451
6 0.778466 0.0415034 0.10746 0.0838321 0.018582
6 0.989612 0.282073 0.0211826 0.167406 0.0183193
4 0.359775 0.239591 0.0479168 0.0454476 0.0181836
10 0.0896851 0.801005 0.059679 0.183182 0.0181188
3 0.723103 0.201192 0.416173 0.387286 0.0180828
10 0.192403 0.346059 0.0393711 0.183413 0.0177444
10 0.166623 0.449331 0.0406075 0.15861 0.017554
10 0.143906 0.315739 0.0455946 0.142961 0.017513
1 0.318614 0.582784 0.638738 0.813539 0.0173544
10 0.195317 0.331176 0.0326977 0.131229 0.0173518
10 0.470477 0.197016 0.0309625 0.0581034 0.0173261
1 0.504214 0.676203 0.978231 0.636521 0.0173222
1 0.503646 0.623458 0.986507 0.744759 0.0172344
1 0.512025 0.779512 0.969986 0.430151 0.0171818
2 0.0837952 0.666611 0.0276597 0.0871399 0.0171732
10 0.829274 0.362644 0.0309836 0.0734539 0.017165
1 0.189633 0.614486 0.388709 0.740676 0.0171152
7 0.859492 0.485923 0.0364449 0.0703555 0.0170815
10 0.0964957 0.794372 0.0717829 0.193692 0.0170692
10 0.36222 0.242789 0.0860908 0.0793871 0.0170199
10 0.574254 0.225625 0.0564977 0.057681 0.0169723
4 0.303826 0.231763 0.0780467 0.0332602 0.0168644
4 0.355617 0.232827 0.342237 0.159635 0.0167308
3 0.881695 0.845119 0.242773 0.295421 0.0167252
1 0.511184 0.791979 0.964644 0.409622 0.0165285
1 0.317735 0.589549 0.630953 0.805046 0.0164972
6 0.0999516 0.897056 0.200419 0.195194 0.016443
3 0.683263 0.179834 0.33272 0.333622 0.0163774
6 0.790713 0.0413022 0.101992 0.0832114 0.0162796
2 0.761651 0.184259 0.150176 0.357037 0.0162577
2 0.765734 0.146553 0.152072 0.285245 0.0162349
2 0.0811031 0.667602 0.0270828 0.085473 0.0159125
10 0.250419 0.70609 0.382496 0.572481 0.0158971
1 0.131085 0.719613 0.084182 0.142685 0.0158464
10 0.474551 0.0393858 0.404459 0.0791013 0.0157211
10 0.16577 0.351976 0.0399799 0.204129 0.0155781
3 0.587892 0.16764 0.125843 0.25666 0.0155464
5 0.854433 0.489901 0.0311144 0.0614145 0.0155349
4 0.190287 0.263652 0.0279716 0.0577642 0.0154254
1 0.506496 0.769112 0.941484 0.449347 0.0154116
1 0.577224 0.674258 0.431168 0.640767 0.0154088
10 0.929106 0.377946 0.146088 0.685703 0.015333
1 0.693495 0.742981 0.599236 0.510049 0.0151966
4 0.348785 0.256066 0.105465 0.0825962 0.0151221
1 0.504227 0.715218 0.719572 0.547822 0.0149563
1 0.520242 0.788046 0.961805 0.412956 0.0149412
10 0.860958 0.0449806 0.137243 0.0940458 0.0148599
7 0.102887 0.671169 0.048997 0.0767344 0.0148333
1 0.480021 0.742679 0.316829 0.49718 0.0148176
6 0.792855 0.040857 0.109628 0.0832388 0.0147872
1 0.524365 0.739437 0.930786 0.505837 0.0147293
1 0.502755 0.588789 0.98269 0.812986 0.0147193
4 0.181851 0.269598 0.0555398 0.0985774 0.0146174
1 0.502298 0.582536 0.975462 0.818165 0.0145166
6 0.928844 0.266846 0.14914 0.513085 0.0142844
1 0.133358 0.736119 0.0818483 0.186219 0.0140923
3 0.967583 0.346921 0.0665728 0.635933 0.0140682
10 0.067813 0.809858 0.0469045 0.171435 0.0139719
3 0.704445 0.246119 0.383216 0.477372 0.0139453
10 0.155164 0.452684 0.0404988 0.255679 0.0138799
3 0.748509 0.402351 0.488909 0.781974 0.0135591
10 0.965223 0.665192 0.0705887 0.562068 0.0135383
2 0.789467 0.202472 0.212634 0.395472 0.0134016
2 0.803802 0.0407363 0.0797472 0.0833751 0.0133495
10 0.881805 0.0460633 0.151312 0.0983112 0.0132534
10 0.121182 0.028708 0.0939896 0.055489 0.0129764
10 0.198661 0.270554 0.0394807 0.103909 0.0129463
10 0.186883 0.267917 0.0280552 0.0873158 0.0127465
4 0.947643 0.976706 0.115978 0.0443476 0.0124352
10 0.759417 0.323152 0.0492144 0.108293 0.0123705
10 0.854778 0.0441758 0.0968754 0.0928175 0.0122602
3 0.388069 0.147341 0.788001 0.275345 0.0122031
1 0.519628 0.868789 0.879121 0.256077 0.0120988
10 0.239838 0.344779 0.0254354 0.0774458 0.0116574
10 0.0581247 0.818774 0.0682401 0.184388 0.0110935
3 0.534992 0.208663 0.776377 0.372335 0.0108998
4 0.736255 0.319311 0.122175 0.122415 0.0106842
3 0.513761 0.148638 0.843995 0.288506 0.0106551
3 0.470885 0.143502 0.946145 0.275446 0.0102627
10 0.842798 0.0570543 0.0971367 0.120089 0.010195
3 0.356189 0.255429 0.700998 0.487814 0.00988532
10 0.912255 0.0455048 0.13277 0.0962741 0.00987112
1 0.450101 0.582577 0.13403 0.614427 0.00978028
10 0.0313721 0.116474 0.240416 0.248778 0.00960066
10 0.923678 0.0431114 0.112227 0.0915954 0.0090086
11 0.733261 0.479029 0.112365 0.118019 0.00883475
3 0.547042 0.276787 0.609361 0.466853 0.00846076
6 0.974339 0.0285198 0.0376474 0.067805 0.00841636
10 0.903715 0.0523366 0.157897 0.109746 0.0079696
10 0.937297 0.0827217 0.217169 0.169014 0.00739099
3 0.457839 0.304645 0.386531 0.462972 0.00676579
