6 0.698295 0.368758 0.100302 0.303619 0.804675
6 0.518629 0.33331 0.10966 0.242641 0.760745
10 0.495188 0.0868625 0.0615212 0.176047 0.738375
6 0.350193 0.225659 0.0806459 0.182604 0.672375
6 0.28058 0.273154 0.0959448 0.161546 0.669534
2 0.761784 0.234084 0.0241975 0.0867119 0.624434
10 0.160161 0.85856 0.044135 0.118388 0.572081
2 0.74065 0.264068 0.0292342 0.0870799 0.467079
11 0.0438849 0.297997 0.0869078 0.223488 0.460989
11 0.459741 0.275231 0.162022 0.249337 0.44076
11 0.785037 0.328983 0.198566 0.314855 0.427129
10 0.717077 0.164857 0.0884197 0.132278 0.422198
10 0.125923 0.794165 0.0368806 0.0954794 0.392402
6 0.594946 0.619026 0.127508 0.361613 0.351985
11 0.370486 0.484902 0.233947 0.33362 0.349531
10 0.105765 0.216611 0.0287772 0.0812032 0.345307
6 0.464561 0.916413 0.181793 0.166936 0.340586
10 0.0680491 0.21634 0.0318753 0.0671215 0.296325
11 0.283964 0.223687 0.102232 0.127313 0.276575
7 0.430255 0.235655 0.0236349 0.0490752 0.221279
11 0.127177 0.272702 0.0808334 0.178062 0.191519
10 0.112028 0.215543 0.0388206 0.0843275 0.185089
6 0.11903 0.55118 0.0638878 0.206878 0.175505
10 0.0130768 0.724049 0.0262451 0.196845 0.173713
6 0.119247 0.530281 0.0687306 0.261634 0.173247
6 0.465795 0.962291 0.187362 0.0745165 0.171691
2 0.00574128 0.232515 0.0124834 0.0904194 0.170689
11 0.316059 0.19067 0.170132 0.272179 0.170628
10 0.197203 0.652308 0.383455 0.675285 0.170106
7 0.678014 0.600956 0.037693 0.103474 0.169864
10 0.454145 0.0957307 0.0425791 0.1482 0.16849
11 0.0110926 0.251786 0.0221316 0.0960988 0.16698
2 0.847599 0.27086 0.0235575 0.0746076 0.162979
10 0.0681477 0.226906 0.0400358 0.0882466 0.16063
10 0.494335 0.08427 0.051092 0.174821 0.158538
7 0.83318 0.262596 0.0299974 0.0989661 0.154276
6 0.428416 0.51475 0.123074 0.275274 0.154126
7 0.308239 0.420669 0.0236863 0.045089 0.152632
6 0.603391 0.618498 0.139463 0.367887 0.1526
11 0.131701 0.296868 0.080089 0.133725 0.152163
11 0.0676439 0.270387 0.0369364 0.110931 0.150938
2 0.00425077 0.210928 0.00864085 0.0662551 0.150918
2 0.954159 0.941404 0.0630747 0.11752 0.150336
2 0.838879 0.276333 0.0247698 0.077539 0.145984
10 0.969675 0.80969 0.0614513 0.377601 0.142404
7 0.678219 0.620261 0.0311139 0.0745694 0.142303
2 0.734738 0.264566 0.0279492 0.0800534 0.141462
2 0.753177 0.258842 0.0271314 0.0861756 0.132132
10 0.0116762 0.773977 0.0248355 0.290892 0.130161
6 0.499795 0.964623 0.112798 0.0717357 0.128763
2 0.0180857 0.0955432 0.0329842 0.0838244 0.12778
7 0.317429 0.421217 0.0237597 0.0461493 0.125859
10 0.212732 0.920951 0.105162 0.161145 0.125562
10 0.897612 0.281903 0.112247 0.185744 0.12398
2 0.773787 0.235811 0.0212153 0.0855187 0.121352
11 0.280244 0.26432 0.100564 0.177358 0.116862
10 0.886753 0.345336 0.127188 0.325692 0.113622
10 0.123252 0.405219 0.134798 0.197749 0.111671
2 0.748426 0.23081 0.023199 0.0866856 0.110057
7 0.807277 0.216024 0.024747 0.0452922 0.108564
2 0.742875 0.238917 0.0224537 0.0951812 0.106341
6 0.328771 0.228718 0.0658793 0.166047 0.106019
10 0.0183402 0.0960938 0.0342804 0.0848898 0.103921
2 0.279374 0.556889 0.016532 0.0335822 0.103053
6 0.431123 0.337997 0.0662788 0.125693 0.101825
10 0.897048 0.328597 0.12576 0.316388 0.100228
6 0.265073 0.278953 0.0709829 0.141397 0.100017
10 0.889339 0.284215 0.0905758 0.145343 0.0990309
10 0.577925 0.594083 0.0936856 0.300919 0.0982051
2 0.856208 0.260026 0.0236908 0.0879094 0.0969231
2 0.139651 0.277833 0.0234658 0.0711458 0.0960795
6 0.384288 0.965441 0.348456 0.0689731 0.0950098
10 0.43742 0.0894869 0.0640887 0.180686 0.0937808
6 0.426649 0.310944 0.0890343 0.179941 0.092726
10 0.00799755 0.616785 0.0159334 0.414938 0.0927214
11 0.0687224 0.253429 0.0342239 0.0753277 0.0926654
10 0.962396 0.509888 0.0714361 0.962468 0.0917732
10 0.00700842 0.490103 0.014115 0.123097 0.0913309
10 0.984872 0.80276 0.0306099 0.383907 0.090225
10 0.919742 0.942703 0.130984 0.115456 0.0892016
2 0.0291304 0.154721 0.0146118 0.0350686 0.0884937
10 0.0136203 0.48442 0.0269205 0.113797 0.0872895
10 0.0866954 0.214883 0.0574984 0.0831072 0.0870523
11 0.061319 0.315766 0.125532 0.273823 0.0868098
2 0.145002 0.277714 0.0245664 0.0666729 0.086525
10 0.0940975 0.217589 0.0450832 0.0778351 0.0857644
7 0.661715 0.588371 0.0380911 0.134424 0.0846567
10 0.0964861 0.215706 0.0390715 0.0800312 0.0845204
6 0.287013 0.261072 0.0859161 0.179559 0.0841578
10 0.898214 0.402581 0.132609 0.468531 0.0838199
7 0.18122 0.462665 0.0330273 0.0795094 0.083689
10 0.0955528 0.257085 0.038072 0.168787 0.0836337
7 0.433704 0.225118 0.0306147 0.0717367 0.0835953
7 0.868884 0.321194 0.0249805 0.0570293 0.0828558
10 0.00549418 0.668018 0.0113235 0.29119 0.0824841
7 0.687365 0.605017 0.035733 0.103255 0.0824028
10 0.134431 0.387818 0.0997718 0.213448 0.0817396
6 0.495254 0.120372 0.0532675 0.107081 0.0813775
2 0.28668 0.557075 0.0171135 0.0356189 0.0810618
7 0.797406 0.234502 0.0385419 0.0646174 0.0809636
2 0.0087543 0.208667 0.0150766 0.0397152 0.0805718
2 0.75047 0.16536 0.03475 0.0852252 0.0803688
10 0.445449 0.0891445 0.0557908 0.181077 0.0795203
10 0.125285 0.219045 0.0331671 0.0763296 0.0794195
6 0.427874 0.549053 0.113309 0.203648 0.078239
6 0.394038 0.224258 0.0613835 0.176245 0.0774763
7 0.809468 0.22861 0.0283199 0.0695382 0.0773607
11 0.468469 0.237605 0.142675 0.170788 0.0770253
10 0.893956 0.322515 0.119987 0.301445 0.0768363
10 0.00567891 0.501722 0.0128129 0.147218 0.0765826
11 0.816158 0.406303 0.291522 0.545657 0.0763466
2 0.855119 0.273547 0.0204979 0.0704236 0.0763079
6 0.974471 0.863024 0.0513393 0.281017 0.0760077
10 0.0674141 0.258209 0.044601 0.149021 0.0759245
11 0.291187 0.256909 0.129526 0.18234 0.0759159
11 0.00855323 0.219388 0.0170612 0.0565622 0.075585
7 0.416916 0.2341 0.020778 0.0470603 0.0752853
6 0.347444 0.258771 0.0665351 0.122859 0.0750651
10 0.0769078 0.219452 0.0380345 0.0817859 0.0749395
2 0.0172587 0.0980081 0.0333013 0.0869831 0.0749261
10 0.848713 0.526297 0.287268 0.92716 0.0743097
10 0.866854 0.574842 0.218652 0.84616 0.0741114
10 0.0754308 0.233181 0.0348617 0.101039 0.0737583
11 0.0510404 0.136772 0.0681832 0.14512 0.0733528
10 0.736851 0.166822 0.0374135 0.0890791 0.0732793
7 0.872856 0.320074 0.024461 0.0591472 0.072511
7 0.720697 0.264974 0.0302326 0.0837037 0.0723772
11 0.0673073 0.253428 0.0346265 0.0940824 0.0721527
7 0.859592 0.233704 0.018713 0.0445303 0.0718581
2 0.06576 0.144498 0.031509 0.0639284 0.0708827
10 0.118309 0.275135 0.0711464 0.188565 0.0697538
7 0.825023 0.265461 0.0282277 0.0951833 0.0696821
7 0.267138 0.198132 0.0381075 0.0498397 0.0691482
11 0.0457642 0.161311 0.0782308 0.158942 0.0689994
10 0.516668 0.915952 0.367393 0.171696 0.0689727
7 0.483394 0.225788 0.0183186 0.058369 0.0685388
2 0.0461311 0.122143 0.0273247 0.0511348 0.0684241
10 0.106061 0.365618 0.0460643 0.113418 0.0683727
10 0.511793 0.0871421 0.0565385 0.173724 0.0679822
6 0.285047 0.258446 0.0922393 0.189605 0.0675181
11 0.313052 0.154536 0.174947 0.282738 0.0669875
11 0.0119665 0.761469 0.0239236 0.129187 0.0663383
2 0.778068 0.233596 0.0231965 0.0886536 0.066108
7 0.661035 0.618028 0.0287237 0.0727974 0.0659682
7 0.281958 0.192851 0.0165716 0.0440676 0.0658245
10 0.0892639 0.224497 0.0294912 0.0965228 0.0648668
10 0.0939426 0.264223 0.0358707 0.135321 0.0640229
7 0.832376 0.239594 0.0281683 0.0618806 0.0640226
6 0.393518 0.20945 0.0618311 0.177411 0.0634243
2 0.272255 0.162377 0.0190092 0.0455677 0.0634173
7 0.797546 0.209735 0.0169582 0.0326528 0.0626522
6 0.316212 0.256693 0.0654972 0.166315 0.062567
10 0.991515 0.711781 0.0183722 0.177573 0.0625274
10 0.992604 0.671516 0.0166613 0.215006 0.0622841
2 0.14218 0.0403515 0.0283812 0.0617701 0.0622634
10 0.879904 0.527141 0.167751 0.713756 0.0615276
2 0.862373 0.247505 0.0249593 0.0731336 0.0611938
6 0.291804 0.255712 0.0987202 0.181535 0.06077
10 0.0145527 0.454759 0.025848 0.0913705 0.0605582
2 0.864966 0.256465 0.0239578 0.0848836 0.0605533
10 0.109243 0.9655 0.214168 0.0695613 0.0596419
6 0.383267 0.2357 0.0615813 0.170249 0.0596286
6 0.936804 0.942324 0.115521 0.11763 0.0592858
10 0.00743742 0.845596 0.017357 0.184348 0.0591429
11 0.0827618 0.386078 0.085992 0.157149 0.0585784
2 0.75459 0.258318 0.0186033 0.0846074 0.0585573
6 0.0648536 0.513485 0.11178 0.177111 0.0583429
6 0.696942 0.406676 0.08602 0.216559 0.0581604
2 0.259088 0.162682 0.0219349 0.0509463 0.0581579
7 0.776468 0.170018 0.0300041 0.067396 0.0580703
10 0.924567 0.533063 0.139518 0.913876 0.0580652
7 0.804905 0.23089 0.0386535 0.0710847 0.0580321
6 0.332778 0.257904 0.070722 0.128839 0.057959
7 0.863062 0.264715 0.019639 0.0749889 0.0579199
10 0.00535886 0.458137 0.0105104 0.172534 0.0579152
10 0.751741 0.532883 0.451146 0.88179 0.057635
11 0.00730279 0.2882 0.0148627 0.0944819 0.0574106
6 0.324124 0.254489 0.0839562 0.173411 0.0571903
10 0.55055 0.0968799 0.0939458 0.188987 0.057188
10 0.932871 0.896784 0.131609 0.208595 0.0569786
2 0.236652 0.157324 0.0348338 0.0648526 0.0568929
10 0.709202 0.173278 0.0391617 0.103001 0.0564025
6 0.258654 0.278384 0.0773325 0.143903 0.0561042
10 0.0551943 0.225104 0.0589373 0.089918 0.055829
6 0.319494 0.226247 0.0633223 0.164042 0.0558209
11 0.120015 0.266518 0.0384395 0.062451 0.0558172
2 0.138917 0.25936 0.0327786 0.0998461 0.0554054
6 0.328927 0.250683 0.0638727 0.149223 0.0553856
10 0.0624899 0.560453 0.120375 0.309534 0.0550517
11 0.35263 0.406047 0.156444 0.168332 0.0550501
10 0.11468 0.209699 0.0249481 0.0702538 0.054892
11 0.272459 0.202536 0.123981 0.250392 0.054876
11 0.117258 0.306941 0.0661845 0.130469 0.05434
6 0.93622 0.245096 0.0503775 0.13049 0.054242
10 0.976972 0.479725 0.0416601 0.902754 0.0542028
10 0.9879 0.579385 0.0234352 0.828268 0.0535574
2 0.17914 0.46008 0.0338487 0.0830978 0.0535351
10 0.908664 0.351474 0.174429 0.673898 0.0532859
6 0.497125 0.964975 0.0759447 0.0711165 0.0532749
6 0.111645 0.320179 0.0576592 0.113844 0.053193
2 0.090665 0.109972 0.0172011 0.0429086 0.0526343
10 0.992217 0.664517 0.0167048 0.618118 0.0518956
11 0.296485 0.253507 0.113668 0.178892 0.0517944
6 0.301178 0.266969 0.0675623 0.158384 0.0517052
10 0.116732 0.227256 0.0344608 0.0762724 0.0515511
10 0.567561 0.0918387 0.0938151 0.178847 0.0513892
10 0.00999501 0.761347 0.0217377 0.254149 0.051164
6 0.937234 0.241219 0.0511595 0.129488 0.0506108
10 0.222938 0.724155 0.265224 0.438499 0.0504987
2 0.150929 0.035364 0.0230203 0.0590877 0.0497011
11 0.18347 0.966193 0.351157 0.0682263 0.0493402
10 0.412642 0.0909328 0.042798 0.173792 0.047997
2 0.520724 0.965572 0.0661845 0.0699801 0.0471595
10 0.0790131 0.211272 0.0251026 0.0600454 0.0470294
11 0.112502 0.216891 0.0601428 0.0832047 0.0464979
11 0.269139 0.265747 0.126389 0.174648 0.0458259
10 0.890603 0.299763 0.14619 0.276861 0.045539
6 0.126965 0.569829 0.052573 0.176502 0.045191
10 0.987617 0.44368 0.0212978 0.666543 0.045147
7 0.819087 0.210665 0.0245179 0.0372165 0.045011
6 0.304361 0.246631 0.0832156 0.179284 0.0448707
7 0.299005 0.421929 0.0213021 0.0433794 0.0442881
10 0.758499 0.169258 0.0285613 0.0746839 0.0440403
11 0.0551761 0.315856 0.0580207 0.220219 0.0437085
2 0.951405 0.972173 0.0435692 0.0552196 0.0436084
10 0.0602747 0.861907 0.117545 0.273557 0.0430837
11 0.129902 0.32578 0.0793691 0.122365 0.0429524
10 0.140148 0.857106 0.0444242 0.113749 0.0426959
11 0.0117041 0.393434 0.0255879 0.391979 0.0417777
11 0.0373541 0.249065 0.0755186 0.131406 0.0415172
10 0.840907 0.451473 0.245595 0.608883 0.0411056
6 0.690888 0.423697 0.0842056 0.178889 0.0410051
7 0.496178 0.209825 0.0148311 0.0373828 0.04048
11 0.324277 0.461852 0.146373 0.279113 0.0404186
10 0.9855 0.426641 0.0257198 0.814549 0.0403967
6 0.367882 0.177258 0.0668784 0.157077 0.0401327
6 0.418266 0.219666 0.0838389 0.18853 0.0399834
11 0.3497 0.404306 0.165402 0.152901 0.0396543
11 0.131474 0.330378 0.0838744 0.115965 0.0393688
6 0.321309 0.245585 0.0624756 0.157394 0.0392392
10 0.584269 0.2548 0.381354 0.504838 0.0389639
10 0.98518 0.348216 0.0259383 0.671997 0.0381429
6 0.710782 0.366386 0.0947227 0.302943 0.0380696
7 0.704657 0.606587 0.0348459 0.106023 0.0379119
10 0.0486806 0.204974 0.0293389 0.0479649 0.0373923
11 0.432671 0.273955 0.137412 0.226014 0.0372838
10 0.614767 0.241057 0.305486 0.478886 0.0365715
10 0.115456 0.802564 0.0525533 0.134739 0.0365308
6 0.457716 0.347086 0.0578721 0.121359 0.0362217
10 0.552888 0.189005 0.18107 0.371052 0.0357974
2 0.104096 0.0101091 0.0381476 0.0211871 0.0356585
10 0.170387 0.852554 0.339907 0.298483 0.0355152
2 0.325159 0.41065 0.0343725 0.0736068 0.0349412
6 0.685262 0.629601 0.296505 0.391171 0.034765
7 0.0816238 0.248656 0.0207254 0.0544727 0.0342011
10 0.93435 0.46132 0.073217 0.554772 0.0340756
2 0.308597 0.565603 0.0212496 0.0551802 0.0336235
7 0.296238 0.183245 0.0159398 0.0466054 0.0331348
10 0.114827 0.795108 0.0344287 0.0985391 0.0330759
2 0.781896 0.232337 0.0233131 0.0855309 0.032855
2 0.739057 0.218619 0.0157429 0.0455233 0.032302
6 0.677447 0.311702 0.0596891 0.195622 0.0321448
6 0.403806 0.193119 0.0773275 0.181081 0.0317499
6 0.300046 0.239806 0.0788094 0.160242 0.0316244
11 0.782683 0.324751 0.176585 0.287255 0.0314267
6 0.332271 0.20149 0.0557138 0.141314 0.0312731
10 0.414182 0.919706 0.176669 0.164162 0.0308012
6 0.897289 0.295715 0.106071 0.144214 0.0307022
6 0.370922 0.161034 0.054694 0.127755 0.0302298
7 0.803182 0.224167 0.0198909 0.0715337 0.0298337
10 0.109745 0.793676 0.0353086 0.0915695 0.0296578
6 0.877088 0.28976 0.105837 0.148175 0.0293366
11 0.796573 0.249837 0.179516 0.127828 0.0293023
11 0.771818 0.353668 0.22259 0.342757 0.0287041
10 0.818045 0.560295 0.292891 0.856471 0.0282742
7 0.651229 0.618087 0.0293695 0.0835111 0.0281223
6 0.672399 0.320544 0.0585855 0.212358 0.0278499
6 0.405871 0.32897 0.0677915 0.130085 0.0274146
7 0.77167 0.190996 0.0228016 0.0359597 0.0273122
2 0.0789708 0.13936 0.0163694 0.0612738 0.0263182
10 0.230235 0.665485 0.228172 0.54716 0.0259502
7 0.730828 0.618466 0.0554126 0.111679 0.0259374
2 0.266122 0.556908 0.0140695 0.03375 0.0258116
6 0.0124188 0.111339 0.0271206 0.0821413 0.0256532
11 0.24723 0.213448 0.0617454 0.0854512 0.0250983
10 0.75036 0.711289 0.464134 0.576808 0.0249951
6 0.748428 0.458467 0.137848 0.157547 0.0243312
10 0.150709 0.790696 0.0321611 0.0898612 0.0240021
10 0.734425 0.641997 0.41358 0.449124 0.0237506
11 0.645604 0.284553 0.583079 0.421903 0.0232793
11 0.444739 0.293954 0.172435 0.244229 0.0225214
10 0.133979 0.207096 0.021209 0.0532245 0.0221321
11 0.832799 0.302162 0.133949 0.28746 0.0217216
10 0.653247 0.614684 0.124028 0.362056 0.0214579
6 0.392495 0.158737 0.0470792 0.11774 0.0202508
2 0.78608 0.211884 0.0229126 0.0461441 0.019818
6 0.617196 0.654818 0.187146 0.39911 0.0197597
7 0.784446 0.198909 0.0189626 0.0326746 0.0179478
11 0.787713 0.460783 0.31613 0.623284 0.0175829
6 0.529011 0.629192 0.0656984 0.211292 0.0131605
