10 0.787116 0.563364 0.117774 0.462697 0.792935
6 0.393947 0.583194 0.166272 0.566971 0.759014
5 0.680846 0.464088 0.120938 0.185708 0.706366
10 0.743987 0.902686 0.122204 0.193899 0.466141
5 0.81875 0.884996 0.0851925 0.2187 0.297662
5 0.824654 0.863757 0.0653061 0.171494 0.125293
2 0.616208 0.163621 0.018105 0.0730247 0.115516
10 0.768214 0.886614 0.200558 0.226223 0.102545
2 0.306273 0.98467 0.0536565 0.0308826 0.0941434
2 0.604321 0.153454 0.0179066 0.0616834 0.0925673
2 0.615665 0.15775 0.0194451 0.0709526 0.0906461
5 0.819326 0.861288 0.0696288 0.1595 0.0906104
10 0.781911 0.888031 0.165834 0.224321 0.0887068
11 0.271307 0.983271 0.396089 0.0327139 0.0880911
11 0.349748 0.984131 0.191125 0.0324228 0.0876968
11 0.332268 0.984581 0.508254 0.0304858 0.0859265
6 0.285574 0.292924 0.177407 0.40287 0.0857948
11 0.39263 0.26026 0.0534265 0.0666425 0.083585
6 0.954802 0.987035 0.0840521 0.0256243 0.082094
10 0.763116 0.911569 0.100337 0.17581 0.0808692
2 0.617568 0.171567 0.0160139 0.0621779 0.0794711
2 0.609027 0.161387 0.026772 0.0802919 0.0747176
2 0.40965 0.986483 0.0475249 0.0276831 0.0742342
5 0.736028 0.970138 0.0763422 0.0595818 0.0723573
11 0.40704 0.986732 0.295437 0.0278653 0.065287
2 0.58668 0.0985415 0.0200411 0.0393921 0.0650839
11 0.366651 0.984096 0.143942 0.032407 0.0648464
2 0.326018 0.984129 0.0705772 0.0320035 0.0638047
11 0.929499 0.984256 0.13473 0.0316321 0.0634445
2 0.429647 0.0368211 0.0355535 0.0740513 0.060981
6 0.343525 0.51305 0.285563 0.844536 0.059021
5 0.824642 0.848782 0.0647169 0.143986 0.0584493
5 0.742386 0.921554 0.0923987 0.157002 0.0583613
2 0.387282 0.988124 0.0828246 0.0243765 0.0582535
2 0.432847 0.0455973 0.0251762 0.0526753 0.0579908
5 0.734015 0.982037 0.0676813 0.0356926 0.0567329
6 0.134845 0.980689 0.218045 0.0356996 0.0567269
6 0.124193 0.951238 0.229241 0.0936734 0.0549659
11 0.184844 0.984092 0.275124 0.0292358 0.0542474
2 0.455211 0.987013 0.0330723 0.0256648 0.0540196
11 0.33757 0.989412 0.228313 0.0229309 0.0536891
7 0.957345 0.989986 0.0805777 0.0199654 0.0533624
2 0.597803 0.148866 0.0153628 0.0637543 0.0529945
6 0.18196 0.962051 0.33398 0.0741926 0.052119
2 0.385541 0.987685 0.0843739 0.0250569 0.0512932
6 0.881079 0.930149 0.0553879 0.137859 0.0499338
2 0.696546 0.0129047 0.0410742 0.0267359 0.0497788
5 0.744107 0.970299 0.110569 0.0594423 0.0496987
7 0.654554 0.721674 0.0310258 0.0727969 0.0496961
10 0.784049 0.887533 0.15079 0.227234 0.0496087
2 0.428162 0.0359779 0.0379961 0.071017 0.0488157
10 0.0694856 0.657413 0.133189 0.671379 0.0479236
2 0.533874 0.0528486 0.0160901 0.0292156 0.0474518
2 0.589903 0.152 0.0148424 0.0554765 0.0467677
11 0.277495 0.967646 0.504443 0.0639505 0.0467191
11 0.352223 0.96929 0.646082 0.0595022 0.0464476
11 0.623621 0.987768 0.346808 0.0257252 0.0464168
10 0.0662266 0.717414 0.127117 0.550828 0.0462472
7 0.353503 0.283243 0.024454 0.031295 0.0460464
6 0.347891 0.602783 0.274836 0.61385 0.0459206
11 0.343549 0.971446 0.622082 0.0555481 0.0457157
11 0.580135 0.987612 0.274811 0.0248102 0.0455675
5 0.826182 0.843787 0.0635272 0.136127 0.045493
10 0.709101 0.904395 0.111376 0.190287 0.0452236
5 0.741218 0.14076 0.0257531 0.0478225 0.0444205
2 0.713608 0.013757 0.0761448 0.0301239 0.0440822
2 0.385022 0.97641 0.0756992 0.0474608 0.043841
10 0.756139 0.142101 0.023206 0.0489855 0.0433466
6 0.527571 0.986261 0.197604 0.028245 0.0430454
2 0.889755 0.967024 0.0446306 0.0657213 0.040314
2 0.703613 0.0130144 0.0527626 0.0267853 0.0399608
6 0.152382 0.980875 0.167605 0.0350073 0.0399532
6 0.296875 0.430329 0.210428 0.679147 0.0398744
5 0.73696 0.475315 0.0320441 0.137615 0.0391118
6 0.482888 0.985999 0.224955 0.0291969 0.0391042
6 0.931319 0.939893 0.131301 0.121447 0.0390701
11 0.381923 0.964 0.503128 0.071134 0.0387573
10 0.0192488 0.761691 0.0350996 0.453144 0.0386656
5 0.821247 0.847752 0.060125 0.132092 0.0385045
11 0.658806 0.986063 0.418194 0.0278467 0.0379051
5 0.809257 0.87818 0.0714121 0.186536 0.0377754
5 0.750413 0.967238 0.125969 0.0654913 0.0374562
5 0.830576 0.838216 0.0504644 0.124928 0.0372505
10 0.716302 0.891202 0.294252 0.219258 0.0372258
2 0.593587 0.02635 0.0453194 0.0535751 0.037105
6 0.230139 0.980155 0.121542 0.0373638 0.0365889
6 0.410958 0.530984 0.130797 0.460703 0.0362885
6 0.0696596 0.977374 0.122474 0.0428174 0.0361152
10 0.0212619 0.812414 0.0400766 0.356325 0.0359055
5 0.65877 0.452855 0.0887747 0.145169 0.0355185
2 0.359353 0.992949 0.0531341 0.0150301 0.0354399
5 0.66139 0.455603 0.0946363 0.149791 0.0354336
2 0.625707 0.162062 0.0176654 0.0775299 0.0352068
11 0.93694 0.990991 0.118373 0.0187314 0.035149
2 0.338806 0.980816 0.107664 0.0392109 0.0350623
5 0.760496 0.988126 0.0639802 0.023553 0.0349541
10 0.782195 0.47883 0.103053 0.298948 0.034924
11 0.727496 0.150642 0.0543941 0.0517576 0.0346578
2 0.366711 0.977807 0.067122 0.0445198 0.0346445
10 0.686084 0.908347 0.362385 0.186084 0.0345062
6 0.885816 0.932482 0.0331049 0.138308 0.0342259
5 0.750015 0.974363 0.0799932 0.0519669 0.0340716
2 0.434757 0.985775 0.0387838 0.0290431 0.033639
2 0.418899 0.0552398 0.0292719 0.108398 0.0335781
6 0.381544 0.374342 0.0590808 0.119681 0.0334512
11 0.238929 0.992019 0.347131 0.0152794 0.0333827
10 0.709619 0.910271 0.0891141 0.176149 0.0333021
2 0.417876 0.0488516 0.0233274 0.0499932 0.0331591
2 0.441576 0.0537347 0.0273265 0.110049 0.0330835
10 0.793695 0.561307 0.109281 0.474015 0.0330789
10 0.046516 0.884927 0.0899892 0.222905 0.0326935
5 0.74694 0.967951 0.0909482 0.0647578 0.0325219
11 0.449382 0.968284 0.794995 0.061644 0.0324783
2 0.47152 0.985651 0.050277 0.0290312 0.0322238
11 0.693195 0.885412 0.0542721 0.0828892 0.0318066
6 0.143772 0.991768 0.201672 0.0140271 0.0317681
11 0.611493 0.990536 0.279843 0.0193047 0.0316064
5 0.710399 0.451063 0.095125 0.142492 0.03156
11 0.633345 0.993314 0.178493 0.013004 0.0312336
11 0.203698 0.993051 0.225845 0.0124758 0.0310233
7 0.566678 0.286078 0.0178344 0.0340513 0.0310069
10 0.0504476 0.93675 0.0931052 0.123616 0.030601
10 0.763586 0.904997 0.0734055 0.187791 0.0298957
6 0.424165 0.538431 0.12966 0.476975 0.0296435
2 0.75323 0.271237 0.0182291 0.121802 0.0296259
2 0.348507 0.993221 0.0859445 0.0147475 0.0295622
11 0.630787 0.993692 0.232948 0.0130664 0.0294755
2 0.578444 0.0171059 0.0351598 0.0357028 0.0294268
11 0.216489 0.992704 0.189851 0.0128723 0.0294089
11 0.220065 0.992713 0.206513 0.0131551 0.0292095
2 0.706066 0.981013 0.036648 0.0379372 0.0289662
10 0.713587 0.908052 0.0884456 0.182552 0.0285053
2 0.731783 0.0123092 0.0535684 0.0258585 0.0284774
6 0.379884 0.646735 0.22463 0.704152 0.0283207
6 0.306638 0.538188 0.339567 0.89395 0.0282616
11 0.722639 0.153534 0.0502672 0.0428699 0.0281283
11 0.69017 0.974225 0.430585 0.050258 0.0281068
2 0.754827 0.269318 0.0178375 0.116991 0.0278795
10 0.05733 0.0334267 0.0355838 0.0664965 0.0276895
6 0.684675 0.894747 0.0498722 0.102605 0.0276454
7 0.609479 0.731581 0.0170725 0.04361 0.027558
6 0.406992 0.467567 0.129277 0.345323 0.02753
2 0.409862 0.04436 0.0211818 0.0505732 0.0274658
2 0.346635 0.991618 0.121144 0.0179832 0.027247
7 0.36912 0.279235 0.0213772 0.0358719 0.0271225
5 0.834426 0.844122 0.0477028 0.130211 0.0271029
10 0.994207 0.923358 0.00982151 0.151979 0.0269688
10 0.782147 0.484412 0.10694 0.311515 0.0269325
10 0.0118076 0.723873 0.0205806 0.524258 0.0268096
5 0.720666 0.462207 0.0670105 0.144609 0.026802
6 0.231398 0.993697 0.129792 0.0117275 0.0267579
2 0.605272 0.0111816 0.0411992 0.0232172 0.0267376
5 0.687097 0.501524 0.125596 0.124911 0.0266704
5 0.702608 0.47237 0.0695218 0.102962 0.0265468
6 0.264409 0.98771 0.0747351 0.0239239 0.0262496
2 0.675249 0.0118955 0.0231015 0.0252611 0.0262053
5 0.681924 0.743384 0.02574 0.0530557 0.0261432
6 0.246756 0.99298 0.130417 0.0130974 0.0257965
5 0.656058 0.468516 0.117698 0.193242 0.0257303
6 0.156378 0.990898 0.179367 0.0149033 0.0257042
10 0.0138889 0.662004 0.0250777 0.646509 0.025589
11 0.512605 0.960295 0.701133 0.0801836 0.0255631
6 0.342089 0.63387 0.251366 0.667393 0.0255111
5 0.727184 0.462616 0.0558949 0.173553 0.0253239
10 0.0160373 0.887579 0.0287884 0.216165 0.0252296
2 0.585748 0.224485 0.026736 0.063916 0.0251799
5 0.714994 0.966341 0.0890944 0.0670502 0.0249027
6 0.642002 0.986018 0.108878 0.027663 0.0246781
2 0.410394 0.0351473 0.0309552 0.0700409 0.0244338
10 0.0560432 0.0336313 0.0273464 0.0645145 0.024036
5 0.728355 0.836716 0.0531463 0.0571469 0.0240259
6 0.115382 0.993576 0.193087 0.0115076 0.0239922
7 0.599325 0.828489 0.0236877 0.0370314 0.023658
5 0.648298 0.470252 0.0797414 0.187179 0.0234758
2 0.544648 0.0514943 0.0169197 0.0320646 0.0234212
5 0.809161 0.87192 0.07869 0.189597 0.0233893
2 0.579141 0.152434 0.0163716 0.0577812 0.0233009
5 0.723714 0.459998 0.0723791 0.153721 0.0231807
5 0.84483 0.872703 0.0373913 0.191941 0.0230521
2 0.570517 0.0239773 0.0274062 0.0473908 0.0228699
5 0.717172 0.453612 0.0958783 0.147986 0.0228603
2 0.569127 0.0971973 0.0225205 0.0420321 0.0226356
6 0.34306 0.614523 0.225957 0.635819 0.0225443
10 0.891159 0.974404 0.0854212 0.0516495 0.0225348
6 0.29081 0.308408 0.202714 0.433498 0.0225317
7 0.387476 0.26132 0.0553199 0.0697778 0.0223396
6 0.373295 0.643631 0.194948 0.680187 0.0222392
2 0.602616 0.225357 0.0276283 0.0707226 0.0222196
6 0.382863 0.548326 0.166495 0.496683 0.0222194
7 0.631949 0.721138 0.0303359 0.0701118 0.0218676
6 0.276698 0.253879 0.159579 0.328275 0.0216671
11 0.653913 0.992174 0.122034 0.0141435 0.0214969
6 0.275968 0.207569 0.15457 0.228345 0.021493
7 0.682023 0.941047 0.0209502 0.0304041 0.0214023
2 0.462277 0.0452764 0.0294753 0.0930403 0.0211273
6 0.371083 0.621416 0.197576 0.642111 0.0209871
6 0.36104 0.263488 0.0499598 0.0688993 0.0209686
10 0.945735 0.0946364 0.0194132 0.0613486 0.0209364
10 0.859963 0.886698 0.0647211 0.222042 0.0208871
7 0.5753 0.283534 0.019149 0.0396764 0.0208235
10 0.221458 0.414848 0.0465986 0.178158 0.0208062
11 0.339011 0.655129 0.244395 0.478797 0.0207159
7 0.248483 0.478604 0.0319649 0.0379257 0.0206763
10 0.227956 0.41547 0.0482277 0.175836 0.0205643
6 0.33863 0.606298 0.275422 0.62792 0.0205077
5 0.245856 0.478663 0.031375 0.0406371 0.0204953
5 0.671486 0.746558 0.0240219 0.0564205 0.0204688
2 0.580738 0.16184 0.0178377 0.0706524 0.020468
6 0.175379 0.991287 0.135044 0.0141986 0.0203803
5 0.844695 0.837075 0.0295254 0.119267 0.0203301
11 0.371658 0.90843 0.159034 0.185493 0.0200895
11 0.334162 0.62036 0.247008 0.432446 0.0200724
2 0.570896 0.11466 0.0314239 0.0803698 0.0200225
6 0.190235 0.991435 0.122845 0.0142868 0.0198208
6 0.365016 0.385635 0.0574708 0.119785 0.0198094
2 0.723949 0.0126691 0.0994948 0.0294903 0.0197742
2 0.381411 0.0463306 0.0200549 0.0680081 0.0196703
5 0.775336 0.991238 0.169744 0.0180004 0.0195281
2 0.747862 0.277531 0.0182431 0.14958 0.0193699
5 0.746118 0.476667 0.0325906 0.138442 0.0193673
10 0.77123 0.56204 0.158524 0.468171 0.0192912
6 0.347705 0.386256 0.0596536 0.134917 0.0192241
10 0.780852 0.62603 0.153305 0.583113 0.0192211
6 0.389968 0.535255 0.155591 0.472191 0.0191164
11 0.422812 0.085718 0.0291814 0.0498169 0.0191012
5 0.642824 0.462619 0.0891993 0.157073 0.0190507
6 0.386409 0.527431 0.123904 0.434345 0.0190366
6 0.313907 0.542002 0.305352 0.899202 0.0189602
6 0.293714 0.279108 0.159085 0.372495 0.0188405
11 0.511157 0.0890105 0.204843 0.177367 0.0188237
5 0.725742 0.458057 0.0847799 0.156568 0.0187821
6 0.345021 0.645482 0.260221 0.683968 0.0187661
11 0.739248 0.164974 0.0301798 0.031662 0.0186286
5 0.788476 0.957452 0.0341834 0.0770073 0.0186065
11 0.722644 0.150021 0.0378555 0.060225 0.018571
10 0.232789 0.506092 0.218531 0.836961 0.0184757
10 0.659233 0.882456 0.445404 0.235602 0.0182832
2 0.376732 0.053948 0.0264368 0.108398 0.0181723
10 0.780589 0.893122 0.139922 0.215166 0.0180796
11 0.413641 0.255613 0.0504881 0.064903 0.0180625
5 0.844147 0.863383 0.0443901 0.167078 0.017861
4 0.971206 0.992999 0.0570417 0.0142321 0.0178602
5 0.707674 0.445924 0.102505 0.130943 0.0176541
2 0.602323 0.108478 0.0213325 0.0584107 0.0174319
11 0.594711 0.208242 0.0440811 0.104055 0.0173817
6 0.383187 0.513202 0.114468 0.402513 0.0170213
10 0.792263 0.889171 0.17349 0.223836 0.0168754
2 0.331754 0.271174 0.0189552 0.0298039 0.0166856
6 0.528922 0.73518 0.0292614 0.0749102 0.0165255
10 0.723366 0.869012 0.0606569 0.120756 0.0165107
6 0.239685 0.313543 0.247107 0.445991 0.0163235
6 0.074032 0.993851 0.0998999 0.0116533 0.0160476
7 0.36283 0.259049 0.050832 0.0671295 0.0158684
4 0.0213913 0.960494 0.0350036 0.0748856 0.0158436
2 0.640111 0.158251 0.0157439 0.0735733 0.0158372
2 0.604475 0.108615 0.0207995 0.0522833 0.015767
6 0.67475 0.88301 0.0367931 0.0876602 0.0157647
2 0.479402 0.0365181 0.0267209 0.0712291 0.0155404
6 0.346563 0.521205 0.273036 0.7881 0.0154552
10 0.738489 0.450468 0.0455908 0.199436 0.0154105
5 0.677505 0.511426 0.132041 0.115316 0.0153075
2 0.511403 0.053671 0.0196413 0.0366514 0.0152972
2 0.335659 0.279463 0.0228093 0.0355583 0.0152704
6 0.0446692 0.991552 0.0771341 0.0157923 0.0150777
7 0.459937 0.0263038 0.0323955 0.0527685 0.0148146
10 0.275552 0.366305 0.150821 0.278201 0.0146757
10 0.381588 0.0364213 0.135379 0.069031 0.0146749
11 0.484172 0.0534228 0.143987 0.10878 0.0146616
11 0.342434 0.733424 0.204111 0.364224 0.0146247
6 0.372234 0.41426 0.0960806 0.229462 0.0146118
2 0.758058 0.295085 0.0164668 0.0929685 0.014596
11 0.335441 0.584253 0.13454 0.552876 0.0144479
10 0.237178 0.297829 0.237391 0.412948 0.0144327
6 0.0663808 0.993465 0.0926215 0.0123144 0.0143504
2 0.557339 0.0487021 0.0153548 0.029244 0.0142571
4 0.987183 0.993142 0.0227049 0.0155268 0.0142361
10 0.579724 0.224583 0.0378659 0.148672 0.0138817
2 0.631472 0.151527 0.0148843 0.0601326 0.0135754
11 0.364808 0.635371 0.125328 0.280295 0.0135457
6 0.331067 0.258462 0.0542555 0.0795827 0.0135342
2 0.620006 0.113428 0.0153898 0.0550654 0.0135262
2 0.556615 0.145488 0.017925 0.0606238 0.0135201
5 0.689343 0.469433 0.152596 0.217148 0.0132923
2 0.568886 0.217057 0.0251241 0.0748674 0.0131592
10 0.839364 0.895917 0.0623684 0.204206 0.012723
11 0.476603 0.0328598 0.12635 0.0655631 0.0125819
5 0.849519 0.83135 0.027844 0.108346 0.012553
6 0.295789 0.207642 0.164891 0.229754 0.0125185
11 0.403286 0.0950876 0.030573 0.0407207 0.0121046
10 0.82126 0.566559 0.0829525 0.458121 0.0116704
11 0.428196 0.288803 0.544886 0.413125 0.0112232
5 0.740878 0.445213 0.0256907 0.0798898 0.0108199
10 0.321108 0.0400728 0.217661 0.0755525 0.0107622
2 0.641719 0.145252 0.0140962 0.0548261 0.0106775
6 0.370646 0.514737 0.098138 0.274467 0.0105276
6 0.472414 0.68522 0.0583993 0.147442 0.0100027
2 0.638219 0.1368 0.0127304 0.0456171 0.00887377
2 0.515804 0.0657582 0.0233973 0.0731419 0.00883274
10 0.957258 0.115287 0.0565815 0.227568 0.00738018
10 0.60414 0.0642455 0.361725 0.127192 0.00725431
