9 0.651084 0.569029 0.202639 0.291946 0.791157
9 0.699106 0.790962 0.445282 0.381142 0.640579
10 0.677369 0.804847 0.0653308 0.136088 0.288169
9 0.752492 0.573494 0.123131 0.255606 0.165358
9 0.567031 0.813395 0.157031 0.209215 0.157209
9 0.690439 0.544629 0.294047 0.339664 0.153853
9 0.623759 0.840829 0.27866 0.267366 0.147586
10 0.973653 0.520018 0.0513288 0.948442 0.1429
10 0.969077 0.500609 0.0598926 0.989304 0.134636
9 0.614489 0.814229 0.242636 0.209327 0.13012
10 0.970903 0.500515 0.0584859 0.98389 0.125311
9 0.820028 0.648089 0.19057 0.151193 0.104741
9 0.703924 0.673395 0.437249 0.617392 0.103863
10 0.974712 0.564936 0.0514269 0.865867 0.10198
9 0.671641 0.544126 0.245847 0.337383 0.10093
10 0.974147 0.210199 0.0523474 0.420134 0.0991269
9 0.783655 0.577073 0.240069 0.272497 0.0927782
9 0.736159 0.574339 0.161275 0.269251 0.0887748
10 0.845496 0.641768 0.129906 0.133749 0.0878764
10 0.974761 0.336789 0.0514093 0.662889 0.0851144
10 0.976448 0.574807 0.0477596 0.848011 0.0843935
11 0.235453 0.892618 0.168944 0.210066 0.082703
10 0.97315 0.140702 0.0539337 0.282468 0.08154
9 0.773707 0.578634 0.269044 0.275119 0.0814427
10 0.973559 0.113379 0.0541376 0.227966 0.0802704
9 0.585844 0.520684 0.0795486 0.162288 0.0774104
10 0.982299 0.547598 0.0345881 0.893546 0.0770586
10 0.689341 0.54736 0.089786 0.208899 0.0767004
10 0.978281 0.376827 0.0446642 0.713976 0.0762174
11 0.173368 0.885051 0.339708 0.22627 0.0760783
9 0.619047 0.817074 0.243935 0.21355 0.0758706
1 0.172888 0.781125 0.338941 0.430288 0.0711982
4 0.502874 0.101212 0.964355 0.20097 0.070914
10 0.982402 0.286874 0.0365011 0.219905 0.0707881
10 0.981977 0.434061 0.0354859 0.529869 0.0698529
4 0.499029 0.0512078 0.974641 0.102529 0.0696799
10 0.981869 0.409545 0.0365705 0.558434 0.0695928
1 0.179777 0.838415 0.356144 0.316988 0.0691137
4 0.502301 0.059411 0.985012 0.118693 0.0685878
1 0.174382 0.712848 0.347356 0.565747 0.0670449
10 0.972082 0.330695 0.0549047 0.658057 0.0669574
4 0.501661 0.0537917 0.983072 0.107787 0.0657261
5 0.669318 0.0283406 0.343679 0.0575115 0.064788
9 0.627466 0.528683 0.143031 0.18538 0.0647468
10 0.98176 0.604113 0.0357141 0.790011 0.0645145
5 0.582588 0.0257005 0.455007 0.0524974 0.0642214
9 0.677348 0.400098 0.0364985 0.0460534 0.0632919
5 0.623969 0.0265455 0.298565 0.0540163 0.0615301
11 0.473789 0.835397 0.915574 0.31395 0.0609929
10 0.98211 0.292578 0.0374443 0.216625 0.0606561
10 0.664635 0.817409 0.0558046 0.099522 0.0605144
1 0.202537 0.785509 0.4022 0.421496 0.0598934
1 0.146927 0.662896 0.296443 0.667373 0.0596559
5 0.716662 0.0268631 0.360507 0.0545926 0.0588023
10 0.984646 0.285996 0.0321862 0.224322 0.0587771
4 0.614651 0.0513011 0.739411 0.103538 0.0577085
6 0.135479 0.979352 0.259162 0.0390892 0.0575911
11 0.190151 0.977724 0.361851 0.0427717 0.0570288
9 0.728503 0.575348 0.158542 0.270046 0.0565459
10 0.769975 0.585967 0.063866 0.241848 0.0561401
5 0.539962 0.0247261 0.703098 0.0509867 0.0560753
1 0.190984 0.716587 0.379611 0.555989 0.0555507
10 0.7555 0.548163 0.0769502 0.185723 0.055192
4 0.477788 0.0241761 0.865623 0.0492351 0.0548944
9 0.63257 0.534164 0.170142 0.330412 0.0548349
10 0.694636 0.793982 0.0549434 0.128734 0.0547605
4 0.528367 0.0474471 0.900267 0.0961388 0.0543543
10 0.661635 0.819677 0.0544377 0.102293 0.0543203
1 0.175865 0.676989 0.348411 0.637178 0.0542822
6 0.0858173 0.975129 0.165142 0.049157 0.0541639
4 0.47727 0.0405453 0.924187 0.0819554 0.0540952
1 0.130557 0.712456 0.261178 0.565978 0.054075
1 0.562012 0.809604 0.147891 0.202134 0.0539785
10 0.980904 0.310173 0.0400938 0.231564 0.0536787
11 0.504168 0.106965 0.989875 0.212864 0.0534334
11 0.0793626 0.831692 0.160726 0.33179 0.0531859
9 0.742116 0.542674 0.246485 0.337177 0.052553
7 0.306775 0.975388 0.0427388 0.0435047 0.0523204
10 0.980783 0.362957 0.0395752 0.349986 0.0521988
1 0.0785187 0.664521 0.157286 0.662039 0.0513794
9 0.752696 0.555373 0.0791541 0.192893 0.0509018
9 0.636678 0.838881 0.260042 0.264862 0.050644
6 0.0790227 0.877625 0.160219 0.243012 0.050488
4 0.689665 0.051181 0.599717 0.10361 0.0503472
1 0.130161 0.778045 0.260965 0.433779 0.0502972
5 0.463176 0.0222242 0.654544 0.0453984 0.0498182
5 0.759585 0.0283182 0.372459 0.0577991 0.0495725
11 0.201575 0.875802 0.380927 0.244888 0.0493028
10 0.986659 0.635177 0.0252846 0.740435 0.0484185
10 0.985723 0.391824 0.0287519 0.453648 0.0483884
11 0.137001 0.840562 0.273105 0.31191 0.0481278
11 0.13405 0.894273 0.265361 0.207915 0.0481107
1 0.0743328 0.721613 0.149814 0.544938 0.0479179
6 0.127794 0.951545 0.250433 0.0942562 0.0478192
10 0.987148 0.393922 0.0260315 0.476866 0.047658
6 0.0751346 0.939621 0.150073 0.122083 0.0470141
1 0.138463 0.633804 0.283464 0.727271 0.0469293
11 0.0316988 0.83177 0.0655586 0.321464 0.0465409
7 0.0184721 0.774391 0.0385264 0.0902652 0.0454818
1 0.080105 0.634658 0.160764 0.724116 0.045463
11 0.225545 0.981914 0.372008 0.0345005 0.0452751
11 0.200126 0.948053 0.384281 0.102183 0.0449116
10 0.962809 0.500265 0.0654486 0.991838 0.0446478
9 0.816465 0.581977 0.208988 0.277634 0.0444418
10 0.984179 0.244926 0.0326477 0.277441 0.044352
10 0.0406565 0.648953 0.0811429 0.679123 0.0442997
10 0.0761148 0.774527 0.153737 0.442067 0.0439887
5 0.42054 0.0210259 0.553162 0.0429087 0.0432559
11 0.242107 0.887485 0.194009 0.220827 0.0431948
10 0.603372 0.390509 0.0320749 0.109714 0.0431333
1 0.0285072 0.770006 0.0577282 0.153864 0.0431262
11 0.47505 0.815702 0.920061 0.353036 0.0430798
6 0.0901454 0.978531 0.181969 0.0427317 0.0430014
9 0.589364 0.572679 0.0894276 0.282871 0.0429253
4 0.406122 0.0396207 0.790742 0.0799494 0.0428175
10 0.814914 0.628975 0.0538994 0.0931798 0.0428142
4 0.334479 0.0238214 0.648209 0.0485175 0.0428014
10 0.65999 0.823867 0.0586506 0.109082 0.0427652
9 0.591356 0.792126 0.673515 0.412746 0.0427185
4 0.342533 0.0202425 0.636981 0.0408485 0.0426057
4 0.598866 0.101455 0.790585 0.204082 0.0423308
11 0.20456 0.931178 0.396372 0.136601 0.0423062
1 0.252872 0.0266626 0.494494 0.0536696 0.0422366
1 0.0636371 0.587445 0.130581 0.812493 0.0414944
7 0.296666 0.977879 0.0694067 0.0414138 0.0414344
10 0.702448 0.795459 0.0562958 0.129033 0.0408769
4 0.498345 0.100914 0.975647 0.201498 0.0404514
9 0.669774 0.399745 0.0386138 0.043333 0.0403743
11 0.245664 0.933266 0.472349 0.132775 0.0402246
7 0.0158339 0.780407 0.0331792 0.0962926 0.0402051
5 0.757348 0.0540948 0.477141 0.108877 0.039715
10 0.672063 0.546579 0.0806637 0.211217 0.0395936
10 0.0765634 0.364242 0.0327992 0.0692976 0.039557
9 0.719625 0.553894 0.141002 0.221044 0.0394169
1 0.0295836 0.764025 0.0604254 0.441718 0.0394147
9 0.660991 0.400519 0.040684 0.0487976 0.0393475
1 0.068102 0.60188 0.139598 0.784511 0.0393
11 0.475415 0.909094 0.907555 0.176184 0.0388057
10 0.0241074 0.725746 0.0492405 0.512407 0.038707
4 0.67905 0.103011 0.641796 0.207115 0.0385189
10 0.990309 0.718276 0.0170243 0.559025 0.0378005
10 0.94135 0.50322 0.114632 0.983709 0.037782
9 0.593124 0.493005 0.0681842 0.113285 0.0376455
10 0.026815 0.628618 0.0532109 0.708427 0.0375245
9 0.704721 0.573537 0.299477 0.291763 0.0374625
9 0.669841 0.428698 0.057045 0.109123 0.0372118
5 0.553379 0.031007 0.14886 0.062827 0.0371539
1 0.0622364 0.507963 0.126786 0.976048 0.0367294
6 0.140707 0.981878 0.235837 0.0347393 0.0365924
10 0.953711 0.499011 0.0804733 0.991557 0.0361124
9 0.579807 0.523351 0.0785566 0.164021 0.0360392
9 0.6246 0.489497 0.147807 0.233997 0.0360117
10 0.0232001 0.637604 0.04608 0.683096 0.0360017
6 0.0293698 0.881889 0.0609675 0.229622 0.0358832
11 0.472305 0.93566 0.900264 0.123047 0.0356005
10 0.693104 0.809067 0.0550022 0.119106 0.035571
10 0.973115 0.0808371 0.0559782 0.164598 0.0354837
9 0.692157 0.667102 0.463408 0.629866 0.0351715
1 0.183735 0.0226094 0.360554 0.0455384 0.0350574
6 0.150516 0.982312 0.254251 0.0330324 0.0349236
10 0.651244 0.799868 0.146693 0.226277 0.0345356
10 0.663895 0.803137 0.0561128 0.132993 0.0343537
1 0.238364 0.862144 0.470699 0.267935 0.0343139
2 0.518088 0.033879 0.0924011 0.0690525 0.0342676
11 0.460561 0.97719 0.864238 0.0390341 0.0340716
10 0.131633 0.375048 0.0253618 0.0849034 0.0340674
9 0.668768 0.571365 0.122582 0.275154 0.0339055
9 0.677784 0.574989 0.0855952 0.26451 0.0338692
10 0.0851736 0.35605 0.0260526 0.0678245 0.0338411
4 0.748672 0.106829 0.505036 0.213813 0.0336997
10 0.990723 0.874998 0.0189827 0.251127 0.0336863
10 0.980269 0.126722 0.041592 0.260508 0.033675
10 0.992702 0.769639 0.0136501 0.453473 0.0335561
10 0.979131 0.104594 0.0441168 0.214348 0.0335418
4 0.495311 0.0507038 0.970729 0.10246 0.0331515
10 0.771782 0.554217 0.0499591 0.169353 0.0330546
4 0.499054 0.0575433 0.979758 0.11587 0.0326675
9 0.831655 0.754299 0.18064 0.426798 0.0325132
7 0.320611 0.603797 0.0313824 0.104895 0.0322917
11 0.267291 0.981542 0.319593 0.0353796 0.0322274
11 0.469449 0.969315 0.884074 0.0560473 0.0320422
4 0.268213 0.0448057 0.522744 0.0896792 0.0317652
10 0.992215 0.833789 0.0157015 0.33029 0.0312464
5 0.831832 0.0263561 0.217557 0.0537681 0.0308781
10 0.882826 0.650535 0.0637453 0.1085 0.0306338
10 0.982593 0.181215 0.0363279 0.188494 0.0305303
7 0.302467 0.958004 0.050688 0.081189 0.0302704
10 0.116691 0.367192 0.0273624 0.0785844 0.0301756
1 0.23231 0.797749 0.461557 0.394548 0.0300861
9 0.687021 0.523582 0.0916248 0.170987 0.0299611
6 0.0822446 0.98836 0.144547 0.0232687 0.0295812
3 0.479138 0.496935 0.963522 0.985177 0.0294576
11 0.473777 0.83948 0.934459 0.305676 0.0294223
6 0.105857 0.988113 0.120361 0.0243145 0.0292973
10 0.819286 0.615223 0.0465086 0.0655378 0.0283961
9 0.693583 0.836861 0.257118 0.249391 0.0282729
10 0.620438 0.394161 0.0279721 0.113499 0.0278422
9 0.810876 0.784453 0.227503 0.413539 0.0277959
9 0.576379 0.500878 0.0674093 0.123695 0.0276814
1 0.0172842 0.0157645 0.0356409 0.032295 0.0274503
6 0.27509 0.968434 0.140739 0.0615618 0.0273324
10 0.647968 0.517203 0.0580418 0.165597 0.0272374
9 0.71096 0.581406 0.164415 0.262261 0.0271893
10 0.788469 0.778777 0.281092 0.400043 0.0270746
11 0.478955 0.883269 0.930771 0.225864 0.0268646
9 0.638279 0.572335 0.174664 0.275692 0.0265215
10 0.643147 0.83675 0.0620176 0.147061 0.0262974
10 0.982544 0.156802 0.0366132 0.169299 0.0261801
11 0.499568 0.10992 0.989991 0.221584 0.026147
6 0.0333963 0.954588 0.0679558 0.0881065 0.0257404
9 0.835042 0.642318 0.132891 0.122552 0.025734
10 0.88846 0.647926 0.0631874 0.109136 0.0256947
9 0.70926 0.572527 0.0999029 0.265483 0.0256594
4 0.406814 0.0883525 0.810596 0.179122 0.025379
9 0.658109 0.56871 0.12352 0.275543 0.02536
6 0.11582 0.990499 0.145687 0.0190361 0.0253327
10 0.587658 0.393301 0.0388451 0.123106 0.0253198
11 0.356582 0.980596 0.67504 0.0350533 0.0253151
9 0.735103 0.578659 0.37093 0.291296 0.0252462
9 0.667553 0.571628 0.0938148 0.269712 0.0251587
4 0.4965 0.0519207 0.978302 0.10521 0.0250785
9 0.77211 0.649598 0.0844486 0.118515 0.0247796
10 0.878978 0.67922 0.0671421 0.189005 0.0247392
10 0.8716 0.0829251 0.262535 0.170852 0.0238727
10 0.683662 0.822003 0.233175 0.314562 0.0237513
6 0.263824 0.984335 0.147107 0.0293924 0.02347
6 0.0209866 0.916311 0.0431509 0.16279 0.0234319
10 0.785648 0.587717 0.0530777 0.232511 0.0231863
9 0.701637 0.668976 0.399394 0.596207 0.0231111
1 0.129242 0.524665 0.263928 0.942616 0.0230824
4 0.816312 0.649718 0.182425 0.13555 0.0230618
10 0.892681 0.647796 0.0472317 0.104375 0.0229181
1 0.154712 0.506847 0.31145 0.972731 0.0227075
11 0.441566 0.967385 0.816425 0.0557966 0.0221315
4 0.179654 0.0417468 0.357601 0.0839794 0.0220715
9 0.646661 0.876347 0.324698 0.190413 0.022007
10 0.707056 0.791227 0.0425298 0.119829 0.0218187
9 0.722835 0.774638 0.4242 0.412429 0.0217124
9 0.832235 0.776917 0.178058 0.404278 0.0216963
7 0.319288 0.980827 0.0652828 0.0352461 0.0215579
9 0.690962 0.399299 0.0366268 0.0458968 0.0215365
11 0.240061 0.99074 0.223414 0.0162485 0.0215361
3 0.376459 0.497678 0.755239 0.988436 0.0215131
9 0.579126 0.848545 0.137146 0.124253 0.021264
9 0.704904 0.78473 0.445524 0.403645 0.0211196
10 0.707297 0.796542 0.0565949 0.12729 0.020934
3 0.486758 0.350038 0.956339 0.704994 0.0209185
6 0.441629 0.316806 0.0233007 0.0952568 0.0208143
11 0.228442 0.993156 0.188581 0.011542 0.0203652
1 0.477059 0.788805 0.930039 0.407013 0.0202692
4 0.387638 0.280687 0.0295751 0.0350282 0.0201084
6 0.502236 0.911964 0.0630616 0.131812 0.0198807
9 0.69817 0.806003 0.444441 0.36484 0.0198666
7 0.336991 0.975757 0.0517116 0.0430886 0.0198388
9 0.7808 0.636452 0.077555 0.145243 0.0198167
2 0.651216 0.81582 0.0367521 0.0954235 0.0194944
11 0.492581 0.859206 0.956393 0.273478 0.0194788
9 0.498699 0.843358 0.84554 0.307509 0.0194524
9 0.590777 0.905375 0.235476 0.141356 0.0193081
9 0.668661 0.686775 0.46636 0.589597 0.0191991
3 0.495419 0.354879 0.975584 0.715068 0.0190232
10 0.772879 0.516639 0.0347071 0.0870532 0.0190038
1 0.158357 0.576394 0.311522 0.851878 0.0189488
9 0.644901 0.831304 0.199607 0.200262 0.0189092
2 0.0223512 0.969673 0.0458771 0.0564815 0.0187016
9 0.682022 0.511641 0.140057 0.215832 0.0183852
9 0.564099 0.493435 0.0585742 0.114162 0.0183392
4 0.831425 0.642621 0.138279 0.120354 0.0181997
10 0.712679 0.557719 0.0843877 0.230517 0.0179019
6 0.243097 0.993217 0.151454 0.0117399 0.0178675
10 0.806296 0.613582 0.0544698 0.0773172 0.0177267
9 0.617357 0.444029 0.0631759 0.140772 0.0175167
11 0.468505 0.849053 0.89552 0.286614 0.0174883
10 0.866976 0.635625 0.105572 0.116746 0.0170134
1 0.519463 0.805796 0.0910508 0.192893 0.0167089
10 0.876556 0.631551 0.0962768 0.145659 0.0166109
10 0.582461 0.377633 0.0246238 0.0984228 0.0165512
10 0.69639 0.474812 0.0269842 0.0617932 0.0163399
1 0.52372 0.838152 0.140848 0.258169 0.0159046
11 0.502046 0.837182 0.961917 0.321873 0.0155051
10 0.83283 0.541358 0.203871 0.900286 0.0153462
9 0.51507 0.850261 0.261145 0.270408 0.0153252
10 0.862019 0.647151 0.114414 0.112607 0.0150745
2 0.646192 0.819486 0.0466303 0.103505 0.0150698
10 0.692953 0.304851 0.02131 0.0681964 0.0148774
9 0.509517 0.851385 0.33214 0.280332 0.0148722
9 0.655562 0.848078 0.529555 0.291976 0.0148145
7 0.330214 0.957455 0.0802749 0.0820397 0.0145905
1 0.480884 0.802036 0.899834 0.385734 0.0145113
11 0.491612 0.837467 0.935508 0.31768 0.0139721
10 0.644625 0.813108 0.183683 0.184271 0.013868
1 0.195317 0.520078 0.37905 0.959277 0.0135323
10 0.863457 0.432345 0.131548 0.604582 0.0129101
11 0.67369 0.942584 0.42663 0.0792339 0.0126139
10 0.85899 0.455753 0.139313 0.679201 0.0122234
3 0.370794 0.43315 0.717649 0.86241 0.0116689
10 0.807942 0.388091 0.251836 0.671083 0.0112403
3 0.467854 0.359003 0.885814 0.675339 0.00939875
3 0.417063 0.359818 0.576474 0.409896 0.00915785
4 0.371431 0.281964 0.0305023 0.0376227 0.00901279
