5 0.737686 0.904872 0.132643 0.190526 0.803814
6 0.393809 0.588288 0.167168 0.573049 0.784864
5 0.817082 0.887777 0.0806921 0.203244 0.576603
5 0.760496 0.893582 0.188306 0.209786 0.506811
8 0.677253 0.468201 0.117119 0.166455 0.419961
2 0.616528 0.164426 0.0187973 0.0726832 0.112305
2 0.307319 0.985537 0.0458121 0.0289801 0.0927636
2 0.604741 0.155506 0.0190212 0.0620619 0.0926425
11 0.95521 0.987313 0.0825779 0.025091 0.0886204
11 0.392364 0.259337 0.0540196 0.0671545 0.0823341
11 0.261891 0.983403 0.354319 0.0319817 0.0801825
2 0.609555 0.164115 0.0267343 0.0769306 0.0783069
5 0.743295 0.141635 0.0245621 0.0484344 0.0776081
11 0.92689 0.985609 0.140459 0.0290211 0.0764771
11 0.337631 0.983833 0.522047 0.0320068 0.0754373
11 0.356651 0.986907 0.218939 0.0270613 0.0750821
2 0.587315 0.0976256 0.0213692 0.0399364 0.0741758
2 0.432572 0.0460353 0.0239662 0.0522503 0.0723875
5 0.779515 0.894478 0.185109 0.215103 0.0716508
2 0.618055 0.173995 0.0166547 0.0579514 0.0689115
2 0.412747 0.986438 0.0413165 0.0273705 0.0679443
2 0.389756 0.986925 0.0722078 0.0266394 0.065164
2 0.600972 0.152138 0.0157521 0.0649712 0.0612991
2 0.430982 0.0366703 0.0328025 0.0730389 0.0591959
2 0.618829 0.158033 0.0195283 0.0682208 0.0591343
10 0.752767 0.142073 0.0227633 0.0494053 0.0589248
5 0.704297 0.4505 0.0932272 0.124034 0.0577376
11 0.40695 0.987598 0.32611 0.0262764 0.056318
6 0.285658 0.297557 0.175433 0.409794 0.0557938
5 0.728143 0.838797 0.0488485 0.0522474 0.0557104
6 0.137949 0.981365 0.221616 0.0346274 0.0555
7 0.95812 0.990264 0.0773865 0.0193387 0.0540364
5 0.767335 0.891904 0.197268 0.217147 0.0539283
11 0.181414 0.984325 0.253536 0.028846 0.0534434
2 0.386239 0.98631 0.075218 0.0277931 0.0530419
2 0.590917 0.153655 0.0160538 0.0561741 0.0520661
7 0.354848 0.28551 0.0243178 0.0286171 0.0513504
5 0.732925 0.986662 0.0783413 0.0264003 0.0505261
7 0.698519 0.0132963 0.0432201 0.0271442 0.0503815
2 0.37792 0.984388 0.108714 0.0315855 0.0500197
6 0.126466 0.95169 0.233016 0.0932756 0.0500181
2 0.206763 0.983924 0.0466007 0.0309013 0.0487766
5 0.74345 0.908851 0.101787 0.184168 0.0478582
2 0.328959 0.985112 0.0593538 0.0299923 0.0478147
11 0.324051 0.990309 0.226734 0.0209982 0.0470776
2 0.427969 0.0360006 0.036125 0.0701814 0.0465461
5 0.710035 0.92511 0.0530618 0.151076 0.045799
2 0.533234 0.0530362 0.0159398 0.0282693 0.0455285
6 0.894459 0.890536 0.0528824 0.2171 0.0448578
6 0.182352 0.962994 0.33516 0.0722542 0.0444393
11 0.35023 0.604877 0.274492 0.615558 0.044108
11 0.286019 0.967241 0.521642 0.064748 0.0431759
2 0.457096 0.988898 0.033836 0.0218746 0.0426798
6 0.31479 0.529402 0.340769 0.876508 0.0419331
5 0.755957 0.919941 0.103356 0.161338 0.0404083
10 0.0609603 0.637691 0.11604 0.709821 0.0403735
11 0.349928 0.967218 0.646792 0.0635407 0.0398704
10 0.0647431 0.666396 0.124785 0.652381 0.0397455
2 0.593533 0.0273928 0.0472696 0.0554342 0.0396036
2 0.38544 0.976391 0.0723616 0.0474692 0.0395277
7 0.71235 0.0136482 0.074279 0.0300374 0.039434
6 0.34437 0.513082 0.293481 0.845106 0.0393113
5 0.74851 0.984192 0.0618246 0.0316509 0.0391956
2 0.8907 0.968598 0.0454565 0.0623114 0.0384493
5 0.66914 0.898672 0.390064 0.204983 0.036823
6 0.380076 0.376045 0.0580219 0.121093 0.0367074
2 0.754966 0.334853 0.0222121 0.097621 0.0365616
6 0.0212335 0.813519 0.0402101 0.354894 0.0364358
11 0.198341 0.993056 0.264119 0.0128416 0.0363955
2 0.41449 0.04591 0.0204287 0.0476777 0.0363896
2 0.442433 0.0539482 0.0252862 0.109161 0.036339
2 0.3573 0.992558 0.0477122 0.0159454 0.0360322
10 0.0593134 0.755355 0.114233 0.473848 0.0359987
5 0.735546 0.911868 0.105864 0.178015 0.0357133
7 0.706523 0.0128372 0.0519054 0.0263053 0.035225
2 0.416387 0.0482305 0.0218929 0.0476955 0.0352099
2 0.334489 0.981476 0.10458 0.0381134 0.0349123
7 0.64943 0.719646 0.0291581 0.0651766 0.0348349
2 0.578672 0.0171861 0.0364429 0.0356555 0.0348207
6 0.412763 0.531815 0.130822 0.458785 0.0342072
11 0.675548 0.985241 0.62872 0.030909 0.0341469
7 0.180516 0.984884 0.0746491 0.0280235 0.0341261
2 0.36767 0.977355 0.0713962 0.0454886 0.0341189
5 0.718761 0.837448 0.0362425 0.0447084 0.0338243
5 0.820524 0.872765 0.0790382 0.189001 0.0333393
2 0.626056 0.16273 0.0184692 0.0764048 0.0332063
6 0.877228 0.895002 0.0724054 0.209966 0.0329074
11 0.589261 0.988085 0.287452 0.0232845 0.0329037
10 0.0182163 0.776016 0.0331936 0.424227 0.0328983
11 0.243747 0.992225 0.274294 0.0151836 0.0325513
6 0.0671879 0.978263 0.117954 0.0412045 0.0324113
2 0.338002 0.991371 0.103857 0.0185047 0.031975
2 0.340502 0.992918 0.0829185 0.0156776 0.0319324
11 0.157271 0.990772 0.204743 0.0159302 0.031799
6 0.13986 0.992039 0.193321 0.0136013 0.0317681
6 0.48585 0.986275 0.215259 0.0286852 0.0317137
11 0.655376 0.98827 0.408792 0.0240738 0.0316242
7 0.932553 0.990512 0.123617 0.0193761 0.0316047
11 0.216586 0.992716 0.208853 0.0132312 0.0314804
11 0.458018 0.968406 0.794569 0.0618898 0.0314178
2 0.417084 0.0578281 0.0283582 0.099269 0.0309071
6 0.530444 0.986801 0.178902 0.0268846 0.0308673
2 0.431358 0.985883 0.0321092 0.0282753 0.0308387
6 0.422424 0.537064 0.131448 0.47069 0.0308275
2 0.753671 0.284109 0.0207849 0.198104 0.030417
2 0.571376 0.0976258 0.0254579 0.0440835 0.0302282
6 0.297935 0.441129 0.211586 0.698479 0.0297979
6 0.930179 0.931706 0.131323 0.138155 0.0294956
10 0.652454 0.476504 0.0903764 0.170199 0.0292557
7 0.679747 0.942036 0.0170067 0.0236866 0.0291419
7 0.570702 0.285643 0.0187219 0.0355985 0.0289517
7 0.361304 0.28207 0.0245613 0.0338754 0.0288741
10 0.803244 0.660582 0.19873 0.682088 0.0287791
2 0.443174 0.0597188 0.0296357 0.0944551 0.0284263
6 0.153403 0.990093 0.163993 0.0165245 0.0284192
6 0.117245 0.903491 0.220356 0.189648 0.0279922
5 0.723303 0.88579 0.102407 0.147081 0.027926
2 0.729209 0.24636 0.0632044 0.263157 0.0278184
2 0.605434 0.0127785 0.0419173 0.0259963 0.0276089
10 0.0450967 0.890254 0.0876843 0.214591 0.0275526
5 0.656517 0.456868 0.0791409 0.126883 0.0275211
6 0.24274 0.993321 0.112179 0.011925 0.0274571
2 0.425509 0.0556066 0.0420691 0.113403 0.0273378
6 0.238046 0.992203 0.111801 0.014231 0.0273089
5 0.732649 0.907562 0.11259 0.185866 0.0270575
6 0.0499142 0.938505 0.0927243 0.119994 0.026877
10 0.0563207 0.0326624 0.0383724 0.06519 0.0267579
5 0.701567 0.886597 0.0589801 0.0653708 0.0266702
2 0.75531 0.283643 0.0197243 0.157308 0.0264002
7 0.684558 0.941071 0.0202163 0.0281832 0.0260698
2 0.411161 0.0351077 0.0292933 0.0692586 0.0260142
2 0.730355 0.0119015 0.0532852 0.0249003 0.0259285
2 0.542309 0.71391 0.018263 0.0346555 0.0258207
10 0.00896465 0.736898 0.0149833 0.493598 0.0258189
2 0.595589 0.102621 0.0215945 0.0508514 0.0256069
5 0.797878 0.896316 0.140111 0.209979 0.0256039
11 0.548097 0.940668 0.730275 0.11975 0.025517
2 0.580897 0.156247 0.0186622 0.0686993 0.0253942
5 0.760995 0.958848 0.192729 0.0803843 0.0253722
2 0.888505 0.986388 0.0450451 0.0262773 0.0253117
10 0.014916 0.668959 0.0271911 0.63268 0.0248349
5 0.829126 0.831607 0.0579802 0.109878 0.0243456
5 0.734152 0.978011 0.157748 0.0441707 0.0241536
6 0.398312 0.526659 0.127527 0.439266 0.0241253
7 0.473496 0.98866 0.0492852 0.0228861 0.0240039
2 0.599433 0.134574 0.0266007 0.114241 0.0239121
2 0.2598 0.268645 0.0183525 0.0406614 0.0238737
5 0.742382 0.838332 0.0485609 0.0514476 0.0238515
11 0.723037 0.151992 0.0574911 0.0558197 0.0234602
11 0.358246 0.70948 0.213473 0.36068 0.0234378
2 0.764674 0.337547 0.0207173 0.0902906 0.0233461
2 0.761413 0.321261 0.0212204 0.127133 0.0232657
5 0.844258 0.866682 0.0491898 0.175048 0.0230376
7 0.656251 0.723733 0.0336211 0.0811267 0.0230222
5 0.748648 0.901651 0.213241 0.202168 0.0229091
2 0.544408 0.0513128 0.0170918 0.0308208 0.0228581
5 0.803853 0.901664 0.0647102 0.190981 0.0227987
6 0.407544 0.469922 0.131559 0.3477 0.0227675
7 0.40454 0.25596 0.0505112 0.0643311 0.0226738
10 0.0155285 0.888703 0.02792 0.213716 0.0226521
6 0.391646 0.544306 0.155665 0.487576 0.0224832
5 0.804117 0.896872 0.0844333 0.212534 0.0224312
6 0.392827 0.525248 0.124435 0.433857 0.0223364
11 0.34251 0.605946 0.275541 0.623688 0.0223257
5 0.789613 0.89962 0.0590537 0.198419 0.0222909
2 0.673456 0.0122441 0.0258694 0.0261367 0.0222865
5 0.793128 0.887921 0.0566684 0.176943 0.0222131
5 0.653725 0.479429 0.126934 0.188113 0.0221375
6 0.271621 0.435249 0.178483 0.689616 0.021965
5 0.760354 0.947002 0.204888 0.105064 0.0219547
5 0.247541 0.477959 0.0370658 0.0414128 0.0218199
10 0.755814 0.141927 0.0280128 0.0513233 0.0217225
5 0.722097 0.452297 0.0637277 0.125456 0.0216957
6 0.359189 0.263067 0.0496873 0.0707655 0.0215818
11 0.609501 0.993851 0.212224 0.0119068 0.0215699
6 0.290211 0.30969 0.197285 0.429541 0.0215685
5 0.243663 0.47862 0.0350458 0.0437877 0.0215622
5 0.707907 0.907748 0.113194 0.182489 0.0215212
11 0.639218 0.992566 0.162124 0.0126016 0.0215025
5 0.831764 0.844838 0.0564013 0.137489 0.0212062
11 0.616039 0.994791 0.248626 0.0104277 0.021175
11 0.7199 0.151174 0.0499709 0.0476545 0.0211525
11 0.599901 0.991538 0.254154 0.0166339 0.0210811
2 0.380962 0.0461328 0.0185437 0.0550115 0.0210779
10 0.994154 0.926708 0.00987034 0.146255 0.0210137
6 0.339493 0.621109 0.239371 0.640004 0.0208913
2 0.563594 0.0237974 0.0278406 0.0463233 0.0208596
7 0.264435 0.988356 0.0613361 0.0224684 0.0207216
2 0.76396 0.323778 0.021621 0.120651 0.0205955
6 0.279491 0.234662 0.166972 0.282663 0.0204466
6 0.342541 0.61023 0.223438 0.621914 0.0202484
7 0.680159 0.72577 0.0295486 0.0647121 0.0202034
7 0.578892 0.287486 0.0196683 0.0389449 0.0200915
2 0.380534 0.0536402 0.0253154 0.103479 0.0200126
7 0.383119 0.379643 0.0584972 0.120723 0.0200012
10 0.227804 0.414897 0.0502896 0.172707 0.0199873
5 0.705294 0.982875 0.0435878 0.0340435 0.01988
11 0.350793 0.675304 0.254695 0.477922 0.0197865
2 0.458284 0.0407791 0.0241746 0.0767241 0.0196999
2 0.578608 0.165844 0.018207 0.070677 0.0195627
7 0.341798 0.28323 0.024383 0.0318339 0.0195144
6 0.290555 0.285601 0.165506 0.386555 0.0194232
6 0.275309 0.209299 0.156791 0.227863 0.0193173
7 0.634014 0.719788 0.0327308 0.0793842 0.0192905
6 0.373585 0.632404 0.211877 0.655301 0.0192721
2 0.707238 0.252447 0.0192831 0.234059 0.0192566
2 0.531933 0.717627 0.0163643 0.0389943 0.0191177
11 0.307269 0.600458 0.313347 0.583919 0.0190837
11 0.336937 0.606664 0.270403 0.60674 0.0189846
2 0.605618 0.224226 0.0245827 0.0630295 0.018981
6 0.377193 0.619078 0.196936 0.635442 0.0189097
6 0.394592 0.536725 0.154539 0.471604 0.0189073
11 0.511004 0.0894153 0.20634 0.178354 0.0188023
5 0.718594 0.451047 0.0651563 0.123497 0.0187583
2 0.761361 0.293649 0.0167434 0.122196 0.0186512
11 0.872912 0.98087 0.192517 0.037566 0.0186118
10 0.806458 0.656858 0.202531 0.675718 0.0186109
7 0.584558 0.226158 0.02543 0.0582659 0.0185962
2 0.417053 0.25423 0.0249599 0.0605783 0.0185519
5 0.720223 0.450469 0.0921335 0.126355 0.0184923
6 0.323559 0.539123 0.298138 0.891163 0.0184737
10 0.234312 0.416922 0.048746 0.164421 0.0184416
5 0.721011 0.147611 0.0273683 0.0583427 0.0182202
5 0.713971 0.448256 0.0898077 0.123019 0.0181103
10 0.772766 0.140539 0.0225965 0.0490064 0.0179876
4 0.973101 0.99306 0.0514536 0.0142988 0.0179572
11 0.376657 0.260916 0.0553197 0.0710892 0.0178784
6 0.398953 0.368707 0.0597936 0.119687 0.0177948
2 0.469002 0.0358453 0.0250558 0.0693157 0.0176857
2 0.609307 0.107091 0.0193917 0.0478078 0.0176659
7 0.54961 0.708537 0.0203462 0.0348765 0.0176194
2 0.761659 0.251934 0.0166188 0.263639 0.0174695
5 0.805562 0.849184 0.0552097 0.114358 0.0173431
5 0.688705 0.904096 0.061175 0.119003 0.0172377
11 0.340431 0.734011 0.214559 0.324013 0.0172025
11 0.62314 0.991524 0.13049 0.0163645 0.0171721
6 0.370616 0.650171 0.237706 0.691103 0.017148
5 0.780461 0.892014 0.165639 0.207916 0.0171391
6 0.363376 0.531829 0.2147 0.471987 0.0170428
5 0.784918 0.989446 0.0834208 0.0219488 0.0169227
5 0.645983 0.468217 0.0913415 0.135373 0.0166921
5 0.704911 0.835624 0.0394965 0.0476685 0.0166609
7 0.449388 0.0827099 0.0261897 0.0475743 0.0165467
2 0.616621 0.103784 0.0154285 0.0462653 0.0162887
11 0.332127 0.516098 0.312905 0.860043 0.0162234
11 0.338983 0.583862 0.13813 0.554863 0.0160969
2 0.556002 0.146147 0.0185907 0.0625645 0.0160197
2 0.452988 0.0301151 0.0320729 0.0611824 0.0159124
7 0.0756606 0.994123 0.0973338 0.0110149 0.0158698
10 0.227946 0.500596 0.22888 0.82259 0.0158191
10 0.798358 0.6576 0.216292 0.688232 0.0157344
2 0.331878 0.276953 0.0203073 0.0279544 0.0157242
6 0.987176 0.99344 0.0235271 0.015098 0.0157045
10 0.791135 0.651703 0.189066 0.67033 0.0155902
5 0.709512 0.455216 0.0811517 0.118885 0.0155276
11 0.717881 0.165278 0.027769 0.0384562 0.0154601
2 0.508851 0.0533923 0.0191199 0.0332484 0.0153086
5 0.693083 0.901963 0.0904943 0.19288 0.0152267
10 0.784969 0.542715 0.169657 0.452605 0.0151938
10 0.012401 0.921477 0.0212845 0.151164 0.0150051
6 0.0427591 0.991986 0.0735942 0.0147321 0.0149833
10 0.687796 0.465184 0.0998953 0.157813 0.0148548
4 0.020601 0.961241 0.0334016 0.0734741 0.0148347
2 0.641525 0.159737 0.0155537 0.0709171 0.0147959
10 0.796707 0.549883 0.194727 0.46837 0.0147623
6 0.513197 0.748687 0.0357764 0.092635 0.0146755
7 0.0682049 0.993845 0.0896888 0.0115116 0.0146565
10 0.236112 0.31417 0.239084 0.443216 0.0146112
6 0.335484 0.257433 0.0546672 0.0784786 0.0144388
5 0.850314 0.863853 0.0395365 0.169742 0.0143837
11 0.356637 0.632087 0.127113 0.291188 0.0140916
11 0.494211 0.0535108 0.163475 0.108068 0.0138526
2 0.473549 0.311937 0.0176392 0.0516876 0.0137435
5 0.679617 0.899555 0.0514885 0.105297 0.0135969
10 0.702 0.90378 0.0970352 0.191188 0.0132737
5 0.643872 0.479916 0.158446 0.186369 0.0130912
2 0.559873 0.113964 0.0340779 0.0883118 0.0127656
7 0.405528 0.0955387 0.0291996 0.0390001 0.0127168
11 0.401565 0.283282 0.458337 0.429761 0.0126894
5 0.69023 0.426781 0.105259 0.0694476 0.0126087
10 0.785929 0.660504 0.255807 0.682557 0.0123444
5 0.851395 0.887219 0.069838 0.220054 0.0122428
10 0.745416 0.475465 0.252638 0.21737 0.0117941
7 0.426442 0.240195 0.0204994 0.0318231 0.0116984
11 0.335213 0.581822 0.117383 0.447898 0.0116565
6 0.300005 0.205293 0.155158 0.219458 0.0114865
10 0.177589 0.413865 0.0657067 0.388625 0.0113908
6 0.375173 0.495566 0.105835 0.321336 0.0111525
2 0.63728 0.140663 0.0138317 0.0453183 0.0107822
5 0.694891 0.477736 0.168498 0.194797 0.0106657
6 0.464398 0.652893 0.341437 0.693889 0.0106612
5 0.71555 0.472355 0.0693325 0.123709 0.0104817
7 0.466509 0.690985 0.0560188 0.128414 0.0104025
5 0.850228 0.831999 0.0244003 0.106118 0.0102596
5 0.706133 0.461366 0.108595 0.142482 0.010213
2 0.636942 0.137352 0.0129847 0.044967 0.00937115
10 0.938188 0.114762 0.0292995 0.177495 0.00905068
5 0.613229 0.466386 0.056193 0.110423 0.00892879
5 0.709824 0.471165 0.122309 0.168223 0.00877891
10 0.6125 0.062346 0.369631 0.124473 0.00712928
