10 0.329864 0.858526 0.0774238 0.28467 0.839741
10 0.391587 0.856898 0.0961782 0.287631 0.831484
10 0.470797 0.829536 0.0847474 0.342523 0.828278
10 0.787075 0.920736 0.0860474 0.132125 0.807107
10 0.896841 0.424854 0.0242168 0.097628 0.56179
10 0.159312 0.76173 0.0516916 0.170209 0.527305
0 0.63279 0.565806 0.0612983 0.13727 0.483882
10 0.627851 0.517079 0.0528585 0.20088 0.348293
10 0.496036 0.54121 0.0671947 0.253146 0.250119
0 0.734737 0.494771 0.0368749 0.0863255 0.212234
2 0.780574 0.990109 0.0291231 0.0197304 0.209853
6 0.98724 0.427858 0.0252407 0.195538 0.192378
0 0.735914 0.4947 0.0350492 0.0845114 0.189465
10 0.766389 0.990503 0.0429188 0.0185665 0.15614
10 0.77645 0.990748 0.0838048 0.0191652 0.144999
10 0.891632 0.418631 0.0226072 0.0955211 0.142648
11 0.986684 0.370179 0.027672 0.0967819 0.139014
6 0.0318508 0.911144 0.0657281 0.1788 0.138966
0 0.731119 0.495296 0.0367751 0.0864454 0.134754
10 0.0319575 0.844918 0.0644997 0.311906 0.133596
10 0.170622 0.755476 0.0375765 0.153417 0.130641
2 0.198076 0.0732475 0.0670983 0.14686 0.127243
6 0.94946 0.939334 0.102017 0.120551 0.119163
10 0.032162 0.885002 0.066623 0.231769 0.118341
10 0.883924 0.422589 0.0222961 0.0978473 0.112664
10 0.50944 0.613958 0.041051 0.128325 0.104593
6 0.983151 0.407091 0.033423 0.140169 0.103717
10 0.992361 0.361479 0.0174673 0.143815 0.102051
10 0.509273 0.623532 0.0348733 0.0986773 0.101031
11 0.986961 0.37776 0.0268442 0.0887394 0.0992374
6 0.0337368 0.945346 0.0691016 0.110397 0.0990118
10 0.432861 0.551148 0.0833229 0.211164 0.0988962
6 0.986436 0.450019 0.0269085 0.163105 0.0976457
6 0.987927 0.47101 0.0246187 0.307207 0.0925328
10 0.0484095 0.865997 0.0997094 0.270124 0.090364
6 0.0514837 0.913996 0.104608 0.173749 0.0863153
6 0.985673 0.396917 0.0286201 0.125715 0.0854898
11 0.971267 0.389604 0.0561024 0.111597 0.0851264
6 0.365448 0.802576 0.158402 0.380162 0.0850175
6 0.0461517 0.950888 0.0933514 0.0998437 0.0832818
4 0.881802 0.350659 0.0326256 0.0386242 0.0824903
11 0.956916 0.387959 0.0325504 0.0601852 0.0804958
10 0.991173 0.374316 0.019212 0.142744 0.0751688
10 0.681104 0.992188 0.0379306 0.0151242 0.0738775
2 0.258986 0.0721847 0.0619308 0.141349 0.0728527
6 0.968324 0.415505 0.0624966 0.140808 0.0720473
10 0.99294 0.331933 0.0151903 0.399244 0.0715299
11 0.956487 0.374069 0.0350155 0.0441101 0.0714665
11 0.947524 0.398371 0.0304634 0.0780482 0.0709833
2 0.277826 0.259181 0.0233395 0.0468075 0.0701782
10 0.447893 0.551854 0.0468523 0.215984 0.067932
4 0.241038 0.276617 0.0572267 0.0448563 0.0673934
10 0.944935 0.991032 0.0410307 0.0184679 0.067061
10 0.647614 0.5072 0.0398644 0.166561 0.0667662
6 0.404388 0.676933 0.0682974 0.124515 0.0659774
10 0.454399 0.829172 0.1028 0.343499 0.0656194
6 0.408608 0.715838 0.0777982 0.204662 0.0648791
4 0.235366 0.277013 0.0547053 0.0453809 0.0647405
6 0.259724 0.674064 0.0419744 0.139666 0.064171
10 0.501494 0.544214 0.0591698 0.253556 0.0640416
10 0.844928 0.373416 0.0224934 0.0726304 0.0638195
2 0.210095 0.0705338 0.0404288 0.144517 0.0637971
0 0.621413 0.533098 0.0589603 0.202761 0.0626686
10 0.597702 0.517612 0.0419379 0.213167 0.0625683
7 0.382629 0.700893 0.0347987 0.0626547 0.0603328
10 0.65175 0.513894 0.0432693 0.192771 0.0603174
6 0.981688 0.478865 0.0356161 0.210068 0.0603111
10 0.601843 0.519828 0.0395164 0.208251 0.0601616
10 0.841249 0.98932 0.0590752 0.0182632 0.0600688
10 0.0468044 0.792929 0.0943503 0.418153 0.0600591
6 0.370635 0.744149 0.150299 0.269394 0.0597282
10 0.9911 0.369595 0.019837 0.501363 0.0587848
6 0.987807 0.438904 0.0243092 0.125564 0.058599
7 0.389323 0.699339 0.0346788 0.0597352 0.0580072
10 0.0102111 0.767758 0.0233024 0.46933 0.0571301
10 0.943635 0.363693 0.0186981 0.0569369 0.0570344
6 0.942412 0.367635 0.0239458 0.0606641 0.0567152
2 0.159707 0.0735896 0.139173 0.147388 0.05654
4 0.272065 0.2718 0.0384418 0.0387836 0.0561156
0 0.626036 0.576362 0.0564126 0.110659 0.0561
6 0.353896 0.793522 0.166785 0.339314 0.0548204
6 0.0133116 0.950149 0.0267608 0.0990328 0.053749
10 0.45799 0.594261 0.0378011 0.126117 0.0531955
10 0.412937 0.807107 0.0971691 0.385578 0.0526173
6 0.968604 0.424969 0.0615297 0.133165 0.0525231
2 0.275466 0.263698 0.0307619 0.0477783 0.0519796
10 0.0452787 0.749874 0.091562 0.505966 0.0511665
10 0.794475 0.987604 0.144897 0.0241036 0.0506969
2 0.803255 0.991371 0.0468893 0.016266 0.0500528
10 0.585793 0.488138 0.0350501 0.263309 0.0498582
10 0.604151 0.520798 0.0407794 0.207887 0.0491911
10 0.136335 0.783844 0.0335869 0.140552 0.0490434
2 0.305604 0.267902 0.0234052 0.0361557 0.0488701
10 0.430919 0.597957 0.0304153 0.116161 0.0483723
10 0.438052 0.598309 0.0306584 0.111181 0.0483185
6 0.977962 0.52394 0.0417997 0.360235 0.048309
10 0.651528 0.51846 0.041624 0.193087 0.0482146
10 0.13162 0.0194688 0.0645059 0.0400518 0.0478855
4 0.889958 0.353442 0.0248419 0.0356273 0.0474835
11 0.988541 0.355177 0.0249077 0.0793739 0.0474088
4 0.873254 0.349472 0.0275537 0.0387078 0.0467378
10 0.437503 0.592028 0.038002 0.122572 0.0466321
10 0.993041 0.88685 0.0152279 0.221178 0.0457271
10 0.461123 0.584215 0.0396281 0.152323 0.0455381
10 0.584911 0.515551 0.0383005 0.210948 0.0452021
10 0.178142 0.753472 0.034733 0.151919 0.0448184
0 0.613487 0.574267 0.0538346 0.114902 0.0441985
10 0.968497 0.164782 0.0273365 0.0932579 0.0438214
6 0.412827 0.671835 0.0677343 0.121439 0.043747
6 0.0128858 0.969842 0.0259589 0.0615133 0.0433361
6 0.955711 0.397648 0.0231024 0.0672737 0.0430709
10 0.444867 0.597263 0.0344181 0.113816 0.0428397
10 0.863887 0.992198 0.0420372 0.0162624 0.0427653
10 0.991876 0.833028 0.0161737 0.326547 0.0426739
2 0.420684 0.480947 0.0450971 0.0571143 0.0426613
6 0.0171489 0.987851 0.0345613 0.0245261 0.0422946
2 0.312877 0.266504 0.0232766 0.0356282 0.0411735
10 0.446271 0.59727 0.0309525 0.114054 0.0410553
2 0.186484 0.0709415 0.0511075 0.144555 0.0409479
2 0.38143 0.488254 0.0244862 0.0589198 0.040913
2 0.00696748 0.748828 0.0140675 0.0746107 0.0408891
10 0.984891 0.292771 0.0303556 0.539094 0.0408716
10 0.161581 0.38449 0.0464236 0.127047 0.0408319
4 0.886084 0.342031 0.0167446 0.0271372 0.0406293
10 0.137709 0.767519 0.0482106 0.183526 0.0405559
2 0.403856 0.484832 0.0332498 0.0571144 0.0398027
6 0.106366 0.940164 0.208577 0.12025 0.0398006
4 0.898129 0.354723 0.0272659 0.0382853 0.039703
6 0.930529 0.363813 0.036688 0.0514137 0.0396071
10 0.35658 0.859099 0.0639058 0.280985 0.0394106
10 0.372538 0.859823 0.153439 0.285233 0.0391316
10 0.131061 0.765992 0.027464 0.108126 0.0391004
6 0.358847 0.804265 0.180624 0.387323 0.0389415
10 0.3503 0.731524 0.0552153 0.16315 0.0388323
10 0.977819 0.646581 0.0451122 0.67986 0.0386768
6 0.353786 0.737878 0.172406 0.226886 0.0385296
6 0.975295 0.703038 0.051182 0.239702 0.0384333
10 0.134792 0.752505 0.0240329 0.073256 0.0382127
2 0.412103 0.481899 0.0298195 0.0542054 0.0382024
10 0.9846 0.613968 0.0305105 0.603373 0.038197
10 0.35705 0.859733 0.0625239 0.280348 0.0381464
4 0.869269 0.340384 0.0180185 0.0223636 0.0380273
6 0.409014 0.678123 0.0784829 0.131433 0.0377579
10 0.652277 0.507593 0.0390229 0.16933 0.0376823
2 0.451249 0.471915 0.0237015 0.0548909 0.0374402
10 0.974538 0.655784 0.0521223 0.673708 0.0370096
10 0.306388 0.870417 0.0688335 0.259887 0.0367379
6 0.137886 0.979594 0.222627 0.0401863 0.0367059
10 0.418214 0.602273 0.0366535 0.112076 0.0354549
2 0.429143 0.477599 0.028021 0.0543419 0.0352032
6 0.955054 0.373384 0.0297447 0.061336 0.0348431
6 0.989275 0.787121 0.0222328 0.386296 0.0347858
10 0.354554 0.841877 0.0738166 0.311694 0.0346742
2 0.405457 0.484739 0.0391992 0.0570909 0.0344132
2 0.122685 0.0225591 0.0583179 0.0466188 0.0343208
10 0.407716 0.613324 0.0313261 0.0808767 0.0341526
11 0.0105017 0.778085 0.0217303 0.144165 0.0336683
0 0.616946 0.570082 0.0493704 0.119392 0.0335925
10 0.852782 0.37424 0.019829 0.0646347 0.0335526
6 0.976278 0.739191 0.047751 0.317984 0.0335075
10 0.176664 0.651618 0.0291264 0.0942997 0.0334358
6 0.919523 0.367756 0.0286291 0.0368255 0.0333178
10 0.136662 0.758919 0.027177 0.0832046 0.0330387
0 0.840988 0.393887 0.020079 0.0399736 0.0330377
10 0.498327 0.626006 0.034102 0.0920403 0.0328789
0 0.655255 0.535249 0.0523333 0.190907 0.0328597
10 0.133567 0.769378 0.038312 0.168852 0.0326354
6 0.965387 0.44079 0.0703127 0.23193 0.0325108
10 0.37506 0.568647 0.04131 0.263754 0.0324383
2 0.380008 0.503428 0.0314511 0.0993539 0.0323907
6 0.926009 0.368696 0.0551811 0.0491392 0.0323887
4 0.199589 0.284368 0.055989 0.0483261 0.0320622
0 0.608943 0.579514 0.053986 0.107681 0.0320219
2 0.465582 0.469027 0.021254 0.0536784 0.0320017
10 0.356725 0.858772 0.0582213 0.283281 0.0318485
10 0.151562 0.0173889 0.0416907 0.0359006 0.0318319
2 0.312434 0.267471 0.0230373 0.0345796 0.0318163
2 0.375262 0.50354 0.0325091 0.102083 0.0313213
10 0.114198 0.0166139 0.0467077 0.0336399 0.0313086
2 0.137487 0.0214098 0.0502357 0.0439456 0.0312729
10 0.0922562 0.35265 0.0106176 0.0227226 0.0312486
10 0.115969 0.773331 0.0415225 0.180689 0.0310597
10 0.990873 0.21829 0.0183817 0.386304 0.0305207
10 0.818933 0.921203 0.0580731 0.124921 0.0304579
4 0.252277 0.275939 0.0344419 0.0362879 0.0301947
2 0.233821 0.070969 0.0588933 0.144845 0.0299887
11 0.931859 0.415977 0.0336218 0.0810507 0.0298671
6 0.947038 0.940027 0.105308 0.120081 0.0291587
10 0.652755 0.510368 0.0369753 0.16282 0.0291343
10 0.300198 0.860748 0.0752698 0.281679 0.029022
10 0.975933 0.965959 0.0486143 0.0698574 0.0288518
2 0.466415 0.0100639 0.0487041 0.0209403 0.0287558
10 0.254945 0.554093 0.0342567 0.129377 0.0286504
2 0.181542 0.0755433 0.0479962 0.155041 0.0284741
10 0.41823 0.572085 0.108714 0.266238 0.0284607
2 0.418196 0.478631 0.0209756 0.0573984 0.0284186
10 0.944229 0.945898 0.0330387 0.0532504 0.0284066
6 0.23729 0.674632 0.0474372 0.150271 0.028222
10 0.546113 0.494394 0.0401427 0.254409 0.028149
6 0.357619 0.682638 0.0801428 0.117783 0.0280306
10 0.429874 0.624064 0.0245013 0.070458 0.0279257
7 0.269122 0.764528 0.0262408 0.0468997 0.0276918
11 0.920579 0.41706 0.0847528 0.110813 0.0276071
0 0.635001 0.530716 0.08519 0.223033 0.0271993
6 0.22062 0.67969 0.0372804 0.0713584 0.0270347
6 0.92697 0.36022 0.0349167 0.0607693 0.0269564
2 0.513732 0.0124288 0.0530031 0.0254032 0.0268296
10 0.165691 0.0165805 0.0590049 0.0336341 0.0267371
10 0.409351 0.799773 0.0387451 0.070284 0.0265206
10 0.416057 0.86619 0.0919503 0.273274 0.0264451
0 0.907426 0.362659 0.0416466 0.0397115 0.026418
10 0.810719 0.927827 0.0914996 0.139409 0.0263167
10 0.366197 0.857884 0.0658228 0.285727 0.0262742
2 0.463863 0.468679 0.0262294 0.0538568 0.0258591
0 0.665299 0.56923 0.0473778 0.107232 0.0253893
0 0.662726 0.57199 0.0405896 0.101738 0.0253441
11 0.92919 0.410369 0.0927216 0.0972644 0.0251276
11 0.259954 0.654512 0.0433805 0.0986056 0.0251149
11 0.93497 0.413917 0.0519959 0.0761401 0.0250855
6 0.362228 0.675767 0.0622256 0.108762 0.0249799
2 0.176777 0.0168007 0.0333717 0.0340008 0.0249509
4 0.257851 0.27298 0.0299126 0.0381158 0.0249272
10 0.383634 0.855734 0.132627 0.29234 0.0246722
2 0.531958 0.0163871 0.0598564 0.0336584 0.0246038
4 0.259447 0.273829 0.0382882 0.0376013 0.0245881
10 0.964497 0.56804 0.0700178 0.832997 0.0244066
10 0.0305384 0.359266 0.033833 0.0578097 0.024347
11 0.917716 0.425339 0.0479641 0.0961978 0.024211
10 0.144557 0.630682 0.0354255 0.121725 0.0238722
10 0.90952 0.421701 0.020841 0.0905953 0.0232725
4 0.209106 0.282324 0.0478112 0.0505701 0.0232289
7 0.188975 0.208151 0.0245465 0.0529099 0.0231739
2 0.238017 0.0662122 0.0383344 0.137969 0.023065
10 0.429933 0.856632 0.0884873 0.289102 0.0230029
10 0.424431 0.83433 0.163612 0.327256 0.022994
7 0.324519 0.265725 0.0160984 0.0342893 0.0227465
10 0.60723 0.504584 0.0349632 0.165827 0.0227409
2 0.193224 0.187327 0.0269541 0.105758 0.0226705
10 0.947892 0.627494 0.106347 0.737368 0.0221839
10 0.83376 0.375122 0.0210438 0.0687778 0.0221664
6 0.394996 0.779826 0.0963864 0.132455 0.022158
6 0.316267 0.797337 0.273149 0.398515 0.0214831
8 0.465581 0.992267 0.215636 0.0165234 0.0213758
0 0.449289 0.971181 0.441492 0.0587009 0.0213322
10 0.145622 0.793184 0.050641 0.13076 0.0212963
10 0.83377 0.924441 0.0489994 0.128711 0.0212945
10 0.813204 0.925368 0.069019 0.122937 0.0211818
3 0.437444 0.446107 0.851276 0.882831 0.0210808
0 0.799968 0.407848 0.0280846 0.0667866 0.0209142
10 0.403733 0.580582 0.0383396 0.145458 0.0208337
3 0.308117 0.128225 0.577607 0.256101 0.0206308
2 0.967166 0.0476716 0.0419659 0.096323 0.0204798
10 0.39566 0.987244 0.088142 0.0255101 0.0203799
10 0.717028 0.923943 0.256441 0.146969 0.0201494
3 0.307047 0.113254 0.563763 0.226771 0.0200379
2 0.173976 0.0440952 0.0429737 0.0906793 0.019895
2 0.251794 0.0320689 0.0235463 0.0515146 0.0198807
10 0.361882 0.857274 0.0676371 0.287642 0.0197598
10 0.357023 0.811354 0.0664012 0.308356 0.0196466
2 0.493227 0.462285 0.0232518 0.0503516 0.0196305
2 0.161069 0.0481107 0.143881 0.0992799 0.019608
6 0.366946 0.757036 0.191545 0.299723 0.019477
10 0.538564 0.560511 0.0410789 0.171183 0.0188263
10 0.356121 0.80371 0.0638961 0.293317 0.0187672
0 0.759555 0.49521 0.0374496 0.0841982 0.0187657
2 0.187722 0.187818 0.0300503 0.108201 0.0186874
10 0.364465 0.558138 0.0568672 0.243272 0.0184254
0 0.882336 0.427744 0.0220915 0.0902682 0.0183941
10 0.408453 0.815987 0.0577765 0.140446 0.0183031
10 0.349841 0.857317 0.0811379 0.286814 0.0177582
6 0.238521 0.689202 0.032368 0.0940435 0.017661
10 0.769471 0.916957 0.0625902 0.117923 0.0176171
3 0.306437 0.185691 0.583872 0.369522 0.0173575
10 0.613138 0.459709 0.0348145 0.095488 0.0173349
7 0.336509 0.267724 0.0167616 0.034373 0.0172087
7 0.410607 0.696146 0.0382129 0.0571283 0.0168465
7 0.361321 0.687631 0.0251491 0.0846647 0.0168165
10 0.128144 0.766287 0.135974 0.196105 0.0164858
3 0.334665 0.117357 0.531917 0.238305 0.0161361
0 0.893117 0.360495 0.0339264 0.0243836 0.0159498
0 0.754268 0.491973 0.0346575 0.0845385 0.0159371
6 0.365496 0.766931 0.1542 0.224489 0.0157445
10 0.814604 0.947369 0.0427396 0.0769795 0.015707
6 0.280769 0.801563 0.397642 0.389995 0.0156821
10 0.612405 0.0769597 0.0462002 0.16109 0.0150273
6 0.665563 0.494733 0.0316009 0.147015 0.0149184
6 0.421302 0.693578 0.0501081 0.0652144 0.0148744
10 0.356942 0.797552 0.0756098 0.239975 0.01479
3 0.43698 0.246841 0.839579 0.494683 0.0147312
3 0.418153 0.152367 0.798128 0.306785 0.014253
0 0.76712 0.489355 0.0337096 0.0857643 0.014226
10 0.100104 0.785562 0.12457 0.232147 0.014095
11 0.668962 0.481292 0.0400262 0.133495 0.0140816
10 0.53616 0.589023 0.030877 0.12186 0.0140149
6 0.194341 0.68393 0.0428057 0.0841448 0.0137064
10 0.588116 0.565201 0.0403248 0.132447 0.0135796
10 0.864433 0.932062 0.23915 0.133026 0.0135604
10 0.341016 0.819375 0.0905974 0.205433 0.0124472
3 0.437477 0.247632 0.832754 0.498838 0.0123856
6 0.42899 0.898868 0.0874939 0.175778 0.00831859
