4 0.726893 0.351738 0.104381 0.109468 0.62418
4 0.446293 0.278961 0.129732 0.20125 0.290489
4 0.841245 0.350111 0.057213 0.0672152 0.258541
4 0.411421 0.278406 0.2345 0.217953 0.230167
3 0.860356 0.330974 0.112501 0.128622 0.222863
4 0.840948 0.347539 0.0576015 0.0727709 0.204633
4 0.456722 0.280563 0.151721 0.209286 0.153926
4 0.854888 0.348551 0.0901091 0.0823947 0.146608
1 0.196558 0.500373 0.392767 0.992791 0.13656
4 0.411516 0.282938 0.228207 0.205905 0.136282
1 0.50128 0.503233 0.984958 0.982124 0.132003
1 0.223478 0.502263 0.444132 0.991333 0.124565
4 0.844076 0.327565 0.0780825 0.121736 0.106013
4 0.399302 0.257556 0.261041 0.256592 0.0942899
1 0.294106 0.50355 0.586463 0.986432 0.0935745
1 0.101202 0.742536 0.198758 0.503329 0.0875061
4 0.673959 0.351917 0.212481 0.126121 0.0861628
1 0.305216 0.504357 0.612958 0.99401 0.0797235
4 0.413594 0.255353 0.254432 0.26412 0.0790299
1 0.126737 0.744085 0.249052 0.504047 0.0772492
1 0.179428 0.501298 0.359799 0.980161 0.0762829
1 0.177429 0.685197 0.348347 0.620646 0.0743063
4 0.323735 0.315831 0.062368 0.108157 0.0736497
4 0.395352 0.314484 0.183429 0.104919 0.0722724
1 0.473674 0.503515 0.938533 0.992377 0.0714336
1 0.186788 0.736021 0.367608 0.52092 0.0692153
1 0.088324 0.733605 0.174606 0.482197 0.0680104
1 0.164711 0.642368 0.326243 0.700611 0.0679238
1 0.398064 0.503319 0.793136 0.983567 0.0669364
1 0.209681 0.737415 0.408519 0.51738 0.0642664
4 0.672975 0.578858 0.307702 0.340004 0.0637773
4 0.350023 0.277044 0.371415 0.221397 0.0629752
4 0.671617 0.564703 0.300083 0.321883 0.0614395
1 0.205978 0.737064 0.400283 0.516564 0.0609275
9 0.662796 0.302507 0.252057 0.230756 0.0608245
10 0.316534 0.315134 0.0710415 0.106953 0.059594
3 0.875745 0.28779 0.16303 0.218175 0.0592586
6 0.832596 0.645516 0.094466 0.221395 0.0586844
10 0.0297579 0.861649 0.0612809 0.265265 0.0571149
4 0.363626 0.314559 0.192813 0.105037 0.0564071
1 0.21734 0.682614 0.430528 0.625888 0.055834
1 0.0887313 0.65827 0.176896 0.662159 0.0553973
10 0.0292529 0.888169 0.0603597 0.213938 0.0552192
4 0.652881 0.36598 0.097016 0.107125 0.0540063
6 0.391853 0.716576 0.0607457 0.0968168 0.0513586
4 0.645157 0.367999 0.100193 0.105052 0.0506081
4 0.498072 0.283898 0.0916577 0.137702 0.0504233
1 0.392374 0.502391 0.778232 0.982588 0.0494273
1 0.268906 0.737715 0.531916 0.519036 0.0492387
1 0.498906 0.70245 0.986833 0.592109 0.0491387
10 0.029531 0.809248 0.0597373 0.364383 0.0491078
1 0.283717 0.737466 0.546805 0.520512 0.0479129
1 0.294166 0.744094 0.561882 0.508339 0.0476
10 0.961823 0.30556 0.0794903 0.585333 0.0475432
10 0.959756 0.209998 0.0831643 0.406696 0.0471062
1 0.270916 0.512502 0.538441 0.954302 0.0470444
10 0.0309249 0.716534 0.0610148 0.545747 0.0467352
1 0.260451 0.507163 0.5204 0.9654 0.0460391
4 0.365113 0.314203 0.15761 0.101568 0.0459901
4 0.498888 0.291184 0.071534 0.151229 0.045906
1 0.488359 0.726677 0.964831 0.543788 0.0457972
1 0.187655 0.47294 0.377764 0.91465 0.0457656
1 0.400755 0.501925 0.791582 0.989082 0.0455001
1 0.23984 0.504845 0.486649 0.987674 0.0447053
1 0.24405 0.703073 0.479435 0.582965 0.0447018
1 0.0766274 0.501672 0.153222 0.972506 0.0444792
10 0.0318988 0.74389 0.0636153 0.491913 0.0437211
1 0.197059 0.762337 0.379564 0.473649 0.0435017
4 0.497017 0.285126 0.0855936 0.137703 0.0432752
1 0.298574 0.512501 0.58723 0.953109 0.0432749
1 0.0734973 0.748674 0.147654 0.489061 0.04297
10 0.948536 0.505889 0.107241 0.970485 0.0429665
10 0.0730291 0.745027 0.145176 0.496205 0.0428627
4 0.705695 0.352314 0.107248 0.113634 0.0426654
9 0.615271 0.305505 0.145086 0.220727 0.0423635
4 0.673911 0.486037 0.287863 0.157268 0.0420323
4 0.503329 0.279414 0.0612126 0.125332 0.0417528
1 0.500322 0.54294 0.994634 0.902833 0.0416801
1 0.396426 0.725681 0.781886 0.544482 0.0415342
4 0.634538 0.575453 0.227024 0.316742 0.0414928
1 0.300525 0.505094 0.600899 0.979383 0.0413796
10 0.0228606 0.672741 0.0462461 0.624996 0.0411029
10 0.0456369 0.847385 0.0918437 0.291082 0.0399602
9 0.629913 0.304653 0.186349 0.228084 0.0396977
1 0.489174 0.672904 0.962868 0.650063 0.0395362
1 0.189874 0.487367 0.38133 0.939768 0.0394336
9 0.659488 0.302266 0.277301 0.235133 0.0391513
6 0.849645 0.671637 0.057222 0.12921 0.0389175
4 0.396954 0.288934 0.170949 0.177021 0.0383449
4 0.316995 0.320725 0.0662142 0.103355 0.0381947
4 0.411404 0.307672 0.0945426 0.138448 0.0379893
1 0.500707 0.743671 0.984832 0.508016 0.0376943
1 0.486617 0.659809 0.953888 0.669362 0.0376549
10 0.973558 0.409421 0.0554852 0.781163 0.0374697
10 0.982277 0.498616 0.0356117 0.947285 0.0372375
10 0.960132 0.0951677 0.0846717 0.185348 0.0371842
10 0.983661 0.327489 0.034446 0.173013 0.0364552
4 0.375215 0.315048 0.166629 0.0958574 0.0363318
4 0.465194 0.302472 0.0746758 0.140982 0.0363034
10 0.983817 0.298093 0.0336109 0.218195 0.0360688
3 0.884934 0.291783 0.201372 0.231241 0.0359309
10 0.988083 0.343868 0.0244333 0.129082 0.035844
10 0.217608 0.559335 0.0727616 0.214644 0.0353834
10 0.946628 0.21611 0.108757 0.419871 0.0352152
1 0.0965285 0.606317 0.191675 0.771742 0.035087
10 0.97866 0.418485 0.0435429 0.792943 0.0347678
3 0.728149 0.511611 0.547318 0.953409 0.0347034
10 0.956444 0.406997 0.0912317 0.779575 0.03468
4 0.33183 0.475917 0.0716146 0.129565 0.0343503
10 0.948104 0.505658 0.10782 0.9671 0.0341191
10 0.988558 0.353974 0.023233 0.103165 0.0336766
1 0.473927 0.727546 0.926348 0.536882 0.0332415
10 0.949879 0.317006 0.104348 0.609815 0.0330733
4 0.0303911 0.444885 0.0615689 0.136054 0.0330288
4 0.500109 0.284932 0.200694 0.222094 0.0329775
10 0.960452 0.122909 0.0818119 0.238338 0.0328603
10 0.218805 0.559879 0.0704776 0.213107 0.0327841
1 0.499658 0.704381 0.993489 0.584947 0.0326842
10 0.986224 0.330131 0.0286753 0.169506 0.032335
4 0.374772 0.310618 0.116504 0.129686 0.0323003
1 0.502812 0.54053 0.983139 0.901641 0.032256
4 0.502575 0.263456 0.181648 0.234756 0.0322265
3 0.757234 0.589375 0.489066 0.811512 0.032225
10 0.304464 0.316312 0.105755 0.140835 0.0321932
1 0.425935 0.749989 0.796131 0.495191 0.0321834
10 0.0260646 0.535449 0.0521979 0.899434 0.0319661
10 0.98761 0.355319 0.0249796 0.0952324 0.0318845
1 0.173892 0.50301 0.347063 0.978497 0.0318485
4 0.359027 0.320551 0.154688 0.0972179 0.0317719
10 0.796728 0.325033 0.0373196 0.119164 0.031685
10 0.9777 0.342503 0.0465427 0.123823 0.0315474
1 0.0156825 0.637176 0.0320381 0.696879 0.0314796
10 0.05541 0.709182 0.11172 0.424393 0.0313934
1 0.348804 0.831657 0.66306 0.335974 0.0312529
10 0.579818 0.322744 0.0683104 0.144995 0.031171
1 0.187671 0.358158 0.374143 0.709001 0.03113
4 0.825463 0.347863 0.0736722 0.0847798 0.0310701
10 0.981975 0.319741 0.0376028 0.320286 0.0310405
4 0.863375 0.970839 0.263243 0.0532448 0.0309953
4 0.515205 0.26141 0.0524256 0.0909697 0.0309263
3 0.497945 0.419862 0.987278 0.813177 0.0306536
1 0.499304 0.50599 0.990102 0.98365 0.030596
1 0.0655195 0.535626 0.134081 0.912131 0.0305429
10 0.0353522 0.843415 0.0677562 0.308737 0.0302971
4 0.700993 0.60119 0.374865 0.37208 0.0301719
10 0.0132212 0.67323 0.0278157 0.623952 0.0300368
10 0.0349589 0.833901 0.0673298 0.322822 0.0299737
10 0.0352744 0.793127 0.0698264 0.252748 0.0299653
3 0.721338 0.509761 0.56632 0.970376 0.0299261
3 0.612811 0.205543 0.75894 0.403807 0.0297771
1 0.0391723 0.503546 0.0793114 0.955709 0.0296468
1 0.171872 0.502988 0.351918 0.987246 0.0289707
1 0.233633 0.515746 0.26577 0.962292 0.0289229
4 0.500982 0.267682 0.0810085 0.181504 0.0288141
4 0.730402 0.354727 0.11864 0.125929 0.0287612
1 0.0871148 0.509734 0.17124 0.966012 0.0287304
4 0.625426 0.359269 0.0714393 0.120523 0.0286977
10 0.032987 0.847937 0.0653318 0.298421 0.0286242
4 0.69871 0.349825 0.0879566 0.109361 0.0284524
10 0.985846 0.331318 0.0296062 0.192493 0.0283162
1 0.424099 0.19856 0.295657 0.381483 0.0281327
4 0.622389 0.339314 0.158657 0.162959 0.0279899
3 0.763159 0.567625 0.486827 0.852204 0.0279392
1 0.0989175 0.851224 0.191909 0.290741 0.027813
1 0.499849 0.699715 0.994133 0.592231 0.0276926
3 0.602626 0.202687 0.777149 0.397938 0.0275447
1 0.49883 0.705854 0.989511 0.581564 0.0275294
1 0.0978198 0.539787 0.195353 0.929454 0.0275208
1 0.0131997 0.627993 0.0276613 0.711228 0.0272683
1 0.221391 0.83324 0.423501 0.332299 0.0272139
10 0.293298 0.356086 0.156724 0.387082 0.027158
1 0.484833 0.802221 0.945909 0.390476 0.0269382
1 0.49934 0.644889 0.992631 0.70004 0.0267907
1 0.434852 0.811703 0.777093 0.37296 0.0267631
10 0.987902 0.486552 0.0240579 0.904574 0.026657
4 0.779956 0.980054 0.397148 0.0354653 0.0266384
4 0.681317 0.982105 0.42379 0.0324141 0.0265209
3 0.678211 0.570094 0.629861 0.849397 0.0264492
4 0.646009 0.977484 0.354996 0.0404915 0.0262091
1 0.380394 0.502672 0.754766 0.979083 0.026065
3 0.820697 0.512285 0.368324 0.972727 0.0257957
1 0.268522 0.406571 0.529726 0.790761 0.0256724
1 0.431322 0.837876 0.852976 0.320952 0.0254936
1 0.449076 0.502871 0.905221 0.981433 0.0253614
10 0.958061 0.36494 0.086303 0.653274 0.0252813
1 0.499771 0.652473 0.990531 0.68301 0.0252424
4 0.366999 0.316556 0.109268 0.114721 0.0251813
10 0.0493373 0.855235 0.077218 0.285971 0.0251778
4 0.630095 0.637759 0.217376 0.20448 0.0251083
3 0.701024 0.510042 0.605351 0.974419 0.0250861
10 0.572653 0.333202 0.0678911 0.152056 0.02488
1 0.277061 0.256826 0.493927 0.498521 0.0247693
4 0.618949 0.467569 0.379912 0.568369 0.0245728
10 0.595136 0.32878 0.0897355 0.168794 0.0245194
1 0.185548 0.883501 0.358533 0.23266 0.0243531
10 0.0290702 0.811823 0.058771 0.343747 0.0242224
10 0.773487 0.321069 0.0450492 0.156057 0.0241532
10 0.0937185 0.434902 0.0672399 0.200817 0.024076
1 0.0911678 0.50187 0.179205 0.928257 0.0239708
3 0.587398 0.201132 0.759386 0.395449 0.023662
4 0.921308 0.974002 0.155347 0.0484253 0.0233985
1 0.0497472 0.678505 0.100101 0.368532 0.0232852
10 0.0303549 0.960347 0.053813 0.0738745 0.0232743
1 0.504294 0.521803 0.993277 0.935241 0.0232273
10 0.217174 0.47754 0.0757779 0.382625 0.0231738
4 0.937296 0.888828 0.130155 0.220074 0.0231409
4 0.986658 0.360908 0.0265526 0.109474 0.0231121
4 0.614488 0.538603 0.18593 0.261522 0.0230976
3 0.758012 0.695431 0.486107 0.602522 0.0230916
4 0.0124853 0.436498 0.0261913 0.134631 0.0230561
10 0.275583 0.437767 0.188942 0.593581 0.0230521
10 0.291758 0.394147 0.144818 0.293205 0.0230127
10 0.0283453 0.803833 0.058717 0.350523 0.0229112
3 0.594071 0.206422 0.792503 0.401767 0.0228593
10 0.05502 0.868701 0.0666074 0.259291 0.0226841
1 0.152785 0.608146 0.165057 0.501316 0.0226315
4 0.687675 0.352773 0.0710264 0.110401 0.0223934
4 0.803631 0.344024 0.0509989 0.0795114 0.022239
1 0.0479717 0.644486 0.0967493 0.374787 0.02181
3 0.64882 0.313763 0.693688 0.611178 0.0215806
4 0.36742 0.319141 0.0553547 0.0950908 0.021575
4 0.927444 0.342988 0.0581617 0.0715299 0.0213613
10 0.582823 0.334852 0.0950222 0.16328 0.0213108
10 0.01949 0.91517 0.0428175 0.162908 0.0212347
1 0.303744 0.406281 0.233164 0.550626 0.0209538
10 0.194191 0.621427 0.0629438 0.223549 0.0208778
4 0.59197 0.0100569 0.447501 0.0181605 0.0207957
1 0.202775 0.979629 0.338542 0.0364408 0.0207516
3 0.60475 0.506183 0.790859 0.973876 0.0207512
3 0.753223 0.39007 0.485618 0.729886 0.0205534
10 0.0221708 0.810965 0.0469474 0.273583 0.0204955
10 0.192695 0.626062 0.0645895 0.2238 0.0204698
3 0.500166 0.483343 0.987062 0.924362 0.0203525
1 0.50172 0.516261 0.994215 0.954398 0.020239
4 0.759055 0.348656 0.0885792 0.105381 0.0201075
10 0.0661621 0.572405 0.125666 0.510378 0.0200493
1 0.272285 0.897923 0.429385 0.205278 0.019986
10 0.957016 0.0895354 0.0899801 0.176642 0.0199842
4 0.67899 0.358221 0.0906067 0.111387 0.0199618
10 0.0185996 0.782008 0.0392541 0.419064 0.019931
10 0.0189775 0.547471 0.0388545 0.70976 0.0198302
10 0.029894 0.922304 0.0545288 0.152105 0.019706
10 0.986349 0.423965 0.0271967 0.23954 0.0196316
10 0.052666 0.768629 0.0695719 0.226623 0.0196313
1 0.501321 0.509639 0.981001 0.974131 0.0195833
1 0.62892 0.716925 0.750407 0.562748 0.0195592
10 0.0286983 0.947619 0.0546325 0.0991822 0.0192927
4 0.703815 0.358789 0.0884978 0.104775 0.0192572
10 0.0528415 0.847857 0.0676851 0.202757 0.0190925
1 0.517781 0.730364 0.340507 0.530123 0.0189833
4 0.501905 0.286321 0.883824 0.255289 0.0189514
3 0.494945 0.203181 0.969978 0.399493 0.0188382
10 0.944593 0.325425 0.0518774 0.11111 0.0188143
10 0.938465 0.607474 0.127708 0.7662 0.0187913
1 0.500792 0.483315 0.971941 0.9255 0.0187068
10 0.0539055 0.721529 0.0594014 0.333848 0.0180648
1 0.507183 0.762322 0.994618 0.465496 0.0178768
4 0.717366 0.993038 0.143116 0.00924185 0.0178358
1 0.0986623 0.406344 0.196476 0.765787 0.0175205
1 0.75678 0.724485 0.466683 0.544133 0.0173374
4 0.73507 0.992186 0.172206 0.0108118 0.0171004
4 0.807759 0.992618 0.20839 0.0110869 0.0170131
4 0.960595 0.0274627 0.0791367 0.0490652 0.0169352
10 0.0197911 0.771358 0.0415601 0.246893 0.0167107
10 0.0564133 0.965958 0.101885 0.0621523 0.0165745
10 0.0572294 0.76713 0.0969398 0.260479 0.016555
10 0.053504 0.955435 0.0886197 0.0839237 0.0165199
4 0.908488 0.32859 0.0729296 0.123893 0.0164579
3 0.778802 0.511329 0.425231 0.925666 0.0164304
4 0.675553 0.421431 0.272619 0.295743 0.0163219
10 0.112376 0.429117 0.0896812 0.216397 0.0162566
4 0.889853 0.331458 0.0872776 0.114925 0.016228
1 0.569767 0.749103 0.862885 0.488176 0.0160887
1 0.516065 0.709438 0.265679 0.53763 0.0158149
4 0.954997 0.974863 0.0926743 0.0490356 0.0157259
1 0.503168 0.508994 0.989139 0.976211 0.0155654
1 0.61006 0.750978 0.52022 0.486583 0.0154884
1 0.53971 0.817608 0.925202 0.36007 0.0149981
4 0.75589 0.357635 0.0848488 0.0948927 0.0149861
4 0.819843 0.993918 0.190253 0.0093117 0.0149068
4 0.82575 0.994434 0.224425 0.00869954 0.0146593
10 0.0295329 0.985833 0.0423258 0.0190311 0.0143916
1 0.386591 0.200868 0.771001 0.396467 0.0143741
1 0.510199 0.479615 0.942297 0.915908 0.0143027
1 0.533042 0.511301 0.906385 0.968456 0.0139153
4 0.0599663 0.990479 0.105795 0.0111599 0.0137517
10 0.13822 0.398152 0.0564741 0.166305 0.0137015
10 0.0872613 0.876881 0.120594 0.239992 0.0132932
4 0.666234 0.374108 0.596842 0.695586 0.0131607
4 0.639809 0.105967 0.684798 0.207048 0.0129725
1 0.49259 0.451157 0.953686 0.76928 0.0129373
10 0.0432471 0.989375 0.0742898 0.0133881 0.0126913
4 0.92957 0.978419 0.177722 0.0424738 0.0125946
10 0.525982 0.331759 0.0769819 0.15438 0.0124772
4 0.547271 0.344715 0.78913 0.619416 0.0116401
1 0.665164 0.121186 0.67298 0.234098 0.0110606
10 0.529994 0.336 0.0712175 0.154534 0.0109422
4 0.459276 0.0723109 0.961872 0.141371 0.0105053
1 0.333129 0.573587 0.0660059 0.104695 0.0101534
6 0.628342 0.863071 0.0439189 0.0977013 0.00879285
