10 0.38292 0.237805 0.122635 0.293519 0.815908
6 0.699537 0.371197 0.103402 0.301102 0.808852
10 0.495394 0.0865983 0.0617088 0.17593 0.779162
6 0.296563 0.266434 0.0850691 0.178378 0.691198
6 0.123829 0.53265 0.0717453 0.239211 0.584941
2 0.761696 0.232738 0.0247313 0.0894785 0.54928
6 0.594719 0.620517 0.130442 0.360669 0.52691
6 0.523266 0.332946 0.100565 0.24592 0.450463
11 0.779437 0.307828 0.179491 0.360335 0.429042
10 0.716579 0.165054 0.0848269 0.129199 0.412491
10 0.158573 0.858514 0.0434867 0.117152 0.368938
2 0.739432 0.263932 0.0292201 0.0867902 0.361319
6 0.0684598 0.524819 0.107925 0.194382 0.322556
10 0.235623 0.248949 0.0862242 0.298512 0.305909
10 0.167773 0.234001 0.0618291 0.207373 0.30437
10 0.163684 0.194336 0.0532617 0.128014 0.286516
6 0.466573 0.917 0.17682 0.16589 0.270766
11 0.128495 0.273583 0.0778575 0.195243 0.259471
11 0.00855401 0.256103 0.0171872 0.106722 0.236865
11 0.365529 0.481713 0.244856 0.344071 0.215773
10 0.231208 0.74276 0.296463 0.381469 0.213253
7 0.315962 0.421152 0.0261668 0.048183 0.205295
7 0.67768 0.620069 0.0316055 0.0697788 0.194666
11 0.264839 0.237041 0.139785 0.264458 0.193303
6 0.322456 0.245686 0.0619666 0.158625 0.186294
2 0.0187315 0.0967198 0.0340102 0.0863218 0.182796
10 0.428382 0.516002 0.123023 0.267458 0.181077
10 0.966739 0.811972 0.0676426 0.373105 0.178699
6 0.267042 0.274232 0.131943 0.231982 0.172331
2 0.00597308 0.233647 0.0129858 0.0942672 0.162575
6 0.218977 0.305906 0.0722104 0.182136 0.15942
6 0.468427 0.962711 0.183849 0.0738218 0.157793
2 0.772171 0.234282 0.0223524 0.0877424 0.156321
10 0.0133122 0.722458 0.0266295 0.193954 0.156241
2 0.750167 0.230448 0.0242263 0.0883038 0.155249
11 0.113051 0.22644 0.0395803 0.0803222 0.154724
2 0.1171 0.212688 0.0298609 0.0547935 0.152694
6 0.205947 0.922657 0.117254 0.156344 0.150842
7 0.86931 0.320319 0.0209904 0.0503162 0.150763
2 0.251871 0.354888 0.0290886 0.0927184 0.15068
11 0.266839 0.190774 0.0359462 0.0553115 0.149861
2 0.740987 0.241775 0.0233788 0.0955467 0.14663
10 0.92935 0.812548 0.141253 0.372691 0.146043
11 0.472635 0.238836 0.127863 0.176239 0.145729
11 0.256506 0.186236 0.0665427 0.0705356 0.143247
10 0.450604 0.0933274 0.0436177 0.152734 0.142326
11 0.470129 0.270107 0.143898 0.241939 0.137481
10 0.125306 0.795257 0.038153 0.0961252 0.136098
2 0.123206 0.211156 0.0232227 0.0509466 0.133395
7 0.776809 0.173419 0.0280451 0.0637716 0.131159
2 0.752111 0.256957 0.0278768 0.0873213 0.130759
2 0.00443687 0.204083 0.00894204 0.0885297 0.129927
2 0.102609 0.210251 0.0213219 0.0502866 0.128166
7 0.871789 0.317534 0.0228516 0.0548737 0.127831
7 0.681023 0.599579 0.039601 0.107204 0.124979
10 0.0100057 0.625959 0.0206338 0.383906 0.122622
11 0.24538 0.168776 0.0987917 0.123984 0.120866
2 0.260571 0.166046 0.0227121 0.0567677 0.119853
10 0.00977059 0.52944 0.0194183 0.243706 0.11905
7 0.829393 0.258281 0.0302872 0.098993 0.118783
11 0.170305 0.220085 0.330762 0.340054 0.118214
2 0.131991 0.266755 0.0366719 0.0704414 0.117262
10 0.96089 0.510696 0.0743529 0.959888 0.116659
7 0.30367 0.421461 0.0256599 0.0476141 0.116555
7 0.837742 0.254678 0.0332333 0.090779 0.115449
10 0.00703096 0.571634 0.0130607 0.297459 0.114801
2 0.106771 0.20852 0.0205284 0.0508405 0.11409
2 0.0285669 0.153408 0.0178324 0.037924 0.112557
6 0.32445 0.238732 0.0582103 0.146037 0.112513
10 0.461075 0.0944485 0.0351657 0.140419 0.112107
6 0.501948 0.964805 0.110582 0.0714362 0.111115
6 0.105376 0.537172 0.0541704 0.223141 0.109621
11 0.0553751 0.138406 0.0573096 0.128598 0.108929
11 0.249461 0.175787 0.046203 0.0818983 0.10785
10 0.886851 0.413631 0.153581 0.48544 0.104496
10 0.153294 0.186965 0.0413552 0.113188 0.103046
2 0.952263 0.941291 0.0663925 0.118324 0.102547
11 0.457965 0.300025 0.195885 0.302098 0.102278
2 0.839155 0.275089 0.0240911 0.0704077 0.101903
10 0.0127292 0.488658 0.0251321 0.13034 0.10187
10 0.923325 0.942493 0.127151 0.116108 0.101813
7 0.7792 0.176215 0.0297801 0.0686468 0.101406
7 0.875733 0.318756 0.0189398 0.0529922 0.100279
11 0.346935 0.399777 0.156549 0.169084 0.100122
10 0.0104503 0.77942 0.0229481 0.28043 0.099291
2 0.0485593 0.206637 0.0203655 0.0366671 0.0975095
2 0.273098 0.166691 0.0202852 0.0552147 0.0970164
6 0.968402 0.824303 0.0648689 0.352648 0.0966892
2 0.0907944 0.10985 0.0184239 0.0446409 0.0960408
11 0.341128 0.398984 0.17569 0.170691 0.0955096
2 0.261778 0.176831 0.0320833 0.0758517 0.0922584
10 0.013182 0.508089 0.0278557 0.177552 0.0921022
2 0.775209 0.233707 0.0237418 0.0932695 0.091405
2 0.00968098 0.210116 0.0153792 0.0360893 0.0902294
11 0.108878 0.137041 0.210599 0.185067 0.0886637
2 0.663213 0.587129 0.0384872 0.134614 0.0883899
10 0.0148133 0.485463 0.0298218 0.120564 0.0882017
10 0.985357 0.80338 0.0291237 0.36394 0.0859037
11 0.330673 0.459322 0.173426 0.292851 0.0854388
10 0.861681 0.54201 0.2609 0.908987 0.0846086
11 0.432111 0.26392 0.227406 0.230622 0.0844774
2 0.432398 0.259206 0.0288701 0.0849872 0.0836365
2 0.746191 0.24884 0.0186162 0.0730537 0.0835248
7 0.82629 0.258784 0.0283896 0.0984858 0.0834488
11 0.369943 0.263029 0.362379 0.225798 0.0832834
6 0.383821 0.969642 0.345003 0.0604908 0.081795
10 0.199355 0.686736 0.381978 0.610342 0.081786
6 0.102503 0.536375 0.0475282 0.226796 0.0806597
11 0.408717 0.295173 0.334283 0.289517 0.0797869
2 0.243681 0.143781 0.0329849 0.0731513 0.0771501
11 0.236757 0.169534 0.0822027 0.129641 0.0767105
2 0.251473 0.156586 0.0236785 0.0500636 0.0760606
2 0.0653509 0.150639 0.0346956 0.0782552 0.076033
10 0.911208 0.522915 0.167958 0.935819 0.0759569
2 0.586121 0.129953 0.0300663 0.0809387 0.0758356
10 0.00663235 0.467462 0.0129844 0.1556 0.0756968
2 0.0282129 0.151215 0.0196522 0.0397932 0.0753287
11 0.0119929 0.252244 0.0222881 0.0906094 0.0750421
6 0.313114 0.255649 0.0579944 0.160512 0.0749923
2 0.305718 0.0783628 0.0218908 0.0375374 0.0747042
7 0.661719 0.618339 0.0299526 0.0709527 0.07444
10 0.927086 0.894719 0.141665 0.213094 0.0727784
7 0.850429 0.270671 0.021461 0.0651271 0.0725415
6 0.338869 0.243373 0.0564228 0.155997 0.0725108
7 0.723534 0.266408 0.0292506 0.0818533 0.0723978
7 0.730447 0.265027 0.0285648 0.0808425 0.0719936
10 0.222584 0.168245 0.0690259 0.12454 0.0712126
10 0.984419 0.569798 0.0293294 0.847456 0.0705225
10 0.970814 0.500733 0.0536003 0.955622 0.070357
7 0.320211 0.407231 0.0374366 0.078543 0.0699412
6 0.337747 0.238475 0.0720362 0.156917 0.0698842
6 0.062252 0.545617 0.115038 0.236402 0.0698832
10 0.728859 0.181892 0.0617268 0.0912103 0.069823
11 0.169251 0.199264 0.337039 0.283974 0.0694096
10 0.882147 0.572299 0.173728 0.829313 0.068683
6 0.715513 0.189055 0.0743133 0.0847213 0.0684526
2 0.142005 0.0400865 0.0275546 0.0592423 0.0678833
10 0.00783367 0.429639 0.0187742 0.474687 0.067789
11 0.731636 0.176772 0.115468 0.120226 0.0671419
6 0.213187 0.168028 0.0516311 0.132697 0.0659682
10 0.427891 0.0901531 0.0578438 0.182129 0.0657353
11 0.0863717 0.275069 0.17753 0.225041 0.0641973
10 0.898909 0.583438 0.197515 0.832233 0.063065
10 0.185349 0.241701 0.0615698 0.284254 0.0629375
11 0.0760004 0.219537 0.151679 0.35382 0.0629049
2 0.0917118 0.0963277 0.0204961 0.0666926 0.0627015
6 0.935851 0.941697 0.118835 0.119082 0.0625698
7 0.761415 0.174511 0.0270776 0.0640439 0.0620419
2 0.107871 0.322048 0.0174683 0.0427121 0.0618559
7 0.480248 0.223113 0.021023 0.0602795 0.0617674
10 0.530858 0.917282 0.323462 0.169189 0.0615186
10 0.752529 0.534801 0.48213 0.921899 0.0607975
2 0.14216 0.263193 0.0292432 0.0625536 0.0603177
7 0.855332 0.252442 0.0254761 0.0972908 0.0592538
6 0.119694 0.957835 0.231542 0.0861863 0.059175
6 0.584687 0.617118 0.12854 0.364256 0.0591641
7 0.692983 0.606652 0.0366811 0.101515 0.0590582
11 0.0370471 0.188752 0.0733904 0.277454 0.058982
10 0.135149 0.940049 0.259878 0.121544 0.0584026
6 0.426439 0.553072 0.113736 0.195657 0.0583918
6 0.329412 0.257314 0.0793587 0.180204 0.0581669
2 0.0198803 0.15221 0.0139195 0.0454163 0.0581381
6 0.0481967 0.517819 0.0685504 0.1325 0.058068
11 0.261468 0.18925 0.0855963 0.0892086 0.0580484
2 0.0449363 0.1208 0.025814 0.0510883 0.0577807
6 0.0347982 0.524873 0.0415737 0.0819122 0.0577393
6 0.061579 0.504924 0.061094 0.116084 0.0576401
2 0.285125 0.193737 0.0159646 0.0439 0.0575472
10 0.865352 0.553065 0.240529 0.889585 0.0572003
10 0.991161 0.716393 0.0189014 0.191427 0.0565071
10 0.991422 0.625124 0.0186192 0.724131 0.0563561
11 0.247848 0.189789 0.0417582 0.0592704 0.0558706
10 0.529855 0.0872506 0.0559155 0.171956 0.0548369
10 0.992846 0.679503 0.0165674 0.230008 0.0544926
7 0.281464 0.428504 0.0248787 0.047228 0.0542271
6 0.0601753 0.518978 0.103738 0.177143 0.0541309
6 0.0982789 0.521896 0.119457 0.26373 0.0536112
2 0.0641828 0.0809439 0.0241621 0.039298 0.0530922
11 0.209951 0.109431 0.413708 0.214098 0.053077
6 0.31835 0.225167 0.0724685 0.120143 0.0529719
7 0.291195 0.785064 0.0697911 0.128969 0.0529543
10 0.98512 0.493458 0.0270569 0.57361 0.0526819
10 0.982305 0.469622 0.0308008 0.882209 0.0522078
10 0.44517 0.489234 0.0955675 0.200908 0.0518545
10 0.163387 0.258149 0.0791276 0.263545 0.0517284
2 0.240577 0.155574 0.0227484 0.0454887 0.051472
11 0.222322 0.15143 0.0793625 0.135797 0.0510881
11 0.433591 0.275036 0.272384 0.236613 0.0510634
2 0.149962 0.0352386 0.0227091 0.0576048 0.0505368
7 0.799016 0.235622 0.0427844 0.0773656 0.0505355
7 0.749174 0.165107 0.0305318 0.0509359 0.0492158
10 0.95117 0.570502 0.0726479 0.849211 0.0491759
6 0.00905491 0.777083 0.0197707 0.156594 0.049099
7 0.240261 0.675664 0.042091 0.11513 0.0486101
10 0.00661898 0.85339 0.0145791 0.150877 0.048227
11 0.0547861 0.257282 0.110661 0.340312 0.0481508
7 0.735859 0.217108 0.0162417 0.0475339 0.0480833
2 0.0291617 0.101766 0.0225669 0.0618897 0.0479268
10 0.554737 0.0969754 0.0909526 0.157989 0.0474941
2 0.319414 0.769412 0.0390396 0.102669 0.0474002
6 0.193594 0.962479 0.0999464 0.0767426 0.0472865
6 0.00882054 0.746683 0.0189884 0.17817 0.0471465
2 0.0335748 0.0781862 0.0151599 0.0287541 0.0469716
6 0.329257 0.275173 0.136078 0.215862 0.0468838
2 0.0575661 0.0811506 0.0193399 0.0391219 0.0464998
2 0.109165 0.321995 0.017054 0.0423032 0.046465
7 0.767819 0.189491 0.0235273 0.0350472 0.0462283
7 0.808565 0.211402 0.0159309 0.0307558 0.0461234
10 0.711376 0.161078 0.0830993 0.145285 0.0459131
7 0.442786 0.253525 0.0264549 0.0803991 0.0458852
10 0.0148325 0.0929335 0.0295404 0.0783716 0.045797
6 0.512111 0.3733 0.1067 0.333159 0.0456065
2 0.192856 0.0772112 0.0214653 0.0305509 0.0453962
11 0.215375 0.0954833 0.421063 0.18901 0.0452977
6 0.340033 0.23208 0.0426963 0.14143 0.0452552
10 0.201739 0.114265 0.0389386 0.0890147 0.0450042
2 0.228165 0.0808511 0.020704 0.0399434 0.0448001
10 0.184118 0.186062 0.0433062 0.11373 0.044709
10 0.900809 0.320418 0.127085 0.298974 0.0445869
7 0.497711 0.210955 0.0156813 0.0389345 0.0438765
11 0.0582441 0.144196 0.0526038 0.106843 0.0436876
6 0.0106034 0.0985961 0.0225464 0.0909205 0.0435142
2 0.0711595 0.0705519 0.0163736 0.0380588 0.0431283
6 0.0351516 0.953851 0.0708324 0.0935333 0.0430002
10 0.475422 0.088223 0.0287469 0.156052 0.0429993
10 0.4492 0.48655 0.0859783 0.198485 0.0425241
6 0.327552 0.251081 0.0778341 0.177369 0.0420508
2 0.222975 0.146692 0.0360929 0.0834073 0.0419923
6 0.171478 0.952037 0.328909 0.0976089 0.0419552
6 0.934496 0.259206 0.0509692 0.165609 0.0409142
10 0.987106 0.427575 0.0225911 0.4784 0.0406851
7 0.521762 0.965998 0.0645691 0.069548 0.0398993
7 0.814248 0.213719 0.0263669 0.0466154 0.0388679
2 0.780375 0.232443 0.025112 0.0895772 0.0386711
10 0.155114 0.164676 0.0347561 0.0714515 0.038437
10 0.989138 0.33887 0.0174778 0.64092 0.0383035
11 0.818039 0.396865 0.304848 0.551745 0.0380884
10 0.724473 0.204106 0.0388912 0.0610992 0.0378984
6 0.287338 0.235054 0.057948 0.127382 0.0366639
6 0.0127666 0.113255 0.0284799 0.0859962 0.0365187
11 0.274656 0.211942 0.062368 0.092403 0.0365151
10 0.271004 0.0810288 0.0178814 0.0366283 0.0364849
6 0.709934 0.368577 0.0967803 0.299637 0.0363568
10 0.0150192 0.442644 0.0238517 0.0818335 0.0359383
11 0.4206 0.205656 0.0422306 0.0776705 0.0357071
11 0.782235 0.303765 0.156401 0.347851 0.0353506
11 0.440003 0.249223 0.226172 0.206125 0.0352859
6 0.676898 0.304789 0.061503 0.176524 0.0348312
7 0.797067 0.17664 0.0278418 0.0685246 0.034778
6 0.912282 0.308456 0.104366 0.274216 0.0347673
6 0.189232 0.217019 0.0405585 0.0905908 0.033194
7 0.809314 0.232998 0.0427187 0.0792188 0.0330694
10 0.471433 0.48739 0.082059 0.288354 0.0328965
6 0.0582473 0.528271 0.071104 0.15733 0.0328641
10 0.932432 0.410443 0.0671308 0.478532 0.0328492
11 0.10501 0.0888333 0.068651 0.0783881 0.0325371
2 0.100586 0.0108145 0.0417576 0.0225727 0.0324988
6 0.482013 0.122686 0.0506289 0.101342 0.0324768
6 0.337661 0.212735 0.0423475 0.113479 0.0323551
2 0.876589 0.296528 0.0324492 0.104958 0.03226
7 0.803499 0.22752 0.0217086 0.0832907 0.0320748
10 0.935863 0.358598 0.0627644 0.38345 0.0311419
7 0.727523 0.615952 0.0523227 0.112186 0.0309847
7 0.652377 0.617891 0.0298314 0.0806313 0.0304628
10 0.214726 0.767446 0.300852 0.346449 0.0296971
11 0.794364 0.29604 0.146196 0.327878 0.029193
6 0.112445 0.486656 0.0413034 0.138278 0.0288041
11 0.134368 0.225542 0.0406257 0.0838283 0.0287696
2 0.0923432 0.230697 0.0278118 0.0925408 0.0286775
6 0.670024 0.319497 0.0608452 0.206596 0.0280282
2 0.318123 0.0779882 0.0185561 0.0377099 0.0279766
7 0.887067 0.316422 0.0273514 0.0631591 0.0276916
11 0.560527 0.285469 0.616459 0.397664 0.0275249
2 0.273714 0.35251 0.0262575 0.0828821 0.0274578
7 0.783552 0.197346 0.0190497 0.0351363 0.0264744
11 0.416376 0.395434 0.41209 0.502508 0.0263957
7 0.289034 0.784495 0.0398418 0.0918246 0.0262535
10 0.749445 0.710481 0.469268 0.580267 0.0259914
2 0.103284 0.231037 0.0387872 0.0857948 0.0258681
6 0.682316 0.417567 0.0805009 0.181736 0.0258353
11 0.226731 0.0943391 0.0386126 0.051557 0.0257221
6 0.687205 0.626885 0.302975 0.380725 0.0253187
6 0.599319 0.643563 0.160887 0.347257 0.0250983
11 0.759932 0.340539 0.229869 0.439712 0.0248716
11 0.470383 0.384504 0.557383 0.572458 0.0247566
10 0.742123 0.179371 0.0614087 0.0952058 0.0247263
10 0.800836 0.545077 0.35754 0.896966 0.0242587
10 0.165124 0.750306 0.320481 0.358258 0.023782
10 0.548333 0.158859 0.217441 0.309483 0.0237729
6 0.270122 0.274761 0.0709672 0.169122 0.0236007
11 0.5802 0.462288 0.722551 0.704129 0.0229271
11 0.295395 0.174732 0.0739641 0.0655716 0.0225549
10 0.73638 0.643118 0.421634 0.446555 0.0213509
10 0.659168 0.617622 0.11406 0.35866 0.0212049
11 0.807707 0.294737 0.127569 0.321323 0.0201798
6 0.151441 0.528419 0.0531948 0.225838 0.0200114
2 0.0834202 0.134329 0.0162174 0.0594201 0.0195898
11 0.320052 0.181072 0.0445753 0.0452143 0.01917
6 0.53226 0.623878 0.0645835 0.204672 0.0158093
11 0.152669 0.0877831 0.202536 0.0626585 0.015609
