5 0.734436 0.909442 0.128093 0.181672 0.836464
6 0.391867 0.596643 0.171206 0.593235 0.782808
5 0.678038 0.45263 0.104291 0.154405 0.767175
5 0.814777 0.896057 0.0818399 0.197712 0.712605
5 0.761753 0.899361 0.185372 0.198479 0.313892
2 0.306087 0.985545 0.0515978 0.0291075 0.0794005
2 0.614757 0.164137 0.0193508 0.0723059 0.075538
2 0.407337 0.986111 0.0474071 0.0279154 0.0730891
6 0.955934 0.986058 0.0832352 0.0275302 0.0710155
2 0.606447 0.155516 0.021524 0.0626945 0.0710013
10 0.75273 0.141249 0.0244816 0.0463111 0.0694245
2 0.430023 0.0413568 0.0271123 0.0684182 0.0646792
2 0.430224 0.0374504 0.0348189 0.0753114 0.0635357
5 0.757845 0.901871 0.210725 0.198043 0.062784
5 0.787229 0.897809 0.15188 0.20341 0.0621807
11 0.358231 0.983705 0.157376 0.033049 0.0609135
5 0.753761 0.90081 0.221972 0.199228 0.060438
11 0.278655 0.98462 0.435168 0.030294 0.0593339
5 0.729538 0.844442 0.0518456 0.0541878 0.0586351
11 0.346123 0.984471 0.528994 0.0304265 0.0573438
2 0.614494 0.170427 0.0172466 0.0631795 0.0562496
11 0.399864 0.986349 0.253976 0.0284453 0.05593
2 0.385648 0.987993 0.0853539 0.0244954 0.0543253
11 0.92797 0.984265 0.138556 0.0315225 0.0538446
2 0.327743 0.984761 0.0910646 0.0310583 0.0537819
10 0.696722 0.0129591 0.0447332 0.0268098 0.0537791
2 0.428008 0.0369496 0.0376126 0.073373 0.0531016
2 0.456228 0.988143 0.0324752 0.0232544 0.0529637
7 0.532878 0.714332 0.020736 0.0503491 0.0522619
11 0.353731 0.984692 0.161852 0.0315407 0.05117
2 0.586246 0.0968496 0.0206366 0.0396895 0.0501406
7 0.958136 0.989307 0.0793221 0.0214505 0.0495674
11 0.392594 0.259049 0.0539241 0.0674186 0.0484162
5 0.738994 0.140946 0.0266143 0.0453959 0.0472155
2 0.385638 0.986933 0.0820087 0.0264951 0.0462114
6 0.133064 0.981143 0.224131 0.0348778 0.0429737
6 0.286487 0.296088 0.17618 0.407206 0.0425781
6 0.17123 0.984724 0.259613 0.0271512 0.0421226
2 0.600155 0.151299 0.0177636 0.0648708 0.0418065
2 0.533391 0.053605 0.0155074 0.0280284 0.0403252
10 0.711085 0.0132206 0.0710741 0.0292964 0.0396361
6 0.894565 0.889865 0.054845 0.217669 0.0392122
6 0.125256 0.949848 0.231745 0.0965166 0.0390959
7 0.530848 0.71413 0.019978 0.0544532 0.0386313
7 0.704173 0.0127522 0.0506862 0.0262192 0.0380781
10 0.0598492 0.638385 0.113871 0.708243 0.0373623
6 0.411575 0.52918 0.133433 0.45655 0.0372394
2 0.618786 0.158123 0.0201448 0.0673934 0.037194
10 0.0629967 0.678407 0.121178 0.627692 0.0370226
5 0.765589 0.89576 0.205541 0.205834 0.0369352
5 0.66067 0.472895 0.122868 0.199805 0.036642
2 0.436474 0.0530539 0.027704 0.108876 0.0364239
6 0.417932 0.538239 0.135324 0.474863 0.0363359
6 0.379919 0.377418 0.0623454 0.126171 0.0359409
2 0.435029 0.0318213 0.0322568 0.0657395 0.0357241
10 0.0610759 0.762654 0.117561 0.462054 0.0356573
11 0.340152 0.990339 0.20323 0.0211571 0.0355481
11 0.291178 0.967735 0.530013 0.0636528 0.0354786
5 0.745872 0.850574 0.0811821 0.0693503 0.0350996
10 0.0683994 0.559677 0.131995 0.862124 0.0349835
2 0.59259 0.0270333 0.0472549 0.0548742 0.0348012
6 0.351928 0.610577 0.270478 0.627048 0.0344636
2 0.385001 0.976969 0.075926 0.0461473 0.0339817
10 0.0521612 0.809786 0.101146 0.368887 0.0338634
6 0.0216511 0.812828 0.0410953 0.356705 0.0334211
2 0.358105 0.992372 0.0526201 0.0160957 0.0327983
6 0.530408 0.988167 0.19222 0.0244617 0.0327206
11 0.354414 0.96954 0.661021 0.0587544 0.0326855
5 0.652715 0.450941 0.0832263 0.1442 0.0323698
10 0.0190719 0.774306 0.0352501 0.427521 0.0323527
5 0.746032 0.989265 0.107779 0.0222532 0.0323471
7 0.353355 0.282949 0.0226477 0.0312409 0.0312988
7 0.530222 0.713769 0.0211159 0.0566526 0.0311757
7 0.936453 0.990405 0.120986 0.0196674 0.0308892
6 0.486495 0.987372 0.222724 0.0264765 0.0308519
2 0.413073 0.0355856 0.0304898 0.0712261 0.030204
2 0.336001 0.981981 0.102647 0.0371846 0.0298393
11 0.665485 0.985815 0.634678 0.0288854 0.029822
5 0.76283 0.907241 0.0923312 0.185186 0.0294506
7 0.395495 0.257336 0.0531201 0.0659493 0.0293081
7 0.474539 0.988814 0.0492275 0.0224451 0.0290603
11 0.651668 0.989949 0.408653 0.0207535 0.0287741
6 0.879789 0.939973 0.0428902 0.12222 0.0287296
6 0.0692065 0.978486 0.121186 0.0406898 0.0284262
2 0.437034 0.986435 0.0410597 0.0271579 0.0284064
6 0.541072 0.733836 0.0321177 0.0970378 0.0281735
2 0.416794 0.0490404 0.0235271 0.0482867 0.0281477
2 0.586909 0.152461 0.0174923 0.0582554 0.0280412
2 0.368511 0.978145 0.0691889 0.043662 0.0279412
6 0.875552 0.895389 0.0753534 0.208752 0.0275599
11 0.593513 0.989962 0.318359 0.0200537 0.0271981
2 0.577459 0.017297 0.0388792 0.0355177 0.0270165
11 0.470194 0.96314 0.834135 0.0699943 0.0269857
2 0.418797 0.0560114 0.0303623 0.108472 0.0269777
5 0.830102 0.827477 0.0538502 0.102766 0.0269633
2 0.349797 0.993063 0.0919111 0.0148287 0.0266383
10 0.0565163 0.0329534 0.0383528 0.0656536 0.0262314
2 0.338446 0.992017 0.107693 0.0169869 0.0259897
2 0.891538 0.968534 0.0449549 0.0625834 0.025127
10 0.0441751 0.892914 0.0855737 0.210483 0.0250552
11 0.629649 0.993768 0.15388 0.0118205 0.0250167
10 0.755599 0.140609 0.0330738 0.0479756 0.0249624
6 0.405973 0.466476 0.132551 0.34117 0.0249194
5 0.722935 0.987582 0.0854646 0.0245806 0.0248544
6 0.535134 0.733621 0.037136 0.104324 0.0248532
10 0.11566 0.901878 0.217941 0.193132 0.0246986
5 0.827686 0.861194 0.0647204 0.163685 0.0246427
10 0.00964018 0.733618 0.0161849 0.501241 0.0245679
2 0.685381 0.963554 0.0395909 0.0714741 0.0242376
5 0.700439 0.442638 0.0876569 0.141623 0.02417
6 0.483261 0.992626 0.16358 0.016476 0.0241576
10 0.717238 0.0123592 0.0823563 0.0277155 0.0241561
7 0.571867 0.290041 0.0195312 0.0387641 0.0241145
11 0.425304 0.0569597 0.052959 0.117386 0.0240977
2 0.755622 0.338244 0.0243546 0.0899711 0.0237856
2 0.624266 0.161779 0.0190652 0.0754573 0.0237005
5 0.323339 0.766728 0.0517253 0.0846152 0.0236793
2 0.59801 0.715432 0.0368791 0.103597 0.0236763
6 0.925097 0.931823 0.1276 0.138952 0.0236499
7 0.680917 0.942891 0.0174419 0.0223454 0.0235701
6 0.141569 0.992739 0.206677 0.0124117 0.0234597
10 0.0482582 0.939037 0.0890818 0.118936 0.0234001
2 0.399561 0.0398981 0.0232819 0.0662543 0.0232041
5 0.832766 0.859177 0.0570854 0.162746 0.0231078
5 0.739901 0.964673 0.128138 0.0705612 0.0230491
10 0.731207 0.0109771 0.0516939 0.0233786 0.0230004
5 0.796457 0.897906 0.127835 0.203263 0.0229305
5 0.705867 0.448703 0.0993186 0.145701 0.0228843
5 0.351766 0.775964 0.0637396 0.117749 0.0227494
11 0.619125 0.993794 0.169302 0.0124849 0.0227356
7 0.43958 0.083164 0.0274679 0.0522349 0.0227124
10 0.0552297 0.0329215 0.028846 0.0649743 0.0226232
2 0.444493 0.0574048 0.0309183 0.100337 0.0225319
11 0.165066 0.992568 0.206054 0.0121991 0.0223643
2 0.60561 0.0132097 0.0418871 0.0265171 0.0222563
6 0.348273 0.618017 0.218542 0.636856 0.0221192
11 0.345701 0.529413 0.29027 0.869926 0.0220915
6 0.363748 0.385783 0.0616117 0.125306 0.0215898
2 0.755569 0.289919 0.0253541 0.178964 0.0214937
6 0.152971 0.992686 0.190072 0.0120117 0.0214488
6 0.389519 0.542196 0.162294 0.485588 0.02133
5 0.71118 0.912924 0.112526 0.175677 0.0211586
10 0.012675 0.673228 0.0227885 0.622539 0.0211055
10 0.0151862 0.887952 0.0269533 0.214552 0.0208616
11 0.639725 0.992618 0.13042 0.0137932 0.0208314
7 0.659301 0.703629 0.0268189 0.0469162 0.0206731
11 0.609486 0.994668 0.302317 0.0110594 0.0206654
2 0.574691 0.10516 0.0284798 0.0612172 0.0206087
6 0.37619 0.646474 0.231196 0.702271 0.0205897
5 0.656169 0.450923 0.0839909 0.140621 0.020538
6 0.394912 0.531022 0.154162 0.462287 0.0201186
10 0.994103 0.925433 0.00995541 0.148852 0.0200701
6 0.293706 0.436196 0.207434 0.686865 0.0200629
10 0.159256 0.00885186 0.0448383 0.0183004 0.0200094
7 0.680099 0.943235 0.022236 0.0247743 0.0199388
11 0.355635 0.704584 0.21549 0.384483 0.0198726
10 0.226703 0.414691 0.0536583 0.192075 0.0198096
5 0.715779 0.851619 0.0757671 0.0701939 0.0197431
2 0.457601 0.043035 0.0286866 0.0875488 0.0197401
6 0.288814 0.285781 0.173761 0.387322 0.019639
5 0.245666 0.479732 0.0345719 0.0446288 0.0195945
6 0.351761 0.647035 0.261994 0.698288 0.0195649
10 0.30156 0.539539 0.36846 0.910023 0.0195238
2 0.756995 0.301131 0.0237725 0.162265 0.019514
6 0.345842 0.634604 0.243694 0.672912 0.0195022
6 0.295071 0.30468 0.202676 0.421571 0.0193632
5 0.717818 0.447668 0.0460408 0.141344 0.0193379
2 0.54502 0.0511303 0.0168834 0.031395 0.0193233
7 0.367394 0.278937 0.0206268 0.0363199 0.0193162
6 0.384503 0.622079 0.184798 0.643862 0.0193143
2 0.557533 0.820023 0.0187292 0.0364761 0.0193028
6 0.206312 0.993472 0.15415 0.0110263 0.0192229
5 0.766256 0.900013 0.228437 0.202896 0.01915
10 0.673319 0.0117661 0.0246552 0.0250518 0.0191109
5 0.84492 0.866249 0.044376 0.172473 0.0189573
6 0.509124 0.992908 0.0813142 0.0147249 0.0188521
11 0.594755 0.993026 0.246148 0.0140086 0.0188394
6 0.375491 0.646219 0.20499 0.68079 0.0188159
2 0.761439 0.33322 0.0223858 0.0960292 0.0187816
11 0.541218 0.911361 0.67466 0.179759 0.0187327
5 0.7591 0.940546 0.224131 0.120423 0.0186854
6 0.387719 0.519634 0.125335 0.423976 0.0185995
5 0.760602 0.990435 0.0995768 0.0203999 0.0185624
2 0.273351 0.987965 0.0549116 0.0234158 0.0185378
5 0.307338 0.767268 0.0710724 0.0836162 0.0185157
10 0.771259 0.139869 0.0251984 0.0454425 0.0183601
2 0.261191 0.268996 0.0198485 0.0415934 0.018249
2 0.563051 0.024493 0.0304439 0.0480017 0.0181338
5 0.725625 0.417947 0.030582 0.0791622 0.0181011
5 0.844056 0.863932 0.0423897 0.166858 0.0178734
6 0.278614 0.23877 0.162486 0.291769 0.0178544
6 0.347816 0.386082 0.0622627 0.13608 0.0177531
2 0.578961 0.155716 0.0202499 0.0680672 0.0176979
7 0.421151 0.0857451 0.0295193 0.0508761 0.0175753
2 0.381975 0.0476806 0.0191513 0.054782 0.0175461
6 0.275688 0.205776 0.153524 0.221116 0.0174207
11 0.338512 0.608042 0.258657 0.628749 0.0172635
11 0.716513 0.148815 0.0525167 0.0353438 0.0172366
11 0.514619 0.0957679 0.196134 0.190523 0.017065
5 0.692685 0.417205 0.0993944 0.0844353 0.0168683
10 0.7135 0.903659 0.0972211 0.191159 0.0167437
7 0.669472 0.703316 0.0229992 0.0434216 0.016709
5 0.25199 0.4771 0.0345053 0.0418798 0.0165661
2 0.595069 0.132554 0.0295382 0.125919 0.0165447
11 0.510166 0.084375 0.20428 0.169035 0.0165353
5 0.729673 0.416501 0.033168 0.0758625 0.0161548
5 0.715776 0.44246 0.0859684 0.139449 0.016135
6 0.189905 0.993096 0.134332 0.0113468 0.016119
6 0.372985 0.40621 0.0903629 0.211267 0.016118
11 0.337078 0.612554 0.263054 0.63037 0.0160585
7 0.585863 0.292212 0.0196032 0.0417479 0.0160305
10 0.846426 0.88723 0.0516682 0.216497 0.0159955
6 0.359375 0.263716 0.0497011 0.0698441 0.0159489
6 0.971512 0.992537 0.0571903 0.0148437 0.0156138
2 0.376436 0.0534418 0.0273413 0.1066 0.0155687
7 0.44976 0.0823219 0.0264688 0.0474876 0.0154232
5 0.638635 0.472169 0.0716223 0.189168 0.0154209
5 0.690434 0.886929 0.0475373 0.0763176 0.0153452
6 0.380928 0.508231 0.112176 0.39207 0.0151714
2 0.474545 0.037803 0.0267994 0.0736452 0.0151513
5 0.790971 0.899123 0.160299 0.204083 0.0151486
5 0.773402 0.935454 0.202293 0.130943 0.0150452
11 0.34337 0.58506 0.154288 0.565579 0.0150255
6 0.722245 0.147715 0.0322865 0.0559259 0.0149829
5 0.724846 0.443883 0.04318 0.13835 0.0148229
11 0.683882 0.918556 0.252593 0.165521 0.0147669
6 0.987749 0.992449 0.0214178 0.0161152 0.0147282
10 0.247397 0.524836 0.266511 0.871091 0.0147249
11 0.287508 0.608326 0.387925 0.641335 0.0146988
4 0.0212668 0.961401 0.0341867 0.0726958 0.0144914
11 0.482432 0.052895 0.13804 0.107664 0.0142884
5 0.773 0.911383 0.0958045 0.180239 0.0142512
5 0.697514 0.449786 0.0944323 0.142309 0.0141995
10 0.0126952 0.920009 0.0216587 0.153831 0.014185
11 0.363661 0.635884 0.126154 0.251906 0.0141496
7 0.63324 0.684591 0.039814 0.100362 0.0140674
6 0.0739251 0.994132 0.100552 0.0111711 0.0140254
4 0.0174812 0.957038 0.0277514 0.0819391 0.0140023
11 0.49347 0.250224 0.36065 0.492876 0.0139459
6 0.0441019 0.991969 0.075294 0.0148588 0.0139005
5 0.310112 0.751193 0.0697445 0.103618 0.0138749
11 0.478643 0.0346109 0.131873 0.0691125 0.0138631
11 0.810498 0.976875 0.231001 0.0450441 0.0137353
7 0.461463 0.0286644 0.0316363 0.0576847 0.0137037
2 0.509426 0.0542836 0.0188864 0.0346102 0.0136725
7 0.674058 0.938979 0.0299996 0.0728918 0.0136697
2 0.32727 0.263425 0.0186515 0.0306417 0.0136289
11 0.341691 0.572792 0.25532 0.582485 0.0135647
2 0.606175 0.102565 0.0214847 0.0604705 0.0134859
5 0.723714 0.44251 0.0658077 0.139429 0.0133059
5 0.704343 0.851882 0.0909863 0.067136 0.0132054
2 0.602774 0.110345 0.0209129 0.0694217 0.0131123
5 0.706033 0.438903 0.0899694 0.120016 0.0131082
7 0.417662 0.254979 0.029257 0.0620005 0.0128656
5 0.641199 0.46099 0.092954 0.152447 0.0128474
10 0.20597 0.419193 0.0438606 0.185991 0.0128421
11 0.376322 0.261759 0.0568089 0.0706687 0.0127385
5 0.698097 0.453575 0.107462 0.152891 0.0127101
6 0.0650198 0.993786 0.0933352 0.0117462 0.012671
5 0.700137 0.872989 0.157905 0.117828 0.0126291
10 0.22813 0.310528 0.231075 0.432435 0.0126109
5 0.803183 0.841998 0.0518011 0.0906601 0.012604
11 0.402467 0.277941 0.466378 0.43173 0.0124927
5 0.703706 0.451466 0.102259 0.150789 0.0124705
11 0.323488 0.749105 0.181437 0.327165 0.0124632
6 0.680528 0.907659 0.0466825 0.134348 0.0124092
6 0.466571 0.71592 0.0238095 0.0636448 0.012097
10 0.33505 0.27547 0.0212191 0.0373142 0.0120709
2 0.557307 0.0494666 0.015331 0.0277188 0.0120462
10 0.32932 0.255054 0.0552412 0.0766533 0.0120397
7 0.562081 0.698746 0.0226727 0.0340162 0.0120224
2 0.569823 0.168946 0.0203511 0.0851952 0.011919
2 0.616988 0.112458 0.0165858 0.0637469 0.0118806
5 0.733195 0.44493 0.0435273 0.137497 0.0117346
11 0.402711 0.0951533 0.0301999 0.0413636 0.0115923
6 0.286913 0.211691 0.166245 0.235993 0.0115384
5 0.707476 0.450358 0.0889526 0.153996 0.0115359
5 0.723717 0.44648 0.0788867 0.148011 0.0112618
7 0.645747 0.799627 0.013886 0.0259443 0.0112481
11 0.336812 0.569231 0.118513 0.422604 0.0110132
10 0.939912 0.112175 0.0282755 0.108964 0.0110118
5 0.650575 0.476409 0.150785 0.211442 0.0109648
10 0.85017 0.88857 0.0759571 0.218577 0.0109317
6 0.470518 0.654294 0.401024 0.697793 0.0107558
2 0.641604 0.156135 0.0163782 0.0671414 0.0106628
5 0.702357 0.41431 0.081554 0.0758379 0.0106336
6 0.670974 0.381437 0.171951 0.378174 0.0103477
6 0.374613 0.501356 0.100741 0.244711 0.0101079
7 0.426165 0.239345 0.0198982 0.0307889 0.0100283
5 0.671935 0.901176 0.063055 0.136574 0.00977011
5 0.707679 0.463849 0.191419 0.227871 0.00972776
11 0.470039 0.679452 0.0585617 0.156576 0.00955538
5 0.734959 0.465578 0.253673 0.272934 0.0092447
5 0.85017 0.829578 0.0245602 0.101893 0.00905502
5 0.854176 0.860182 0.0254152 0.158769 0.00894972
2 0.554562 0.124225 0.0436218 0.12251 0.00876927
5 0.71609 0.477202 0.0743899 0.177425 0.00854355
2 0.642197 0.144264 0.0143462 0.055586 0.00848691
2 0.639229 0.137659 0.0134731 0.0545806 0.00749829
10 0.618446 0.048199 0.378633 0.0939768 0.00748045
