1 0.223047 0.617154 0.447641 0.748719 0.727311
1 0.0654911 0.150286 0.130115 0.213386 0.661251
1 0.331297 0.068271 0.140774 0.1388 0.651134
1 0.445903 0.113944 0.196339 0.231512 0.475961
1 0.182323 0.11747 0.35836 0.234616 0.294845
1 0.680488 0.233611 0.644833 0.476316 0.292504
1 0.11692 0.0265106 0.128786 0.0537812 0.24397
1 0.452178 0.122453 0.219954 0.247404 0.220395
1 0.0852462 0.580241 0.169398 0.833806 0.217402
1 0.275091 0.0712242 0.22499 0.146309 0.203888
1 0.426214 0.0895812 0.150741 0.179751 0.196298
1 0.910865 0.248848 0.182121 0.494638 0.186105
1 0.910511 0.25916 0.181995 0.517372 0.170385
1 0.153043 0.0307593 0.17322 0.0617307 0.159187
1 0.272589 0.0704853 0.26246 0.1425 0.151939
1 0.219947 0.527836 0.437578 0.946875 0.143505
1 0.0888389 0.586066 0.178096 0.823753 0.141655
1 0.224554 0.570667 0.448193 0.855386 0.141486
1 0.467252 0.0990223 0.149936 0.198615 0.139728
1 0.0870927 0.511092 0.171449 0.962093 0.136797
1 0.53489 0.0228194 0.128193 0.0465683 0.136672
1 0.548977 0.124512 0.205131 0.250856 0.136068
1 0.064756 0.0170954 0.121678 0.0345181 0.134942
1 0.349953 0.0881628 0.383767 0.178399 0.131813
10 0.20947 0.0239014 0.0586235 0.0482711 0.129751
1 0.566806 0.0261325 0.194536 0.0532802 0.127235
1 0.166521 0.0879521 0.329594 0.174973 0.121697
1 0.10347 0.0170208 0.05538 0.033603 0.119864
1 0.127956 0.0173121 0.216783 0.036996 0.119323
10 0.200637 0.030343 0.0866525 0.0615712 0.117557
1 0.0643984 0.127857 0.128311 0.251312 0.116509
1 0.89658 0.247228 0.210951 0.498347 0.114823
1 0.0183061 0.357777 0.0372082 0.320608 0.114114
1 0.107481 0.122393 0.211234 0.244105 0.112817
1 0.425952 0.0237444 0.153501 0.0484749 0.112399
1 0.0894987 0.50496 0.176478 0.977003 0.110946
1 0.0777197 0.0137523 0.0924545 0.0277454 0.109564
1 0.177838 0.0311216 0.114388 0.0629431 0.109113
1 0.406361 0.0178047 0.124212 0.0355095 0.109053
1 0.528862 0.130177 0.368699 0.262945 0.106613
1 0.275144 0.103263 0.251609 0.210036 0.103836
1 0.0648481 0.0994814 0.129622 0.197813 0.10305
1 0.521958 0.11183 0.349049 0.226227 0.0999248
1 0.0666047 0.0129846 0.126047 0.0278755 0.0998079
1 0.0191673 0.382508 0.0390925 0.346186 0.0988162
1 0.103689 0.0547947 0.198452 0.110759 0.0979542
1 0.0739151 0.550062 0.149537 0.882868 0.0974471
10 0.203238 0.0334107 0.0717684 0.067412 0.0973951
1 0.668777 0.238751 0.646783 0.481688 0.0970954
1 0.320867 0.0308642 0.119688 0.0617512 0.0961459
1 0.059706 0.492538 0.121263 0.63497 0.0957748
1 0.136424 0.0181038 0.0837846 0.0366143 0.0930984
1 0.230019 0.516636 0.451694 0.952085 0.092139
10 0.147237 0.0185189 0.0678242 0.0369061 0.0914537
1 0.603576 0.206616 0.513357 0.422199 0.0908024
1 0.429642 0.0186062 0.103429 0.0370901 0.0892126
1 0.92188 0.220462 0.163451 0.440575 0.0885129
1 0.376536 0.0670725 0.108673 0.135191 0.0876657
1 0.0852183 0.679323 0.169599 0.641952 0.0860207
1 0.219982 0.542275 0.437733 0.906225 0.0836815
1 0.0177247 0.334034 0.0354211 0.50198 0.0832815
1 0.386828 0.0168095 0.1432 0.0339142 0.0831626
1 0.667798 0.334925 0.666572 0.677591 0.0826589
1 0.482371 0.025099 0.281983 0.0504917 0.0825621
1 0.0484582 0.477923 0.0985467 0.829668 0.0811048
1 0.0549862 0.579311 0.112012 0.828246 0.0810627
1 0.541312 0.166397 0.421629 0.341924 0.0793566
1 0.0878093 0.80642 0.175751 0.386532 0.0788093
1 0.227527 0.527317 0.42182 0.682628 0.0784084
1 0.175178 0.0304138 0.112042 0.0610946 0.0781513
1 0.0242781 0.425851 0.0502341 0.455695 0.0766171
1 0.0885038 0.759444 0.176067 0.480403 0.0761391
1 0.258054 0.0353553 0.190165 0.0715477 0.0760753
1 0.0909912 0.583701 0.185431 0.833164 0.0752242
1 0.0114621 0.325918 0.0226231 0.172651 0.0749141
10 0.158262 0.0212682 0.0446161 0.0422871 0.0747877
1 0.534237 0.0141129 0.0967558 0.0287185 0.0747011
1 0.567585 0.148312 0.282282 0.300394 0.0743134
1 0.278359 0.150093 0.543557 0.298853 0.0738749
1 0.980985 0.274039 0.0392626 0.353631 0.0738151
1 0.725365 0.0701146 0.294361 0.143018 0.0731056
1 0.614625 0.0273454 0.151609 0.0555128 0.0722072
1 0.0119444 0.371126 0.0236084 0.225677 0.0721629
1 0.728853 0.2071 0.533323 0.417609 0.0719202
1 0.642007 0.183271 0.348416 0.368748 0.071496
1 0.45788 0.0919854 0.607676 0.187414 0.071381
1 0.0579648 0.00941357 0.0845191 0.0191455 0.0711362
1 0.90722 0.214719 0.189796 0.428238 0.0708372
1 0.667012 0.348283 0.666339 0.701715 0.0701712
1 0.0331059 0.550278 0.0670663 0.858448 0.0690065
1 0.663499 0.291477 0.671673 0.58569 0.0687055
1 0.746766 0.216962 0.511128 0.435838 0.0686648
1 0.514855 0.0139437 0.0997966 0.0282906 0.0681664
1 0.379728 0.0149388 0.241536 0.0303819 0.0679151
1 0.325334 0.0147342 0.0927435 0.0293319 0.0677028
1 0.0706787 0.240171 0.138609 0.467142 0.0669926
1 0.371641 0.0435519 0.156574 0.0868755 0.0669682
1 0.372862 0.069476 0.0706637 0.141806 0.0669516
1 0.381336 0.0154682 0.0878759 0.0305927 0.0666254
1 0.859144 0.233254 0.297673 0.471749 0.0664096
1 0.673781 0.492548 0.670095 0.990607 0.0659367
1 0.600162 0.210207 0.553872 0.428923 0.0653511
1 0.799018 0.241747 0.400171 0.484801 0.0652756
1 0.461682 0.0166976 0.167105 0.0336513 0.064619
1 0.0881046 0.85781 0.176369 0.28718 0.0642735
1 0.048896 0.501354 0.09835 0.968863 0.0642691
1 0.0214857 0.311831 0.0422785 0.585507 0.0628801
1 0.488681 0.0160473 0.15573 0.0323809 0.0624524
1 0.251741 0.688534 0.493536 0.626569 0.0622282
1 0.450498 0.0255404 0.136304 0.050611 0.0620878
1 0.564421 0.0591862 0.187736 0.120096 0.0618255
10 0.154579 0.0282612 0.053562 0.0564821 0.061107
10 0.18747 0.0180377 0.0866871 0.036938 0.0599069
1 0.0100609 0.373721 0.0200024 0.273984 0.0595252
1 0.106687 0.0331805 0.165065 0.0672341 0.0588701
1 0.889906 0.289529 0.221382 0.485182 0.0587543
1 0.125467 0.588068 0.24435 0.814722 0.0582873
1 0.112745 0.786307 0.222633 0.426084 0.0582653
1 0.252783 0.841184 0.499626 0.317269 0.0574837
1 0.0613778 0.471611 0.125101 0.907249 0.0573804
1 0.110915 0.740116 0.217979 0.518302 0.0567862
1 0.102805 0.552925 0.202134 0.879198 0.0566705
1 0.221861 0.509101 0.410852 0.462499 0.0564034
10 0.491583 0.0143607 0.0970345 0.0290897 0.0561075
1 0.124803 0.0294454 0.173808 0.0597563 0.0558029
1 0.0755447 0.631463 0.155709 0.740701 0.0549114
1 0.492963 0.160205 0.958528 0.33029 0.0548177
1 0.248781 0.0705398 0.137753 0.143412 0.054377
1 0.231763 0.671202 0.466564 0.663721 0.0541369
1 0.0243439 0.121563 0.0493865 0.233444 0.0537982
1 0.205237 0.623935 0.413241 0.753143 0.0536547
1 0.66523 0.0741474 0.627443 0.150506 0.0533178
1 0.923965 0.308415 0.154302 0.418485 0.0527082
1 0.76383 0.0669606 0.174912 0.136516 0.0526735
1 0.642939 0.0619639 0.453095 0.126464 0.0524268
1 0.279186 0.0150331 0.146661 0.0300115 0.0524048
1 0.112197 0.856648 0.221195 0.2893 0.0522851
1 0.627905 0.112877 0.337464 0.226325 0.0521702
10 0.181793 0.018672 0.121106 0.0383881 0.0521479
1 0.686198 0.493533 0.634722 0.987054 0.0520633
1 0.246763 0.857563 0.489088 0.284796 0.0518442
1 0.981799 0.322818 0.037018 0.342899 0.0517598
10 0.233132 0.0186279 0.0590035 0.0371618 0.0516784
1 0.363805 0.08618 0.0685322 0.10136 0.0516645
1 0.117028 0.682576 0.228901 0.633407 0.0510577
1 0.376474 0.0657482 0.089724 0.132296 0.0507223
1 0.236412 0.779652 0.470414 0.439759 0.0507036
1 0.251691 0.886976 0.50093 0.224365 0.0499686
1 0.389271 0.645596 0.768609 0.711036 0.0496941
1 0.254691 0.654465 0.499905 0.696271 0.0496066
1 0.592434 0.014626 0.125623 0.029945 0.0492229
1 0.139721 0.632429 0.272888 0.729907 0.0491474
1 0.449772 0.0180742 0.0860198 0.036358 0.0487699
1 0.763416 0.226175 0.486839 0.45495 0.0478413
10 0.179916 0.019022 0.0866805 0.0384858 0.0477752
10 0.480642 0.0146881 0.0996819 0.029802 0.0477481
1 0.568295 0.0140285 0.100616 0.0287776 0.0473926
1 0.674016 0.326678 0.645231 0.652943 0.0470059
1 0.383684 0.654429 0.753632 0.693392 0.0468825
1 0.228733 0.505035 0.457465 0.975602 0.0466272
1 0.666993 0.029285 0.289454 0.0596285 0.0464902
1 0.259537 0.642578 0.379041 0.603673 0.0464512
1 0.436625 0.158415 0.38895 0.322273 0.0463972
10 0.267816 0.0119851 0.0841168 0.0247272 0.0463605
10 0.480216 0.0138331 0.0680059 0.0282318 0.0459191
1 0.524497 0.195262 0.397132 0.397278 0.0457787
1 0.98998 0.21637 0.020442 0.166286 0.0457413
1 0.608863 0.150646 0.669091 0.310359 0.0453756
10 0.223991 0.0312619 0.0710362 0.0628239 0.0453628
1 0.906569 0.500213 0.189317 0.987634 0.045345
1 0.203401 0.112434 0.39783 0.222046 0.0452019
1 0.0601824 0.171753 0.12733 0.194164 0.0451475
1 0.13964 0.598528 0.272829 0.793527 0.0449785
1 0.0901059 0.538588 0.178058 0.906742 0.0447638
1 0.0299897 0.569844 0.0617122 0.831691 0.0447192
1 0.271961 0.0155294 0.17607 0.0311584 0.0442665
1 0.388727 0.0702821 0.0966633 0.141565 0.0442055
1 0.502176 0.206242 0.955608 0.42284 0.0442017
1 0.121354 0.18019 0.240539 0.350514 0.0440894
1 0.361941 0.0139311 0.079648 0.0273114 0.0439871
1 0.337052 0.0848598 0.147111 0.170287 0.0436113
1 0.290574 0.122208 0.253338 0.248315 0.0435856
1 0.353467 0.0697039 0.0842381 0.137397 0.0434875
1 0.987305 0.238036 0.025979 0.100253 0.0434182
1 0.991619 0.193857 0.018058 0.189605 0.0429346
1 0.985843 0.286779 0.0291983 0.286001 0.0427747
10 0.258001 0.0125198 0.0814356 0.0261778 0.0427174
1 0.888733 0.206714 0.231964 0.424321 0.0426816
1 0.990627 0.201287 0.0205208 0.388923 0.0426166
1 0.284737 0.671 0.5475 0.661616 0.0425849
1 0.340771 0.0879282 0.0999651 0.107443 0.0425508
1 0.62798 0.0182927 0.114245 0.0370115 0.042489
1 0.245365 0.896837 0.488727 0.206704 0.0424046
1 0.987158 0.288271 0.0267933 0.318782 0.04209
1 0.0167826 0.0833915 0.034663 0.162772 0.0420771
10 0.468003 0.0164044 0.0976207 0.0332307 0.0417975
1 0.163238 0.53879 0.333614 0.915928 0.0415545
1 0.0108846 0.033462 0.0215457 0.0670465 0.0411293
10 0.262033 0.0130486 0.0811201 0.0265116 0.0408234
1 0.623833 0.353708 0.743869 0.704915 0.0407075
1 0.227738 0.654906 0.445391 0.689906 0.0405503
1 0.654594 0.497001 0.696695 0.989257 0.0397873
1 0.653644 0.361566 0.677601 0.722196 0.0396945
1 0.658323 0.300974 0.673275 0.603008 0.039586
1 0.60418 0.0209676 0.0915665 0.0425531 0.0395002
10 0.255142 0.0165829 0.10151 0.033143 0.039129
10 0.776599 0.232548 0.0475364 0.105719 0.0388503
1 0.928583 0.149478 0.15077 0.303626 0.0381588
1 0.69282 0.110855 0.4135 0.22517 0.0379838
1 0.237203 0.658329 0.466009 0.687371 0.0379635
1 0.34101 0.0829108 0.143733 0.166186 0.0379528
1 0.668624 0.210617 0.619779 0.428467 0.0377506
1 0.0106355 0.41355 0.0211603 0.295036 0.0377014
1 0.392483 0.669471 0.770544 0.664681 0.0376702
1 0.914321 0.0857909 0.17277 0.17297 0.0376334
10 0.720684 0.0152877 0.0561967 0.0304025 0.0375525
1 0.779968 0.0300837 0.131544 0.0615177 0.0370481
10 0.776654 0.23809 0.0585659 0.118121 0.0369118
1 0.678228 0.290214 0.638364 0.590264 0.0368768
1 0.974998 0.502149 0.0532131 0.96304 0.0368633
1 0.273189 0.869342 0.481594 0.260491 0.0363333
1 0.0324195 0.149469 0.0665318 0.182821 0.0358159
1 0.88275 0.343783 0.233974 0.482284 0.0354638
1 0.149282 0.461734 0.290057 0.304368 0.0352049
1 0.0113793 0.0573025 0.0231431 0.117018 0.0351839
1 0.977625 0.487599 0.0476292 0.937468 0.0344013
1 0.0256943 0.561912 0.0532245 0.84599 0.0341701
1 0.904676 0.373646 0.194478 0.672442 0.0340136
1 0.372079 0.0686016 0.0901574 0.140504 0.033699
1 0.113651 0.898966 0.223334 0.206485 0.0335248
1 0.309566 0.655906 0.590811 0.688031 0.0334926
1 0.79128 0.116414 0.411256 0.237972 0.0334402
1 0.296433 0.653625 0.550952 0.690207 0.0333981
1 0.351652 0.0714298 0.104452 0.140318 0.033386
1 0.587615 0.227059 0.543572 0.465062 0.0329067
1 0.345914 0.0135819 0.0838681 0.0272933 0.0328122
1 0.468021 0.0892089 0.100937 0.17958 0.0326238
1 0.273837 0.502707 0.534567 0.977333 0.0323891
1 0.978579 0.506542 0.045322 0.950442 0.0319271
1 0.194442 0.735156 0.387539 0.531306 0.0314894
1 0.854647 0.159096 0.302998 0.329303 0.0314508
10 0.910872 0.316976 0.0208715 0.0546939 0.0313839
1 0.652384 0.500234 0.695086 0.988946 0.0313799
1 0.962453 0.392178 0.0781397 0.683223 0.0313159
1 0.0582457 0.166974 0.123721 0.174196 0.031238
10 0.760703 0.234928 0.0499081 0.117553 0.0311609
1 0.0102074 0.145878 0.0206565 0.283826 0.0310345
1 0.310893 0.654849 0.57059 0.680211 0.0307384
1 0.195165 0.168196 0.389975 0.332191 0.0303788
1 0.00937303 0.129429 0.0186618 0.253545 0.0300625
1 0.197081 0.826754 0.39498 0.348954 0.0300174
1 0.496905 0.683673 0.970713 0.63896 0.0299887
1 0.0820679 0.907174 0.164738 0.192263 0.0299836
1 0.929492 0.497866 0.147823 0.978025 0.029678
1 0.953404 0.499744 0.101574 0.972759 0.0296313
1 0.475423 0.0875245 0.107487 0.176778 0.0292266
1 0.164636 0.874762 0.326831 0.251064 0.0281778
1 0.898677 0.139103 0.174143 0.282004 0.0279709
1 0.499664 0.782618 0.973991 0.43819 0.027391
1 0.118524 0.498278 0.239952 0.945274 0.0273547
1 0.325343 0.481656 0.613694 0.942099 0.0269172
1 0.857863 0.487035 0.292802 0.958718 0.0267579
1 0.989474 0.420408 0.0213762 0.250701 0.0266993
1 0.951413 0.678416 0.101885 0.631637 0.02658
1 0.356948 0.0923464 0.139192 0.185566 0.0263125
1 0.821751 0.324632 0.376895 0.646444 0.026205
10 0.655873 0.0203613 0.0883589 0.0414812 0.0261657
1 0.0849174 0.151257 0.160625 0.218758 0.0260941
10 0.906289 0.316486 0.0222271 0.0637631 0.0257276
1 0.314138 0.675787 0.385394 0.649131 0.0256647
1 0.119235 0.964224 0.234499 0.0729899 0.0250802
1 0.172791 0.912183 0.341047 0.177717 0.0248363
1 0.362187 0.865539 0.70307 0.269006 0.0247906
1 0.987311 0.388411 0.0259193 0.139601 0.0246162
1 0.257625 0.535389 0.46208 0.917169 0.0245878
1 0.780942 0.0173716 0.0898401 0.0352948 0.0243074
1 0.785174 0.329005 0.141787 0.179711 0.0241146
1 0.955304 0.602224 0.0935783 0.782738 0.0240358
1 0.333081 0.606094 0.222073 0.506593 0.0237763
1 0.67953 0.493281 0.627469 0.985352 0.023503
1 0.983006 0.138785 0.0360476 0.228173 0.0231816
1 0.830911 0.349447 0.0610176 0.0975545 0.0228481
10 0.876244 0.303052 0.0243227 0.0621603 0.0228318
1 0.458287 0.872212 0.891116 0.254864 0.0224073
1 0.208686 0.667926 0.388742 0.652639 0.0223585
1 0.464398 0.797515 0.900019 0.404916 0.022217
1 0.20552 0.968645 0.398013 0.0638938 0.0220445
1 0.500359 0.18864 0.164272 0.134787 0.0219426
1 0.495114 0.879333 0.946172 0.241969 0.0213965
1 0.0186812 0.127 0.0377573 0.128732 0.0205792
1 0.150842 0.703285 0.286601 0.588053 0.0188512
1 0.160992 0.667053 0.304707 0.614548 0.0186923
1 0.496668 0.211081 0.14951 0.099786 0.0183376
1 0.552795 0.227449 0.675557 0.4589 0.0180236
1 0.0258882 0.854591 0.0522137 0.294277 0.0178965
10 0.917249 0.316981 0.0187077 0.0610728 0.0175627
10 0.738955 0.247663 0.0596475 0.146918 0.0174835
1 0.135467 0.0170564 0.257378 0.285354 0.0162275
1 0.415018 0.64954 0.259915 0.653913 0.0160423
1 0.104718 0.166697 0.075158 0.16128 0.0130901
