10 0.698151 0.777496 0.0680283 0.292496 0.848659
10 0.826334 0.830028 0.0949587 0.295765 0.845838
10 0.740266 0.803089 0.0909734 0.318403 0.832631
10 0.518845 0.674257 0.0578257 0.270288 0.811257
10 0.558294 0.597337 0.0449914 0.222551 0.780172
10 0.481601 0.654935 0.0526392 0.233996 0.763703
10 0.158688 0.762991 0.0517591 0.173599 0.523834
0 0.632684 0.564802 0.0601377 0.145709 0.318755
10 0.929546 0.50826 0.0336554 0.126782 0.212866
6 0.949532 0.938175 0.102206 0.121205 0.153465
4 0.881212 0.349561 0.0354725 0.0428925 0.136699
10 0.0327569 0.838502 0.0663199 0.32295 0.133064
10 0.631854 0.523958 0.0551981 0.215355 0.13175
6 0.0331178 0.910031 0.0683608 0.181449 0.129035
7 0.384446 0.709381 0.0300505 0.0716489 0.127156
0 0.735015 0.495283 0.0362736 0.0868798 0.125649
10 0.992647 0.398475 0.0170742 0.21915 0.124814
6 0.98746 0.427346 0.0245752 0.195353 0.118606
10 0.635121 0.492063 0.0463356 0.189786 0.117227
6 0.0336146 0.879675 0.0692767 0.241833 0.116203
11 0.987588 0.373612 0.0254797 0.100156 0.10437
10 0.387796 0.74251 0.0356746 0.149855 0.0996461
6 0.982361 0.430269 0.0359835 0.199791 0.099036
11 0.985188 0.39577 0.0309734 0.125983 0.0986091
6 0.0355722 0.944976 0.0730573 0.111472 0.0908286
10 0.990377 0.408045 0.0202085 0.181967 0.0891523
0 0.737715 0.495518 0.0383378 0.0873258 0.0872362
6 0.0512707 0.91254 0.104655 0.176785 0.0855708
10 0.173577 0.755332 0.0374791 0.154073 0.0854403
10 0.994507 0.333113 0.0123207 0.347814 0.08535
10 0.0492806 0.859515 0.101845 0.283293 0.0846248
6 0.983292 0.413848 0.0347559 0.160013 0.0845067
6 0.258577 0.675752 0.0454717 0.141934 0.0832139
4 0.875904 0.351358 0.0365812 0.0422502 0.082157
10 0.459974 0.594209 0.0324862 0.110476 0.0811346
6 0.286061 0.67408 0.0433457 0.135914 0.0800965
4 0.891132 0.352682 0.0259048 0.0431082 0.0785859
10 0.0137889 0.825152 0.0269561 0.346819 0.0784616
6 0.287577 0.672128 0.0477316 0.127283 0.0782374
2 0.40833 0.483274 0.0323804 0.0551789 0.0778714
6 0.0464858 0.951159 0.0946159 0.099208 0.0778044
6 0.290528 0.672077 0.0403275 0.1289 0.077573
10 0.0478233 0.782259 0.0960244 0.438214 0.0729198
6 0.258737 0.695364 0.0540621 0.189932 0.0727652
2 0.405672 0.484368 0.0319559 0.0560131 0.0721597
6 0.976151 0.393997 0.0477362 0.122947 0.0716128
2 0.20146 0.072515 0.0788228 0.145546 0.0713139
10 0.0107316 0.792881 0.0221873 0.412253 0.071251
10 0.57703 0.59322 0.0443137 0.224888 0.0710113
10 0.934843 0.508868 0.0287889 0.123287 0.0700064
10 0.460701 0.592708 0.0325959 0.111699 0.0697693
10 0.0169939 0.737174 0.0360685 0.533059 0.0680127
6 0.289375 0.671408 0.0542706 0.125253 0.0676587
11 0.987889 0.382239 0.0244919 0.0952777 0.067029
10 0.989114 0.472439 0.0223492 0.318686 0.0662688
10 0.992223 0.376694 0.0175407 0.493537 0.0661514
10 0.43258 0.598566 0.0280927 0.108429 0.0648866
4 0.240372 0.276441 0.0560846 0.0449931 0.0639753
6 0.252861 0.685334 0.0490115 0.170197 0.0624937
4 0.234885 0.276917 0.0523971 0.0457932 0.0621116
10 0.048915 0.741563 0.0976967 0.520095 0.0618261
10 0.427768 0.597721 0.0314648 0.109191 0.0618018
10 0.692016 0.783115 0.0689144 0.298922 0.0616237
10 0.494072 0.65568 0.0459807 0.234063 0.0606057
10 0.435469 0.594462 0.0303829 0.111292 0.0603684
10 0.432012 0.54528 0.0811048 0.207652 0.0591868
6 0.421603 0.616443 0.037115 0.083134 0.0591077
10 0.506685 0.673383 0.0536807 0.271793 0.0584914
10 0.547579 0.667154 0.0525176 0.278748 0.0582304
2 0.448819 0.473934 0.0242648 0.0533085 0.0582243
10 0.132643 0.783891 0.0339883 0.148003 0.0582073
4 0.886481 0.348719 0.0221609 0.031482 0.0572647
6 0.418831 0.617008 0.0342969 0.0778256 0.0549943
10 0.698774 0.786503 0.0690311 0.286465 0.0545875
2 0.420477 0.481899 0.0397267 0.0560606 0.054545
6 0.970929 0.415757 0.0585903 0.165682 0.0544045
10 0.637147 0.493394 0.0417693 0.184731 0.0542279
10 0.0463788 0.693022 0.0924237 0.621103 0.0528333
10 0.428018 0.594645 0.0268101 0.115329 0.0527885
10 0.452105 0.654653 0.0431196 0.232631 0.0527731
10 0.543913 0.668576 0.0500181 0.277696 0.0523326
10 0.134691 0.782141 0.0304466 0.140006 0.0522477
10 0.352491 0.750292 0.0412422 0.183004 0.0515288
2 0.277468 0.260792 0.0250939 0.0470363 0.0514552
2 0.466191 0.469579 0.0219501 0.0516487 0.0511972
0 0.744863 0.496281 0.0376909 0.0866125 0.051096
6 0.013149 0.948847 0.0262714 0.10235 0.0509037
6 0.980332 0.463403 0.0400408 0.258606 0.0507668
4 0.269213 0.271551 0.0378076 0.0395803 0.0502403
2 0.260494 0.0729164 0.0627504 0.143073 0.0502318
6 0.315479 0.793149 0.0746047 0.21761 0.0494249
11 0.321185 0.795351 0.090102 0.217406 0.0493765
10 0.992198 0.850736 0.0156811 0.245267 0.0492607
2 0.426882 0.478029 0.0258601 0.0533115 0.0491475
10 0.375698 0.57548 0.041056 0.276428 0.0491302
4 0.921145 0.360418 0.0384962 0.0514923 0.0491046
10 0.506114 0.65584 0.0517428 0.232903 0.0489149
10 0.49935 0.659947 0.0453387 0.236875 0.047869
0 0.658438 0.57102 0.0510613 0.121441 0.0473949
10 0.468493 0.608553 0.0696603 0.333061 0.0472071
10 0.17261 0.645971 0.032236 0.0984104 0.0471854
2 0.306844 0.268551 0.0236372 0.036212 0.0469997
2 0.441514 0.473545 0.0203773 0.0497253 0.0468688
10 0.159803 0.695511 0.0661047 0.338211 0.0468377
10 0.131601 0.0201149 0.0632803 0.0414693 0.0467649
10 0.51093 0.651053 0.0551409 0.22387 0.0467419
2 0.210601 0.0688218 0.0397783 0.140256 0.0466706
10 0.985412 0.788187 0.0302954 0.399613 0.0463678
10 0.975445 0.654966 0.0505018 0.667089 0.0461747
10 0.373498 0.57213 0.037383 0.258052 0.0457012
10 0.985479 0.770945 0.0291965 0.392364 0.0455789
4 0.898846 0.354451 0.0278715 0.0431792 0.0454728
2 0.464811 0.46978 0.0275317 0.0530788 0.0450917
2 0.417782 0.480515 0.025097 0.0528168 0.0450081
10 0.532545 0.60087 0.041768 0.220825 0.0449291
10 0.843961 0.370011 0.0270231 0.0836294 0.044616
2 0.417911 0.47981 0.0197464 0.0519258 0.0444321
10 0.507997 0.651447 0.0353398 0.216693 0.0441631
10 0.13604 0.768268 0.0532813 0.190193 0.0437514
10 0.177207 0.652597 0.0313617 0.0988908 0.0437399
6 0.00866344 0.896109 0.0176596 0.212565 0.0433378
10 0.147932 0.770095 0.064563 0.189522 0.0432353
10 0.972077 0.63195 0.0568884 0.708237 0.042964
6 0.415509 0.595648 0.0315037 0.109902 0.042909
10 0.176209 0.649061 0.0320957 0.0991946 0.0424664
2 0.277567 0.264688 0.0321035 0.0452994 0.0424031
2 0.158463 0.0737433 0.139915 0.147781 0.0418082
10 0.982396 0.297698 0.035601 0.574512 0.0417837
2 0.385813 0.486928 0.0238919 0.0556103 0.041106
4 0.907371 0.35914 0.0576744 0.0520332 0.0409081
6 0.0129482 0.967864 0.0260941 0.0657273 0.0403544
10 0.369531 0.30313 0.0346593 0.19899 0.0400215
10 0.987028 0.631027 0.0261459 0.627668 0.0394238
10 0.979548 0.488867 0.0404661 0.323336 0.0392019
7 0.400688 0.738572 0.0321579 0.142702 0.0390241
10 0.719259 0.788534 0.0671175 0.295349 0.0388821
10 0.503487 0.570975 0.0263336 0.066247 0.0387143
6 0.0159958 0.986833 0.0322268 0.0267376 0.0387127
10 0.703011 0.794183 0.0735954 0.3161 0.0386797
0 0.617256 0.575776 0.0503881 0.121718 0.0386261
10 0.700743 0.803953 0.0645577 0.237197 0.0385157
6 0.10206 0.938757 0.20134 0.123642 0.0383999
4 0.866446 0.347034 0.0265797 0.0392052 0.0383686
6 0.125708 0.976948 0.239205 0.0457159 0.0383203
7 0.313206 0.266741 0.0243225 0.0358514 0.0382838
10 0.161166 0.385376 0.045717 0.125715 0.0382304
7 0.0465656 0.832431 0.0184942 0.0394615 0.0382064
10 0.541579 0.67275 0.0497684 0.273643 0.0381671
10 0.348287 0.746741 0.0343087 0.177104 0.0378032
10 0.980265 0.744057 0.0404636 0.461044 0.0376023
10 0.135144 0.763611 0.0268436 0.0952383 0.0373125
10 0.728891 0.808842 0.104194 0.316649 0.0370531
6 0.99286 0.889973 0.0159456 0.199223 0.0367976
10 0.968503 0.163074 0.0275335 0.0873489 0.0367425
2 0.190088 0.0707176 0.0507204 0.143523 0.0365444
10 0.416044 0.597094 0.029426 0.11208 0.0362983
6 0.251715 0.67808 0.0374545 0.136274 0.0360862
0 0.613809 0.578862 0.0544493 0.117815 0.0358144
6 0.94762 0.938781 0.104651 0.119693 0.0356963
6 0.409751 0.610801 0.0322985 0.0799112 0.0356266
10 0.920331 0.512229 0.0293718 0.127792 0.035062
10 0.361242 0.741605 0.0345995 0.158128 0.035042
10 0.966726 0.201514 0.0293924 0.178901 0.0346149
6 0.224192 0.678663 0.0321949 0.0719268 0.0343826
10 0.117224 0.777514 0.038543 0.169798 0.0343327
6 0.227016 0.68199 0.0382808 0.0843748 0.0340876
10 0.375135 0.639683 0.0562798 0.412361 0.0338883
10 0.124316 0.0227041 0.0602061 0.0469098 0.0338664
10 0.707774 0.79573 0.0699698 0.317633 0.0333632
5 0.854788 0.452253 0.0223337 0.0236989 0.0332511
7 0.39981 0.706437 0.0299458 0.0730155 0.0331484
10 0.513233 0.671101 0.116469 0.271902 0.033031
10 0.33637 0.750542 0.0420091 0.190871 0.0329153
10 0.776202 0.808305 0.0739757 0.325005 0.0328976
10 0.179922 0.754186 0.0365076 0.153075 0.0328954
6 0.960538 0.419021 0.0807445 0.169269 0.0323036
4 0.311735 0.268461 0.0249231 0.0345143 0.0322433
7 0.588313 0.46077 0.0199556 0.0421483 0.0322169
6 0.0115762 0.747583 0.0234595 0.0724526 0.0316726
10 0.134117 0.771276 0.0364095 0.162236 0.0316703
7 0.401432 0.736773 0.0335432 0.142555 0.0314853
10 0.135228 0.753426 0.0243011 0.0741802 0.0314082
10 0.615524 0.51112 0.0430717 0.200712 0.0313806
10 0.49121 0.674637 0.06878 0.259303 0.0309197
10 0.348631 0.753887 0.0355187 0.178359 0.0306764
10 0.290721 0.273085 0.0210062 0.034925 0.0306569
10 0.991732 0.231683 0.017149 0.401747 0.0305406
4 0.249699 0.275815 0.0361495 0.0368832 0.0305161
10 0.561485 0.651572 0.0567292 0.292922 0.0299037
10 0.139213 0.0220152 0.0555799 0.0453705 0.0296671
4 0.199174 0.283318 0.0554423 0.048915 0.0295312
2 0.478663 0.466068 0.0275476 0.0500195 0.0289372
10 0.525246 0.622597 0.0590106 0.174243 0.0287113
7 0.381242 0.68007 0.0188214 0.075294 0.0287027
6 0.300677 0.68648 0.046576 0.152962 0.028537
10 0.707245 0.797031 0.0799219 0.317542 0.0283811
10 0.347549 0.695932 0.0194488 0.0689475 0.0283738
10 0.858042 0.36607 0.0214848 0.0802673 0.0280477
10 0.0927903 0.352582 0.010597 0.0224575 0.0279172
10 0.586505 0.588176 0.047158 0.221102 0.0278238
10 0.588466 0.580881 0.0486728 0.232062 0.0277927
10 0.488102 0.577539 0.0275144 0.0799253 0.027502
10 0.670332 0.776163 0.0494343 0.29762 0.0271652
2 0.368822 0.47936 0.0289352 0.0487583 0.0270983
10 0.154857 0.0173244 0.0428592 0.0357566 0.0267823
2 0.494372 0.463038 0.0230782 0.0480114 0.0266137
10 0.44402 0.633555 0.0378571 0.221197 0.0264778
2 0.381295 0.503076 0.0303973 0.0981567 0.0263176
0 0.575667 0.565531 0.0793306 0.22026 0.0255588
10 0.720326 0.799441 0.0781927 0.313647 0.0254446
10 0.681891 0.782015 0.0640519 0.29939 0.0246978
10 0.589774 0.578099 0.0452241 0.222759 0.0246726
0 0.84104 0.391249 0.0225933 0.0452178 0.024484
0 0.71285 0.497243 0.0421432 0.09259 0.0244103
2 0.364695 0.488262 0.0274806 0.0561796 0.0243966
10 0.733409 0.796194 0.154454 0.327833 0.024192
10 0.168422 0.0160684 0.06151 0.0326567 0.0240441
10 0.0303604 0.35898 0.0344289 0.0575155 0.0237272
0 0.66296 0.573526 0.0375442 0.0968638 0.0236609
10 0.452288 0.655911 0.051276 0.247079 0.0234799
10 0.7077 0.7993 0.0797156 0.312983 0.023342
10 0.453088 0.655415 0.0499326 0.247911 0.0232782
7 0.403415 0.70469 0.0303861 0.0727566 0.0230563
2 0.188092 0.0754583 0.0492539 0.154935 0.0229365
10 0.73138 0.796897 0.144128 0.3224 0.0229293
2 0.256522 0.0324464 0.0212766 0.0518879 0.0228925
4 0.257698 0.272237 0.0313124 0.0382987 0.02283
10 0.685689 0.798859 0.0608892 0.257226 0.0226988
7 0.622626 0.464392 0.0189604 0.0589667 0.0225179
10 0.334048 0.698844 0.0180174 0.0635331 0.0223748
2 0.175799 0.0163743 0.0319252 0.0329621 0.0219666
10 0.393149 0.562968 0.0336723 0.142149 0.0218374
0 0.574317 0.578144 0.0825506 0.189293 0.0217561
6 0.403499 0.671993 0.0349118 0.116475 0.0217387
6 0.268351 0.658162 0.0376585 0.105661 0.0217123
10 0.13587 0.627446 0.0342961 0.168109 0.0216361
10 0.143271 0.795632 0.0589052 0.133603 0.0213541
2 0.460018 0.00945912 0.0506998 0.0197208 0.0212909
10 0.718728 0.797098 0.0691232 0.30283 0.0211248
2 0.195452 0.183867 0.0260605 0.109303 0.0211091
10 0.150013 0.644333 0.0337467 0.128846 0.0208768
10 0.570547 0.554829 0.0404296 0.139843 0.0206302
10 0.667791 0.763393 0.0541116 0.274687 0.0206223
10 0.752165 0.736174 0.0796617 0.186792 0.020618
3 0.302957 0.12239 0.573305 0.244748 0.0202383
10 0.863423 0.365083 0.0244434 0.088284 0.0202332
10 0.595067 0.52494 0.0831417 0.239486 0.020134
3 0.303933 0.131024 0.582016 0.261163 0.0200992
7 0.192801 0.209364 0.0229215 0.04996 0.0200402
2 0.237611 0.0644944 0.0581264 0.133051 0.0200363
11 0.262749 0.630801 0.041193 0.0702539 0.0197483
10 0.835212 0.372511 0.0241924 0.0774237 0.0195751
10 0.419029 0.594966 0.111188 0.324813 0.0194254
2 0.388181 0.490829 0.0216082 0.0670601 0.0193544
3 0.461781 0.475274 0.846874 0.943855 0.0192611
4 0.217148 0.28086 0.0470804 0.0527424 0.0191715
3 0.311594 0.0789926 0.552005 0.159342 0.0190343
3 0.297792 0.191782 0.581402 0.378299 0.0190206
10 0.687654 0.812469 0.0765957 0.220986 0.0189398
10 0.476214 0.725548 0.0404757 0.0963381 0.0189259
10 0.852984 0.835138 0.0697348 0.299092 0.0186018
10 0.671481 0.774635 0.0600949 0.299753 0.0184336
6 0.197282 0.677504 0.0461848 0.164462 0.0183858
10 0.606498 0.539584 0.0415631 0.186602 0.0183281
10 0.523371 0.635052 0.120691 0.21356 0.0182995
2 0.175859 0.0446302 0.0417929 0.0918443 0.0182653
7 0.32809 0.265516 0.0171564 0.0348114 0.0182629
10 0.212716 0.614832 0.0427132 0.235275 0.0182138
2 0.1616 0.0464768 0.14219 0.0959915 0.0179938
3 0.401814 0.447939 0.748226 0.888691 0.0176439
10 0.675927 0.784451 0.0653687 0.287457 0.0170385
10 0.0746856 0.778158 0.14007 0.237109 0.0168621
10 0.484597 0.571261 0.040576 0.0782633 0.0167319
0 0.758671 0.490833 0.0348261 0.0856942 0.0162832
10 0.126142 0.768893 0.156816 0.216558 0.0162146
6 0.190179 0.676747 0.0406283 0.0864811 0.0160505
7 0.34081 0.26816 0.0164536 0.0341379 0.0157672
10 0.109325 0.789063 0.0383408 0.152102 0.0156026
7 0.61231 0.464633 0.0257988 0.0612846 0.0148457
3 0.438943 0.238731 0.849812 0.475022 0.014842
10 0.498805 0.592931 0.0443339 0.110389 0.0147029
3 0.329331 0.118636 0.524832 0.239788 0.0146238
10 0.635587 0.333338 0.0266844 0.165372 0.014497
10 0.516146 0.562508 0.0216004 0.0672064 0.014318
10 0.610387 0.0763272 0.0473073 0.160023 0.0141261
10 0.353203 0.621157 0.023036 0.084377 0.0138951
10 0.855639 0.788577 0.101003 0.387763 0.0138447
10 0.534757 0.616858 0.0687205 0.185645 0.0132322
2 0.215102 0.181626 0.0216543 0.109131 0.0129735
10 0.800832 0.407337 0.0273081 0.0706997 0.0129679
10 0.591709 0.546722 0.0362138 0.144174 0.0126156
10 0.452266 0.587474 0.207771 0.385837 0.0125779
10 0.464626 0.577616 0.245653 0.31832 0.0123833
3 0.395708 0.136115 0.74568 0.276058 0.0122893
10 0.637689 0.777917 0.329347 0.328827 0.0117827
6 0.588019 0.590964 0.0509288 0.103889 0.0117437
10 0.534013 0.61265 0.0571493 0.17168 0.0113652
10 0.723817 0.838654 0.155264 0.254411 0.0108094
7 0.102894 0.811222 0.0130028 0.032872 0.010655
10 0.71426 0.73566 0.0484823 0.10758 0.00950871
