4 0.6131 0.50795 0.236064 0.273992 0.85961
4 0.73149 0.351514 0.112128 0.114299 0.745725
4 0.647539 0.363493 0.0808238 0.0938317 0.336046
10 0.456573 0.428137 0.0635421 0.127833 0.273761
4 0.840529 0.352541 0.0644833 0.0680691 0.271086
10 0.456324 0.410503 0.0589247 0.0955924 0.239159
4 0.843884 0.349968 0.0764256 0.0802443 0.209011
3 0.850892 0.331584 0.112188 0.125448 0.1864
10 0.457384 0.486041 0.0711745 0.257905 0.182031
1 0.254423 0.504085 0.508425 0.98332 0.11106
10 0.474735 0.492187 0.106307 0.272865 0.102155
3 0.491824 0.505001 0.979095 0.984426 0.0976943
1 0.343044 0.504709 0.682053 0.986951 0.0915985
1 0.094135 0.743173 0.186907 0.499468 0.0908475
1 0.484672 0.504904 0.965818 0.98398 0.0881881
4 0.438455 0.27661 0.151493 0.169372 0.0852583
10 0.448253 0.411185 0.055037 0.092144 0.0844817
4 0.469389 0.285807 0.124959 0.12228 0.0813995
1 0.117545 0.745141 0.230698 0.500891 0.0807044
3 0.86122 0.289987 0.176339 0.223132 0.0773369
4 0.574193 0.499902 0.308759 0.289924 0.0757884
1 0.175483 0.648206 0.348426 0.691066 0.0738897
4 0.644163 0.364859 0.0796362 0.0967429 0.0737503
4 0.440676 0.269929 0.126747 0.177012 0.0726749
1 0.17282 0.633377 0.344954 0.72241 0.0723776
1 0.0872305 0.714854 0.172768 0.434132 0.0694624
4 0.624306 0.460676 0.21035 0.178517 0.0637906
10 0.0413719 0.798652 0.0731364 0.207231 0.0627755
1 0.178128 0.7407 0.349051 0.509845 0.0625612
10 0.0416931 0.807399 0.0752229 0.195955 0.0622175
10 0.0421143 0.827139 0.0833718 0.258388 0.0619085
1 0.095753 0.649208 0.190677 0.683254 0.0608089
10 0.0299343 0.891026 0.0608294 0.208667 0.0606545
10 0.032397 0.809397 0.0652242 0.364841 0.0598697
4 0.618508 0.357649 0.0769094 0.0848178 0.0579433
4 0.853638 0.355415 0.0913467 0.0774488 0.0575872
1 0.202563 0.64923 0.401462 0.691327 0.0573067
4 0.445724 0.288081 0.0777927 0.11397 0.0573039
10 0.0518528 0.816841 0.0639285 0.167308 0.0569098
1 0.0775184 0.745362 0.154507 0.493578 0.0558191
1 0.150869 0.506446 0.305521 0.973569 0.0551513
4 0.661966 0.370921 0.0704444 0.0921822 0.0544202
4 0.447367 0.28587 0.0818256 0.116492 0.0543117
1 0.277229 0.654907 0.550895 0.679058 0.0540282
1 0.194867 0.748536 0.368502 0.498506 0.0534109
10 0.0275846 0.860704 0.056802 0.268366 0.0525458
1 0.131012 0.636589 0.263129 0.715061 0.0521924
10 0.467084 0.394559 0.0445861 0.0661227 0.0521271
1 0.261342 0.505839 0.524479 0.983081 0.0518932
1 0.217184 0.745322 0.429152 0.502784 0.051585
3 0.839714 0.329519 0.10773 0.1245 0.0509721
1 0.161713 0.541069 0.321827 0.915728 0.0508467
10 0.45142 0.391757 0.054681 0.145494 0.0506053
10 0.0318541 0.721212 0.0631812 0.531355 0.050394
10 0.039985 0.817973 0.0779932 0.226773 0.0500682
10 0.327447 0.317333 0.0578188 0.106261 0.0498432
4 0.485576 0.280556 0.109937 0.115558 0.0498304
4 0.635359 0.364232 0.0667625 0.0888557 0.0496981
10 0.0308427 0.754242 0.0623165 0.469581 0.0485406
10 0.0393676 0.783191 0.0727109 0.239121 0.0480759
1 0.316372 0.648335 0.630142 0.696523 0.047185
1 0.281885 0.504573 0.565711 0.982485 0.0468115
1 0.110307 0.643227 0.217809 0.696896 0.0462493
1 0.172511 0.507847 0.3472 0.965668 0.0443754
1 0.281575 0.745158 0.541798 0.505806 0.0442306
10 0.052692 0.859691 0.065084 0.2597 0.0440198
4 0.578096 0.460375 0.152849 0.172257 0.042823
1 0.258787 0.514729 0.516883 0.953548 0.0426873
1 0.060212 0.503796 0.119193 0.971566 0.0422787
10 0.0510732 0.823731 0.0641781 0.154168 0.0421075
1 0.252335 0.742109 0.496354 0.511111 0.0419666
10 0.0550057 0.81416 0.0634108 0.170937 0.0417542
1 0.257112 0.546012 0.512338 0.8929 0.041385
1 0.131225 0.507443 0.265211 0.96785 0.0413621
10 0.472903 0.405027 0.051532 0.0908466 0.0411788
1 0.0670691 0.761059 0.13428 0.464297 0.0410366
1 0.291875 0.760154 0.55016 0.476739 0.0402881
10 0.618657 0.381613 0.0447519 0.0537837 0.040124
4 0.468522 0.257975 0.123398 0.177475 0.0399606
10 0.0210367 0.64482 0.0426261 0.679206 0.0398994
4 0.478225 0.282848 0.0704947 0.100435 0.0396918
10 0.314325 0.317292 0.0615586 0.103917 0.0396497
10 0.451503 0.368905 0.0444486 0.112761 0.0394698
1 0.208384 0.765882 0.40814 0.467607 0.0394666
4 0.492266 0.279127 0.100582 0.114479 0.0393218
4 0.617956 0.354163 0.071929 0.085654 0.0392276
10 0.0542074 0.800826 0.0603282 0.201226 0.0391709
4 0.674879 0.36381 0.0638248 0.0921677 0.039032
1 0.120441 0.625904 0.235234 0.617594 0.038897
1 0.319228 0.519116 0.631881 0.941236 0.0388053
4 0.327316 0.324681 0.0531314 0.0892892 0.038579
1 0.399777 0.679859 0.785294 0.63522 0.0384715
4 0.591814 0.393205 0.200559 0.0793054 0.0384293
10 0.0201702 0.665711 0.0417962 0.634361 0.0381038
4 0.397468 0.300025 0.20502 0.109218 0.0380798
1 0.0456882 0.653254 0.0915873 0.658222 0.0379561
4 0.372375 0.311923 0.214478 0.0989011 0.037608
1 0.126414 0.56439 0.24988 0.877026 0.0372624
1 0.379468 0.504039 0.745918 0.98437 0.0366264
4 0.720238 0.372986 0.124743 0.169491 0.0365914
10 0.0375146 0.768327 0.0749705 0.266725 0.0365491
4 0.822648 0.348408 0.0665623 0.0779771 0.0364883
4 0.385292 0.307849 0.187217 0.104209 0.0363365
1 0.0461621 0.669267 0.0939798 0.616554 0.0363065
10 0.960368 0.212489 0.0825014 0.410178 0.0361472
1 0.503026 0.668851 0.991934 0.65458 0.0359416
1 0.309505 0.505651 0.616721 0.971135 0.0359316
10 0.0307061 0.969965 0.0555955 0.052584 0.0354463
4 0.571887 0.454008 0.144542 0.167932 0.0353993
4 0.683455 0.359643 0.0680515 0.0922796 0.0353289
10 0.960149 0.0945175 0.0844999 0.183415 0.0352235
1 0.123563 0.508057 0.250158 0.971657 0.0351313
10 0.0599787 0.707384 0.1195 0.406337 0.0349532
4 0.400813 0.301481 0.203597 0.105593 0.0346893
1 0.0635735 0.633762 0.124468 0.708508 0.0346197
10 0.0377702 0.837261 0.0765546 0.253332 0.0345173
4 0.44952 0.22531 0.0681049 0.0726865 0.0341994
10 0.0304374 0.960444 0.0583604 0.0735261 0.0337308
10 0.989241 0.359727 0.0212976 0.096214 0.0336874
10 0.435284 0.448519 0.0616476 0.191149 0.0334843
1 0.0511578 0.506107 0.104127 0.954424 0.0334697
10 0.960324 0.30731 0.0823799 0.591247 0.0333115
4 0.432852 0.29448 0.0837114 0.12644 0.0333075
4 0.817865 0.354029 0.0688534 0.0689646 0.0333072
1 0.369011 0.506496 0.724544 0.965689 0.0327106
10 0.985475 0.368046 0.0295219 0.0835552 0.032674
10 0.962062 0.37263 0.0795442 0.719535 0.0326181
1 0.214655 0.444022 0.433546 0.853783 0.0325549
4 0.499483 0.27288 0.0755544 0.104443 0.0325069
10 0.430356 0.429032 0.055866 0.135242 0.0324645
10 0.469614 0.370368 0.0504311 0.0933278 0.0324546
4 0.709721 0.354443 0.100424 0.118307 0.0322009
1 0.500557 0.688682 0.973964 0.61863 0.0319038
4 0.864339 0.353421 0.058791 0.0689138 0.0317132
10 0.988749 0.361948 0.0229565 0.0907734 0.0317092
10 0.94607 0.504565 0.111767 0.974235 0.0315466
10 0.960253 0.134713 0.0827984 0.260782 0.0312925
1 0.464152 0.739574 0.909963 0.521392 0.031119
1 0.135481 0.493374 0.274157 0.920159 0.0310598
4 0.566844 0.514903 0.34407 0.306231 0.0308522
4 0.376863 0.306343 0.242009 0.108955 0.0306748
10 0.578659 0.317715 0.0645489 0.125762 0.0306575
1 0.49305 0.77534 0.953766 0.445789 0.0306532
4 0.395607 0.29293 0.103266 0.12557 0.0302571
10 0.983513 0.495263 0.0327709 0.943717 0.0301701
4 0.597687 0.35316 0.0896901 0.086297 0.0299943
10 0.0281268 0.472781 0.057829 0.139038 0.0297295
7 0.431977 0.716553 0.0515875 0.0998799 0.0296376
10 0.0115694 0.670133 0.0241098 0.607472 0.0296213
10 0.0551387 0.782344 0.0620512 0.229958 0.0295799
1 0.0951549 0.842195 0.187028 0.308106 0.0292044
10 0.0238095 0.822187 0.0501847 0.33427 0.0290409
10 0.960431 0.471045 0.0819335 0.903542 0.0286697
10 0.0495001 0.925136 0.0966553 0.144514 0.0281755
4 0.522917 0.261838 0.0623639 0.0885334 0.0281509
1 0.5028 0.767655 0.979183 0.459512 0.028144
10 0.968944 0.434815 0.0650087 0.835794 0.0279353
10 0.014057 0.452515 0.0285551 0.117233 0.0278708
10 0.472908 0.360267 0.0435435 0.0719144 0.027682
10 0.47864 0.405833 0.051173 0.0927715 0.0273352
1 0.375419 0.410167 0.738855 0.797838 0.0273315
1 0.311825 0.840763 0.582969 0.321266 0.0271953
1 0.41817 0.827657 0.814421 0.34343 0.0271874
10 0.0270947 0.770987 0.056037 0.257076 0.0271534
1 0.202487 0.850742 0.384637 0.298888 0.0271361
10 0.947362 0.321691 0.108661 0.621445 0.0271224
10 0.0294937 0.945119 0.0589372 0.105135 0.0268351
4 0.0262845 0.520687 0.0538924 0.336217 0.0267251
1 0.445422 0.573179 0.87258 0.844762 0.0267224
10 0.0272552 0.900455 0.0562957 0.195307 0.02665
10 0.433998 0.419045 0.0566715 0.112155 0.0266071
10 0.017823 0.623431 0.037081 0.589253 0.0264298
10 0.985686 0.110599 0.0295453 0.215054 0.0263956
4 0.0423962 0.523076 0.0861932 0.39317 0.0259249
10 0.0554714 0.778374 0.0652199 0.233427 0.0258965
10 0.018186 0.903647 0.0396549 0.18604 0.0257854
1 0.4931 0.783303 0.950208 0.429461 0.025626
10 0.422387 0.482223 0.0524426 0.271976 0.0255781
4 0.513943 0.27133 0.0645758 0.104603 0.0255013
1 0.0700154 0.566614 0.14154 0.844649 0.0254065
10 0.0247277 0.793787 0.0520502 0.256373 0.025279
10 0.953688 0.410628 0.0953867 0.790275 0.0252777
4 0.482074 0.255167 0.106929 0.16706 0.025277
4 0.596296 0.510479 0.21456 0.266864 0.0251977
1 0.501481 0.664838 0.991805 0.660865 0.0251148
4 0.485284 0.265683 0.0527712 0.0577418 0.0249043
10 0.948777 0.243122 0.107171 0.47496 0.0248488
4 0.571721 0.510767 0.214232 0.281934 0.0247851
10 0.0129039 0.480654 0.0262578 0.161625 0.0245133
10 0.0294841 0.928075 0.0567015 0.140752 0.0239681
10 0.0335713 0.845128 0.0715703 0.213534 0.0239082
1 0.0337323 0.54173 0.0678329 0.479689 0.0238272
10 0.0232922 0.776032 0.0488297 0.29559 0.0237634
4 0.566414 0.499689 0.131412 0.25266 0.0236782
1 0.187687 0.881382 0.362576 0.237291 0.0236075
4 0.823525 0.3635 0.0647049 0.0602928 0.0233938
10 0.986284 0.432731 0.0267904 0.591919 0.0232657
1 0.461116 0.760307 0.855272 0.473124 0.0232631
10 0.012627 0.826346 0.027175 0.325938 0.022897
3 0.624207 0.206446 0.699939 0.408352 0.0228784
4 0.0261638 0.485175 0.0536712 0.336332 0.0228276
4 0.985039 0.0490083 0.0327156 0.0941845 0.0222228
4 0.671807 0.365716 0.0743149 0.105449 0.0222205
1 0.504058 0.608607 0.987594 0.77976 0.0222124
1 0.134305 0.425209 0.267337 0.808786 0.0221256
1 0.0971273 0.530238 0.194046 0.448884 0.0220853
1 0.502689 0.643301 0.987912 0.697389 0.0218845
10 0.0258184 0.815562 0.0559956 0.264449 0.0218168
4 0.63791 0.390536 0.0849619 0.0559109 0.0216932
4 0.377862 0.318181 0.128131 0.0836318 0.0216774
4 0.609971 0.383478 0.0711693 0.0783004 0.0216485
10 0.984623 0.0790253 0.0324768 0.154561 0.0215428
1 0.502957 0.761361 0.990684 0.468599 0.0214293
10 0.0607911 0.965807 0.114083 0.0630224 0.021343
10 0.575929 0.325854 0.0686779 0.140325 0.0213099
10 0.0282585 0.720255 0.0547177 0.359225 0.0212142
10 0.31436 0.331343 0.0689891 0.104979 0.0211459
4 0.648281 0.507665 0.221192 0.279548 0.0211302
1 0.0961374 0.468605 0.191906 0.867321 0.0210901
4 0.0123797 0.564796 0.0254477 0.306724 0.0210207
10 0.958728 0.0999386 0.0865812 0.195599 0.0208039
1 0.385737 0.503264 0.753858 0.970632 0.0207949
4 0.632399 0.449164 0.268123 0.400799 0.0206095
10 0.0124008 0.832939 0.0266687 0.311022 0.0204808
1 0.491361 0.503171 0.971918 0.980674 0.0200715
1 0.206792 0.98122 0.347434 0.0333227 0.020029
1 0.401061 0.493866 0.772442 0.945841 0.0200171
4 0.287736 0.355809 0.108618 0.151254 0.0198118
4 0.591673 0.52392 0.234147 0.293867 0.0196923
4 0.65787 0.440073 0.137197 0.13305 0.0195494
1 0.493298 0.550259 0.956425 0.894395 0.0194066
4 0.532742 0.465494 0.0668434 0.146604 0.019403
10 0.992405 0.527056 0.0149277 0.499749 0.0192419
10 0.0632221 0.829371 0.0612282 0.126184 0.0192193
1 0.504581 0.522651 0.982994 0.93694 0.0191386
3 0.500585 0.443907 0.965445 0.858194 0.0191266
1 0.37608 0.914362 0.585946 0.170155 0.0189376
10 0.986332 0.54651 0.0263339 0.782862 0.0187312
3 0.710281 0.51071 0.572499 0.980618 0.0184489
4 0.566354 0.386277 0.056683 0.0540695 0.0184049
1 0.397195 0.505232 0.767004 0.961394 0.0180403
4 0.517913 0.500602 0.211808 0.283612 0.0180167
3 0.726591 0.509585 0.532017 0.972849 0.0178104
4 0.677626 0.497776 0.141048 0.255793 0.0177501
10 0.430507 0.376857 0.079134 0.196458 0.0176143
1 0.273573 0.9503 0.338046 0.0965727 0.0174668
3 0.0794779 0.494877 0.16128 0.370204 0.0173614
1 0.258601 0.447956 0.219531 0.505343 0.0173309
4 0.766491 0.353509 0.10508 0.117335 0.0173064
10 0.0119009 0.815075 0.0248701 0.232396 0.0172196
1 0.461466 0.797562 0.49051 0.401877 0.0170386
1 0.241049 0.904366 0.37041 0.192375 0.0166558
4 0.751473 0.357195 0.0941568 0.0991024 0.0166384
10 0.0289499 0.984456 0.0454657 0.0227636 0.0165928
1 0.472808 0.693536 0.672297 0.607047 0.0164402
1 0.51038 0.75935 0.992083 0.473758 0.0162885
1 0.357605 0.377406 0.274742 0.625465 0.016204
4 0.0610376 0.990557 0.10783 0.0108498 0.0157797
1 0.425777 0.548975 0.823196 0.906428 0.0156886
4 0.87895 0.334535 0.0718276 0.121271 0.0156227
1 0.84453 0.73249 0.30898 0.530519 0.0154865
4 0.643964 0.536978 0.251861 0.336706 0.0154369
4 0.959172 0.0237676 0.0807116 0.0412323 0.0153709
3 0.480132 0.202839 0.935462 0.398321 0.0150522
4 0.493235 0.472342 0.086162 0.158167 0.0149724
1 0.509786 0.560773 0.969481 0.869839 0.0147655
4 0.517451 0.464854 0.0885239 0.153235 0.0147586
3 0.737851 0.676803 0.523494 0.638497 0.0147226
1 0.50414 0.553932 0.975002 0.887545 0.0146345
10 0.0439356 0.988806 0.0738986 0.0144711 0.0145423
1 0.703551 0.717782 0.573642 0.563849 0.0144931
3 0.481936 0.344542 0.918323 0.670618 0.0144915
1 0.863649 0.713651 0.270823 0.568166 0.0144811
1 0.505334 0.505231 0.962978 0.975316 0.0142542
1 0.511293 0.864852 0.969149 0.267278 0.0141349
4 0.883598 0.346221 0.0712433 0.0995408 0.0141197
4 0.523125 0.47849 0.101884 0.181777 0.0140754
4 0.378659 0.334386 0.35325 0.339016 0.0140749
1 0.504632 0.401758 0.845891 0.769969 0.0140202
1 0.587351 0.67484 0.828275 0.636059 0.0136838
4 0.950951 0.972675 0.106769 0.0544964 0.0135303
1 0.416807 0.400892 0.770454 0.772243 0.0134681
4 0.505763 0.484272 0.0784914 0.194231 0.0133331
10 0.0864288 0.829066 0.108007 0.168287 0.0132416
3 0.47341 0.503178 0.944477 0.975522 0.0128317
3 0.5027 0.301323 0.745578 0.587202 0.0127936
1 0.556322 0.81375 0.897071 0.365298 0.0126594
4 0.686046 0.363058 0.084188 0.108979 0.0126114
4 0.930957 0.975556 0.184292 0.0493031 0.0125544
4 0.568711 0.539841 0.223254 0.272582 0.0125408
4 0.464043 0.248891 0.479 0.477178 0.0125338
3 0.382097 0.226665 0.744449 0.438321 0.0125247
4 0.513018 0.550514 0.877299 0.363118 0.0118801
4 0.385063 0.442624 0.303336 0.204728 0.0116221
10 0.10485 0.799257 0.100396 0.233247 0.0113903
6 0.676877 0.581878 0.0839141 0.0926869 0.0109361
4 0.520151 0.510228 0.137298 0.258883 0.0099806
4 0.461772 0.0710657 0.94981 0.137668 0.0099685
6 0.617423 0.863021 0.0374617 0.0854868 0.00884374
6 0.76426 0.589487 0.244859 0.393721 0.00865424
