10 0.632851 0.342336 0.117733 0.475708 0.803637
10 0.495179 0.0867554 0.0617382 0.175891 0.788049
6 0.516005 0.332014 0.109674 0.242989 0.773719
6 0.363809 0.228214 0.127533 0.283018 0.757595
11 0.274935 0.245965 0.0943968 0.214687 0.687832
10 0.160482 0.858666 0.0444251 0.117066 0.675403
11 0.788592 0.305905 0.214989 0.343669 0.656272
10 0.712471 0.169845 0.100208 0.140084 0.605734
6 0.12373 0.535087 0.073489 0.241947 0.601599
2 0.7599 0.233844 0.0232606 0.08571 0.522353
6 0.276993 0.272979 0.0871496 0.172995 0.46961
11 0.373943 0.485704 0.235538 0.335572 0.469315
10 0.0712296 0.231026 0.0421164 0.106861 0.465979
11 0.46373 0.256674 0.155701 0.215029 0.424489
6 0.704912 0.392182 0.0859672 0.262597 0.412059
10 0.125773 0.794588 0.0376606 0.0968792 0.345402
6 0.465667 0.917204 0.183591 0.165492 0.315201
2 0.768923 0.235715 0.0220949 0.083701 0.287502
10 0.594966 0.618975 0.124447 0.358099 0.285239
6 0.0655415 0.520006 0.108361 0.18748 0.267354
6 0.290323 0.279313 0.0616621 0.150287 0.264392
7 0.738763 0.261898 0.0334674 0.0875227 0.251574
6 0.710546 0.361621 0.094416 0.321596 0.246999
7 0.429879 0.234723 0.0219358 0.043832 0.241013
2 0.838234 0.273666 0.0251939 0.0684317 0.228141
11 0.116318 0.27389 0.119912 0.189293 0.226912
2 0.952886 0.941334 0.05659 0.117856 0.208596
6 0.210359 0.919797 0.10593 0.161578 0.201585
11 0.0137368 0.253781 0.0270973 0.0971174 0.201359
7 0.309698 0.421534 0.0229834 0.0429781 0.195216
2 0.847023 0.26863 0.0241095 0.068976 0.18766
10 0.0130859 0.721725 0.0262502 0.19801 0.187207
10 0.23422 0.750323 0.288803 0.366718 0.186524
11 0.00668592 0.245214 0.0138914 0.110947 0.181875
2 0.75442 0.236395 0.0238665 0.0843163 0.173489
10 0.969129 0.810892 0.0628952 0.374851 0.170956
11 0.00807574 0.256837 0.0170415 0.108806 0.164708
2 0.764126 0.233129 0.0261824 0.0865477 0.162204
11 0.857839 0.252835 0.0658081 0.110555 0.156618
10 0.576073 0.543041 0.0851067 0.206168 0.153118
2 0.00444265 0.209902 0.009157 0.059617 0.149654
6 0.463796 0.962553 0.186377 0.0739223 0.149401
10 0.452147 0.0943858 0.0418928 0.148659 0.147634
7 0.678174 0.621446 0.032461 0.0770775 0.146056
2 0.305487 0.0792813 0.0206362 0.0410289 0.14595
6 0.676918 0.168824 0.0554617 0.141151 0.141257
2 0.744073 0.2372 0.0228515 0.0897289 0.140064
6 0.269191 0.279195 0.0773704 0.153096 0.13945
6 0.654257 0.17207 0.0675067 0.138555 0.137107
7 0.317381 0.421595 0.0237286 0.044893 0.13578
10 0.0116622 0.774145 0.0244762 0.282822 0.131926
10 0.57273 0.593103 0.090947 0.304302 0.126129
10 0.0723351 0.269662 0.0553823 0.185392 0.124509
10 0.00797414 0.615656 0.0151016 0.404051 0.123383
10 0.981178 0.795545 0.0384619 0.404044 0.123297
2 0.848251 0.262922 0.0240359 0.0789364 0.12211
6 0.670118 0.368904 0.155138 0.348721 0.120289
7 0.242975 0.684271 0.0442931 0.0951836 0.120186
10 0.889172 0.381758 0.146853 0.436748 0.119499
6 0.498527 0.964604 0.123395 0.0717586 0.114275
10 0.00756174 0.63295 0.0137059 0.362187 0.113171
10 0.756167 0.531021 0.448068 0.899318 0.113063
6 0.0857339 0.532534 0.0708168 0.215694 0.110978
10 0.574173 0.108609 0.0551996 0.142085 0.110847
10 0.931381 0.814836 0.135417 0.367127 0.110643
10 0.908789 0.510228 0.168723 0.96541 0.109869
10 0.966688 0.511379 0.0625957 0.96166 0.10921
2 0.111986 0.232714 0.0303401 0.0898816 0.108906
10 0.426747 0.512022 0.123551 0.276792 0.105054
6 0.319963 0.0912002 0.177389 0.170485 0.10431
6 0.0850333 0.524604 0.0706541 0.198354 0.103955
2 0.751515 0.255952 0.0290232 0.081774 0.103627
6 0.713828 0.304583 0.116376 0.424795 0.103282
2 0.77485 0.235359 0.0237874 0.0879686 0.103241
10 0.890463 0.398574 0.147961 0.470846 0.101928
7 0.432841 0.220611 0.0294288 0.0725445 0.101044
7 0.772681 0.170652 0.0278557 0.0617804 0.10062
6 0.933813 0.24801 0.0420804 0.121202 0.0998165
7 0.775094 0.174109 0.0274714 0.0696224 0.0994408
10 0.891737 0.395436 0.143624 0.459638 0.098625
7 0.726557 0.260792 0.0303476 0.0855707 0.0985974
10 0.00622104 0.489633 0.012636 0.118627 0.0975485
10 0.462985 0.09521 0.0335279 0.139496 0.0970994
2 0.167461 0.077073 0.0184528 0.0261437 0.0959424
6 0.110241 0.535332 0.0523755 0.225985 0.0954173
6 0.267171 0.27872 0.0640571 0.145538 0.0949143
10 0.88155 0.336919 0.125919 0.320152 0.0947853
2 0.0184863 0.095544 0.0345806 0.0852829 0.0947266
2 0.0866957 0.231203 0.0265171 0.0852274 0.0946872
10 0.263209 0.105283 0.0423026 0.0928819 0.0941362
10 0.884075 0.539639 0.171401 0.89179 0.0934217
6 0.675232 0.171219 0.056917 0.139399 0.0931877
2 0.0175682 0.0977105 0.0337055 0.0882771 0.0922553
10 0.891504 0.317406 0.131508 0.291941 0.0913789
10 0.625328 0.444647 0.129544 0.692849 0.0911764
10 0.29475 0.783747 0.0632364 0.128268 0.0906339
7 0.271119 0.196389 0.0319254 0.0481039 0.0890574
2 0.263665 0.167943 0.0230378 0.0555728 0.0887284
2 0.179548 0.0775702 0.0155555 0.0271691 0.0884868
10 0.922531 0.942341 0.114734 0.116176 0.0879733
10 0.00545517 0.509504 0.0120713 0.156288 0.0873091
2 0.281058 0.193117 0.0156136 0.0418252 0.0858689
10 0.878672 0.337451 0.134088 0.38813 0.0858131
10 0.436486 0.0907805 0.0518313 0.184191 0.0851259
11 0.21547 0.177057 0.418303 0.340563 0.0848599
2 0.833597 0.251573 0.0335878 0.114235 0.084744
10 0.0645919 0.564865 0.119449 0.28679 0.0838498
6 0.405789 0.968344 0.309604 0.0637667 0.0837416
7 0.870072 0.31551 0.030291 0.065839 0.0833654
6 0.663889 0.165557 0.203016 0.143849 0.0831018
6 0.660886 0.16799 0.204297 0.141827 0.0830855
7 0.209388 0.697465 0.0317794 0.080523 0.0812733
11 0.0107242 0.229624 0.0226615 0.0764634 0.0801384
10 0.196889 0.689853 0.381163 0.605782 0.0797394
10 0.973004 0.506884 0.0489585 0.965956 0.0792387
6 0.31691 0.151705 0.191023 0.286737 0.0788174
10 0.572361 0.103382 0.053149 0.134151 0.0782938
2 0.236046 0.157915 0.0334385 0.0671156 0.0779426
10 0.873151 0.54907 0.213484 0.890284 0.0777599
7 0.866581 0.316642 0.027726 0.0599781 0.0775471
11 0.631739 0.164288 0.126313 0.128943 0.0775376
11 0.0358184 0.305609 0.0710444 0.257138 0.0770078
6 0.935411 0.237004 0.0425854 0.102558 0.0753659
10 0.0731504 0.223795 0.0308806 0.0935093 0.0738997
10 0.158161 0.858983 0.0385178 0.113645 0.0734912
6 0.673396 0.320323 0.157014 0.442654 0.0729808
10 0.614086 0.339608 0.0939324 0.481467 0.0723596
11 0.813509 0.394526 0.301496 0.577952 0.0718989
2 0.0658932 0.141303 0.0306213 0.0597469 0.0713889
6 0.0498927 0.524557 0.0713052 0.150421 0.0701596
7 0.662265 0.62044 0.0303585 0.0750759 0.0697687
6 0.297892 0.273517 0.0549795 0.150777 0.0695442
7 0.72131 0.263472 0.0285827 0.0778311 0.0689598
10 0.143523 0.82805 0.0749715 0.180773 0.0682821
10 0.00630296 0.49528 0.0147631 0.344024 0.0681261
2 0.0280988 0.154823 0.0168931 0.0400101 0.0676496
7 0.191978 0.0775399 0.0199186 0.0285973 0.0672944
2 0.00908898 0.209408 0.0164792 0.0431035 0.067269
7 0.807294 0.215384 0.0244829 0.0424752 0.0670681
2 0.277702 0.557714 0.0151634 0.0307319 0.0666627
2 0.283854 0.557762 0.015831 0.0319993 0.066556
10 0.00610487 0.465498 0.010981 0.136243 0.0659095
6 0.980353 0.881341 0.0384833 0.244645 0.0658403
11 0.192891 0.955169 0.373903 0.0904707 0.0658188
10 0.528424 0.0880257 0.0557791 0.17274 0.0645773
2 0.102492 0.236351 0.0148782 0.0607895 0.0644159
2 0.247547 0.917717 0.0322247 0.0543516 0.0641281
7 0.802583 0.211775 0.0137127 0.0278883 0.0638398
6 0.319428 0.186705 0.192717 0.297537 0.0638248
10 0.93808 0.901363 0.120886 0.19918 0.063666
2 0.181534 0.0768129 0.0154521 0.0280445 0.0634901
10 0.0101524 0.7784 0.0215493 0.201024 0.0628553
10 0.988397 0.604257 0.0227327 0.783881 0.0624298
11 0.110778 0.233842 0.045238 0.0959927 0.0621794
7 0.8545 0.260416 0.0378922 0.08117 0.0619169
2 0.248936 0.15129 0.0252347 0.0587767 0.0616724
10 0.99295 0.667599 0.0160995 0.199623 0.0611927
10 0.992066 0.703888 0.0171667 0.17007 0.0609101
11 0.253678 0.919266 0.230507 0.162446 0.0608564
7 0.41343 0.231902 0.0188437 0.0407892 0.0606493
11 0.273906 0.21263 0.10212 0.284792 0.0604601
6 0.684383 0.249596 0.0466139 0.103025 0.0604546
10 0.980727 0.490264 0.0349119 0.890322 0.0597999
11 0.711863 0.2551 0.0473502 0.0954274 0.0589017
10 0.609453 0.444986 0.134297 0.673317 0.0586837
7 0.759768 0.174415 0.0230114 0.0601388 0.0586827
6 0.677628 0.392345 0.0697381 0.218565 0.0585928
10 0.0090293 0.576817 0.0183519 0.299012 0.0581624
10 0.119526 0.793418 0.0384034 0.101634 0.0580782
10 0.00663663 0.851824 0.0149132 0.153852 0.0571261
11 0.21311 0.0828472 0.408761 0.162178 0.0570431
7 0.196062 0.705626 0.0330277 0.0877009 0.0565338
10 0.986461 0.493232 0.0243682 0.552001 0.0564753
6 0.0861168 0.532568 0.158034 0.241237 0.0563233
2 0.0456271 0.122178 0.0283446 0.0542495 0.0561633
2 0.132431 0.266348 0.0370903 0.0663946 0.0556421
11 0.131594 0.30042 0.0565109 0.133508 0.0556149
6 0.354895 0.280006 0.12385 0.184083 0.0547746
6 0.375766 0.157007 0.0590603 0.133735 0.0546792
6 0.428173 0.538169 0.115601 0.22326 0.0546731
11 0.253748 0.962454 0.281317 0.0769669 0.0540178
2 0.740668 0.165757 0.0427489 0.0690609 0.0537564
2 0.141552 0.0396662 0.027307 0.0596129 0.0534304
10 0.410745 0.0925235 0.041919 0.175319 0.0533372
10 0.994301 0.672989 0.0131599 0.311108 0.052924
6 0.675184 0.386988 0.0686855 0.226584 0.0526995
6 0.9374 0.942155 0.109719 0.118495 0.0524546
2 0.287784 0.0805826 0.0210423 0.0378204 0.05227
10 0.0113714 0.900441 0.0243467 0.197354 0.0521802
7 0.298864 0.423155 0.0204311 0.0424475 0.0516398
6 0.00925696 0.756174 0.0193571 0.147231 0.0514347
7 0.771534 0.193491 0.0215028 0.0293773 0.0513766
10 0.620197 0.249972 0.0923189 0.296371 0.0513188
7 0.740958 0.226127 0.0156628 0.0397661 0.0512043
7 0.788868 0.175261 0.0280133 0.0700233 0.0503387
10 0.617939 0.181687 0.078315 0.152808 0.0502709
2 0.277219 0.167362 0.0215604 0.0499339 0.0500886
11 0.288474 0.0863724 0.245732 0.168386 0.0498212
10 0.892369 0.397945 0.170899 0.719639 0.0486467
10 0.399054 0.192865 0.0557225 0.181851 0.0485638
11 0.0942588 0.312025 0.0527506 0.117168 0.048283
6 0.614046 0.203514 0.123702 0.195705 0.0473599
2 0.248042 0.182274 0.0296247 0.071409 0.0473289
10 0.746162 0.178311 0.0671289 0.098375 0.0472088
2 0.0906463 0.109756 0.0174667 0.0445451 0.0467048
6 0.257771 0.278467 0.0685934 0.144382 0.0462016
7 0.7444 0.168912 0.0261015 0.0696489 0.0459667
2 0.251198 0.164165 0.0233839 0.0435922 0.0459523
2 0.150043 0.0341518 0.0227329 0.0544613 0.0457046
6 0.400454 0.22406 0.0533369 0.245218 0.0455095
6 0.0661938 0.541365 0.0628343 0.145941 0.0452798
11 0.624534 0.277796 0.615954 0.324612 0.0452672
6 0.407684 0.918651 0.258357 0.163619 0.0447707
6 0.0529162 0.517022 0.0964345 0.172101 0.0446236
7 0.876356 0.268262 0.0462256 0.0768069 0.0445767
7 0.481093 0.224864 0.0208899 0.0565764 0.0445665
10 0.0533548 0.233151 0.0306217 0.10756 0.0441223
7 0.878411 0.229644 0.0344438 0.0494826 0.0440793
2 0.0740151 0.138292 0.0195074 0.0576062 0.0439651
2 0.951359 0.970258 0.0408176 0.0592451 0.0439318
10 0.139681 0.855807 0.0435448 0.116793 0.0437284
6 0.403214 0.149737 0.0681658 0.157152 0.0436193
11 0.115988 0.962905 0.225238 0.0752551 0.0435746
6 0.0575575 0.514315 0.0524229 0.124063 0.0435649
2 0.23104 0.977932 0.0636375 0.0451788 0.0434382
7 0.800123 0.236503 0.0420076 0.075092 0.0432985
7 0.516497 0.965555 0.069511 0.0702377 0.0431103
10 0.05392 0.866432 0.107215 0.263576 0.0429762
6 0.0366064 0.952652 0.0735789 0.0960587 0.042837
2 0.756284 0.1652 0.0441093 0.068849 0.0423703
2 0.121127 0.225171 0.031446 0.0781828 0.0419529
7 0.698935 0.611362 0.038201 0.103559 0.0418983
6 0.28687 0.222107 0.10616 0.283727 0.0418524
6 0.615059 0.623323 0.140791 0.363826 0.0417999
6 0.529226 0.918382 0.317208 0.165985 0.0415869
2 0.248016 0.189143 0.0319809 0.0633536 0.0414358
7 0.85245 0.268866 0.0270818 0.0660312 0.0409501
6 0.0996459 0.543672 0.0520729 0.235118 0.040829
2 0.295843 0.1867 0.0158751 0.0447626 0.0406379
6 0.744615 0.454933 0.12459 0.159324 0.040589
2 0.407528 0.453955 0.0240199 0.0543831 0.0404296
11 0.456346 0.259727 0.1492 0.207955 0.0399688
10 0.8417 0.509378 0.256041 0.823566 0.0398988
6 0.317111 0.183121 0.220784 0.353796 0.0396544
10 0.987816 0.420922 0.0209095 0.419411 0.0396127
10 0.988688 0.357262 0.0191986 0.67711 0.0395714
7 0.376722 0.412548 0.0162004 0.044968 0.0395308
6 0.315273 0.280315 0.0645597 0.162129 0.0393691
2 0.781822 0.233787 0.0233686 0.0846127 0.0389724
7 0.87226 0.248573 0.0403709 0.103223 0.0386946
6 0.482094 0.122495 0.0519349 0.102902 0.0382937
10 0.740136 0.165612 0.0566391 0.0671234 0.0382393
11 0.0573595 0.216726 0.0712777 0.147147 0.0382021
7 0.778816 0.196703 0.0185837 0.0293326 0.0381274
7 0.495869 0.209942 0.0141809 0.035393 0.0375428
6 0.744819 0.20251 0.178675 0.20882 0.0372655
10 0.936616 0.488801 0.0845275 0.627512 0.0366105
10 0.188453 0.783311 0.374861 0.416935 0.0366017
10 0.303787 0.0997368 0.0617524 0.086771 0.0362764
2 0.294983 0.776468 0.0454508 0.106052 0.0358972
10 0.733802 0.204171 0.0799637 0.0497581 0.0358835
10 0.071013 0.207707 0.0265111 0.0625547 0.0342907
2 0.327907 0.0782074 0.0192621 0.0388686 0.0336403
11 0.772104 0.318622 0.181017 0.305535 0.0332059
2 0.0139547 0.105681 0.0308755 0.0949251 0.0326162
7 0.809219 0.233666 0.0416924 0.0775681 0.0325828
7 0.804677 0.226251 0.0207378 0.0758011 0.0324894
11 0.229595 0.178218 0.372753 0.346115 0.0323036
10 0.0486063 0.20334 0.0284845 0.0510088 0.0321904
11 0.45773 0.262901 0.151146 0.205123 0.0318406
9 0.193423 0.933039 0.128385 0.137943 0.0316343
11 0.788847 0.300029 0.17353 0.310218 0.0312381
11 0.34815 0.401754 0.157835 0.151537 0.0301622
10 0.864936 0.247638 0.0584564 0.109452 0.029157
10 0.785356 0.539185 0.383839 0.899408 0.0290102
10 0.747137 0.467219 0.442485 0.747543 0.0283394
2 0.816284 0.24923 0.0303009 0.103917 0.0275457
10 0.686207 0.162669 0.0868485 0.130492 0.0266283
11 0.246341 0.205597 0.0598668 0.12158 0.0263362
10 0.625824 0.655266 0.196422 0.414231 0.025616
10 0.733025 0.679726 0.410501 0.500375 0.0256107
11 0.748702 0.363144 0.19643 0.374722 0.0251737
11 0.608872 0.177028 0.395605 0.168378 0.0247691
11 0.54425 0.169422 0.0540323 0.0700758 0.0243586
10 0.213614 0.672222 0.239739 0.534848 0.0242642
11 0.857939 0.281133 0.0572893 0.0677728 0.0242451
10 0.159079 0.760223 0.315228 0.340265 0.0241071
10 0.647573 0.617898 0.117907 0.351853 0.0231246
6 0.298402 0.221307 0.101632 0.284405 0.0224576
10 0.147442 0.788886 0.0336821 0.0902722 0.0223673
11 0.437963 0.300446 0.0853115 0.174718 0.0219294
10 0.712678 0.506695 0.421512 0.803432 0.021833
11 0.83458 0.30224 0.157579 0.314094 0.0214692
10 0.760132 0.532428 0.400482 0.882459 0.0213579
11 0.38561 0.476788 0.257388 0.339746 0.0210277
6 0.152441 0.530113 0.0529387 0.221914 0.0210122
6 0.447593 0.340672 0.137137 0.148541 0.0173547
6 0.536205 0.620458 0.0655551 0.182956 0.0169549
2 0.339102 0.729714 0.0206086 0.0414691 0.0160535
11 0.218674 0.257613 0.0560809 0.167507 0.0157914
