10 0.904719 0.689818 0.0649553 0.23856 0.838672
10 0.503982 0.650056 0.0510012 0.237441 0.77776
10 0.559697 0.64174 0.0604755 0.256277 0.767696
10 0.862031 0.542347 0.0358791 0.15745 0.740142
10 0.893392 0.548007 0.0410009 0.151574 0.726222
10 0.840159 0.539265 0.0311172 0.154073 0.724629
0 0.632018 0.575083 0.0647686 0.120341 0.636865
10 0.157114 0.763309 0.0563025 0.174259 0.491467
10 0.563966 0.953351 0.147825 0.0931812 0.427435
0 0.734693 0.494992 0.0370986 0.0851959 0.371338
10 0.529989 0.95226 0.239341 0.0955736 0.301461
10 0.868734 0.377034 0.0131113 0.0472548 0.271797
10 0.870947 0.376014 0.0126991 0.0495568 0.238156
10 0.881615 0.545815 0.0493813 0.154211 0.229246
10 0.48724 0.540259 0.0440735 0.210146 0.225759
10 0.840657 0.536958 0.0351223 0.154247 0.214728
10 0.598032 0.953391 0.242526 0.0943529 0.204831
6 0.201637 0.692168 0.0544363 0.134919 0.188538
10 0.854078 0.535374 0.0351398 0.155651 0.174004
10 0.631013 0.503092 0.0474978 0.15301 0.173946
6 0.258922 0.698977 0.0583943 0.197747 0.17387
10 0.202071 0.699354 0.0538057 0.120304 0.171203
10 0.880406 0.544855 0.0377035 0.154573 0.165168
10 0.99403 0.407875 0.0131535 0.213524 0.158187
6 0.987594 0.427724 0.0240789 0.196731 0.154362
6 0.0347447 0.911126 0.0721604 0.179438 0.147851
10 0.881752 0.544617 0.0343698 0.156761 0.14529
10 0.844578 0.534768 0.0273539 0.15231 0.142762
10 0.582924 0.955138 0.0799595 0.0894509 0.138232
10 0.875414 0.545099 0.0406616 0.152696 0.133793
10 0.171292 0.756168 0.0394924 0.154659 0.132633
11 0.982916 0.387172 0.0345575 0.116074 0.129763
10 0.475493 0.952944 0.369453 0.0945182 0.128864
6 0.0363784 0.874948 0.0749589 0.2503 0.128734
11 0.986981 0.371994 0.0267447 0.0999665 0.127086
10 0.573369 0.955477 0.0835132 0.0891307 0.125935
10 0.386446 0.74704 0.0399347 0.163551 0.124077
10 0.896492 0.543598 0.0443056 0.150962 0.121989
10 0.0340785 0.834039 0.0695773 0.331064 0.121886
10 0.874832 0.541608 0.0338335 0.156639 0.120881
6 0.950589 0.938785 0.10056 0.113495 0.119768
10 0.558103 0.986349 0.0868625 0.0273359 0.112035
7 0.383815 0.707853 0.0310316 0.0718732 0.1118
10 0.628118 0.52004 0.0517985 0.188594 0.108832
2 0.199819 0.0726932 0.0673513 0.145494 0.108043
10 0.845603 0.378021 0.0155386 0.0582472 0.107863
10 0.994138 0.344217 0.0128992 0.363083 0.105793
10 0.847447 0.378928 0.0133013 0.0591278 0.104489
6 0.256161 0.675401 0.0447096 0.139504 0.10445
10 0.588274 0.953369 0.110628 0.0933371 0.104076
10 0.842758 0.380562 0.0151134 0.0571359 0.103797
6 0.981938 0.418939 0.0372118 0.173636 0.102352
6 0.0352143 0.946335 0.0731676 0.108543 0.102072
6 0.282115 0.673592 0.0455661 0.134775 0.101207
10 0.850588 0.377691 0.0113152 0.0577898 0.10111
10 0.496267 0.951447 0.378989 0.0974977 0.0986585
6 0.289613 0.673011 0.0422522 0.131464 0.0976334
11 0.322599 0.795052 0.0986966 0.214235 0.0968733
6 0.0545641 0.91441 0.110578 0.172989 0.0949715
10 0.881399 0.544713 0.0333202 0.150011 0.0939246
6 0.98353 0.432805 0.0337637 0.189499 0.0912253
10 0.408054 0.670118 0.063021 0.137518 0.0911173
11 0.987589 0.373702 0.0264723 0.0851134 0.0906487
6 0.25637 0.696519 0.0465363 0.18494 0.0866492
10 0.882059 0.545171 0.0447948 0.148451 0.0860872
10 0.0514366 0.860149 0.10646 0.281766 0.085651
10 0.4804 0.61873 0.0230222 0.0634454 0.0856235
6 0.0511374 0.9534 0.103277 0.0953561 0.0850475
10 0.634182 0.479255 0.0398428 0.0979029 0.0836972
10 0.991862 0.404589 0.0178965 0.509253 0.0833476
10 0.493315 0.598531 0.0573485 0.341995 0.0819855
10 0.158585 0.697792 0.0622303 0.328167 0.0817554
10 0.459941 0.594338 0.0332691 0.117848 0.0758963
6 0.294333 0.672477 0.0475461 0.133834 0.0757264
4 0.270904 0.272306 0.0360761 0.0393124 0.0751638
10 0.989858 0.496704 0.0199291 0.343248 0.0741629
10 0.903651 0.543363 0.0419693 0.151388 0.0730794
10 0.0112154 0.827578 0.0221556 0.338852 0.0729477
10 0.871642 0.539661 0.0323954 0.154669 0.0729203
11 0.973829 0.395753 0.0522959 0.132262 0.0725988
10 0.135747 0.784776 0.035284 0.138819 0.0718465
10 0.976663 0.62927 0.0463623 0.621865 0.0717835
10 0.56965 0.988397 0.0996047 0.0237546 0.0713117
6 0.221487 0.698012 0.0433331 0.112694 0.0712668
6 0.981999 0.446954 0.0355259 0.213518 0.0708093
10 0.0133125 0.768432 0.0291187 0.462101 0.0707618
10 0.994031 0.392289 0.011661 0.147458 0.0705124
10 0.134581 0.767224 0.0488074 0.190267 0.0701683
10 0.0513733 0.776098 0.103325 0.448977 0.0700417
6 0.284188 0.674434 0.0401032 0.127935 0.0699103
10 0.142332 0.697078 0.0445612 0.335662 0.0698806
11 0.323166 0.79323 0.0958146 0.219486 0.0691528
4 0.236574 0.278293 0.0518382 0.0426609 0.0684722
10 0.646352 0.954314 0.391008 0.0908171 0.0678954
2 0.446581 0.473123 0.0227205 0.0529927 0.0674442
10 0.984361 0.585683 0.0307701 0.527695 0.0671965
2 0.259282 0.0746045 0.0614153 0.144868 0.0665992
10 0.174741 0.753634 0.0388121 0.155546 0.0664274
2 0.421614 0.481238 0.0462031 0.0566323 0.0660164
10 0.985824 0.645436 0.0288891 0.546994 0.0657211
10 0.855639 0.376654 0.0119591 0.0537247 0.0639516
10 0.134174 0.772189 0.0310576 0.120579 0.0637633
10 0.615393 0.952196 0.310693 0.0978242 0.0637315
2 0.406432 0.484031 0.0384067 0.0563978 0.06325
6 0.243334 0.69238 0.0596509 0.193332 0.0630495
10 0.434192 0.549464 0.091737 0.212519 0.062891
10 0.909423 0.542293 0.0374939 0.149647 0.062834
6 0.254698 0.686145 0.0380963 0.136094 0.0626919
6 0.972762 0.420054 0.0539198 0.16987 0.0626325
6 0.260762 0.685337 0.0475871 0.110586 0.0622979
10 0.0545345 0.727808 0.109296 0.548888 0.0620392
6 0.620741 0.478667 0.0428172 0.0977817 0.0609503
10 0.986497 0.71106 0.0256462 0.471292 0.0606185
6 0.956237 0.396488 0.0257229 0.0731915 0.0603995
10 0.185114 0.677812 0.0570737 0.172928 0.0602727
2 0.460853 0.470097 0.0207949 0.0514553 0.0597756
6 0.295637 0.695375 0.0634669 0.180233 0.05937
2 0.21019 0.0694565 0.0394644 0.142182 0.0592519
10 0.12263 0.781002 0.0391993 0.159788 0.0591293
6 0.25868 0.671809 0.0762786 0.145754 0.0583822
6 0.238177 0.698623 0.0499301 0.197154 0.0580544
10 0.173095 0.753879 0.0410928 0.150182 0.0574415
4 0.881756 0.351451 0.0329578 0.0393253 0.0573067
6 0.246695 0.707777 0.0942608 0.218638 0.057057
2 0.40287 0.484817 0.0331023 0.0570438 0.0568105
10 0.428376 0.599258 0.0270429 0.108829 0.0565473
10 0.291676 0.272421 0.0203084 0.0357358 0.0560262
2 0.380182 0.488531 0.0249168 0.0580201 0.0559819
2 0.410056 0.479972 0.0196311 0.0526642 0.0559482
10 0.97228 0.60983 0.0567167 0.648699 0.055507
2 0.414778 0.480598 0.0352936 0.0543925 0.0554223
6 0.253111 0.692914 0.0485937 0.108888 0.0553986
6 0.269109 0.672907 0.0419475 0.131226 0.0553363
10 0.279886 0.260459 0.0244735 0.046521 0.0551133
6 0.979815 0.459911 0.038551 0.22901 0.0547303
10 0.435353 0.596893 0.0295493 0.112004 0.054469
10 0.375028 0.578244 0.0405311 0.266827 0.0540662
2 0.305021 0.268956 0.0224555 0.037686 0.0537047
2 0.426087 0.477291 0.0315377 0.0542555 0.0529197
10 0.839046 0.392908 0.0159838 0.0396006 0.052901
10 0.279593 0.266594 0.0316474 0.0449457 0.0521048
10 0.612084 0.51136 0.0440743 0.156558 0.0517707
6 0.299701 0.669476 0.0570734 0.132184 0.0516848
2 0.458953 0.469574 0.0251332 0.0528345 0.0515256
10 0.137657 0.760808 0.0461266 0.198654 0.0513844
10 0.574505 0.568292 0.0651408 0.396542 0.0513637
0 0.612415 0.580448 0.0566067 0.108579 0.05131
10 0.847526 0.535482 0.0299221 0.142895 0.0511705
10 0.379427 0.581091 0.0499423 0.287558 0.0510197
10 0.407541 0.969395 0.373804 0.0609945 0.0506633
10 0.13077 0.0191267 0.063229 0.0394475 0.050235
10 0.19713 0.677984 0.0422458 0.167143 0.0500106
6 0.420933 0.617205 0.0331964 0.0817067 0.049826
10 0.488564 0.614824 0.0226077 0.0652532 0.0493674
6 0.248466 0.718714 0.0631518 0.155983 0.0493328
10 0.985961 0.316868 0.0275091 0.489921 0.0490751
6 0.259007 0.670451 0.035337 0.112212 0.0486934
10 0.537355 0.640871 0.0545137 0.253783 0.0480125
2 0.157857 0.0730283 0.139864 0.146177 0.0477414
6 0.244193 0.674753 0.0437805 0.160954 0.0474601
6 0.647765 0.482853 0.0337931 0.0965601 0.0472439
10 0.87592 0.364094 0.0131485 0.0391378 0.04704
10 0.476931 0.656887 0.0454664 0.219797 0.0463541
6 0.106523 0.937756 0.209595 0.125178 0.046238
2 0.312251 0.267159 0.0243513 0.0372322 0.0454206
10 0.359272 0.74605 0.0363696 0.172493 0.0450203
10 0.967888 0.162723 0.0267517 0.0820912 0.0450025
11 0.962659 0.38777 0.0485733 0.0901095 0.0448807
4 0.250694 0.276599 0.0332726 0.035318 0.0446643
10 0.137457 0.763188 0.0290432 0.0877483 0.0445882
0 0.712529 0.497583 0.0342914 0.0871887 0.044105
0 0.616931 0.575667 0.0527947 0.109794 0.043725
10 0.13393 0.783558 0.0380787 0.152745 0.0435943
10 0.466112 0.593024 0.0487672 0.30328 0.0434506
2 0.472232 0.466903 0.0264548 0.0504275 0.043184
0 0.616929 0.531339 0.0444088 0.19415 0.0425675
0 0.64522 0.530542 0.0442896 0.190004 0.0424315
10 0.884827 0.385331 0.014237 0.0414353 0.0421506
6 0.412647 0.618511 0.0306542 0.0814434 0.0419942
0 0.851409 0.394814 0.0142212 0.0311011 0.0418589
10 0.174191 0.577843 0.0377046 0.0935825 0.0418265
4 0.922003 0.361383 0.0346436 0.0471614 0.0418012
10 0.884193 0.354845 0.021592 0.0313237 0.041597
0 0.709059 0.499921 0.0366183 0.0907303 0.0412583
10 0.178919 0.675245 0.0409946 0.167016 0.0412528
10 0.13669 0.756379 0.0266082 0.0811312 0.0410697
10 0.368799 0.300307 0.0346034 0.183019 0.0407761
4 0.921951 0.366137 0.0292568 0.0389356 0.0406077
10 0.162836 0.38537 0.0488412 0.125381 0.0405451
10 0.158606 0.620651 0.0470203 0.17675 0.040401
6 0.227719 0.697756 0.062615 0.202258 0.0403008
4 0.224718 0.279037 0.0519931 0.0446252 0.0401605
6 0.395992 0.675709 0.0653385 0.122507 0.0400121
6 0.237246 0.716638 0.0506657 0.156124 0.0399638
4 0.250576 0.276262 0.0350155 0.036212 0.0397246
6 0.169861 0.716061 0.045845 0.0981916 0.0396216
10 0.167291 0.607894 0.0492079 0.153792 0.0395881
10 0.871384 0.481501 0.0254419 0.0398313 0.0392178
10 0.879843 0.55496 0.0418859 0.138369 0.0390252
10 0.181904 0.685388 0.0419701 0.14275 0.0389445
11 0.26032 0.639715 0.045951 0.0731877 0.0385508
6 0.221109 0.702659 0.0432497 0.182381 0.0381727
0 0.603598 0.586741 0.0568451 0.106171 0.0381307
10 0.403104 0.74064 0.0339092 0.154146 0.038111
4 0.257433 0.272728 0.0305718 0.0372972 0.0380966
10 0.0923008 0.353389 0.0111366 0.0225677 0.0376245
0 0.624917 0.539319 0.0455928 0.164016 0.0376205
10 0.264811 0.257709 0.0236139 0.0477434 0.0372763
10 0.175088 0.663312 0.0390614 0.150861 0.0371689
10 0.399743 0.740525 0.0356404 0.154785 0.037125
10 0.425266 0.586082 0.104294 0.296081 0.0366602
10 0.129924 0.757887 0.0466548 0.203253 0.0366466
10 0.19429 0.708959 0.0394715 0.0999884 0.0365385
10 0.139599 0.791852 0.0622443 0.148353 0.0364581
7 0.378316 0.678713 0.020955 0.0735668 0.0364116
6 0.310183 0.677512 0.0501371 0.154032 0.0361422
2 0.490662 0.462239 0.0233311 0.0483966 0.0361403
6 0.20654 0.676726 0.0437349 0.161413 0.0359623
6 0.645618 0.487903 0.0352242 0.0961193 0.0359422
4 0.313399 0.268311 0.0243521 0.035773 0.0358513
11 0.2601 0.632623 0.0418318 0.0594037 0.0358231
2 0.122422 0.02219 0.0568417 0.0459115 0.035595
10 0.591456 0.506948 0.0378603 0.158365 0.0352054
10 0.453333 0.953693 0.570307 0.0924564 0.034828
10 0.152302 0.698524 0.10453 0.376148 0.0348178
10 0.797639 0.408393 0.0241048 0.0631409 0.0342054
10 0.404076 0.609628 0.0273181 0.0797303 0.0339063
7 0.275402 0.764142 0.0279087 0.0493104 0.033825
6 0.17826 0.700753 0.0397705 0.118085 0.0333565
10 0.150631 0.0164672 0.0431176 0.0339536 0.0333234
2 0.379583 0.50296 0.0318531 0.0975647 0.0331196
10 0.416156 0.601047 0.0317426 0.114519 0.0330067
6 0.982344 0.657401 0.0348677 0.170414 0.03275
10 0.819285 0.533999 0.0249744 0.155066 0.0326257
0 0.660392 0.573823 0.0373847 0.10137 0.0322894
10 0.168148 0.65293 0.0348715 0.130876 0.0322396
10 0.897748 0.359817 0.0189497 0.0351678 0.0320891
0 0.75677 0.496748 0.0327878 0.0828738 0.031342
6 0.94882 0.939323 0.102412 0.113724 0.0311539
7 0.368768 0.685817 0.0172082 0.0748953 0.030615
10 0.603264 0.626673 0.0493129 0.271161 0.0305591
10 0.0297109 0.359129 0.0362621 0.0584514 0.0305063
10 0.888444 0.633841 0.0504406 0.335131 0.0302957
3 0.90379 0.347175 0.0925251 0.152114 0.0296444
10 0.614945 0.476145 0.0361069 0.0922626 0.0295324
10 0.167647 0.671191 0.0335233 0.147709 0.029279
10 0.13412 0.61838 0.0309318 0.137776 0.0292698
7 0.401412 0.700378 0.0314153 0.0763459 0.0289845
6 0.652878 0.482398 0.035721 0.0997555 0.0287032
10 0.624842 0.95818 0.184584 0.087311 0.0285027
10 0.162681 0.0163606 0.0544794 0.0332324 0.0281702
10 0.524915 0.664706 0.0314269 0.0901831 0.027898
3 0.91859 0.526923 0.16078 0.645814 0.0273835
10 0.899786 0.499212 0.0236216 0.0563022 0.0272555
6 0.374757 0.663881 0.0317898 0.105211 0.0268778
10 0.899985 0.49864 0.0242746 0.058363 0.0268534
2 0.174081 0.0160573 0.0314622 0.0324839 0.0266168
0 0.604381 0.579893 0.062231 0.114282 0.0264325
6 0.42445 0.672839 0.0460289 0.113549 0.0263787
10 0.875122 0.48183 0.0195711 0.0370181 0.0262476
6 0.381652 0.668962 0.0337791 0.110647 0.0257506
2 0.528681 0.015862 0.0600312 0.0325344 0.0256761
10 0.909022 0.535601 0.034651 0.133168 0.0252685
10 0.115425 0.789414 0.0397632 0.151239 0.0250049
2 0.236555 0.069666 0.0552584 0.142451 0.0248449
0 0.757816 0.495573 0.0328987 0.0843775 0.0242861
10 0.187911 0.570372 0.0490625 0.0933068 0.0242841
10 0.880131 0.519356 0.0692604 0.0948091 0.0241223
10 0.33523 0.697255 0.0197212 0.0699069 0.0240874
7 0.402539 0.699535 0.0314674 0.071163 0.0238763
3 0.924295 0.487572 0.152944 0.34868 0.0234335
6 0.125481 0.720141 0.0292415 0.139712 0.0229273
2 0.175799 0.0766201 0.0457015 0.156823 0.0221789
6 0.286375 0.746741 0.0421283 0.105169 0.0217641
2 0.161196 0.0428158 0.13494 0.0883231 0.0207685
0 0.755092 0.493975 0.0339171 0.0816945 0.0207205
4 0.852921 0.452423 0.0247217 0.021937 0.0206685
10 0.161905 0.711959 0.0830901 0.171972 0.0204064
10 0.130826 0.759237 0.1721 0.221166 0.0203762
3 0.307096 0.111988 0.560013 0.224199 0.0199278
10 0.95511 0.377798 0.0601946 0.145665 0.0198954
10 0.091875 0.769806 0.11329 0.213835 0.0198953
10 0.356645 0.68664 0.037093 0.107439 0.0198273
3 0.307078 0.129542 0.564746 0.258812 0.0197415
0 0.665086 0.539051 0.0348265 0.156775 0.0197397
10 0.635194 0.334458 0.0266593 0.163684 0.019508
10 0.591759 0.535404 0.0352674 0.184373 0.0192298
7 0.32877 0.266354 0.017434 0.0354776 0.0186693
3 0.305275 0.216404 0.594572 0.431269 0.0180068
6 0.287826 0.765262 0.241043 0.256946 0.0179305
0 0.589142 0.590539 0.0568211 0.106641 0.0171557
10 0.930675 0.686242 0.0393782 0.259488 0.0168508
10 0.841765 0.481259 0.0174078 0.0470086 0.0166845
10 0.608447 0.076134 0.0509576 0.159019 0.015108
3 0.435405 0.263192 0.861733 0.522835 0.0147706
3 0.332548 0.119137 0.524893 0.242225 0.014365
10 0.837207 0.530604 0.181015 0.194876 0.0143381
3 0.428716 0.157436 0.817401 0.317053 0.0143297
2 0.207773 0.185361 0.0239923 0.10881 0.0127702
3 0.837334 0.589194 0.285034 0.420212 0.0116047
