10 0.568595 0.635944 0.0579368 0.266995 0.785996
10 0.87489 0.616128 0.0441854 0.186548 0.774144
10 0.468826 0.621696 0.0489722 0.232991 0.692565
0 0.631894 0.569589 0.0657002 0.135747 0.598835
10 0.896024 0.455736 0.0292103 0.108828 0.509994
10 0.492022 0.557872 0.0634494 0.239208 0.504102
10 0.157496 0.761924 0.0528032 0.175326 0.416221
10 0.908646 0.458762 0.0271582 0.101363 0.322516
0 0.73466 0.494652 0.0363379 0.085744 0.285845
10 0.923345 0.46868 0.025856 0.0963949 0.246484
10 0.924729 0.465954 0.0261534 0.104072 0.235739
10 0.891873 0.45024 0.0234295 0.104661 0.212262
10 0.919724 0.464833 0.023814 0.0996054 0.191813
10 0.631673 0.503371 0.0474228 0.159104 0.179949
10 0.98849 0.409482 0.0240168 0.20654 0.176746
10 0.885703 0.451319 0.0250338 0.105247 0.16946
0 0.629128 0.530013 0.0564058 0.198851 0.163759
7 0.384329 0.710723 0.0303125 0.0757685 0.154892
10 0.507919 0.607507 0.0384181 0.14636 0.143137
10 0.920993 0.458855 0.0323156 0.113399 0.141509
10 0.990823 0.404691 0.0204136 0.208141 0.1414
4 0.23923 0.277916 0.0532652 0.0432153 0.141165
10 0.507009 0.623001 0.0362976 0.0944469 0.14111
4 0.27479 0.272068 0.0384341 0.0370937 0.139853
10 0.428773 0.548774 0.0778094 0.212654 0.137265
6 0.0336034 0.911697 0.0695989 0.177929 0.13652
6 0.622419 0.504439 0.0434665 0.146448 0.131436
6 0.0356995 0.87094 0.0733762 0.258729 0.120387
10 0.385668 0.746944 0.0386248 0.162942 0.119787
10 0.0325057 0.837991 0.0658981 0.323273 0.118634
10 0.155305 0.69335 0.0675538 0.333522 0.115165
10 0.932122 0.468911 0.0238514 0.0971252 0.113772
2 0.201444 0.0737401 0.0724759 0.147364 0.110098
10 0.376144 0.575775 0.0455225 0.274597 0.108065
10 0.90337 0.452711 0.0226557 0.101021 0.104666
6 0.988953 0.426902 0.0218973 0.179488 0.103445
6 0.0358868 0.945377 0.073982 0.110633 0.102389
4 0.882406 0.349959 0.0354885 0.0394017 0.102244
10 0.84443 0.373957 0.0198841 0.0711607 0.100377
10 0.907788 0.452743 0.0236139 0.109749 0.0993148
6 0.982708 0.400438 0.0349188 0.127601 0.0987624
10 0.49359 0.589315 0.0438602 0.193053 0.0934495
6 0.636317 0.49641 0.0431382 0.137848 0.0923315
4 0.230272 0.278006 0.0498655 0.0438812 0.0918244
6 0.0518759 0.915485 0.105721 0.170562 0.0901803
11 0.987134 0.385079 0.0267221 0.0804445 0.0896446
4 0.265806 0.271021 0.0312455 0.0355627 0.0887568
11 0.91496 0.448345 0.0641005 0.128756 0.0882425
6 0.986214 0.445478 0.0281069 0.156289 0.0878086
10 0.987186 0.370885 0.0270185 0.101489 0.0866059
6 0.048392 0.950726 0.098272 0.100076 0.0857966
2 0.258551 0.0735189 0.0619153 0.143351 0.0853951
6 0.955375 0.397432 0.022716 0.0661167 0.0836407
10 0.488317 0.61138 0.0473908 0.235578 0.0828728
6 0.950667 0.939135 0.100346 0.113486 0.0822821
2 0.444911 0.473116 0.0234697 0.0539011 0.081689
10 0.0512683 0.862764 0.106027 0.276975 0.0811808
6 0.984851 0.408572 0.0316753 0.138836 0.0791019
10 0.499297 0.56337 0.0575128 0.228734 0.0790168
10 0.43574 0.596584 0.0307416 0.121507 0.0782752
10 0.48852 0.594978 0.042666 0.197069 0.0772816
10 0.380734 0.554334 0.0435303 0.202632 0.0771545
10 0.174744 0.754722 0.0385181 0.155271 0.0746751
10 0.175815 0.651005 0.0324384 0.0964838 0.0740806
10 0.175315 0.754083 0.0381311 0.158907 0.0739927
10 0.994866 0.340252 0.0115131 0.332475 0.0738077
2 0.420719 0.481422 0.0405528 0.0562016 0.0730162
6 0.262689 0.696417 0.0600218 0.202452 0.0729085
6 0.407333 0.679527 0.0627071 0.143469 0.0724374
10 0.157318 0.687065 0.0591092 0.318376 0.0718249
4 0.875656 0.348528 0.0271206 0.0370788 0.0716893
10 0.0196442 0.730431 0.041057 0.545604 0.0714147
10 0.518243 0.548438 0.0544354 0.248136 0.0711139
10 0.484968 0.619572 0.0447283 0.224426 0.0710288
6 0.987552 0.440118 0.0254278 0.144918 0.0703117
11 0.923535 0.401084 0.0609409 0.0546862 0.0702116
10 0.0513474 0.7805 0.102319 0.441538 0.0700973
10 0.932715 0.448658 0.0244579 0.129499 0.0697126
10 0.987582 0.50683 0.0258282 0.419656 0.0686393
6 0.975448 0.662074 0.0503481 0.135879 0.0683143
2 0.415783 0.48005 0.0242372 0.0530944 0.068095
2 0.402765 0.484564 0.0321099 0.0568155 0.0680423
10 0.880563 0.366444 0.014591 0.0735928 0.0678455
6 0.944672 0.397714 0.0330421 0.0649634 0.0675335
10 0.369258 0.567103 0.038326 0.250198 0.067462
10 0.45569 0.54997 0.0366986 0.20326 0.0673816
2 0.426304 0.477041 0.024795 0.0530508 0.06726
0 0.60898 0.574574 0.093236 0.134316 0.0670777
4 0.255177 0.275867 0.0331348 0.0344669 0.0666705
10 0.879421 0.452896 0.0241522 0.107808 0.0660918
10 0.487805 0.577452 0.0635016 0.298395 0.0660196
10 0.00818325 0.800275 0.0166152 0.394168 0.0649083
2 0.158367 0.0735228 0.13925 0.146816 0.064242
10 0.1728 0.646236 0.0339912 0.097546 0.0642323
6 0.881037 0.454587 0.0259266 0.10723 0.063895
2 0.210036 0.0702137 0.0386879 0.144076 0.0637782
10 0.13962 0.767497 0.061549 0.1921 0.0634152
6 0.412142 0.676902 0.0667246 0.129496 0.0633328
7 0.401387 0.737062 0.0331753 0.138994 0.0630506
6 0.97373 0.713863 0.0519247 0.25143 0.0627049
10 0.011238 0.832641 0.021968 0.315114 0.0624656
10 0.35286 0.753343 0.0449795 0.18327 0.0620822
10 0.427933 0.552671 0.0249741 0.202194 0.0620454
10 0.279681 0.259294 0.0239986 0.0432755 0.0616729
10 0.176507 0.649829 0.0330338 0.0981316 0.0615739
6 0.97307 0.408771 0.0539242 0.147333 0.0611825
11 0.919711 0.364235 0.0371992 0.046497 0.0610744
2 0.403217 0.484281 0.0340138 0.0560932 0.0609027
10 0.0518603 0.739706 0.103608 0.524728 0.0608574
6 0.919656 0.366056 0.0316362 0.0403185 0.0604599
11 0.318364 0.797252 0.0817118 0.205661 0.0603648
2 0.458866 0.469705 0.0210496 0.0522302 0.0603599
10 0.139151 0.695213 0.0654756 0.351212 0.0598802
10 0.372401 0.639636 0.0615275 0.412127 0.0597251
6 0.971799 0.411545 0.055541 0.142075 0.0596166
10 0.991081 0.400416 0.0201885 0.561981 0.0587211
10 0.268472 0.256477 0.0233848 0.0431011 0.0580108
4 0.292634 0.268918 0.0302233 0.0382122 0.0575848
4 0.891641 0.35463 0.0227533 0.0379465 0.0575788
7 0.399652 0.739208 0.0350476 0.143165 0.0574486
2 0.46777 0.467059 0.0260801 0.0518117 0.056226
0 0.636376 0.528973 0.0458096 0.181875 0.0560814
10 0.429319 0.589088 0.0357273 0.13149 0.0559705
10 0.468193 0.468811 0.0279521 0.052346 0.055798
10 0.1612 0.385019 0.0469141 0.124261 0.0556571
0 0.612168 0.581716 0.0543521 0.112196 0.0555104
6 0.413467 0.596882 0.0297698 0.116906 0.0553993
2 0.433956 0.473297 0.0188336 0.0501445 0.055034
10 0.983708 0.620969 0.0334452 0.652822 0.0545241
6 0.94846 0.393406 0.0263445 0.0671887 0.0540018
10 0.415719 0.578561 0.104528 0.284526 0.0534206
10 0.412726 0.598138 0.0313493 0.115301 0.0534185
10 0.546693 0.638805 0.0537915 0.264987 0.0534089
4 0.252998 0.275216 0.0355315 0.0353422 0.0528806
10 0.049007 0.696029 0.0979665 0.615825 0.0522899
6 0.970525 0.664869 0.0451105 0.119423 0.0522287
10 0.458815 0.626431 0.0469152 0.217803 0.0520071
11 0.916358 0.385536 0.0884415 0.0783582 0.0517917
4 0.250412 0.274614 0.0287936 0.0347097 0.0511701
0 0.620376 0.576669 0.0517394 0.116171 0.0511581
10 0.295127 0.273304 0.0209435 0.0328678 0.0500008
10 0.990205 0.339898 0.0220327 0.0916756 0.0497284
0 0.604549 0.585583 0.053306 0.108596 0.0495285
6 0.0160907 0.988682 0.0327043 0.0229536 0.0493891
11 0.922246 0.389291 0.0787169 0.0743314 0.0493
6 0.984859 0.460214 0.0298077 0.158678 0.0492242
10 0.837683 0.375746 0.0189528 0.0680233 0.0492027
10 0.132297 0.0186298 0.0655054 0.0383328 0.0491669
6 0.321167 0.780598 0.0882973 0.24047 0.0481446
2 0.188089 0.0707723 0.0510081 0.144108 0.0479704
2 0.385001 0.487948 0.0243592 0.0562976 0.0475686
6 0.00851185 0.903981 0.0170673 0.194516 0.0475108
10 0.370105 0.617914 0.0579366 0.465099 0.047492
10 0.987115 0.584077 0.0269224 0.561531 0.0474519
10 0.486168 0.612637 0.0849528 0.203041 0.0472767
6 0.6159 0.472938 0.0347932 0.0887128 0.0469757
11 0.919697 0.405077 0.0640512 0.0342842 0.0468197
4 0.253939 0.272464 0.0489884 0.0419661 0.0467172
10 0.590107 0.590911 0.0279908 0.0862725 0.0466361
10 0.968243 0.163147 0.0268255 0.0850484 0.0466162
2 0.454025 0.468839 0.0324949 0.0543523 0.0456971
10 0.877145 0.371627 0.0162395 0.060113 0.0454549
10 0.434338 0.552653 0.0729948 0.211591 0.0453629
0 0.611281 0.534823 0.0452143 0.19778 0.0453361
6 0.611131 0.529564 0.0458535 0.200166 0.0452981
10 0.135406 0.691915 0.0389734 0.333641 0.0450047
6 0.9304 0.366061 0.0292562 0.0458275 0.0441047
10 0.128494 0.793433 0.0400063 0.132797 0.0437127
11 0.925797 0.395512 0.0641541 0.0895765 0.0436813
4 0.897999 0.354082 0.0310183 0.0413841 0.0436765
10 0.477851 0.658063 0.0439772 0.1457 0.0436714
11 0.961722 0.387141 0.0415766 0.0688998 0.043671
4 0.308136 0.268623 0.0226544 0.0352695 0.0436154
6 0.64633 0.517356 0.0421657 0.156427 0.0435318
0 0.650006 0.531588 0.0474146 0.203412 0.043494
10 0.147729 0.76736 0.0631469 0.187564 0.0434338
10 0.937895 0.464316 0.0201458 0.104471 0.0433376
0 0.842008 0.392355 0.0187798 0.0422081 0.0431463
6 0.933513 0.415435 0.0449854 0.0917094 0.0424489
10 0.369122 0.300009 0.0346235 0.187479 0.0420024
10 0.349149 0.75553 0.037618 0.184258 0.0418955
10 0.564838 0.579123 0.0704133 0.285381 0.0413903
10 0.152591 0.608355 0.0536165 0.158329 0.0411978
6 0.10479 0.939071 0.206978 0.122773 0.0409624
10 0.980968 0.330238 0.0346682 0.392921 0.040721
10 0.856619 0.368172 0.0140663 0.0762844 0.0405431
11 0.915615 0.407713 0.0807079 0.0941123 0.0403236
0 0.715757 0.498175 0.0337228 0.0872369 0.0400345
6 0.645216 0.480762 0.0389723 0.101756 0.0395365
6 0.869381 0.498196 0.036121 0.0439138 0.0394104
10 0.595914 0.519567 0.0374832 0.168632 0.0391516
10 0.48351 0.463437 0.0285507 0.0511213 0.0390099
6 0.126917 0.978141 0.240002 0.0433208 0.0388293
0 0.750597 0.493634 0.0322154 0.0823 0.0386394
6 0.285715 0.668293 0.0449094 0.138274 0.0384814
10 0.862414 0.36564 0.0173304 0.0767755 0.038352
10 0.568986 0.462388 0.0257188 0.141205 0.0378656
6 0.94515 0.439757 0.0364964 0.1546 0.0377494
6 0.933678 0.361368 0.021283 0.0534168 0.037488
10 0.0918982 0.35241 0.0110833 0.0230869 0.0369934
10 0.980348 0.542177 0.0371054 0.355363 0.0369879
10 0.58321 0.432845 0.0222012 0.076751 0.0366268
10 0.148028 0.646582 0.036272 0.120803 0.0366039
10 0.357044 0.751035 0.0366951 0.174503 0.0364794
10 0.150538 0.016501 0.0411024 0.0341228 0.035949
10 0.529849 0.599699 0.0443781 0.152738 0.0358826
11 0.908149 0.400284 0.0345154 0.0312322 0.0358135
7 0.403888 0.702071 0.0314795 0.0762445 0.0357379
10 0.914976 0.480114 0.0238972 0.0751563 0.0352102
10 0.134683 0.794961 0.0396568 0.124909 0.0352093
2 0.114452 0.0159436 0.0461628 0.0322987 0.035191
4 0.200694 0.282564 0.0529622 0.0462457 0.0349006
2 0.121382 0.0221519 0.0595694 0.0456923 0.0347627
10 0.592828 0.587551 0.0306718 0.0938186 0.0344147
6 0.652037 0.501333 0.0382741 0.132622 0.0340513
10 0.144592 0.79784 0.0590808 0.125466 0.0340132
2 0.368718 0.479991 0.0277067 0.0483702 0.0339917
10 0.985085 0.68289 0.0292027 0.414375 0.0337755
10 0.359645 0.739399 0.0352066 0.153877 0.0337663
2 0.189747 0.0753162 0.0447302 0.154165 0.0332299
10 0.603394 0.631059 0.0477797 0.269695 0.0329704
4 0.900786 0.356586 0.0416958 0.0433175 0.032756
6 0.953332 0.436203 0.0663254 0.164946 0.0325317
4 0.315616 0.269307 0.0239236 0.0328118 0.0323275
10 0.136469 0.790929 0.0326394 0.122579 0.0322079
10 0.283788 0.616078 0.0556192 0.270534 0.0319796
6 0.224817 0.677796 0.0347448 0.0735505 0.0319224
6 0.936431 0.402634 0.0528801 0.0957325 0.0318875
6 0.87102 0.450982 0.0236471 0.110392 0.0317706
10 0.131439 0.761583 0.0654358 0.211631 0.0317511
7 0.405785 0.701174 0.0310839 0.0755308 0.0316589
7 0.315355 0.268225 0.0231781 0.0358989 0.031529
4 0.894861 0.357272 0.0191679 0.0368478 0.0311807
6 0.855673 0.452026 0.0244083 0.0283324 0.031144
2 0.429262 0.477785 0.0860856 0.0664387 0.0309403
10 0.297888 0.657925 0.0420731 0.128003 0.0308102
10 0.505376 0.557844 0.117222 0.24242 0.0306603
10 0.594024 0.584198 0.0694735 0.366828 0.0301347
10 0.164329 0.0160478 0.0569791 0.0327054 0.0299224
11 0.904303 0.401401 0.0295931 0.026529 0.0295324
10 0.367047 0.643144 0.088909 0.450209 0.0295059
6 0.592497 0.488313 0.0385321 0.119126 0.0294629
10 0.119962 0.798313 0.0391953 0.128945 0.0294499
10 0.136787 0.634546 0.0367012 0.150412 0.0291794
0 0.704452 0.498931 0.0362031 0.0910055 0.0289809
2 0.384134 0.488252 0.0229712 0.0629755 0.0281544
2 0.174771 0.0162388 0.032136 0.0329513 0.0279429
6 0.398481 0.585396 0.0349431 0.129813 0.0279039
10 0.0302003 0.358566 0.0360601 0.0587203 0.0272923
6 0.232572 0.67846 0.0390063 0.0816635 0.0269638
0 0.663019 0.534746 0.0460527 0.186261 0.026683
6 0.424207 0.675292 0.0623051 0.124027 0.0265637
6 0.388363 0.668416 0.0451221 0.169691 0.0264865
10 0.857034 0.376373 0.0139475 0.0548918 0.0264264
2 0.239436 0.0672297 0.0587946 0.138451 0.026222
0 0.603806 0.587576 0.0345767 0.0900332 0.0258431
10 0.532931 0.595988 0.0332459 0.136493 0.0257414
4 0.216009 0.279776 0.0452254 0.0485492 0.0254386
10 0.487927 0.624523 0.0368872 0.0808531 0.0253498
10 0.921947 0.337237 0.0236469 0.0325107 0.0251817
3 0.382346 0.446931 0.664382 0.887015 0.0241749
10 0.175241 0.615849 0.0423705 0.170837 0.0241303
10 0.332189 0.664955 0.1354 0.485552 0.0237976
2 0.458659 0.00901258 0.0510959 0.0188563 0.0237887
0 0.594972 0.585498 0.0589196 0.105268 0.0237812
10 0.599849 0.629688 0.0355021 0.245064 0.0237233
2 0.53013 0.0153838 0.0571439 0.031284 0.0235849
10 0.188551 0.649124 0.0330055 0.0933275 0.0231009
2 0.161143 0.0434543 0.140547 0.089187 0.0230178
2 0.381346 0.505224 0.0325023 0.100668 0.02236
3 0.31307 0.126595 0.55616 0.251802 0.0222886
10 0.930724 0.465323 0.129709 0.681367 0.0219994
2 0.195412 0.185941 0.0321875 0.108033 0.0219359
10 0.630444 0.330579 0.0264596 0.153163 0.0219211
2 0.177987 0.0451534 0.0419213 0.0928584 0.021806
6 0.663492 0.490487 0.0328798 0.121127 0.0217051
2 0.361875 0.485056 0.0250957 0.0552318 0.0212988
0 0.761413 0.497128 0.0336384 0.0822119 0.0209847
10 0.325855 0.695334 0.020017 0.0733092 0.0209622
3 0.315147 0.101786 0.542985 0.203204 0.0204366
0 0.876709 0.394377 0.0186581 0.0251515 0.020075
10 0.170851 0.553235 0.0260731 0.0528166 0.0194653
11 0.277421 0.742666 0.037357 0.0969311 0.0194568
6 0.236838 0.69558 0.0392841 0.0980133 0.0193611
11 0.888761 0.389826 0.0245199 0.0333159 0.0189411
10 0.797699 0.409139 0.0263233 0.0695526 0.0186681
6 0.207839 0.676658 0.0410974 0.0834631 0.0183059
0 0.765619 0.493005 0.031894 0.0833899 0.0179049
7 0.330106 0.266037 0.0161551 0.0347585 0.0175761
11 0.588224 0.479976 0.0463627 0.0877049 0.0175728
10 0.0766903 0.775216 0.0955317 0.190793 0.0175022
0 0.755424 0.493865 0.03304 0.082381 0.017435
3 0.332282 0.11497 0.512746 0.230602 0.017183
10 0.121565 0.76756 0.168486 0.219814 0.0171528
3 0.431327 0.243319 0.832105 0.484346 0.0154531
3 0.399402 0.140869 0.741359 0.285743 0.0146456
10 0.85882 0.632811 0.0409927 0.162575 0.0143612
10 0.532266 0.550476 0.147155 0.231767 0.0136477
3 0.93103 0.0438465 0.115578 0.0901506 0.0132686
10 0.8992 0.610828 0.0391106 0.196005 0.0118323
