10 0.515784 0.720748 0.0520073 0.276902 0.81269
10 0.476132 0.750662 0.0732076 0.312422 0.772087
10 0.159468 0.760494 0.0509869 0.170019 0.518747
10 0.611513 0.643416 0.0818457 0.441803 0.494628
10 0.91171 0.453873 0.0321245 0.185043 0.471761
10 0.603521 0.71237 0.0654967 0.304376 0.454096
0 0.633836 0.571413 0.0626719 0.136454 0.430244
0 0.637563 0.573396 0.0587945 0.121726 0.37738
10 0.909674 0.408095 0.0252951 0.0890581 0.321992
3 0.912384 0.358782 0.0781219 0.0888337 0.320481
10 0.896416 0.405489 0.0223984 0.0907746 0.319966
10 0.910672 0.411825 0.0255795 0.094849 0.315744
0 0.735185 0.493457 0.0365217 0.0903605 0.28783
10 0.866707 0.371205 0.016161 0.0655544 0.276321
10 0.48894 0.533982 0.0561156 0.236098 0.248026
6 0.464149 0.594161 0.0407874 0.121057 0.220024
10 0.862573 0.373013 0.0145494 0.0631843 0.205614
10 0.953147 0.389066 0.0315443 0.0894452 0.202778
10 0.861292 0.36885 0.0158453 0.0688604 0.201182
10 0.954906 0.386385 0.0303864 0.0875073 0.200929
10 0.917036 0.411711 0.0236292 0.0969913 0.190324
4 0.933444 0.393508 0.0506729 0.0687118 0.186882
10 0.479776 0.742893 0.0580397 0.311508 0.18687
10 0.890504 0.405483 0.0200823 0.0881346 0.174562
10 0.898978 0.409428 0.0246702 0.0852373 0.173427
6 0.033454 0.913159 0.0693506 0.175979 0.17036
4 0.929223 0.395827 0.0606979 0.0739584 0.168843
0 0.629162 0.534633 0.064979 0.20823 0.167791
10 0.85428 0.371461 0.0164886 0.0662895 0.166173
2 0.411131 0.482119 0.0308167 0.0563075 0.153359
10 0.919032 0.408853 0.019351 0.0942152 0.152526
6 0.985523 0.425097 0.0280811 0.187317 0.151012
10 0.947154 0.36442 0.0237726 0.0553516 0.148141
6 0.0363865 0.873348 0.0748133 0.254253 0.144635
10 0.46976 0.739092 0.057139 0.275787 0.14361
7 0.384286 0.707168 0.029405 0.0677459 0.14302
10 0.992366 0.406001 0.0170502 0.218536 0.137633
10 0.173185 0.754333 0.0380811 0.155955 0.137309
2 0.19986 0.0729994 0.0686784 0.14586 0.130419
10 0.843892 0.373062 0.0167864 0.0699445 0.129546
10 0.845314 0.370892 0.0165312 0.0713669 0.128283
10 0.595243 0.643572 0.0668866 0.44899 0.126819
10 0.467592 0.751884 0.0665278 0.305756 0.126814
6 0.987496 0.436808 0.0257238 0.165909 0.126722
6 0.261874 0.679827 0.0524457 0.15954 0.126571
10 0.891507 0.39608 0.0201254 0.102755 0.125782
10 0.0335675 0.841073 0.0682336 0.317458 0.125415
6 0.983889 0.43806 0.0324617 0.166493 0.125271
6 0.982598 0.387995 0.0337933 0.0950305 0.125132
10 0.84314 0.375107 0.0146324 0.0685878 0.122955
10 0.386222 0.747045 0.0383523 0.164365 0.121934
10 0.991304 0.404806 0.0184477 0.211443 0.121837
2 0.40356 0.484533 0.0309578 0.0575066 0.120214
10 0.904862 0.40593 0.0222103 0.0869843 0.117345
10 0.504882 0.700861 0.0502117 0.310693 0.113591
4 0.885291 0.35542 0.0321022 0.0567185 0.108615
10 0.903525 0.447923 0.0243883 0.18366 0.105226
6 0.491984 0.597876 0.0372507 0.11855 0.104862
10 0.492948 0.725449 0.0544334 0.275319 0.104043
6 0.427288 0.597534 0.0303444 0.115038 0.103668
10 0.37608 0.577832 0.0441558 0.272339 0.102576
4 0.884762 0.360467 0.0369776 0.0686231 0.102334
6 0.0514295 0.91119 0.104723 0.17935 0.10225
6 0.0334836 0.944758 0.0691124 0.112584 0.100985
10 0.943867 0.367045 0.0261408 0.0589859 0.0980924
10 0.993183 0.340856 0.0144028 0.369366 0.0972673
10 0.432556 0.548438 0.084397 0.211939 0.0959034
4 0.27396 0.273229 0.0370719 0.036383 0.0958842
2 0.259699 0.0737004 0.0593893 0.144891 0.0950509
6 0.433641 0.595549 0.032122 0.112745 0.0945711
10 0.593616 0.643471 0.0568362 0.448662 0.0944007
10 0.875366 0.358302 0.0175915 0.0518859 0.0937883
10 0.953845 0.366154 0.0265696 0.0523384 0.0936887
10 0.990247 0.463156 0.0211933 0.338329 0.0932397
4 0.935877 0.382767 0.0383158 0.0421807 0.0931715
6 0.984559 0.417074 0.0316975 0.15569 0.0931544
2 0.421711 0.481281 0.037933 0.0577437 0.0930437
4 0.23801 0.278447 0.0532723 0.0420353 0.0896171
10 0.910094 0.475396 0.0263056 0.146674 0.0892495
4 0.919089 0.377937 0.0744026 0.0501366 0.0843808
6 0.0477094 0.949749 0.0964627 0.10212 0.0837107
10 0.156398 0.696884 0.0670248 0.326637 0.0828158
6 0.442395 0.593609 0.0350808 0.115682 0.0824357
3 0.916489 0.395984 0.0801485 0.307607 0.0821609
4 0.91511 0.375726 0.0768557 0.0696327 0.0814016
6 0.940696 0.39981 0.0414045 0.0610139 0.0813473
6 0.950879 0.940657 0.0994698 0.115615 0.0808216
6 0.0494392 0.860046 0.102111 0.282953 0.0804472
2 0.208834 0.0694505 0.0392001 0.142583 0.0800604
6 0.965993 0.39051 0.0642982 0.0962205 0.0800422
2 0.383974 0.487576 0.0249991 0.055548 0.079532
10 0.139659 0.766413 0.0546482 0.187475 0.0791663
6 0.98667 0.417194 0.0266598 0.130786 0.0790931
2 0.433719 0.476325 0.0258325 0.0545109 0.0789437
6 0.484926 0.594391 0.0366462 0.116694 0.0785188
2 0.158868 0.0727009 0.13604 0.144809 0.0760076
10 0.482626 0.690288 0.072327 0.327924 0.0756928
0 0.844073 0.390792 0.0178986 0.0401197 0.075449
2 0.449684 0.473301 0.0227077 0.0546283 0.0753685
4 0.879787 0.357195 0.0190783 0.0532369 0.0753441
2 0.379639 0.484894 0.0261775 0.0509823 0.074442
4 0.231194 0.278152 0.0524753 0.0440931 0.0739095
10 0.0486979 0.77836 0.0970699 0.445499 0.0735722
10 0.509228 0.589857 0.0287496 0.0964924 0.0732095
10 0.0114566 0.828083 0.022642 0.336807 0.0727205
10 0.0132535 0.770235 0.0290272 0.459439 0.0716457
6 0.408918 0.676318 0.0632124 0.126545 0.0715146
6 0.952755 0.404047 0.0221146 0.055757 0.0714955
10 0.498935 0.728698 0.0533482 0.270963 0.0714357
10 0.900729 0.455701 0.0366694 0.185456 0.0700486
10 0.956914 0.36473 0.0256821 0.0492089 0.0698671
11 0.327297 0.793865 0.104728 0.211847 0.069702
2 0.434125 0.478958 0.0844154 0.0636339 0.0688714
6 0.426622 0.597287 0.0273213 0.114692 0.0679425
10 0.641678 0.518852 0.052235 0.189722 0.0673151
6 0.258901 0.673389 0.0415998 0.132801 0.0669941
6 0.409656 0.676932 0.0585912 0.132705 0.0668958
11 0.988074 0.372449 0.0260237 0.0766268 0.0665286
10 0.942833 0.571642 0.0310808 0.153087 0.0653494
10 0.942329 0.372758 0.0239326 0.063823 0.0651862
4 0.905585 0.374377 0.0501482 0.0442103 0.064487
10 0.279507 0.258532 0.0240354 0.0452414 0.0644777
10 0.497614 0.60319 0.0295213 0.123593 0.0644505
10 0.836125 0.374859 0.0160116 0.0675255 0.0634319
10 0.921961 0.380585 0.0188387 0.0399429 0.0632307
6 0.975017 0.703713 0.051881 0.226328 0.063192
10 0.0499178 0.741718 0.100487 0.520012 0.0629328
0 0.893433 0.415237 0.0233097 0.0809442 0.0624997
0 0.850566 0.390847 0.0183025 0.0414099 0.0621577
10 0.922035 0.426926 0.0307209 0.224393 0.0620463
10 0.17585 0.754439 0.0371108 0.154381 0.0619421
2 0.424104 0.477275 0.0181773 0.05422 0.0614903
10 0.918158 0.488909 0.0258669 0.108267 0.0612871
2 0.427133 0.477463 0.0251524 0.0550255 0.0612843
2 0.467295 0.469585 0.021858 0.0529116 0.0602935
4 0.893787 0.354294 0.0300865 0.0635811 0.0587548
6 0.410652 0.595784 0.0333931 0.111938 0.0587139
10 0.990027 0.564389 0.0201077 0.52886 0.0581816
10 0.599554 0.526662 0.0493824 0.195049 0.0576932
10 0.173223 0.642715 0.0329105 0.0985033 0.0576807
2 0.383573 0.48612 0.0219563 0.0554545 0.0573447
10 0.0468149 0.701496 0.0927764 0.605162 0.0573302
6 0.972151 0.71925 0.0559792 0.261502 0.056373
2 0.449573 0.471196 0.0195247 0.0516027 0.0551842
4 0.251636 0.276539 0.0337196 0.0346103 0.0547682
10 0.584451 0.71866 0.059126 0.292797 0.0546643
10 0.486258 0.601662 0.0340078 0.116372 0.0543861
6 0.287178 0.672386 0.04101 0.128488 0.0542735
10 0.491297 0.547641 0.060585 0.274019 0.0532239
10 0.984942 0.446212 0.0296103 0.661728 0.0530753
10 0.886638 0.377134 0.0187454 0.0440785 0.0527127
10 0.135085 0.692267 0.0584615 0.354681 0.0517867
10 0.537062 0.719661 0.0440893 0.275869 0.0511077
7 0.30626 0.269565 0.0223332 0.0342917 0.0507832
10 0.922721 0.396309 0.0175838 0.0701305 0.0506852
6 0.327876 0.783833 0.104254 0.232469 0.0506316
10 0.601877 0.514887 0.0452736 0.171692 0.0504671
10 0.978774 0.606956 0.042527 0.687213 0.0501994
10 0.177618 0.651392 0.0320609 0.107394 0.0491711
10 0.907185 0.492043 0.0298122 0.107779 0.0489068
6 0.012266 0.952056 0.024537 0.0960902 0.048859
2 0.466659 0.469005 0.0255127 0.0541938 0.0486711
10 0.92589 0.447573 0.0244118 0.179656 0.0485966
10 0.583786 0.711999 0.0521135 0.305264 0.0485185
10 0.544742 0.716398 0.0447667 0.2808 0.0484753
10 0.131204 0.0184322 0.0644523 0.0379636 0.0482143
10 0.265101 0.256076 0.0235656 0.0451715 0.048092
10 0.29413 0.27417 0.0203209 0.0315663 0.0478248
7 0.313275 0.266628 0.0231412 0.0353988 0.0478162
10 0.878996 0.371745 0.015506 0.0488888 0.047734
4 0.89212 0.361669 0.0531132 0.0633566 0.047489
2 0.367597 0.48673 0.0253003 0.0554103 0.0474355
10 0.491647 0.639695 0.0556941 0.258575 0.0473178
10 0.284451 0.266931 0.0283601 0.0429429 0.0469927
10 0.401671 0.74068 0.0330988 0.150071 0.0467544
4 0.912948 0.375861 0.0888954 0.11391 0.0463351
6 0.238891 0.673898 0.045866 0.143622 0.0457162
4 0.252015 0.276041 0.0352131 0.0353179 0.0456906
10 0.128865 0.761058 0.0412688 0.198217 0.0454109
4 0.26029 0.27198 0.0292988 0.0362294 0.0453748
10 0.642876 0.502198 0.0478965 0.151828 0.045188
0 0.661242 0.572528 0.045778 0.100967 0.0451683
10 0.369665 0.638355 0.0574053 0.419482 0.0451342
6 0.44056 0.598698 0.0304511 0.114347 0.0449154
10 0.137406 0.789603 0.0344347 0.121758 0.0440959
10 0.12688 0.791357 0.0372764 0.132384 0.0437805
10 0.874641 0.377178 0.0279634 0.0435533 0.0435352
10 0.990845 0.341508 0.0210915 0.0803524 0.0434888
7 0.2721 0.764538 0.0260013 0.044952 0.0433387
6 0.425772 0.637921 0.0373196 0.178005 0.0430265
10 0.968079 0.159767 0.0272272 0.0809487 0.0429778
10 0.521662 0.647685 0.045911 0.143546 0.042768
6 0.0997947 0.933603 0.197185 0.134201 0.042736
4 0.911068 0.360427 0.0676912 0.0765686 0.0426699
10 0.478952 0.636595 0.071184 0.212253 0.0426096
10 0.978803 0.636951 0.0427895 0.560204 0.0425778
10 0.978802 0.505691 0.0410036 0.339634 0.0424475
4 0.87944 0.36563 0.0479084 0.0768283 0.0418662
10 0.399263 0.739929 0.0344231 0.145243 0.0418315
10 0.358269 0.738737 0.0343601 0.160909 0.0417703
6 0.989999 0.779052 0.0202721 0.36324 0.0417063
10 0.133183 0.793188 0.0377571 0.124153 0.0416274
6 0.945984 0.387853 0.0273888 0.0345065 0.0414361
4 0.938665 0.379117 0.0505846 0.0727459 0.0408953
6 0.640603 0.476758 0.0439116 0.107071 0.0408715
0 0.80035 0.412123 0.030731 0.0664786 0.0406686
6 0.414408 0.67652 0.0649634 0.126512 0.0406538
7 0.379903 0.678951 0.0195774 0.0747664 0.040049
7 0.397748 0.702692 0.0293477 0.068597 0.0395332
10 0.444553 0.759234 0.062263 0.312077 0.0393514
10 0.558947 0.563118 0.161724 0.60116 0.0391455
10 0.913686 0.494882 0.038558 0.254254 0.0388086
0 0.662701 0.574564 0.045553 0.0987543 0.0387539
4 0.885182 0.36536 0.0535627 0.0672749 0.0387124
10 0.885468 0.412644 0.0182955 0.0800251 0.0386145
10 0.533259 0.609875 0.104016 0.505925 0.0384747
10 0.139995 0.627245 0.0362805 0.110266 0.03809
10 0.965818 0.265157 0.035487 0.294811 0.0379586
6 0.222185 0.680417 0.0365511 0.0751863 0.0378679
10 0.144429 0.794642 0.0540266 0.126471 0.0378074
4 0.924684 0.357159 0.0572992 0.0705788 0.0377245
2 0.120579 0.0215932 0.0554332 0.044537 0.0377184
7 0.399768 0.704605 0.0295793 0.0706998 0.0374695
2 0.380779 0.505153 0.031151 0.100299 0.0365303
0 0.60733 0.587278 0.0552082 0.0939787 0.036156
11 0.927034 0.412371 0.0665182 0.0700592 0.0360899
10 0.469819 0.63392 0.0715663 0.206723 0.0357025
10 0.148789 0.0162179 0.0421623 0.0334578 0.0356154
10 0.421058 0.602728 0.100801 0.331178 0.0351212
10 0.513715 0.522373 0.0583022 0.240704 0.035036
10 0.438943 0.763638 0.066659 0.320232 0.0349635
10 0.446519 0.737075 0.0475712 0.269046 0.0346293
0 0.645936 0.628794 0.0716529 0.41292 0.03455
7 0.371346 0.685948 0.0164247 0.0739283 0.0343938
10 0.893834 0.46167 0.0273029 0.180028 0.0342455
10 0.164566 0.386144 0.0536118 0.124982 0.0340707
10 0.482436 0.666513 0.0469285 0.169726 0.0337682
4 0.313809 0.268663 0.0232398 0.0330974 0.0335809
2 0.479309 0.464864 0.027521 0.0510026 0.0334378
10 0.651161 0.512774 0.0452777 0.166262 0.0332473
2 0.190144 0.190345 0.028185 0.115382 0.0325799
6 0.388045 0.67242 0.0358642 0.11392 0.0324241
0 0.946861 0.597617 0.104778 0.765663 0.0324168
10 0.092241 0.353182 0.0105876 0.0219632 0.0323584
10 0.941443 0.509264 0.0278612 0.293924 0.0321928
10 0.455643 0.767482 0.0654309 0.26015 0.0318981
2 0.524701 0.0175122 0.0591291 0.0358444 0.0314155
2 0.179394 0.0758814 0.0471422 0.154482 0.031109
2 0.494691 0.463189 0.0220253 0.0498647 0.0309262
2 0.232707 0.0646428 0.0557829 0.132275 0.0307226
6 0.246939 0.683553 0.037211 0.13159 0.030441
6 0.390372 0.572868 0.0357155 0.139011 0.0304238
2 0.163155 0.0162257 0.0561766 0.033026 0.030078
0 0.716666 0.497546 0.0355539 0.0924254 0.0295344
2 0.968923 0.0502529 0.0491526 0.100475 0.0290941
0 0.96054 0.627637 0.0795561 0.574111 0.0289573
6 0.377449 0.664542 0.0299003 0.102346 0.0289116
10 0.326995 0.69814 0.0175693 0.064969 0.0286769
2 0.967079 0.0462769 0.0437139 0.093188 0.0283659
2 0.175081 0.0155445 0.0329482 0.0313447 0.0283137
0 0.711997 0.495264 0.0329375 0.0924379 0.0282885
10 0.991687 0.22588 0.0157417 0.328123 0.0281584
6 0.653277 0.505327 0.0402866 0.151447 0.0276988
10 0.312373 0.611284 0.0212351 0.181928 0.0266374
10 0.335243 0.697299 0.0199545 0.0700316 0.0265806
10 0.947538 0.460755 0.0272758 0.188804 0.0265549
2 0.161715 0.0445947 0.135144 0.0914921 0.0262255
4 0.21101 0.281267 0.0454002 0.0492096 0.0261524
7 0.324597 0.264846 0.0169126 0.0346466 0.0258985
0 0.652625 0.520894 0.060349 0.234561 0.0258271
10 0.925769 0.480676 0.0205807 0.11512 0.0249431
3 0.404415 0.452609 0.760172 0.89949 0.0248271
10 0.633622 0.326928 0.0276723 0.145551 0.0244565
6 0.202881 0.687616 0.0450284 0.0922141 0.0240817
10 0.512523 0.720336 0.258416 0.284511 0.0240797
6 0.614639 0.465744 0.0427423 0.0818176 0.0238044
0 0.74934 0.489963 0.0341459 0.0877345 0.0235291
7 0.451388 0.761671 0.0179182 0.0320763 0.0231895
6 0.309294 0.66878 0.0471725 0.133179 0.0224796
6 0.658366 0.486604 0.0376855 0.121435 0.0222083
6 0.658168 0.506562 0.0371881 0.157102 0.0218721
3 0.315528 0.130965 0.549643 0.260933 0.0214743
7 0.332687 0.26826 0.0172149 0.034344 0.0212217
6 0.425176 0.697166 0.0339602 0.0603131 0.020296
10 0.533618 0.743245 0.218177 0.281815 0.0189954
10 0.119936 0.766676 0.167113 0.215003 0.0185132
3 0.30204 0.191959 0.579863 0.377586 0.018287
10 0.491149 0.710779 0.0496358 0.16376 0.0176622
2 0.206054 0.188043 0.0252318 0.118193 0.0176503
3 0.333768 0.120751 0.505606 0.243572 0.0168991
10 0.411474 0.740999 0.291479 0.300589 0.0168207
0 0.763114 0.489302 0.0345585 0.0913087 0.0165458
4 0.931193 0.348298 0.0472996 0.0595324 0.0152614
0 0.763564 0.494514 0.0375819 0.0896952 0.0149773
3 0.418199 0.237135 0.797471 0.47156 0.0141292
3 0.386458 0.139533 0.692189 0.284767 0.0135943
0 0.77178 0.421505 0.03252 0.0729508 0.0135516
3 0.244188 0.105694 0.340135 0.210623 0.0129581
11 0.670102 0.468391 0.0301385 0.128487 0.012702
10 0.763556 0.419269 0.0280872 0.0723385 0.011818
