11 0.739183 0.472288 0.126539 0.247789 0.86208
8 0.398659 0.612828 0.248309 0.180964 0.836557
6 0.872031 0.567496 0.256663 0.550431 0.387618
6 0.394208 0.275321 0.0393778 0.127915 0.337433
5 0.16945 0.514335 0.105353 0.122917 0.325561
6 0.439538 0.273254 0.0401522 0.130139 0.303546
6 0.831527 0.515618 0.181356 0.439063 0.261668
6 0.401308 0.278343 0.0393582 0.130404 0.148488
5 0.168252 0.519989 0.025854 0.0802092 0.138012
6 0.441309 0.274242 0.0384191 0.127257 0.105769
2 0.19524 0.392572 0.021777 0.0500489 0.102361
5 0.670042 0.961605 0.26472 0.0774915 0.101414
11 0.0796444 0.977453 0.156235 0.0444769 0.0988915
6 0.373402 0.273635 0.0388832 0.128873 0.0946704
11 0.121248 0.976876 0.237392 0.045688 0.0924106
5 0.204237 0.493457 0.0355423 0.0691272 0.0921391
5 0.70536 0.9614 0.359313 0.0782734 0.0862128
2 0.187494 0.396466 0.0189549 0.0475282 0.0844387
2 0.954146 0.0929612 0.0208166 0.0471583 0.0834868
10 0.983054 0.0845664 0.033564 0.0781814 0.079553
5 0.18527 0.53626 0.0237508 0.0508836 0.079478
6 0.646137 0.173998 0.0446007 0.23019 0.0784077
10 0.985573 0.108819 0.0273037 0.0508958 0.0780464
5 0.174359 0.518799 0.0239495 0.0790518 0.0772087
6 0.30828 0.320328 0.0548331 0.0970047 0.0771115
10 0.982074 0.0730197 0.033058 0.0577852 0.0769897
10 0.971362 0.07119 0.0197201 0.0524197 0.0764066
8 0.635328 0.958999 0.399081 0.082266 0.0760803
6 0.0711607 0.95113 0.142101 0.0976685 0.0759925
6 0.760835 0.430496 0.162243 0.342289 0.074545
6 0.418191 0.274417 0.0371284 0.127875 0.0740717
6 0.7073 0.466321 0.0669166 0.254592 0.0732968
10 0.979873 0.093945 0.0405785 0.0933068 0.0727856
0 0.971612 0.108591 0.0563118 0.068698 0.0725248
2 0.995147 0.553726 0.0101574 0.0836664 0.0722546
6 0.458072 0.274263 0.0358368 0.125132 0.0709221
6 0.276811 0.327782 0.0408345 0.0924082 0.0708069
6 0.381319 0.273553 0.0356217 0.125673 0.0700844
5 0.147373 0.515655 0.0706145 0.115469 0.0673174
5 0.202498 0.507352 0.0375082 0.0929722 0.0666442
6 0.817452 0.52312 0.263157 0.43285 0.0656946
2 0.967723 0.102397 0.0174471 0.0428427 0.0653196
5 0.574292 0.96226 0.467555 0.0754028 0.0648806
6 0.120688 0.952906 0.238984 0.0932629 0.0640561
2 0.782916 0.148662 0.0282412 0.0690875 0.0639836
2 0.78956 0.149504 0.0311058 0.0748876 0.0638032
6 0.644209 0.214926 0.0356836 0.116652 0.0636522
1 0.509072 0.956011 0.766084 0.0865338 0.0633326
10 0.969141 0.0974443 0.0165037 0.0497173 0.0631964
2 0.995815 0.542411 0.0090292 0.107016 0.0629595
5 0.522996 0.201857 0.0397567 0.0468337 0.0629373
1 0.633465 0.959013 0.533538 0.0814801 0.0628121
10 0.786535 0.151468 0.0364605 0.0758626 0.0620411
1 0.71608 0.957501 0.559771 0.0843994 0.061754
11 0.186055 0.979394 0.361538 0.0411797 0.0614526
6 0.642553 0.217511 0.0328781 0.117548 0.0611941
6 0.0440594 0.969404 0.0894978 0.0615201 0.0609172
10 0.970277 0.081315 0.017071 0.0624274 0.0606735
10 0.984519 0.116565 0.030978 0.0568717 0.0596834
1 0.598359 0.956705 0.514209 0.0856508 0.0595285
6 0.41818 0.275128 0.0380769 0.125749 0.059435
5 0.749331 0.959263 0.491198 0.0814364 0.0579676
10 0.946263 0.0912475 0.0158245 0.0438637 0.057437
10 0.946936 0.0886006 0.0144896 0.0510694 0.0571825
5 0.461748 0.967634 0.756495 0.0646051 0.0569207
6 0.262944 0.333757 0.0420711 0.0946893 0.0560654
6 0.780573 0.454355 0.129185 0.288311 0.0554679
10 0.270547 0.0768296 0.0268512 0.0267164 0.0552866
6 0.654089 0.16618 0.0455405 0.210317 0.0550159
10 0.950133 0.0978924 0.0193148 0.0398598 0.0545374
6 0.807714 0.442404 0.204366 0.283095 0.0536021
6 0.712883 0.455678 0.0740632 0.206969 0.0528573
10 0.783324 0.150526 0.0443915 0.0784162 0.0523567
10 0.990126 0.100359 0.0128256 0.037872 0.0519399
10 0.991673 0.154871 0.016823 0.138189 0.0514291
6 0.4172 0.275098 0.0357978 0.130343 0.0511941
6 0.170736 0.551515 0.131545 0.206808 0.0510548
10 0.256106 0.0759867 0.026805 0.0252181 0.0509917
2 0.167652 0.408219 0.0178311 0.040999 0.050859
1 0.466584 0.957408 0.891832 0.0848986 0.0507838
10 0.97165 0.0695862 0.0565008 0.138491 0.0505901
2 0.975572 0.520586 0.0118095 0.0366444 0.0504233
2 0.108653 0.438838 0.0141798 0.0397524 0.0496611
1 0.747073 0.956432 0.507345 0.0877083 0.0495432
2 0.161679 0.409356 0.013352 0.0401696 0.0488488
2 0.173385 0.399671 0.0170608 0.0511104 0.0488018
6 0.76303 0.472359 0.0957396 0.20646 0.0481153
10 0.262284 0.0752321 0.0189651 0.0287371 0.0479844
6 0.868202 0.63752 0.270108 0.717688 0.0475421
6 0.300749 0.320621 0.0507374 0.0968586 0.0469921
5 0.449214 0.973006 0.806613 0.0546168 0.0469438
6 0.706942 0.468733 0.073531 0.222697 0.0465793
2 0.202776 0.375141 0.0206728 0.065043 0.0462849
10 0.959544 0.0811484 0.0120644 0.0351888 0.0457836
6 0.777791 0.451174 0.0929923 0.242836 0.0453114
5 0.174881 0.538673 0.0244654 0.050379 0.0451349
2 0.963384 0.106379 0.0124067 0.0346262 0.0448614
10 0.995782 0.505109 0.00889454 0.199136 0.0445645
2 0.852452 0.164694 0.0320141 0.0850612 0.0442243
6 0.763008 0.451106 0.0995014 0.217045 0.0442105
10 0.972737 0.0650278 0.016976 0.0396254 0.0441744
5 0.0705255 0.989294 0.141072 0.0222666 0.0440371
6 0.774212 0.463444 0.147453 0.292448 0.0437636
2 0.168774 0.406461 0.0234082 0.0446507 0.0436487
11 0.249963 0.979598 0.485804 0.0414932 0.0436351
2 0.320998 0.126555 0.0277351 0.0976019 0.0433897
6 0.808812 0.536637 0.165401 0.46539 0.0431123
5 0.199286 0.530225 0.0249325 0.0478489 0.0431072
6 0.775121 0.445372 0.111375 0.255112 0.0429293
6 0.789701 0.454502 0.0860796 0.286634 0.0428952
5 0.195098 0.535335 0.0213191 0.0535436 0.0428551
10 0.957486 0.0666132 0.0842636 0.133976 0.0427457
10 0.994465 0.508552 0.0114389 0.336287 0.0427338
6 0.806468 0.511175 0.135681 0.431535 0.0425291
5 0.116631 0.98719 0.116628 0.025828 0.0424041
6 0.705233 0.457382 0.0638839 0.216555 0.0423898
6 0.122478 0.989811 0.23273 0.0212832 0.0422623
6 0.752383 0.484888 0.0930475 0.201493 0.0422059
5 0.356622 0.357181 0.0333544 0.0315462 0.0418626
5 0.140203 0.53687 0.0514995 0.0758013 0.0418504
2 0.991272 0.548624 0.0171444 0.121794 0.0415914
5 0.77371 0.966089 0.452325 0.0682617 0.0415567
6 0.013426 0.946163 0.0270551 0.108129 0.0415058
5 0.188004 0.49377 0.0341776 0.0703659 0.041436
10 0.245616 0.0766204 0.0305539 0.0228073 0.0413446
5 0.188016 0.509931 0.0557963 0.10672 0.0403192
5 0.518366 0.217862 0.0451929 0.0857307 0.0402539
6 0.180932 0.954677 0.357011 0.0900995 0.0401277
5 0.184333 0.512226 0.0441522 0.102089 0.0399475
6 0.765333 0.443685 0.0991365 0.244691 0.0398509
6 0.750814 0.47673 0.107534 0.236017 0.0394064
5 0.0975611 0.986074 0.0756684 0.027753 0.0392406
5 0.0629022 0.989569 0.123185 0.021735 0.0392128
10 0.0174371 0.901151 0.0353727 0.196223 0.0390848
10 0.146883 0.0738912 0.0177161 0.0193485 0.0390258
6 0.866432 0.610963 0.269983 0.647268 0.0389941
10 0.166636 0.0754498 0.0179582 0.0187292 0.0384603
7 0.198755 0.491674 0.0347389 0.0640957 0.0382976
6 0.685675 0.305225 0.0227183 0.0948915 0.0379695
2 0.928925 0.479082 0.025071 0.132276 0.0378967
10 0.223168 0.0759325 0.0305006 0.0229928 0.0378186
6 0.629452 0.17674 0.0390993 0.238881 0.0375113
6 0.144656 0.989223 0.165969 0.0220781 0.0373994
5 0.182343 0.506757 0.0394396 0.0983305 0.0373404
2 0.92815 0.481382 0.0257154 0.136319 0.0370353
5 0.206535 0.509421 0.0381798 0.0988188 0.0370331
6 0.319726 0.31365 0.0531997 0.0907431 0.036831
6 0.761087 0.444539 0.10629 0.202437 0.0367913
6 0.770544 0.452656 0.113029 0.239095 0.0367045
2 0.500469 0.198076 0.0264616 0.0509628 0.0363697
6 0.786192 0.534331 0.20567 0.44597 0.0363283
5 0.544733 0.10203 0.0440905 0.0641785 0.036275
6 0.772813 0.465102 0.106789 0.22612 0.0362412
6 0.746044 0.530223 0.13957 0.417864 0.0361481
5 0.536192 0.202038 0.0338015 0.0492962 0.0354804
2 0.857033 0.165401 0.0293081 0.0874272 0.0353373
10 0.280349 0.0766113 0.0168898 0.0268525 0.035262
6 0.709574 0.493484 0.0847179 0.200045 0.0351965
2 0.655437 0.253028 0.0196482 0.0342768 0.0351365
6 0.841233 0.479905 0.174545 0.384041 0.0347403
10 0.0273734 0.600437 0.0489476 0.79575 0.0346723
11 0.947396 0.741138 0.105554 0.178069 0.0346087
10 0.185845 0.0745183 0.0223341 0.020317 0.0345888
6 0.735802 0.492429 0.100234 0.20358 0.0345817
6 0.873858 0.566993 0.252819 0.54511 0.0343704
6 0.846039 0.418809 0.150174 0.249273 0.0343142
10 0.846061 0.162245 0.0372503 0.0932443 0.0339528
2 0.970041 0.525179 0.0158121 0.0509887 0.0337425
6 0.488692 0.263251 0.0374622 0.12106 0.0336305
6 0.766727 0.474153 0.097258 0.219614 0.0335657
10 0.989966 0.0673741 0.0172207 0.048281 0.0334155
10 0.603132 0.84504 0.0256458 0.0479271 0.0331877
5 0.05232 0.989747 0.104854 0.0214499 0.0330103
6 0.756531 0.445151 0.0884181 0.226516 0.0328631
5 0.543532 0.101552 0.0453448 0.0632377 0.0328342
6 0.734077 0.490909 0.113599 0.213094 0.0327431
6 0.695982 0.475613 0.0542631 0.24398 0.0327182
5 0.190657 0.503819 0.0835846 0.103028 0.0324877
10 0.829253 0.107025 0.0758915 0.213974 0.0323135
6 0.287063 0.322252 0.0374671 0.0932463 0.0322907
6 0.721007 0.465165 0.0918292 0.196614 0.0317449
2 0.765719 0.158275 0.0187187 0.0421843 0.0317298
5 0.0434348 0.987925 0.0889624 0.0248821 0.0317272
5 0.155602 0.527787 0.0250819 0.0768949 0.0317114
2 0.118767 0.544916 0.0256047 0.0584025 0.0316455
10 0.814094 0.115174 0.0998543 0.192055 0.0313397
6 0.351828 0.269157 0.0396019 0.129736 0.031166
6 0.726371 0.483345 0.129301 0.273361 0.030835
6 0.868825 0.599602 0.262719 0.595224 0.0307558
6 0.265903 0.337302 0.0580131 0.104109 0.0306265
10 0.944278 0.100527 0.0151894 0.0319041 0.0305302
10 0.0222099 0.591012 0.0383211 0.811565 0.0305096
6 0.687467 0.474674 0.0720967 0.242525 0.0303332
6 0.624162 0.225707 0.0338382 0.124098 0.0302352
6 0.701202 0.480482 0.0873627 0.229618 0.0298552
2 0.496117 0.19931 0.0294831 0.0468017 0.029757
1 0.812724 0.955132 0.380125 0.0898216 0.0297397
10 0.990378 0.658805 0.0186716 0.513109 0.0296701
5 0.196623 0.530583 0.0280627 0.0477083 0.0294958
11 0.936333 0.975292 0.129697 0.0493494 0.0294756
5 0.556352 0.102239 0.0351662 0.0633128 0.0294059
10 0.0141116 0.842657 0.0289829 0.309535 0.0293037
11 0.741855 0.389701 0.0865535 0.0711199 0.0292221
2 0.979342 0.525867 0.0117817 0.0514004 0.029182
8 0.459487 0.60869 0.167168 0.1648 0.0291718
8 0.473478 0.597311 0.115478 0.135545 0.0288665
11 0.874442 0.758647 0.250099 0.222462 0.0287456
2 0.573435 0.221365 0.0208059 0.0291973 0.0285448
6 0.872271 0.598704 0.264481 0.622244 0.0285008
7 0.149958 0.553485 0.045683 0.0466919 0.0283862
5 0.141292 0.533113 0.0625217 0.0835009 0.028351
5 0.159891 0.533857 0.044073 0.0721661 0.0282858
6 0.719198 0.461247 0.088756 0.231999 0.0281463
6 0.687839 0.475095 0.0571765 0.24455 0.0279457
7 0.219763 0.491202 0.0345587 0.0663896 0.0278801
6 0.865707 0.409157 0.111761 0.241164 0.0275595
6 0.781403 0.475787 0.061133 0.211757 0.0274845
2 0.150649 0.408495 0.0150543 0.0456618 0.0273957
6 0.838151 0.51333 0.26177 0.454639 0.0267788
6 0.418632 0.269618 0.0335871 0.115343 0.0262115
5 0.19123 0.500228 0.0806998 0.0891862 0.0258882
6 0.265105 0.335737 0.0650659 0.0965507 0.0257669
6 0.65441 0.207798 0.0352032 0.113452 0.0256553
7 0.232593 0.37763 0.0175229 0.0446576 0.0256059
5 0.562213 0.103073 0.0417601 0.0632799 0.0255841
2 0.765942 0.151672 0.0261792 0.0632742 0.0252684
6 0.246766 0.342648 0.039493 0.100495 0.0252031
5 0.191037 0.50495 0.0940346 0.0989897 0.0250668
2 0.908507 0.50904 0.0178082 0.0624783 0.0249612
5 0.607519 0.98947 0.127305 0.0215603 0.0248261
10 0.0583159 0.674091 0.117202 0.654338 0.0244681
2 0.102612 0.437093 0.0143473 0.0497442 0.0244405
1 0.874786 0.980837 0.248734 0.0377864 0.0243333
2 0.864404 0.0767429 0.0204903 0.0689932 0.0243174
6 0.21774 0.347575 0.0363902 0.133346 0.0241332
6 0.783792 0.426951 0.260698 0.650916 0.0238013
6 0.883284 0.572177 0.243124 0.560828 0.023692
6 0.180695 0.546692 0.123709 0.194727 0.0236025
2 0.101344 0.413296 0.0228644 0.122547 0.023264
11 0.924448 0.566741 0.162407 0.552594 0.0230482
5 0.144951 0.540767 0.0471511 0.0636547 0.0230235
7 0.225106 0.504294 0.020027 0.0519488 0.0229166
5 0.624775 0.989348 0.124561 0.0216629 0.0223025
7 0.208517 0.52709 0.0238698 0.0447929 0.0222576
10 0.0157445 0.68386 0.0291189 0.613613 0.0221512
6 0.14288 0.545778 0.0916438 0.181918 0.0221236
5 0.138573 0.515145 0.0642731 0.105531 0.0219654
2 0.641161 0.257219 0.0201283 0.0458591 0.0219616
5 0.582931 0.990061 0.159032 0.0204434 0.0218056
2 0.222764 0.363226 0.0215453 0.0786039 0.0217882
2 0.112823 0.517964 0.0264112 0.119666 0.0217435
5 0.138068 0.527102 0.0651816 0.100453 0.021644
6 0.245511 0.340627 0.0366713 0.114256 0.0213062
6 0.752422 0.462083 0.16022 0.309235 0.021192
6 0.671969 0.13898 0.0403662 0.147264 0.021107
10 0.010569 0.751552 0.0227919 0.459138 0.0208521
6 0.800963 0.602353 0.314656 0.584793 0.0208438
10 0.938396 0.0960914 0.011315 0.0348717 0.0208014
6 0.684042 0.477421 0.0557463 0.235737 0.0206237
6 0.679838 0.476793 0.0539896 0.242204 0.0205719
8 0.368671 0.610911 0.192785 0.172005 0.0205526
2 0.755182 0.159855 0.0150988 0.0367454 0.0204403
5 0.0072193 0.769654 0.0148302 0.156906 0.0202816
10 0.78273 0.0118535 0.0300586 0.0242801 0.0201662
2 0.629752 0.231374 0.0249181 0.105503 0.0198574
6 0.688854 0.482135 0.0837964 0.236568 0.0197644
6 0.663245 0.106029 0.0414172 0.0878101 0.01943
6 0.35644 0.309412 0.0524935 0.095748 0.0192304
6 0.679379 0.482295 0.053055 0.232542 0.0191931
1 0.547261 0.99098 0.193322 0.0183752 0.0191364
11 0.733694 0.404379 0.103174 0.097099 0.0189866
10 0.945134 0.558172 0.115574 0.562806 0.0189437
5 0.553062 0.202652 0.0345528 0.0525184 0.0188619
2 0.113734 0.54521 0.0237105 0.0570946 0.0188056
6 0.67425 0.101623 0.0340526 0.0715677 0.0188019
6 0.749777 0.477273 0.165405 0.318962 0.0184944
5 0.128226 0.541184 0.048477 0.0690758 0.0183313
5 0.470347 0.894004 0.0184024 0.0255386 0.0180684
2 0.751838 0.155578 0.0159585 0.0454058 0.0179236
6 0.812803 0.690776 0.168231 0.385271 0.0175885
1 0.364009 0.991499 0.158827 0.0173304 0.0168366
7 0.288655 0.0770962 0.0210076 0.0233066 0.0163911
6 0.196375 0.518959 0.0891522 0.13179 0.0163506
6 0.710424 0.158092 0.0276439 0.16213 0.0160112
1 0.41279 0.991021 0.144784 0.0187309 0.0157785
2 0.655608 0.2877 0.0256929 0.115097 0.0157439
2 0.819422 0.146324 0.0283672 0.0828725 0.0157053
6 0.231103 0.341919 0.0197126 0.0966232 0.0157013
2 0.101213 0.493458 0.0232309 0.271447 0.0154707
8 0.49261 0.590483 0.0888711 0.11694 0.0152883
10 0.552717 0.35498 0.540367 0.71397 0.0150065
2 0.903661 0.459875 0.0303595 0.171772 0.0150023
10 0.921128 0.488531 0.162685 0.403765 0.0147035
8 0.393031 0.636616 0.260337 0.22839 0.0144058
5 0.12493 0.527852 0.0522126 0.0964423 0.0142954
11 0.791413 0.632638 0.425684 0.627066 0.0137951
2 0.6853 0.254002 0.0168906 0.0457863 0.0122405
1 0.288282 0.992303 0.127367 0.0162178 0.0119014
5 0.12708 0.518831 0.0591285 0.115366 0.0117131
5 0.35844 0.626104 0.192005 0.179853 0.0110511
