11 0.739764 0.471644 0.126665 0.242835 0.86245
8 0.385202 0.500923 0.238512 0.327812 0.720806
8 0.422221 0.565628 0.311832 0.459267 0.618573
8 0.469775 0.609461 0.211308 0.36087 0.4084
6 0.39571 0.275332 0.0447458 0.127599 0.387142
6 0.871633 0.573342 0.256824 0.561234 0.358917
6 0.442025 0.273329 0.0472757 0.132787 0.313959
8 0.470634 0.620598 0.20809 0.337513 0.284231
6 0.832426 0.515685 0.1817 0.436603 0.205284
6 0.313335 0.316268 0.0567062 0.0955054 0.188382
6 0.376908 0.273406 0.0430485 0.127524 0.132564
8 0.674556 0.960251 0.263099 0.0803169 0.105623
10 0.971884 0.0721307 0.0214453 0.0573216 0.101944
11 0.0799192 0.975797 0.156815 0.0479441 0.0975095
11 0.120787 0.97546 0.237746 0.0485954 0.0974555
10 0.980859 0.0830545 0.0362303 0.0783658 0.0970143
6 0.759723 0.437423 0.154036 0.319182 0.0955505
6 0.803009 0.443388 0.221398 0.2811 0.0920571
6 0.419815 0.275336 0.0404595 0.131658 0.0904327
8 0.707493 0.960074 0.339053 0.0808567 0.0837951
8 0.637169 0.956964 0.398644 0.0862131 0.0828029
10 0.976393 0.0898979 0.0461462 0.0937305 0.0823775
6 0.420636 0.274007 0.0409081 0.129378 0.0821013
6 0.709178 0.465972 0.0663469 0.251702 0.0806935
6 0.408589 0.277406 0.0436302 0.133794 0.0798986
6 0.455257 0.271549 0.0380633 0.123878 0.078239
10 0.968962 0.0812163 0.022806 0.070713 0.0762934
6 0.0722429 0.946978 0.143782 0.106133 0.07628
2 0.784323 0.149131 0.0262934 0.0669929 0.0758416
10 0.986525 0.109499 0.0252533 0.0508398 0.0747687
6 0.406115 0.274527 0.0404177 0.125384 0.0740083
8 0.485397 0.563686 0.200087 0.450647 0.0733807
6 0.415089 0.278155 0.0730568 0.13801 0.072943
10 0.982375 0.0730607 0.031411 0.0614306 0.0721986
10 0.953943 0.0930683 0.0224289 0.047307 0.0721719
0 0.971146 0.107583 0.0570089 0.0664817 0.0706384
2 0.789223 0.148806 0.0295259 0.0709635 0.0679461
6 0.462277 0.271421 0.0388128 0.126595 0.0671333
6 0.428481 0.27569 0.0506975 0.142559 0.0670392
8 0.428962 0.628785 0.295648 0.326443 0.0656239
6 0.839703 0.422449 0.156462 0.250399 0.0653113
11 0.179693 0.977309 0.351347 0.0450373 0.064957
2 0.995774 0.542235 0.009058 0.105035 0.0647202
6 0.702352 0.4706 0.050903 0.241784 0.0636524
2 0.786388 0.151518 0.0344358 0.0735914 0.0629388
8 0.645595 0.955716 0.480547 0.0879004 0.0626856
6 0.779489 0.45007 0.117368 0.268136 0.0617502
8 0.754231 0.957601 0.479228 0.0844481 0.0614581
6 0.119858 0.951109 0.237471 0.0968379 0.0614173
2 0.995191 0.551388 0.0101517 0.0943075 0.060897
6 0.0464002 0.96857 0.0936698 0.063178 0.0606647
6 0.419406 0.274394 0.0420104 0.125428 0.0605407
10 0.984758 0.116447 0.0298584 0.0572055 0.060251
2 0.196395 0.385802 0.0236929 0.0549118 0.0599339
8 0.708425 0.953588 0.542202 0.0921013 0.0588122
8 0.56624 0.961422 0.437718 0.0771744 0.0583218
6 0.847398 0.419069 0.146606 0.249687 0.0581419
6 0.368324 0.269047 0.0474163 0.125313 0.0572588
6 0.312341 0.316603 0.0503379 0.0883823 0.0570159
10 0.990225 0.10108 0.0131262 0.0382438 0.0568643
6 0.750829 0.480529 0.0933007 0.178537 0.0560621
6 0.281723 0.323395 0.0448918 0.0925449 0.0546259
6 0.471226 0.270932 0.0409976 0.125113 0.0544067
10 0.971508 0.067265 0.0566978 0.134043 0.0543415
6 0.365643 0.270412 0.045854 0.126626 0.0535109
1 0.52781 0.953345 0.711863 0.0913846 0.0534916
10 0.993438 0.154633 0.013546 0.13437 0.0528902
8 0.382926 0.450136 0.227514 0.219797 0.0528617
10 0.949625 0.0982383 0.0202936 0.0392173 0.0527691
6 0.711292 0.453212 0.0714632 0.199957 0.0522698
5 0.469158 0.961372 0.759788 0.0767961 0.0519035
6 0.81468 0.509547 0.264015 0.38446 0.0516913
10 0.968004 0.0983579 0.0229046 0.0521142 0.0503852
8 0.579646 0.955254 0.576014 0.0885733 0.0501495
6 0.759903 0.446819 0.107403 0.203081 0.0495791
6 0.743571 0.452368 0.094994 0.190314 0.0495368
6 0.777741 0.449323 0.095515 0.234725 0.0487009
6 0.777021 0.442619 0.107777 0.245257 0.0486864
6 0.815026 0.534449 0.167356 0.464888 0.0485418
10 0.946133 0.0924173 0.016309 0.0421123 0.048476
2 0.968173 0.103949 0.0198406 0.0407114 0.048342
6 0.868882 0.638816 0.267999 0.716727 0.0482944
6 0.651116 0.167227 0.0529225 0.219919 0.0472854
8 0.366446 0.507438 0.225011 0.34076 0.047072
2 0.64561 0.214624 0.0390751 0.119527 0.0468814
10 0.955392 0.0674711 0.0883442 0.136236 0.0464491
6 0.265225 0.333917 0.0460449 0.0924307 0.0455312
10 0.227347 0.0768832 0.0267501 0.0224596 0.0454073
6 0.166102 0.479143 0.13594 0.315113 0.0447258
6 0.807756 0.51243 0.13822 0.426804 0.0447043
11 0.256718 0.977467 0.503256 0.0457194 0.0446626
6 0.016452 0.941056 0.0330663 0.119251 0.0441802
5 0.687399 0.963019 0.173427 0.074706 0.0439393
6 0.353809 0.284687 0.043869 0.145827 0.0436758
8 0.762268 0.962779 0.475086 0.0747005 0.0433685
6 0.262285 0.338322 0.0525606 0.10565 0.043365
6 0.772605 0.463067 0.146789 0.279833 0.0432796
8 0.375018 0.558273 0.239879 0.454614 0.0432069
10 0.972394 0.0653063 0.0179338 0.0423104 0.0431822
6 0.12251 0.988268 0.232611 0.024128 0.0431353
6 0.769059 0.479753 0.0631959 0.220605 0.0430481
10 0.257096 0.0759984 0.0233798 0.0242211 0.0430366
6 0.762372 0.451883 0.0990911 0.210944 0.0428757
10 0.958549 0.0827167 0.0124966 0.0398893 0.0426323
6 0.645808 0.175711 0.0494831 0.237103 0.0425711
6 0.706185 0.471445 0.0701144 0.221204 0.0423521
6 0.800686 0.536883 0.21686 0.457388 0.0421076
6 0.764647 0.454244 0.106282 0.21465 0.0420652
2 0.190672 0.388463 0.0241394 0.0560811 0.0420066
6 0.709355 0.446071 0.0669005 0.186707 0.0419363
1 0.453919 0.954142 0.86551 0.0903236 0.0416259
6 0.119441 0.988715 0.229891 0.0233011 0.0416116
10 0.147853 0.0740565 0.0174879 0.0197128 0.0415383
2 0.97557 0.521405 0.011338 0.036424 0.0412073
6 0.790935 0.447025 0.0819758 0.269904 0.0412018
8 0.388718 0.556381 0.239143 0.449973 0.040997
10 0.167547 0.0756904 0.0169895 0.0184981 0.0408479
6 0.736826 0.478772 0.106133 0.225826 0.0407028
1 0.754936 0.953454 0.492791 0.0931926 0.04059
6 0.741007 0.489685 0.0938285 0.183932 0.0404794
6 0.0702919 0.988378 0.140412 0.0239708 0.0404761
6 0.0671653 0.890966 0.135342 0.214811 0.0399563
6 0.259182 0.338753 0.0458639 0.0971678 0.0397001
6 0.995808 0.508318 0.0086895 0.188008 0.039676
10 0.994502 0.498845 0.0113394 0.328852 0.0393893
6 0.733963 0.454881 0.100223 0.214467 0.038591
6 0.766225 0.461513 0.0989133 0.207876 0.0383914
6 0.0636664 0.988555 0.12533 0.0236372 0.0383739
6 0.701622 0.468583 0.062113 0.235493 0.0382684
2 0.320732 0.127754 0.0289048 0.0953551 0.0381432
6 0.756132 0.453015 0.102641 0.199919 0.0380321
10 0.0286256 0.580024 0.0518541 0.839371 0.0379364
8 0.493004 0.558775 0.19191 0.459283 0.0378155
6 0.836474 0.504177 0.301322 0.430825 0.0377135
10 0.956102 0.0547653 0.0411736 0.109954 0.0376296
10 0.249813 0.0769196 0.0259747 0.0216335 0.037256
10 0.0283426 0.578898 0.053083 0.839905 0.0372416
10 0.0181441 0.89634 0.0367072 0.206439 0.0370361
6 0.168517 0.495913 0.134666 0.28023 0.0367816
6 0.0977593 0.985711 0.0903765 0.0285908 0.036561
6 0.113589 0.987056 0.115047 0.0260695 0.0365138
5 0.663341 0.971022 0.2218 0.0592067 0.036316
10 0.27352 0.0774184 0.0230673 0.0233478 0.0362269
6 0.138524 0.989178 0.186147 0.0223451 0.0361296
10 0.1891 0.0750892 0.0200985 0.0206169 0.0359256
6 0.725808 0.447183 0.0956737 0.190508 0.0358356
2 0.852289 0.165194 0.0313883 0.0828718 0.035835
10 0.180361 0.951114 0.356443 0.0969182 0.0358027
6 0.352848 0.275836 0.0476949 0.133328 0.0356915
6 0.873304 0.571224 0.254196 0.553377 0.035541
11 0.723127 0.478805 0.124492 0.251858 0.0350991
6 0.765696 0.444324 0.0985736 0.2341 0.0349449
6 0.775116 0.461963 0.099359 0.238914 0.0349285
6 0.788591 0.430136 0.0889391 0.240743 0.0348833
10 0.813512 0.105939 0.102485 0.211852 0.0348633
2 0.990609 0.54931 0.0181074 0.128303 0.0342409
10 0.84506 0.159655 0.0369545 0.0979351 0.0336921
8 0.410838 0.63215 0.312608 0.326791 0.0329996
11 0.73839 0.391161 0.0990694 0.0744201 0.0328586
6 0.764932 0.481057 0.0980507 0.214944 0.0327772
10 0.0164017 0.836188 0.0333935 0.321884 0.0322928
2 0.911581 0.0426676 0.0245314 0.0866694 0.0319895
7 0.785467 0.172664 0.0463435 0.0400937 0.0318975
6 0.419489 0.340092 0.118372 0.273185 0.031516
11 0.723524 0.452226 0.0928448 0.209458 0.0314807
2 0.764861 0.157313 0.0203661 0.0423223 0.0310007
10 0.821194 0.106553 0.0890303 0.212607 0.0309251
7 0.522566 0.201164 0.0407788 0.0502717 0.0305415
6 0.343311 0.314403 0.0515686 0.0935441 0.030524
2 0.926884 0.479543 0.0263939 0.134757 0.0302462
6 0.708886 0.497057 0.0840604 0.193677 0.0300838
7 0.797943 0.171982 0.0354855 0.0393544 0.0300818
10 0.198914 0.076469 0.0156195 0.0197258 0.0300045
6 0.0531476 0.989324 0.107125 0.0225867 0.0298864
11 0.748266 0.387502 0.0740605 0.0636742 0.0298199
11 0.731083 0.478109 0.115973 0.229744 0.0296716
6 0.865891 0.603964 0.264575 0.607278 0.0295877
6 0.865056 0.624985 0.270924 0.667224 0.0295414
6 0.0441136 0.987444 0.0906644 0.0259596 0.0295401
10 0.987224 0.608722 0.0255941 0.615177 0.0292863
10 0.988262 0.0671199 0.0200361 0.0508223 0.0292663
8 0.330564 0.493298 0.126936 0.314357 0.0292242
11 0.726278 0.457729 0.100601 0.250685 0.0291917
7 0.232406 0.377568 0.019745 0.0453826 0.0290108
10 0.0536586 0.68225 0.107967 0.637434 0.0289073
8 0.39082 0.4978 0.230391 0.330991 0.0288354
6 0.370092 0.378694 0.182111 0.336662 0.0287712
4 0.291401 0.982349 0.485418 0.0349823 0.0285581
6 0.715355 0.467577 0.094284 0.201865 0.0285389
10 0.01832 0.673535 0.0349056 0.637693 0.0284918
8 0.469708 0.654184 0.19118 0.267037 0.0283295
2 0.926394 0.481828 0.0267431 0.143456 0.0281383
6 0.695553 0.465074 0.0524006 0.22262 0.0280076
10 0.99038 0.651781 0.0185457 0.471328 0.027751
6 0.68932 0.47554 0.0551353 0.2426 0.0273694
6 0.781618 0.473764 0.0600871 0.197386 0.0272619
2 0.856319 0.164742 0.0293947 0.0878567 0.0272567
6 0.729918 0.498493 0.108574 0.187641 0.0272449
2 0.21011 0.369595 0.0208341 0.062846 0.0272383
11 0.737926 0.432729 0.112866 0.156959 0.0271381
10 0.937656 0.975142 0.126336 0.0496588 0.0270573
6 0.726062 0.498615 0.0955834 0.185343 0.0270489
2 0.969396 0.525238 0.0148386 0.0529766 0.0270248
8 0.397332 0.443734 0.220449 0.214595 0.026753
8 0.371724 0.467552 0.219609 0.428998 0.0267087
6 0.628129 0.22481 0.0384643 0.129821 0.0265212
6 0.875389 0.598622 0.257725 0.619189 0.0262256
8 0.304062 0.492812 0.417984 0.339528 0.0259498
6 0.747556 0.531284 0.144126 0.383804 0.0258833
1 0.825854 0.949213 0.354121 0.100889 0.0258216
8 0.514537 0.579518 0.151099 0.41215 0.0254469
10 0.0123084 0.754721 0.0258758 0.474637 0.0250976
2 0.207323 0.378543 0.0198505 0.065999 0.0250784
2 0.770777 0.152239 0.0268646 0.0629608 0.0250715
6 0.34378 0.32107 0.0520417 0.0943157 0.024891
2 0.980656 0.525928 0.0119518 0.0574369 0.0248547
11 0.722883 0.44087 0.097746 0.18074 0.0247394
2 0.908433 0.508259 0.0177937 0.0639038 0.0246132
10 0.0588203 0.763913 0.120288 0.472536 0.0245376
10 0.042408 0.665309 0.0840358 0.66872 0.0244364
2 0.863401 0.0766375 0.021455 0.0685458 0.024316
8 0.379412 0.500035 0.214057 0.322312 0.0240427
6 0.695369 0.479779 0.0870704 0.231489 0.0240366
8 0.347056 0.559875 0.488446 0.485529 0.0237114
6 0.683727 0.474719 0.0692389 0.24002 0.023473
7 0.781921 0.0109242 0.0315598 0.0227502 0.0231352
8 0.419547 0.588157 0.306928 0.443712 0.0230949
6 0.420905 0.494077 0.317693 0.628606 0.0229837
11 0.301876 0.493894 0.401426 0.342574 0.0228636
6 0.0336049 0.989316 0.0958988 0.0242416 0.0228426
6 0.018049 0.986056 0.0387733 0.0283655 0.0224138
6 0.870309 0.408469 0.106479 0.243636 0.0224025
6 0.889275 0.5707 0.231792 0.555125 0.0219389
6 0.75333 0.462265 0.159676 0.294994 0.0218283
6 0.919858 0.568657 0.168625 0.556462 0.0218188
10 0.477633 0.554764 0.241098 0.473044 0.021704
11 0.875573 0.733903 0.249565 0.282097 0.0216944
1 0.845912 0.977536 0.310026 0.0449425 0.0215885
10 0.00852724 0.81055 0.0180575 0.294015 0.0215294
6 0.685381 0.476724 0.0537186 0.237106 0.0215178
6 0.813715 0.601674 0.139595 0.252991 0.0212405
8 0.360582 0.494509 0.232336 0.341005 0.0212089
6 0.758533 0.529895 0.117119 0.320917 0.0211989
2 0.501365 0.197406 0.0402891 0.05511 0.0209804
2 0.655934 0.249709 0.0243664 0.0449232 0.0209585
6 0.742736 0.474113 0.147741 0.284373 0.0208214
10 0.836028 0.164419 0.0438896 0.0846649 0.0207487
7 0.769285 0.163154 0.0284405 0.0394907 0.0207014
11 0.957133 0.738405 0.0877705 0.197168 0.0206546
6 0.821516 0.611189 0.340627 0.603348 0.0199843
10 0.942097 0.10128 0.0138618 0.0286429 0.0195341
8 0.440398 0.541584 0.155218 0.384615 0.0195074
10 0.938034 0.0965609 0.0115726 0.0344576 0.0194262
10 0.941799 0.559997 0.121511 0.572057 0.0193011
6 0.78993 0.464479 0.0588232 0.204974 0.0189301
10 0.519595 0.41964 0.881089 0.826845 0.0187988
5 0.595683 0.989595 0.145518 0.0218416 0.0187966
6 0.775284 0.4182 0.26174 0.639424 0.0187488
8 0.390595 0.587516 0.304536 0.460456 0.0182642
6 0.672444 0.108706 0.0457687 0.0920766 0.0182501
2 0.646452 0.275428 0.0366235 0.237965 0.0181177
6 0.77066 0.541464 0.0652541 0.282514 0.0180246
5 0.571745 0.989441 0.182507 0.0219771 0.0180176
6 0.679713 0.477679 0.0507746 0.239084 0.017923
6 0.67957 0.482052 0.0503434 0.231834 0.0177724
7 0.820273 0.175154 0.0356434 0.0512292 0.0177337
8 0.320179 0.497146 0.120964 0.328244 0.0176762
6 0.684937 0.479294 0.081666 0.23661 0.0174702
11 0.268805 0.357614 0.0475056 0.0572093 0.0173909
10 0.5468 0.101128 0.0466475 0.0644633 0.0173008
10 0.0463712 0.618338 0.0919879 0.720499 0.0170626
6 0.708984 0.157388 0.0286389 0.158043 0.0169422
5 0.621052 0.990195 0.140419 0.0204796 0.0168278
8 0.51599 0.620134 0.164438 0.338958 0.0167119
11 0.291341 0.54376 0.416459 0.44644 0.01661
2 0.751144 0.155308 0.0177567 0.0446757 0.0163276
2 0.900248 0.0564477 0.0263124 0.115198 0.0162709
2 0.753021 0.159431 0.0161429 0.037409 0.0162366
1 0.548989 0.990164 0.196816 0.0201532 0.0161016
6 0.821642 0.640551 0.239661 0.615953 0.0158787
10 0.593481 0.47108 0.693782 0.788937 0.0158096
2 0.815517 0.146887 0.0291853 0.0806901 0.0153803
10 0.480362 0.336357 0.869759 0.656205 0.0150913
6 0.498896 0.492172 0.538422 0.648292 0.0150583
1 0.365711 0.990688 0.155529 0.0192323 0.0150535
10 0.919033 0.476423 0.165959 0.386153 0.0146508
8 0.344665 0.583298 0.326499 0.511856 0.0140821
6 0.157397 0.407615 0.0916189 0.222476 0.0138782
10 0.315001 0.415053 0.463968 0.79252 0.0137464
8 0.349996 0.493616 0.180759 0.307754 0.0137144
1 0.421861 0.990679 0.149479 0.019681 0.0137082
8 0.341635 0.56162 0.421386 0.480505 0.0130411
6 0.789928 0.648816 0.422039 0.647805 0.0128777
10 0.475304 0.317907 0.889224 0.611336 0.0126447
6 0.339759 0.572584 0.144691 0.188349 0.0126277
8 0.402991 0.602527 0.0926557 0.233126 0.0120451
8 0.447741 0.504208 0.137256 0.317645 0.0118546
6 0.311167 0.553144 0.141927 0.449049 0.011166
1 0.291169 0.992332 0.127302 0.0162579 0.0107036
6 0.32757 0.573053 0.11733 0.192813 0.0105639
