8 0.56798 0.629206 0.369577 0.496787 0.851489
11 0.739328 0.455005 0.126065 0.197082 0.775379
6 0.394045 0.275423 0.0395125 0.127391 0.48529
6 0.438949 0.274891 0.0416883 0.13678 0.406572
6 0.876598 0.57729 0.24869 0.573463 0.362067
6 0.167791 0.491776 0.141859 0.286359 0.192471
6 0.169355 0.448907 0.139711 0.375538 0.16699
6 0.402565 0.278611 0.0410635 0.134606 0.144432
6 0.312211 0.317764 0.0535737 0.100719 0.139143
6 0.377114 0.274359 0.0378711 0.125871 0.136738
8 0.432094 0.667864 0.0921412 0.0685244 0.133152
6 0.667594 0.571059 0.162587 0.388256 0.130532
2 0.193262 0.389984 0.0239285 0.0575627 0.11292
6 0.437305 0.27617 0.0394352 0.134321 0.109273
11 0.0811658 0.97651 0.158822 0.0465602 0.0978831
11 0.123689 0.976634 0.241483 0.046225 0.0970733
8 0.558845 0.704205 0.348989 0.325926 0.0963789
2 0.197211 0.383438 0.0231098 0.0673417 0.0960356
8 0.54669 0.665082 0.305763 0.251081 0.0926924
6 0.163361 0.447371 0.159712 0.382668 0.0897031
10 0.97184 0.0723149 0.0215288 0.0557744 0.0883316
6 0.0717587 0.948101 0.142652 0.103919 0.0828295
6 0.457135 0.276029 0.0377688 0.129862 0.0788746
10 0.980706 0.0845529 0.0372589 0.0775423 0.0785796
6 0.417497 0.274404 0.039934 0.131215 0.0753109
6 0.407833 0.276583 0.037383 0.126688 0.074316
6 0.125126 0.951313 0.247314 0.0966967 0.0722605
10 0.981298 0.0731057 0.032774 0.0579933 0.0718023
8 0.546285 0.647909 0.323608 0.238516 0.0716926
2 0.95387 0.0922828 0.021913 0.0473964 0.0707804
0 0.971743 0.109572 0.0565954 0.0677552 0.0700022
11 0.187279 0.978373 0.364044 0.0431374 0.0694127
10 0.969603 0.0643442 0.0594681 0.12682 0.0692655
6 0.838958 0.541113 0.170705 0.498201 0.0677286
2 0.99584 0.543169 0.0090229 0.10254 0.0665223
6 0.645979 0.17724 0.0459255 0.238085 0.0664714
6 0.162255 0.494793 0.153693 0.286853 0.0663352
0 0.972492 0.0940025 0.0555975 0.125429 0.0663209
6 0.0460746 0.968059 0.0927993 0.0641245 0.0644131
10 0.987268 0.110696 0.024514 0.0505814 0.064355
2 0.185331 0.395782 0.0217872 0.0484081 0.0641689
6 0.842554 0.420575 0.154874 0.254577 0.0635437
10 0.268329 0.0772669 0.0239523 0.0232941 0.0626144
2 0.995153 0.551149 0.0103504 0.0971809 0.0597266
6 0.461386 0.276602 0.0388683 0.130646 0.0586716
6 0.643472 0.220497 0.0354135 0.118951 0.0582917
2 0.789776 0.147816 0.0325612 0.0768208 0.058135
10 0.254629 0.0767103 0.0235856 0.0237646 0.0576215
10 0.959126 0.0540102 0.0444115 0.107458 0.0571526
10 0.968477 0.0789753 0.020262 0.0636734 0.0567703
10 0.983392 0.116133 0.033054 0.0568778 0.056239
6 0.645546 0.217431 0.0373786 0.120043 0.0559657
5 0.520112 0.201043 0.0419378 0.0493979 0.0559083
1 0.666009 0.959628 0.428868 0.0799585 0.0551901
1 0.70158 0.962385 0.364944 0.0757954 0.0550037
8 0.672356 0.962218 0.260468 0.0762301 0.0543228
6 0.644771 0.579193 0.21018 0.404339 0.0536426
6 0.171527 0.525786 0.13836 0.221846 0.0535046
6 0.417419 0.274897 0.0371561 0.135249 0.052256
11 0.256191 0.977031 0.499404 0.0460352 0.0519663
6 0.417092 0.274675 0.0388867 0.125842 0.0515326
10 0.992174 0.154243 0.0157753 0.137827 0.0510989
6 0.84611 0.417435 0.150645 0.249356 0.0507882
6 0.837615 0.583498 0.189587 0.58953 0.0501948
6 0.832729 0.424976 0.168126 0.254757 0.0499696
10 0.23354 0.0781617 0.0200645 0.0182091 0.0498415
1 0.63293 0.962888 0.430576 0.0735764 0.0492484
10 0.96547 0.0662242 0.0692757 0.129893 0.0490013
5 0.525008 0.196334 0.0416395 0.0568337 0.0489876
2 0.782631 0.148274 0.0270702 0.0711505 0.0488594
10 0.226298 0.0775418 0.0253888 0.0222461 0.0484142
10 0.994791 0.489603 0.0110741 0.295686 0.0477657
2 0.20292 0.375729 0.0196689 0.0805345 0.0475844
10 0.948113 0.0881936 0.0160666 0.0539875 0.0474394
6 0.0155256 0.943419 0.0312384 0.114321 0.0472819
10 0.245755 0.0774193 0.0271145 0.0213354 0.0470253
1 0.583251 0.959152 0.676411 0.0810236 0.0459611
6 0.127392 0.988431 0.207581 0.023745 0.0452838
11 0.117838 0.988949 0.230525 0.0229534 0.0445739
2 0.946495 0.091572 0.0164808 0.0436357 0.0445229
2 0.968551 0.105521 0.019528 0.0400768 0.0443577
1 0.729175 0.955934 0.543913 0.0877056 0.0441557
6 0.257277 0.336448 0.0446536 0.0973707 0.0441152
1 0.743312 0.965559 0.504649 0.0687737 0.0440978
6 0.0695395 0.890419 0.139596 0.215959 0.0437593
6 0.268796 0.328786 0.043444 0.0917806 0.0432384
1 0.570002 0.952632 0.599358 0.0942101 0.043019
1 0.502391 0.956411 0.947832 0.0863283 0.0429942
10 0.147646 0.0740282 0.0181014 0.0192397 0.0426256
10 0.969993 0.0493735 0.0558189 0.0967754 0.0424576
6 0.646426 0.569997 0.201054 0.388927 0.042355
10 0.167407 0.0754669 0.0177725 0.0183819 0.0423239
10 0.990754 0.101602 0.0131886 0.0375221 0.042093
2 0.959886 0.0839127 0.0128298 0.0422228 0.0420383
5 0.519024 0.215421 0.0468397 0.0883008 0.0420286
2 0.951012 0.0988057 0.0218796 0.0383648 0.0420173
10 0.96799 0.0974048 0.021129 0.0518171 0.0415605
5 0.0699236 0.988781 0.140457 0.023255 0.0413617
10 0.995748 0.507212 0.009025 0.201635 0.0412546
6 0.86875 0.637025 0.269293 0.718748 0.041145
5 0.111799 0.987085 0.110458 0.0260147 0.04054
6 0.780643 0.480897 0.0493198 0.1574 0.0399311
6 0.663368 0.581724 0.175625 0.411277 0.0398207
10 0.186584 0.0748632 0.0197906 0.0206648 0.0397934
6 0.356534 0.279012 0.0378357 0.1365 0.0397908
1 0.490602 0.958203 0.932816 0.083803 0.0395721
10 0.0184021 0.895193 0.0372167 0.208604 0.0395639
2 0.927327 0.482038 0.0278353 0.130536 0.0394879
6 0.142397 0.987809 0.166295 0.0245874 0.0393853
8 0.595674 0.626802 0.302257 0.348079 0.0393007
10 0.833464 0.106689 0.069808 0.211208 0.0390551
10 0.81548 0.109365 0.100126 0.201055 0.0389653
6 0.281366 0.324602 0.042913 0.0947105 0.0387693
6 0.627849 0.226875 0.0362728 0.1311 0.0387002
2 0.927771 0.48606 0.026247 0.119241 0.0385397
6 0.654119 0.619053 0.200004 0.47762 0.0384225
5 0.356959 0.356891 0.034042 0.0325814 0.0383227
6 0.486813 0.26919 0.0396657 0.125475 0.0382092
2 0.321351 0.12623 0.0291918 0.09718 0.0381977
7 0.0986223 0.986328 0.0873955 0.0271784 0.0380392
6 0.192808 0.950947 0.381819 0.0969415 0.0379978
2 0.173289 0.394437 0.0189193 0.0572188 0.0379137
5 0.0622691 0.98902 0.122271 0.0227314 0.037745
6 0.832021 0.502161 0.171003 0.405378 0.0368873
6 0.253014 0.340185 0.0477093 0.103055 0.0367257
6 0.767569 0.573806 0.0535465 0.300376 0.0366838
10 0.02661 0.593062 0.0448919 0.811927 0.0365374
1 0.481715 0.9773 0.786997 0.0467436 0.0358775
2 0.781065 0.150402 0.0323677 0.0740803 0.0357127
10 0.973132 0.0662401 0.017494 0.0410598 0.0354276
10 0.288511 0.076807 0.0219936 0.0249648 0.0346038
5 0.425393 0.665041 0.0803949 0.0609134 0.03418
1 0.465299 0.976434 0.831984 0.0482947 0.0338722
5 0.0526089 0.989338 0.105533 0.0222708 0.0334291
10 0.0157237 0.83973 0.0317194 0.314908 0.0331815
2 0.976289 0.522544 0.0105663 0.0366451 0.0331541
6 0.768815 0.494277 0.04882 0.151939 0.0329577
6 0.221715 0.348598 0.0373603 0.12689 0.0323314
6 0.359587 0.271488 0.0381962 0.126316 0.0321046
7 0.165553 0.403052 0.0195051 0.0402215 0.0318223
6 0.044102 0.987559 0.0905935 0.025637 0.0316753
10 0.0228826 0.604073 0.0395041 0.781553 0.031539
7 0.781551 0.0114815 0.0263291 0.0235679 0.0314171
11 0.872877 0.753607 0.252033 0.216581 0.0312404
1 0.30407 0.983053 0.44301 0.0341715 0.0312365
11 0.873715 0.672598 0.255463 0.416078 0.0306241
10 0.988544 0.646308 0.0218441 0.54244 0.0303965
10 0.206353 0.0781312 0.0236929 0.0204076 0.0302979
1 0.778432 0.977268 0.441651 0.0462471 0.0302912
6 0.25516 0.343423 0.040667 0.0982134 0.0302557
2 0.852482 0.165588 0.0321484 0.0829866 0.0302323
2 0.543153 0.102621 0.0427959 0.0633319 0.030138
6 0.628329 0.177469 0.0409145 0.24051 0.0300986
6 0.875934 0.598841 0.256938 0.627561 0.0299331
10 0.201647 0.0775312 0.0157855 0.0201292 0.0298027
6 0.660546 0.628917 0.192399 0.505572 0.0296339
6 0.658916 0.166283 0.045348 0.211746 0.0294698
8 0.479804 0.632531 0.540774 0.51951 0.0293702
2 0.767078 0.15899 0.0194604 0.0392098 0.0291633
6 0.321926 0.314501 0.0500706 0.0906373 0.029048
10 0.952755 0.0737283 0.0343824 0.0785842 0.0285582
2 0.495927 0.197228 0.0317147 0.053327 0.0285012
2 0.16645 0.403544 0.0244538 0.0465976 0.0284626
7 0.78459 0.172694 0.0442484 0.0384511 0.0282333
11 0.951165 0.746651 0.0986895 0.182929 0.028173
6 0.0656819 0.483543 0.0331495 0.262528 0.0276296
7 0.798332 0.172528 0.0345222 0.0372715 0.0275538
10 0.0179186 0.67128 0.0336986 0.644206 0.0274326
6 0.249635 0.34219 0.0369496 0.114464 0.0273804
8 0.466518 0.672528 0.160021 0.0830986 0.0273011
1 0.549501 0.977785 0.334249 0.0446503 0.0270537
11 0.731171 0.458408 0.107069 0.194683 0.0266796
2 0.90836 0.510029 0.0189255 0.0667967 0.0264257
10 0.989649 0.0691885 0.0175377 0.0502555 0.026152
6 0.736535 0.455442 0.112499 0.205157 0.0259592
1 0.570791 0.989224 0.184701 0.0220856 0.0258575
11 0.737446 0.46369 0.14535 0.223376 0.0257647
6 0.148731 0.38737 0.183244 0.511858 0.0255608
10 0.937 0.974968 0.128402 0.0494696 0.0255458
6 0.269464 0.328627 0.0554876 0.0947141 0.0253777
6 0.0187633 0.986342 0.0400244 0.0274233 0.0253124
10 0.0586541 0.673665 0.116787 0.655161 0.0252889
10 0.0140422 0.73929 0.0289273 0.508413 0.0248654
5 0.176348 0.989274 0.118383 0.0213037 0.0248199
10 0.847535 0.161269 0.0361444 0.0951305 0.0246841
6 0.78794 0.455933 0.0738372 0.2001 0.0246827
10 0.0428786 0.660758 0.0843071 0.67907 0.0246536
5 0.448528 0.665027 0.0795364 0.0589455 0.0245922
1 0.863554 0.945127 0.206092 0.109273 0.0245097
6 0.748986 0.457162 0.103827 0.195456 0.0241853
6 0.667683 0.493847 0.158378 0.231421 0.0240632
6 0.0908955 0.922197 0.170669 0.158804 0.0239956
10 0.934853 0.573925 0.13894 0.573615 0.0239321
7 0.646089 0.5261 0.0631094 0.118137 0.0239232
6 0.753967 0.453293 0.0935003 0.188148 0.0238997
6 0.670505 0.506253 0.256338 0.276513 0.0237826
6 0.166403 0.541676 0.133486 0.184874 0.0236537
10 0.52216 0.454599 0.890003 0.904786 0.0235075
2 0.982763 0.527294 0.0119034 0.071685 0.0231578
6 0.885203 0.556477 0.210208 0.523785 0.0228136
10 0.586218 0.619509 0.317758 0.483669 0.0227051
5 0.55171 0.102349 0.0358617 0.0637296 0.0226741
10 0.944431 0.101345 0.0162828 0.0297781 0.0226212
2 0.655285 0.251674 0.0236674 0.0408537 0.0225951
2 0.769381 0.152193 0.0255435 0.0647388 0.0224979
6 0.792628 0.445426 0.0591234 0.222329 0.022476
2 0.969613 0.527108 0.014699 0.0565727 0.0222054
10 0.842872 0.165674 0.0400557 0.0829514 0.0221612
2 0.226344 0.362864 0.0215562 0.0788524 0.0219588
5 0.405775 0.666665 0.0786077 0.0645592 0.0217637
11 0.731473 0.480625 0.111582 0.208173 0.0217383
6 0.358501 0.307571 0.0502343 0.0967198 0.0217299
1 0.873232 0.983844 0.250207 0.0321133 0.0216672
2 0.857915 0.166002 0.028694 0.0879709 0.0215136
1 0.588775 0.990427 0.169756 0.0200923 0.0215087
6 0.763706 0.44847 0.297337 0.563726 0.0214615
2 0.654261 0.268462 0.0329654 0.200265 0.021452
7 0.771831 0.164038 0.0262347 0.0376253 0.0214283
6 0.792872 0.473996 0.0465931 0.158204 0.021396
1 0.614043 0.98985 0.124418 0.0208978 0.0212841
10 0.945195 0.563993 0.115798 0.566487 0.0211098
10 0.517389 0.452711 0.865468 0.890842 0.0210798
2 0.864768 0.0762336 0.0198856 0.0696817 0.0210529
6 0.888131 0.578416 0.231548 0.580926 0.0210399
1 0.782727 0.886198 0.437701 0.227127 0.0209432
10 0.550965 0.62294 0.362221 0.496676 0.0209248
6 0.175817 0.386678 0.118534 0.475801 0.0207281
10 0.54089 0.452888 0.601238 0.887042 0.0205151
6 0.573679 0.609098 0.388756 0.537923 0.0204675
6 0.241593 0.343397 0.0557838 0.103531 0.0203894
6 0.656166 0.510762 0.155209 0.252681 0.0203822
6 0.655093 0.208068 0.0361291 0.113765 0.0203421
6 0.778713 0.459429 0.0990815 0.193182 0.0203259
6 0.177611 0.378252 0.108986 0.22309 0.0203256
6 0.769506 0.523676 0.220473 0.42985 0.02025
8 0.50365 0.703328 0.300446 0.276992 0.0201344
5 0.550319 0.199603 0.0377574 0.0596369 0.0198668
6 0.775981 0.480589 0.0821955 0.198297 0.0193631
6 0.175835 0.450942 0.135752 0.382723 0.0193488
6 0.138649 0.53653 0.146899 0.203464 0.0193476
2 0.217244 0.374002 0.0213119 0.0794784 0.0192327
10 0.0233772 0.548382 0.0346593 0.581309 0.0190626
10 0.513964 0.454659 0.458758 0.903834 0.0189878
6 0.617123 0.62592 0.298218 0.50058 0.0186587
7 0.638114 0.530924 0.0728902 0.132841 0.0184221
11 0.767506 0.455536 0.090836 0.190894 0.0183938
6 0.664333 0.494987 0.140502 0.223685 0.0182727
6 0.657721 0.463884 0.147623 0.160699 0.0180319
6 0.671141 0.487539 0.124483 0.20355 0.0180311
2 0.100216 0.419875 0.0210871 0.141646 0.0177994
8 0.499354 0.635035 0.447686 0.527954 0.0177985
6 0.626382 0.989975 0.11559 0.0205693 0.0177807
6 0.604107 0.575742 0.297197 0.410215 0.01761
6 0.620375 0.22607 0.0325114 0.12275 0.0176008
6 0.660496 0.492826 0.156222 0.223463 0.0174574
6 0.556348 0.64458 0.400943 0.536446 0.0173359
10 0.546474 0.596698 0.303293 0.437779 0.0173131
5 0.00777839 0.792369 0.0157656 0.1868 0.0172515
10 0.924002 0.477242 0.158136 0.386475 0.0172006
6 0.670335 0.0995397 0.0332228 0.0700399 0.0171252
2 0.755261 0.158983 0.0161219 0.0357161 0.0168863
6 0.788773 0.448286 0.0827565 0.201499 0.0168124
8 0.56517 0.706136 0.373391 0.362287 0.0166923
6 0.663241 0.110018 0.0383351 0.0981859 0.0164247
10 0.495155 0.552746 0.483795 0.666443 0.0162869
11 0.732244 0.389973 0.100992 0.0668124 0.0162318
5 0.73426 0.984864 0.127427 0.0299833 0.0161043
6 0.741544 0.505292 0.126039 0.265091 0.0160251
6 0.689093 0.490077 0.120762 0.219783 0.0159526
10 0.937323 0.0969576 0.0108038 0.0337463 0.0158238
11 0.73947 0.46182 0.147081 0.232584 0.0158122
11 0.99052 0.268684 0.0171869 0.285871 0.0157794
6 0.655281 0.616957 0.218698 0.474519 0.0155617
2 0.809868 0.142206 0.0323841 0.0923857 0.0155017
10 0.48281 0.622586 0.325763 0.506413 0.0151338
6 0.703363 0.482337 0.116529 0.205658 0.0150741
4 0.362417 0.990869 0.136291 0.0183155 0.0150669
1 0.418428 0.991132 0.138195 0.0184801 0.0149769
6 0.634411 0.476673 0.132397 0.181705 0.0149328
10 0.306568 0.076906 0.0191223 0.0251238 0.0147839
4 0.28195 0.99121 0.185095 0.0190233 0.014758
6 0.656517 0.474992 0.126851 0.172015 0.0147175
10 0.496458 0.364092 0.813432 0.715269 0.0146503
6 0.660461 0.666631 0.63188 0.664111 0.0140422
6 0.557735 0.431912 0.163156 0.190954 0.0136202
8 0.465788 0.646892 0.604109 0.550391 0.01358
11 0.732291 0.404774 0.109333 0.106115 0.0135777
10 0.474845 0.334498 0.862218 0.649441 0.0134282
5 0.477974 0.66996 0.0845255 0.0638863 0.0133775
7 0.673627 0.534715 0.0722947 0.124503 0.0130772
10 0.521295 0.315501 0.486184 0.619572 0.012655
2 0.623701 0.247014 0.0246552 0.0904071 0.0125171
1 0.290336 0.99211 0.133011 0.016733 0.011775
6 0.71161 0.633611 0.0897993 0.221754 0.0116688
6 0.541921 0.493266 0.180808 0.211296 0.0110045
8 0.437114 0.657811 0.635697 0.460665 0.0107317
8 0.433272 0.801477 0.676496 0.369525 0.0107249
8 0.451484 0.632201 0.637055 0.491504 0.0105369
10 0.468109 0.340669 0.57273 0.339911 0.0104543
10 0.508927 0.0472394 0.33181 0.303795 0.00656295
