6 0.191379 0.591908 0.379109 0.814578 0.892102
10 0.774151 0.357323 0.111772 0.456993 0.877724
10 0.269183 0.430416 0.231458 0.572306 0.820793
11 0.587814 0.80448 0.292702 0.383893 0.542509
5 0.426996 0.7299 0.0670481 0.170356 0.330771
6 0.967473 0.441844 0.0671892 0.490011 0.316767
5 0.438456 0.727483 0.050669 0.168332 0.211314
6 0.408267 0.782398 0.110629 0.282981 0.209918
11 0.627696 0.453223 0.157331 0.338539 0.196102
6 0.96658 0.357668 0.0678946 0.325519 0.150341
6 0.962304 0.57001 0.0768835 0.741189 0.141888
2 0.991912 0.57741 0.0170958 0.173596 0.140351
6 0.962937 0.566886 0.0756413 0.730155 0.126389
6 0.970801 0.343257 0.0603111 0.29499 0.111434
6 0.969319 0.569965 0.064588 0.73834 0.111217
6 0.962952 0.560292 0.0756296 0.704646 0.105269
5 0.405122 0.730915 0.0952435 0.169692 0.102769
6 0.951105 0.368257 0.0969967 0.350611 0.0890119
7 0.772139 0.210512 0.0263225 0.0371969 0.088117
7 0.774567 0.210515 0.0206192 0.0340045 0.0859386
5 0.42143 0.733492 0.0815625 0.1798 0.0845464
2 0.617344 0.580701 0.0340383 0.141457 0.0826635
10 0.976811 0.575648 0.0478874 0.231206 0.0794049
5 0.397282 0.73404 0.12049 0.180173 0.0792489
10 0.987603 0.510193 0.025066 0.347115 0.0785386
6 0.964857 0.503209 0.0703215 0.366692 0.0772485
2 0.619194 0.567124 0.0346219 0.108406 0.0764807
2 0.610878 0.618434 0.0470281 0.226654 0.0754972
2 0.452671 0.207044 0.018528 0.063895 0.0752415
7 0.967586 0.786965 0.0666574 0.29065 0.0747866
10 0.992906 0.427155 0.0156994 0.466873 0.074777
11 0.633973 0.349473 0.156555 0.122742 0.0747685
2 0.441435 0.205391 0.0174586 0.0627524 0.0745324
6 0.413652 0.817715 0.114705 0.356756 0.0733645
7 0.761337 0.215297 0.0189978 0.0456765 0.0721618
5 0.397677 0.735166 0.0943134 0.178011 0.0718314
2 0.525242 0.25197 0.0289445 0.161926 0.0716825
10 0.990973 0.587888 0.0184471 0.139059 0.0685935
11 0.633565 0.362838 0.158287 0.155553 0.0677632
7 0.762093 0.209037 0.0187351 0.0302253 0.0668992
2 0.613476 0.59498 0.0327076 0.163132 0.0659447
2 0.991991 0.575339 0.0165842 0.192467 0.0656471
10 0.990886 0.588751 0.0185371 0.156791 0.0632263
5 0.415731 0.729362 0.0475162 0.164527 0.0622131
11 0.578633 0.450959 0.275763 0.340531 0.059587
2 0.634749 0.492851 0.0171431 0.0270164 0.0584019
2 0.524376 0.252308 0.0280315 0.164828 0.05785
10 0.990842 0.554953 0.0200815 0.21451 0.0574474
10 0.989591 0.878209 0.0221928 0.0953354 0.0560662
7 0.756629 0.218632 0.0198505 0.0490522 0.0545994
10 0.252452 0.569692 0.279327 0.85953 0.0545227
6 0.957487 0.498895 0.08391 0.383189 0.0543235
10 0.266973 0.565353 0.242379 0.851588 0.0541375
11 0.97084 0.735283 0.0617506 0.384191 0.0537751
7 0.764585 0.218003 0.0332342 0.0549555 0.0520423
10 0.747243 0.352632 0.0668613 0.450904 0.0506244
6 0.0138369 0.896014 0.0275704 0.213845 0.0500125
10 0.990854 0.358225 0.0198633 0.378257 0.0497377
2 0.455367 0.207494 0.0197472 0.0655191 0.0495702
6 0.0829573 0.395049 0.163488 0.394538 0.0495314
6 0.958865 0.426294 0.0846937 0.44662 0.0494153
10 0.308175 0.545919 0.138377 0.32031 0.0489755
10 0.187387 0.578814 0.376595 0.839145 0.0477702
10 0.012285 0.808385 0.0245752 0.393166 0.0477081
6 0.392394 0.816445 0.128763 0.35691 0.046728
6 0.975243 0.626829 0.0522038 0.635304 0.046662
6 0.0148696 0.865736 0.0297253 0.272411 0.0464269
5 0.438422 0.724507 0.0414554 0.151892 0.0458312
7 0.521856 0.201482 0.0223711 0.0567757 0.0445433
10 0.309812 0.428656 0.151251 0.565546 0.0441848
2 0.624703 0.564347 0.0347033 0.105647 0.0429974
7 0.966835 0.817558 0.0673353 0.346197 0.0425106
6 0.387903 0.8303 0.0765832 0.181387 0.0416831
10 0.790915 0.35569 0.107629 0.454663 0.0416451
10 0.199176 0.579183 0.394247 0.84687 0.0415615
7 0.663333 0.289347 0.0256498 0.0757017 0.0412118
5 0.394733 0.739084 0.0868472 0.183458 0.0409388
10 0.0145972 0.937359 0.0294228 0.129243 0.0406371
10 0.196767 0.457751 0.38328 0.540868 0.040507
6 0.384579 0.831252 0.0755169 0.18159 0.0404893
10 0.178075 0.587235 0.360824 0.82698 0.0396612
10 0.761942 0.356675 0.136808 0.453053 0.0390746
7 0.783294 0.212437 0.0275403 0.0420419 0.0386873
10 0.0411011 0.596678 0.0821648 0.80824 0.038059
10 0.974713 0.597986 0.0509497 0.177607 0.0377203
10 0.259494 0.377112 0.171969 0.472776 0.0375146
11 0.478796 0.442801 0.47034 0.310853 0.0374639
11 0.719642 0.7598 0.570195 0.478388 0.0373887
10 0.242803 0.417247 0.234181 0.551388 0.0370502
10 0.0192254 0.600856 0.0387706 0.800037 0.0368066
6 0.0878598 0.597409 0.172518 0.811877 0.0364584
5 0.392735 0.734557 0.0940488 0.176994 0.0363963
10 0.291835 0.518134 0.186923 0.375122 0.036348
10 0.0389746 0.594793 0.0779409 0.810036 0.0362051
10 0.0363169 0.595872 0.0725965 0.805886 0.0356512
2 0.467149 0.313412 0.016864 0.0467878 0.0353749
10 0.176277 0.581092 0.357459 0.832501 0.0353125
6 0.138685 0.412587 0.26673 0.418641 0.035266
6 0.30852 0.518861 0.153022 0.371548 0.0352243
10 0.961408 0.394427 0.0729856 0.143836 0.0351221
11 0.986305 0.463973 0.0268759 0.21695 0.0350013
2 0.532102 0.203448 0.0239861 0.0626668 0.0349983
2 0.643196 0.495002 0.0155441 0.0280567 0.0349015
2 0.45379 0.310098 0.0184042 0.0485683 0.0342086
11 0.986636 0.466163 0.026092 0.224668 0.0338804
10 0.0205588 0.741849 0.0418973 0.52513 0.0337501
6 0.957105 0.568792 0.0877766 0.759743 0.0336034
10 0.238148 0.421508 0.238086 0.549888 0.0335094
7 0.595295 0.583445 0.0337698 0.0482321 0.0333334
5 0.393244 0.74703 0.0568709 0.192679 0.0329284
11 0.986301 0.441169 0.0273088 0.203251 0.0329129
2 0.989059 0.498688 0.023015 0.105489 0.0328272
2 0.599563 0.622123 0.0329744 0.21249 0.0327697
7 0.670459 0.278869 0.0326853 0.0920929 0.0325727
7 0.989973 0.605565 0.0189522 0.112768 0.0325541
7 0.602171 0.307518 0.0556444 0.0445836 0.032483
10 0.974932 0.591149 0.0486622 0.167824 0.032417
5 0.0133839 0.95811 0.0271348 0.0864494 0.032146
2 0.449989 0.209944 0.0408005 0.076702 0.0313053
2 0.334452 0.00937909 0.0325568 0.0200848 0.0312457
5 0.399361 0.745022 0.134072 0.208757 0.0311375
11 0.614316 0.466286 0.159692 0.372099 0.0308746
2 0.989159 0.495619 0.0226755 0.100497 0.0307556
10 0.777013 0.298458 0.109242 0.345586 0.0303766
7 0.517942 0.301412 0.0267851 0.0610971 0.0303309
10 0.977178 0.600108 0.0466036 0.218932 0.030259
6 0.16736 0.417067 0.333564 0.438866 0.0300577
11 0.646188 0.439073 0.158163 0.313367 0.0299613
10 0.315048 0.515161 0.148552 0.732996 0.029622
11 0.981629 0.627669 0.0391047 0.137306 0.0295904
10 0.252746 0.408759 0.193951 0.535247 0.0294336
10 0.262941 0.568105 0.252559 0.850626 0.029391
10 0.207536 0.462546 0.135011 0.304882 0.0293253
11 0.410531 0.451759 0.623473 0.357251 0.0290978
10 0.991279 0.8699 0.0178032 0.110029 0.0284844
10 0.256151 0.423628 0.216515 0.56564 0.0284653
2 0.466417 0.203907 0.0193295 0.0637756 0.0283977
10 0.780134 0.435524 0.0972126 0.294907 0.0283866
6 0.196237 0.714531 0.383027 0.57562 0.028323
2 0.989908 0.503849 0.0213432 0.110166 0.0282905
10 0.791242 0.356136 0.106416 0.44881 0.0282305
11 0.984665 0.719605 0.032358 0.437381 0.0281054
11 0.979982 0.662892 0.0419302 0.101145 0.0280742
10 0.100404 0.596561 0.200137 0.812265 0.0280694
10 0.290613 0.507954 0.193709 0.397138 0.0278431
6 0.386332 0.781697 0.1243 0.285699 0.0277517
11 0.987482 0.416305 0.0255829 0.172591 0.0276672
10 0.0793368 0.573716 0.156948 0.758627 0.0276072
10 0.0222158 0.641017 0.0453527 0.715433 0.0274579
2 0.537694 0.200157 0.0241302 0.0583607 0.0272673
11 0.539353 0.808231 0.420925 0.371008 0.0272342
6 0.334354 0.509052 0.0641301 0.177071 0.027094
10 0.262377 0.567296 0.256616 0.838358 0.0270299
10 0.384764 0.816059 0.124941 0.356021 0.0269674
6 0.410563 0.78766 0.10159 0.283357 0.026897
11 0.695183 0.415438 0.285502 0.27431 0.0268789
2 0.472318 0.313273 0.0144797 0.0451571 0.0266468
2 0.637721 0.260641 0.0277495 0.132616 0.026604
5 0.398222 0.755131 0.141876 0.23345 0.0265842
10 0.0613503 0.430222 0.126865 0.818176 0.0265228
10 0.195572 0.466559 0.385099 0.525525 0.0265003
6 0.109151 0.39698 0.212686 0.396691 0.0264774
11 0.98534 0.415623 0.0303171 0.162719 0.0264263
7 0.778727 0.218264 0.0351011 0.0590775 0.0262019
2 0.380995 0.0664598 0.0270812 0.0609768 0.0261923
10 0.253221 0.571648 0.286529 0.847591 0.0261236
5 0.385168 0.753037 0.0574218 0.201042 0.0259093
5 0.438779 0.686749 0.0389372 0.0806186 0.0258996
2 0.54259 0.253917 0.0273619 0.162639 0.0258202
6 0.197675 0.597198 0.387728 0.813243 0.025421
6 0.1488 0.595878 0.302046 0.808121 0.0253358
10 0.292167 0.537258 0.204557 0.776012 0.0250835
6 0.315959 0.973642 0.265463 0.0536485 0.0249091
5 0.46169 0.722929 0.0453008 0.162246 0.0248768
10 0.201504 0.424825 0.135251 0.39104 0.0246897
6 0.323215 0.540108 0.118775 0.278291 0.0246814
2 0.421013 0.201176 0.0185538 0.071235 0.0246739
11 0.573937 0.81521 0.285499 0.369553 0.0243916
10 0.0197923 0.491436 0.0407177 0.576837 0.0241849
10 0.81209 0.351571 0.0510902 0.455383 0.0241747
10 0.986939 0.882583 0.0259136 0.091346 0.0240711
11 0.677649 0.799968 0.463008 0.394537 0.0240012
6 0.330277 0.509417 0.0755935 0.176687 0.0237705
6 0.11783 0.398786 0.233991 0.402844 0.0232894
11 0.558485 0.401475 0.312379 0.230328 0.023261
10 0.0180564 0.405396 0.0366889 0.403304 0.0230247
5 0.455941 0.708375 0.0420062 0.133804 0.0228387
10 0.178066 0.573276 0.359183 0.771946 0.022668
10 0.985453 0.887639 0.028087 0.0825678 0.0226179
7 0.541417 0.627559 0.0311832 0.0484473 0.0224739
7 0.654946 0.271902 0.0488388 0.101462 0.0221982
10 0.411196 0.39707 0.613449 0.486163 0.0219019
5 0.458466 0.724956 0.0429756 0.164617 0.0218868
11 0.227354 0.967619 0.438178 0.0646698 0.0218787
7 0.989274 0.375522 0.0219658 0.0561472 0.0217724
10 0.322951 0.428435 0.119751 0.542615 0.0214549
11 0.671493 0.807981 0.459937 0.379666 0.0214288
10 0.378563 0.564076 0.665268 0.811681 0.0212783
6 0.197998 0.781861 0.383301 0.438567 0.0211605
6 0.918433 0.594818 0.166689 0.7961 0.0211295
7 0.636391 0.308543 0.0397532 0.0381952 0.0210751
6 0.0502621 0.919317 0.10088 0.165017 0.0209911
6 0.343073 0.507136 0.0697255 0.167593 0.0206714
10 0.0540858 0.602786 0.110103 0.785248 0.0205291
10 0.410252 0.48499 0.604217 0.679701 0.0205118
7 0.4264 0.293766 0.0555148 0.0806551 0.0202316
6 0.176873 0.643355 0.349445 0.71769 0.0201461
6 0.194245 0.68154 0.377234 0.641161 0.0200797
6 0.27377 0.974897 0.347674 0.0517049 0.0199155
5 0.387542 0.741772 0.0947139 0.191614 0.0198764
11 0.179866 0.312461 0.0471622 0.0565708 0.0197882
10 0.813105 0.353134 0.0623373 0.451599 0.0197019
10 0.794877 0.384412 0.104926 0.386271 0.0196425
10 0.771062 0.232735 0.121462 0.212448 0.0193451
11 0.546639 0.794469 0.401785 0.396653 0.0192672
6 0.394714 0.781951 0.114463 0.284807 0.019263
7 0.796929 0.212894 0.0209569 0.0370324 0.0192157
6 0.688644 0.806027 0.106379 0.381828 0.018831
10 0.960497 0.979508 0.0758337 0.0406197 0.0182499
11 0.604904 0.814984 0.233591 0.354695 0.0182019
6 0.0642467 0.374124 0.131492 0.356857 0.0181529
7 0.748732 0.219365 0.0241381 0.0598192 0.0180414
6 0.0522485 0.879431 0.105091 0.242548 0.0180348
11 0.715422 0.798865 0.573535 0.402639 0.0179963
6 0.396233 0.979941 0.0845777 0.0414436 0.0179857
2 0.676762 0.275604 0.0363151 0.103276 0.0178809
10 0.0534562 0.757715 0.106995 0.485415 0.0178051
10 0.766591 0.30527 0.104892 0.24244 0.0177236
11 0.406659 0.460102 0.624853 0.387025 0.0177094
6 0.182332 0.823085 0.359655 0.356107 0.0174779
7 0.400541 0.797322 0.0657042 0.133971 0.0174445
2 0.643441 0.223351 0.0234406 0.0609031 0.0174379
6 0.0653381 0.408694 0.134846 0.405696 0.0173907
6 0.977311 0.359421 0.047086 0.0808014 0.0172842
10 0.724708 0.353377 0.061906 0.441635 0.0170361
11 0.183567 0.889193 0.361972 0.223286 0.0169999
6 0.403348 0.783072 0.130678 0.288242 0.0169337
11 0.365239 0.409351 0.700443 0.428945 0.0169229
11 0.988308 0.403739 0.0229523 0.113831 0.0167436
7 0.627206 0.309531 0.0373572 0.0442058 0.016717
7 0.421846 0.825516 0.0582401 0.168808 0.0167024
10 0.0445828 0.727613 0.0896606 0.538162 0.0166072
10 0.285044 0.562318 0.266354 0.700474 0.0165742
10 0.121041 0.755166 0.240868 0.474532 0.0165685
11 0.167242 0.964536 0.32963 0.071725 0.0165082
10 0.635272 0.0975768 0.0989701 0.204207 0.0164484
2 0.341829 0.289253 0.0297468 0.0667544 0.0164358
11 0.600445 0.894031 0.254046 0.209184 0.0163238
5 0.451383 0.688402 0.0399558 0.0869276 0.0163118
10 0.764716 0.302424 0.0996899 0.237205 0.0162306
2 0.499517 0.284778 0.0273049 0.105465 0.0161574
10 0.766234 0.308799 0.102081 0.242343 0.0161155
11 0.190021 0.298664 0.0501043 0.0403369 0.0160883
11 0.558712 0.828961 0.231014 0.339972 0.0160316
2 0.501242 0.279634 0.0267114 0.119785 0.0159046
5 0.290088 0.98269 0.134623 0.0354923 0.0157406
10 0.36918 0.388368 0.458197 0.486956 0.0156671
10 0.0607502 0.786102 0.120909 0.430769 0.0155408
6 0.327617 0.90632 0.273136 0.192325 0.0155232
6 0.422817 0.790449 0.172329 0.31018 0.0152727
7 0.5845 0.594996 0.038131 0.0669932 0.015256
2 0.3898 0.066165 0.0255286 0.060676 0.0152348
6 0.0569681 0.831028 0.113367 0.340168 0.0152028
11 0.596574 0.821495 0.296822 0.353898 0.0150548
10 0.818739 0.350882 0.0512262 0.441346 0.0149011
2 0.489018 0.199922 0.0173258 0.0591174 0.0147772
11 0.501726 0.81649 0.517437 0.362344 0.0147362
10 0.103647 0.68534 0.205789 0.603711 0.0140191
10 0.793057 0.573366 0.424906 0.84457 0.0137712
6 0.33736 0.457256 0.140523 0.268837 0.0136727
10 0.784178 0.514382 0.0817957 0.133242 0.0136465
6 0.196597 0.877481 0.37731 0.250161 0.0134088
6 0.119826 0.791814 0.237095 0.417844 0.0133182
10 0.92681 0.392349 0.0535406 0.155821 0.0132805
6 0.498286 0.886279 0.121099 0.231217 0.0132773
10 0.762197 0.516448 0.0476221 0.12767 0.0131795
10 0.439317 0.3817 0.567403 0.456605 0.012995
6 0.32927 0.865924 0.271726 0.273664 0.0125907
10 0.777763 0.250928 0.104108 0.142397 0.0125799
6 0.289202 0.774144 0.195983 0.452115 0.0125207
7 0.617696 0.273288 0.0692392 0.103445 0.0124423
10 0.81025 0.438956 0.0599918 0.28241 0.0123282
7 0.118152 0.979674 0.126094 0.0411196 0.0121926
11 0.585705 0.700785 0.284431 0.177761 0.012002
10 0.482503 0.818358 0.122486 0.360972 0.011907
11 0.406485 0.882533 0.424383 0.238014 0.0118265
6 0.0986011 0.901765 0.196745 0.200311 0.0115757
6 0.279152 0.82119 0.217542 0.368477 0.0114058
6 0.104302 0.853107 0.207915 0.295962 0.0112213
10 0.337086 0.02715 0.100761 0.0563981 0.0109784
11 0.623317 0.682779 0.213512 0.163984 0.0106417
10 0.724408 0.317761 0.0316405 0.255084 0.0105278
10 0.729494 0.26303 0.0293999 0.0822843 0.0103078
10 0.814494 0.495651 0.0478668 0.165779 0.00993893
10 0.0648471 0.0331237 0.130061 0.0715169 0.00979465
10 0.722117 0.265069 0.0272925 0.180216 0.00974512
10 0.72726 0.285815 0.0296198 0.141254 0.00958359
10 0.718127 0.306735 0.024176 0.199979 0.00922218
2 0.564445 0.583682 0.0657871 0.143873 0.00883443
10 0.51078 0.1099 0.952812 0.252452 0.00805955
