3 0.550286 0.403388 0.197053 0.244818 0.854511
10 0.978193 0.919269 0.0457688 0.160946 0.290025
0 0.970411 0.858752 0.0607786 0.27997 0.155468
1 0.316023 0.882366 0.620757 0.236749 0.146735
1 0.311503 0.896534 0.609963 0.208542 0.146497
4 0.265813 0.221477 0.0702923 0.0913741 0.144799
1 0.313343 0.885393 0.613287 0.230659 0.142784
1 0.287752 0.879145 0.568525 0.243397 0.138672
1 0.372358 0.894279 0.388196 0.210735 0.119857
3 0.375136 0.395586 0.15494 0.207891 0.118267
1 0.28896 0.845017 0.571748 0.313071 0.117634
1 0.504841 0.858616 0.980283 0.283903 0.116854
1 0.940294 0.852325 0.121626 0.295173 0.115016
4 0.205337 0.450444 0.133707 0.206209 0.113196
10 0.989559 0.919872 0.0215998 0.16134 0.111692
1 0.946465 0.847387 0.109229 0.306853 0.111554
1 0.505465 0.889829 0.970088 0.22098 0.109811
1 0.262975 0.907749 0.519373 0.186503 0.109405
1 0.504855 0.836174 0.98057 0.331994 0.106246
1 0.393553 0.908639 0.50265 0.18011 0.105823
4 0.276598 0.29056 0.151637 0.124944 0.104953
1 0.360094 0.90621 0.359198 0.187944 0.102984
4 0.335669 0.302534 0.0519674 0.0712718 0.10175
1 0.412365 0.885847 0.602989 0.224631 0.100665
1 0.503572 0.885583 0.992385 0.229954 0.098906
1 0.365205 0.854909 0.726173 0.292407 0.0988783
1 0.503494 0.833515 0.977616 0.337041 0.0984927
1 0.97599 0.799969 0.0497356 0.399768 0.0980245
1 0.945329 0.811624 0.112221 0.37839 0.0979087
1 0.503975 0.865121 0.986672 0.270943 0.0970074
4 0.265524 0.220687 0.0596252 0.0853547 0.0956517
4 0.399257 0.390884 0.113308 0.189034 0.0928183
1 0.501218 0.846416 0.974087 0.312065 0.0923601
10 0.984225 0.925836 0.0325598 0.150235 0.0918774
1 0.87757 0.836384 0.254579 0.329341 0.0916084
1 0.391334 0.856309 0.774471 0.289492 0.0915066
1 0.340201 0.909786 0.369802 0.180738 0.0913347
10 0.753347 0.451166 0.0393056 0.0721199 0.0911808
1 0.791862 0.852723 0.439672 0.296775 0.089457
1 0.849499 0.853893 0.321459 0.29249 0.0893438
1 0.0736573 0.929638 0.145736 0.143087 0.0861362
10 0.987586 0.923592 0.0256376 0.156595 0.0859273
1 0.807379 0.825126 0.395791 0.352654 0.0840146
4 0.785411 0.475063 0.0591942 0.0940519 0.0839367
1 0.504684 0.875649 0.964539 0.250096 0.0831811
10 0.976884 0.85875 0.0492658 0.2883 0.0829983
1 0.949595 0.722321 0.100732 0.550529 0.0829607
1 0.0731159 0.964845 0.145067 0.0716316 0.0820301
10 0.744127 0.450321 0.0386285 0.0709566 0.0817502
1 0.112998 0.938133 0.22307 0.124855 0.0817099
1 0.126386 0.884467 0.250497 0.234109 0.080991
1 0.0836159 0.870636 0.165569 0.262394 0.0802071
1 0.507853 0.818971 0.966461 0.366382 0.0800643
1 0.43669 0.886669 0.848199 0.226876 0.0773614
1 0.269758 0.790427 0.537508 0.424325 0.0766851
1 0.170301 0.890969 0.340582 0.22092 0.0764668
4 0.344742 0.298801 0.0543877 0.0711017 0.0763693
1 0.330503 0.807652 0.657961 0.38922 0.0758772
1 0.949467 0.704063 0.101916 0.587687 0.0754692
4 0.329247 0.361296 0.0798362 0.08436 0.0752257
10 0.381099 0.412158 0.0699816 0.17747 0.0746964
1 0.575157 0.880646 0.856793 0.237863 0.0741407
1 0.119345 0.849101 0.238514 0.305503 0.0735801
1 0.316464 0.96363 0.616197 0.0739678 0.0732109
1 0.271311 0.96327 0.525791 0.0748892 0.0730285
10 0.970491 0.911915 0.0606813 0.180826 0.0727698
1 0.149576 0.941168 0.295117 0.119613 0.0726407
1 0.174151 0.852884 0.348448 0.295322 0.0726034
1 0.790212 0.931307 0.42291 0.138759 0.072009
1 0.85619 0.779168 0.296616 0.443297 0.0719072
1 0.801673 0.966983 0.397998 0.0666675 0.071788
1 0.605277 0.863354 0.794122 0.271641 0.0709477
1 0.757364 0.861378 0.515036 0.277406 0.0704326
1 0.933761 0.672033 0.133295 0.655436 0.0694634
10 0.945689 0.914709 0.109472 0.170777 0.0693876
1 0.433468 0.914161 0.849874 0.172281 0.0693147
1 0.928614 0.701375 0.14238 0.594502 0.0688644
1 0.751894 0.966459 0.501691 0.0678629 0.0684343
1 0.0815325 0.827566 0.164192 0.352976 0.0678765
10 0.965816 0.943137 0.0690455 0.115061 0.067414
10 0.991766 0.918709 0.016544 0.164466 0.0673752
1 0.126439 0.96487 0.249733 0.0713249 0.0672395
1 0.586151 0.922571 0.823143 0.153887 0.0669018
1 0.773072 0.931073 0.464503 0.139293 0.0664642
1 0.776976 0.820714 0.469759 0.360368 0.0661031
1 0.852231 0.935191 0.30345 0.13068 0.0649686
10 0.382318 0.447927 0.0518951 0.107695 0.0641769
1 0.563302 0.915295 0.873316 0.168913 0.0638691
1 0.503126 0.791869 0.978038 0.421884 0.0623829
1 0.946749 0.603239 0.10997 0.796306 0.0620331
1 0.956269 0.665305 0.0902704 0.665724 0.0614441
1 0.170982 0.968628 0.338864 0.0636268 0.0612954
4 0.203239 0.249261 0.061793 0.0665992 0.0612026
10 0.375705 0.415953 0.0809328 0.176601 0.0604381
1 0.352346 0.969057 0.452059 0.0627052 0.0602413
1 0.039772 0.917026 0.0808661 0.171868 0.0601834
1 0.649007 0.963995 0.69787 0.0722914 0.0596633
1 0.501861 0.962232 0.972291 0.0766054 0.0594127
4 0.376987 0.445635 0.0629232 0.116431 0.0593334
1 0.504262 0.733818 0.980937 0.536304 0.0586057
1 0.954019 0.565781 0.0940373 0.86568 0.0584332
4 0.378987 0.37755 0.146722 0.174182 0.0578211
4 0.444295 0.420641 0.0592248 0.118803 0.0577737
3 0.148082 0.460819 0.289871 0.282388 0.0572785
1 0.852866 0.968891 0.295538 0.0629411 0.0557651
1 0.0420418 0.963939 0.0851395 0.0741539 0.055729
4 0.322087 0.427283 0.176963 0.226944 0.055706
3 0.123152 0.368216 0.243465 0.409751 0.0549999
10 0.977727 0.949852 0.0460503 0.100962 0.0547801
4 0.0197634 0.580802 0.040274 0.0877556 0.0545299
4 0.810098 0.476352 0.107531 0.0990217 0.0544409
1 0.507095 0.963895 0.960823 0.0728788 0.0535278
1 0.376887 0.820591 0.755932 0.365956 0.0529718
1 0.546205 0.966552 0.884097 0.068014 0.0525929
1 0.390306 0.969157 0.309555 0.0625849 0.0521654
1 0.961731 0.679158 0.0790296 0.523731 0.0520654
1 0.802175 0.766113 0.411977 0.468005 0.050896
1 0.158535 0.797363 0.31848 0.4086 0.0504774
3 0.12176 0.438694 0.242368 0.272739 0.0503987
10 0.97938 0.81058 0.0419961 0.180265 0.0502775
10 0.971801 0.966904 0.0591309 0.0678745 0.0501848
4 0.269557 0.27605 0.0872065 0.0814352 0.0500864
4 0.155223 0.294951 0.142897 0.172414 0.0500165
1 0.863626 0.711018 0.279198 0.582893 0.0498326
4 0.373837 0.453122 0.0501237 0.100494 0.0496807
6 0.0215512 0.301402 0.0434157 0.205816 0.049175
4 0.744784 0.45123 0.082864 0.0805023 0.0484247
1 0.812755 0.0255127 0.370985 0.0514319 0.048401
1 0.0357663 0.866478 0.0726575 0.274848 0.0482907
1 0.45979 0.971012 0.573082 0.0588041 0.0481778
1 0.427319 0.969902 0.224176 0.0603681 0.0480171
10 0.975779 0.940446 0.0496754 0.121745 0.0477695
4 0.155638 0.213838 0.0953791 0.102693 0.0476666
10 0.981197 0.861398 0.0398714 0.269356 0.0463883
4 0.258772 0.28414 0.113657 0.0929293 0.0462657
10 0.709109 0.461875 0.0193802 0.0466312 0.0461414
4 0.273233 0.264705 0.0668595 0.0676151 0.046041
1 0.98115 0.569575 0.0385403 0.537799 0.0459595
4 0.0195065 0.47539 0.040159 0.314021 0.0455842
1 0.500507 0.804243 0.972263 0.397541 0.0451695
1 0.979361 0.823924 0.0428545 0.202451 0.0450278
10 0.0910263 0.350364 0.0531721 0.101708 0.0442393
10 0.736907 0.451751 0.0372146 0.0705765 0.0441224
1 0.11693 0.764343 0.236699 0.473978 0.0439541
6 0.912898 0.970671 0.178255 0.06 0.0439119
4 0.25749 0.290549 0.117993 0.10529 0.043761
10 0.0920691 0.136837 0.114062 0.261811 0.0433896
4 0.981289 0.522818 0.0403246 0.127111 0.0433539
1 0.969965 0.566917 0.0629125 0.291622 0.0430067
1 0.973962 0.551948 0.0549354 0.334177 0.0424325
1 0.844983 0.0235805 0.309087 0.0463852 0.0419415
10 0.0186876 0.414215 0.0380728 0.443104 0.0418833
1 0.508935 0.907026 0.989306 0.189176 0.0416663
4 0.34145 0.367539 0.119859 0.108259 0.0415884
1 0.523848 0.97378 0.540164 0.0526299 0.0412049
10 0.989599 0.864214 0.0214939 0.275132 0.0410689
4 0.0236287 0.537482 0.047924 0.190162 0.0410449
10 0.981428 0.97049 0.0387871 0.0601626 0.0409535
4 0.29741 0.446158 0.142733 0.203064 0.0408912
10 0.072481 0.145325 0.144324 0.286234 0.0403361
10 0.982309 0.978121 0.036722 0.0449462 0.0403146
4 0.786879 0.470928 0.0513935 0.0873341 0.0399033
10 0.986762 0.849168 0.0277609 0.301139 0.039858
10 0.966555 0.953061 0.0687187 0.0957966 0.0397803
3 0.101068 0.471105 0.201814 0.278449 0.0396139
10 0.894432 0.478553 0.0437587 0.0985457 0.0396113
4 0.340865 0.354643 0.0815118 0.0823798 0.0393829
10 0.363041 0.413622 0.0754535 0.19466 0.0389531
4 0.160653 0.44934 0.184744 0.229152 0.0389009
10 0.831031 0.983709 0.050096 0.0322891 0.0388709
1 0.842252 0.653842 0.320087 0.696054 0.0388641
10 0.983178 0.790488 0.0350822 0.141348 0.0387736
1 0.506689 0.704671 0.972263 0.592702 0.0385735
1 0.44036 0.829164 0.895758 0.342152 0.0385461
3 0.273637 0.442418 0.304297 0.263778 0.0381937
10 0.0275967 0.347301 0.0560262 0.534446 0.0377972
4 0.0203336 0.568472 0.0413412 0.129024 0.037257
1 0.507099 0.721743 0.968183 0.556899 0.0371244
10 0.884117 0.473014 0.0364238 0.0989137 0.0369672
4 0.0109224 0.440649 0.0221495 0.219313 0.0362814
1 0.981453 0.498456 0.0388342 0.257329 0.0362631
4 0.279442 0.302803 0.188056 0.141575 0.0361157
4 0.440011 0.421584 0.0823296 0.119161 0.0357909
10 0.90073 0.476528 0.0504829 0.109432 0.0356584
1 0.0563414 0.984147 0.114032 0.0329101 0.0356323
10 0.953546 0.906539 0.049143 0.188041 0.0353937
10 0.361311 0.413241 0.0762478 0.198053 0.0353897
4 0.773387 0.475644 0.051749 0.0924413 0.0353323
4 0.416117 0.397793 0.109363 0.187905 0.0351184
10 0.967481 0.980911 0.0682202 0.0394262 0.0350856
4 0.985392 0.512457 0.0313892 0.201922 0.0348478
6 0.946059 0.967977 0.108905 0.065317 0.0347882
4 0.457705 0.421181 0.0575963 0.12393 0.0345452
10 0.00969522 0.334902 0.0194365 0.144752 0.0342991
4 0.222316 0.221853 0.0838358 0.0918074 0.0342798
10 0.011436 0.304238 0.0229389 0.170584 0.0342335
4 0.275669 0.248444 0.0532714 0.0605711 0.0340666
1 0.0210379 0.973717 0.0420989 0.0542562 0.0340207
10 0.071444 0.20761 0.144479 0.408659 0.0336929
4 0.359374 0.43964 0.0679544 0.136862 0.0336376
4 0.985413 0.502282 0.031708 0.168957 0.0335191
10 0.991745 0.887525 0.0167386 0.10802 0.0333661
10 0.776058 0.449492 0.0385431 0.0711919 0.0333256
4 0.293458 0.289911 0.17576 0.119218 0.0329702
10 0.0137205 0.336185 0.0286949 0.249047 0.0328983
4 0.570313 0.227438 0.100276 0.071455 0.0324307
6 0.0389632 0.243511 0.0761887 0.12808 0.0322356
4 0.963271 0.518139 0.0760577 0.166237 0.0321064
4 0.570406 0.148303 0.0454962 0.0633395 0.0321054
4 0.0144257 0.55272 0.0311109 0.156178 0.0318933
4 0.0157925 0.55887 0.0341319 0.166133 0.031713
10 0.400917 0.444822 0.0396095 0.0979552 0.0316754
1 0.070815 0.98368 0.0920375 0.0331251 0.0315142
6 0.0272055 0.247574 0.0555372 0.122852 0.0313223
10 0.0953092 0.0948235 0.0773906 0.16404 0.031184
4 0.572782 0.228085 0.101167 0.0695663 0.0310545
4 0.199786 0.221745 0.205862 0.130802 0.0309786
4 0.986813 0.490363 0.0284895 0.177861 0.030896
6 0.0248852 0.261035 0.0520093 0.133569 0.0307051
4 0.21576 0.261903 0.24123 0.2193 0.0305392
4 0.7119 0.459137 0.0477724 0.0602505 0.0300871
10 0.861239 0.47718 0.0468426 0.0990025 0.0298943
3 0.829088 0.43315 0.140494 0.195334 0.0298586
10 0.0988895 0.0758778 0.0641626 0.122993 0.0297849
4 0.0111924 0.448529 0.0225239 0.180834 0.029776
4 0.0104893 0.477953 0.0211151 0.209544 0.0294327
4 0.74987 0.472329 0.104799 0.110031 0.0294205
4 0.0452002 0.43555 0.0920994 0.297072 0.0289938
1 0.54558 0.692541 0.90066 0.617289 0.028714
4 0.191836 0.254803 0.0797594 0.0800011 0.0286671
1 0.792664 0.0210768 0.407229 0.0424067 0.028478
4 0.328363 0.372638 0.110911 0.184819 0.028428
3 0.405627 0.392354 0.0826388 0.188091 0.0283775
10 0.951546 0.927037 0.0583367 0.149689 0.0283253
4 0.335791 0.287265 0.105239 0.102976 0.0281556
4 0.709846 0.456753 0.0406161 0.0674858 0.0281393
10 0.033602 0.193965 0.0679978 0.269946 0.0279527
4 0.432516 0.388559 0.0750329 0.171949 0.0277327
1 0.0321194 0.984948 0.0624004 0.0303289 0.0273692
10 0.092062 0.113636 0.117866 0.220732 0.0270129
10 0.0739426 0.103744 0.147534 0.20612 0.0270006
6 0.0382176 0.268686 0.0781375 0.16798 0.0269478
4 0.312442 0.3751 0.0878509 0.106093 0.0268932
10 0.0139493 0.143704 0.0279728 0.173217 0.0265695
4 0.0554272 0.334669 0.113561 0.164978 0.0264829
4 0.979045 0.599297 0.0440678 0.185296 0.0264535
4 0.47977 0.445945 0.0529076 0.0904 0.0263611
1 0.525558 0.98621 0.110827 0.0275034 0.0263075
10 0.600663 0.30567 0.0524474 0.071433 0.0259892
6 0.0459788 0.232985 0.0678549 0.107475 0.0259669
4 0.222028 0.235092 0.0678122 0.0995437 0.0254975
10 0.0131412 0.517739 0.0266768 0.118736 0.0249735
4 0.434278 0.434699 0.0595553 0.0853622 0.0248626
1 0.445457 0.986559 0.111995 0.0264071 0.0246852
4 0.0114791 0.369656 0.0230014 0.089017 0.0246753
10 0.333193 0.443745 0.0746814 0.144389 0.0246006
10 0.0119883 0.527611 0.0244439 0.128714 0.0245072
10 0.697899 0.461675 0.0189023 0.0486015 0.024501
7 0.115369 0.220212 0.0369874 0.0903265 0.0242462
1 0.513511 0.987918 0.14843 0.0246614 0.0236867
4 0.233552 0.432471 0.0821198 0.16003 0.0235103
4 0.293301 0.205744 0.0507055 0.0718093 0.0232186
4 0.431438 0.42927 0.0809409 0.13778 0.0229595
4 0.153345 0.21243 0.0775304 0.0823824 0.0229445
4 0.609845 0.213473 0.0643763 0.0670776 0.0229339
4 0.0451874 0.038589 0.0923053 0.0798593 0.0220666
5 0.744811 0.0567427 0.504312 0.113188 0.0218578
4 0.918121 0.986908 0.170546 0.0278879 0.0216762
1 0.0335994 0.987109 0.0742514 0.028153 0.0215172
3 0.239271 0.491483 0.474905 0.560815 0.021024
10 0.613781 0.303085 0.0449187 0.0658662 0.0207298
10 0.811767 0.462834 0.0277014 0.0686591 0.0206814
3 0.587571 0.400128 0.169836 0.238247 0.0202577
4 0.325794 0.469226 0.0606948 0.11886 0.0197325
6 0.232551 0.132914 0.0561029 0.165294 0.0197196
1 0.476297 0.659777 0.934203 0.683152 0.0196437
4 0.472516 0.414118 0.0535048 0.149889 0.0195224
10 0.180944 0.139657 0.0994449 0.20709 0.0194517
1 0.483021 0.990183 0.105153 0.0200248 0.0194254
5 0.720531 0.0125055 0.116309 0.0265786 0.0191918
7 0.123476 0.213427 0.0343232 0.0876687 0.0190588
4 0.263378 0.417489 0.0713935 0.148331 0.0190245
3 0.533178 0.43422 0.176142 0.189553 0.018973
4 0.323429 0.237025 0.0810384 0.0832782 0.0178541
10 0.821186 0.463078 0.0287016 0.0647704 0.0173942
4 0.452897 0.448584 0.0441273 0.0788139 0.0172413
10 0.987391 0.924136 0.155737 0.157233 0.0172398
11 0.114906 0.254432 0.0901191 0.0859391 0.0170065
4 0.353462 0.477953 0.0473925 0.0922864 0.01602
4 0.595161 0.271047 0.140259 0.0871612 0.01583
10 0.140212 0.298918 0.0444695 0.150911 0.0154095
4 0.698735 0.45801 0.0700579 0.0603409 0.0153389
4 0.129235 0.268884 0.144461 0.187044 0.0149887
1 0.856639 0.580897 0.226443 0.838823 0.014706
10 0.4823 0.231631 0.0423056 0.0892901 0.0143992
6 0.16869 0.219741 0.0736712 0.0945032 0.0143384
4 0.642947 0.299808 0.0701171 0.0956809 0.0140695
4 0.116186 0.215403 0.0726243 0.0825245 0.0121857
1 0.394714 0.62784 0.551012 0.519784 0.0110108
6 0.663933 0.105187 0.064594 0.161152 0.0106159
