6 0.184905 0.589179 0.36574 0.823869 0.855295
10 0.814465 0.356044 0.0745943 0.409717 0.846449
11 0.592072 0.799351 0.28739 0.393671 0.70869
10 0.13633 0.370073 0.120264 0.389414 0.552706
10 0.172161 0.385171 0.197679 0.416992 0.507507
11 0.629281 0.454948 0.163677 0.339715 0.316695
6 0.965599 0.448884 0.0690737 0.501948 0.278147
10 0.784834 0.356945 0.0583402 0.411081 0.173233
2 0.992234 0.571064 0.0164848 0.182231 0.172669
6 0.964723 0.569511 0.073303 0.727995 0.159824
2 0.436237 0.815618 0.0307471 0.0803762 0.14756
6 0.964934 0.373454 0.0717522 0.350329 0.139206
6 0.961197 0.578375 0.0782511 0.760065 0.128775
6 0.967659 0.329778 0.0656559 0.26402 0.12345
6 0.731161 0.458735 0.0411586 0.20864 0.109729
6 0.96291 0.508591 0.0719414 0.382791 0.102466
11 0.633137 0.361113 0.161275 0.148582 0.100513
11 0.633764 0.3497 0.158088 0.121299 0.0997796
10 0.164722 0.587665 0.227108 0.818257 0.0944378
10 0.194964 0.588663 0.313397 0.827122 0.0919585
6 0.953659 0.452087 0.0912722 0.50592 0.0879421
10 0.989622 0.572144 0.0213959 0.193099 0.0872923
6 0.962796 0.506427 0.074383 0.366493 0.0871465
6 0.384765 0.828859 0.0673513 0.179465 0.0866707
10 0.987388 0.515788 0.0256022 0.361052 0.0857842
7 0.967319 0.783459 0.0679674 0.296312 0.0853652
11 0.968899 0.733715 0.0652447 0.408913 0.0851032
2 0.451891 0.205014 0.0190708 0.0614425 0.081642
2 0.990522 0.571926 0.0200403 0.195115 0.0786924
2 0.619327 0.579495 0.034613 0.139638 0.0768716
2 0.44263 0.204839 0.017788 0.060744 0.0760222
6 0.976279 0.579841 0.049016 0.23907 0.0740887
10 0.180116 0.584386 0.358871 0.832053 0.0734991
2 0.989902 0.585421 0.0206015 0.143725 0.0730767
10 0.785745 0.356228 0.0544267 0.410028 0.073041
10 0.113896 0.581552 0.225377 0.820182 0.072891
11 0.72978 0.47683 0.0402931 0.151174 0.071885
2 0.621706 0.565647 0.0351671 0.107064 0.0713596
10 0.094826 0.582881 0.185175 0.827405 0.0707785
11 0.982042 0.419727 0.0377293 0.137652 0.0702365
10 0.170329 0.568505 0.335299 0.790095 0.0695557
6 0.957415 0.384464 0.0870605 0.364972 0.0693017
6 0.96742 0.633408 0.0682741 0.604555 0.0687519
11 0.588149 0.449564 0.270107 0.334461 0.0683802
2 0.616012 0.61869 0.0340695 0.209131 0.0683208
10 0.10235 0.583969 0.201487 0.828904 0.0678584
6 0.400454 0.825614 0.100212 0.189871 0.0650928
6 0.187333 0.694189 0.370043 0.61337 0.0645193
10 0.0950655 0.378388 0.186504 0.401354 0.0639261
2 0.990304 0.585013 0.0197477 0.152877 0.0638345
10 0.101469 0.387303 0.198338 0.421777 0.0636124
6 0.991921 0.367171 0.0174339 0.336371 0.0610996
2 0.451724 0.2057 0.0206973 0.0629015 0.0607747
6 0.430952 0.765879 0.070624 0.178325 0.0604873
2 0.635453 0.4947 0.0158076 0.0270929 0.0601157
6 0.754091 0.457414 0.0827531 0.207526 0.0595678
11 0.673714 0.798725 0.448118 0.400095 0.0586403
11 0.980095 0.429726 0.0410078 0.138869 0.0574678
6 0.733746 0.455237 0.0399265 0.205482 0.0567493
10 0.115806 0.508261 0.224504 0.663658 0.0552797
11 0.721976 0.795724 0.552248 0.402369 0.0542131
11 0.984162 0.456924 0.032058 0.186442 0.0532115
6 0.962124 0.443189 0.0731375 0.237763 0.0528337
11 0.640118 0.455344 0.18144 0.343684 0.0517839
6 0.397101 0.854176 0.11673 0.281484 0.0509876
10 0.190203 0.5551 0.377659 0.882623 0.0509682
2 0.424209 0.8166 0.029374 0.0787619 0.050533
6 0.969686 0.564204 0.0617144 0.705593 0.0485515
10 0.989291 0.873143 0.0229504 0.114543 0.0484493
10 0.990709 0.400233 0.020505 0.420637 0.0480413
6 0.752691 0.457138 0.0816644 0.207835 0.047429
10 0.0657909 0.46287 0.129489 0.848869 0.0471025
2 0.528936 0.201238 0.0254196 0.0592792 0.0469246
6 0.377189 0.867659 0.0783262 0.266529 0.0460809
6 0.0736281 0.585254 0.143865 0.828005 0.0449736
6 0.0159192 0.861604 0.03187 0.279261 0.0448877
10 0.0846317 0.371087 0.170638 0.399063 0.0440551
10 0.0247089 0.585693 0.0496989 0.825043 0.0433177
2 0.0141031 0.897843 0.0281125 0.208172 0.0430034
10 0.0398875 0.581327 0.0787897 0.838077 0.0429971
6 0.956841 0.511952 0.0869163 0.238842 0.0429153
6 0.985818 0.472843 0.0281139 0.217604 0.0427525
7 0.966442 0.806388 0.0684984 0.315769 0.0425322
10 0.0130383 0.812246 0.0256812 0.38241 0.0425169
10 0.151164 0.578008 0.307656 0.822167 0.0423532
10 0.785928 0.360191 0.0499119 0.410594 0.041548
2 0.0140028 0.943567 0.0282133 0.115286 0.0414188
6 0.76626 0.469436 0.0613945 0.173949 0.0411395
2 0.990838 0.501929 0.0193497 0.10339 0.0410261
2 0.449805 0.817206 0.0289343 0.0711719 0.0408736
2 0.989618 0.504539 0.0218309 0.110264 0.0406919
5 0.0143566 0.961989 0.0285597 0.0775963 0.0402803
11 0.71796 0.482371 0.0393047 0.146891 0.0401592
7 0.520729 0.200755 0.022832 0.0569843 0.0395495
2 0.605367 0.59013 0.0312213 0.159911 0.039045
10 0.161368 0.58887 0.327257 0.820788 0.0387066
10 0.176767 0.585684 0.350782 0.820134 0.0385555
10 0.0599536 0.508932 0.120891 0.920717 0.0384217
6 0.977203 0.610985 0.0467079 0.210743 0.0376791
2 0.991425 0.503816 0.0185999 0.11304 0.0375332
2 0.38036 0.0658097 0.0271623 0.0615222 0.0372265
4 0.884781 0.993564 0.0593674 0.0134371 0.0372209
6 0.974867 0.599641 0.0510399 0.17643 0.036685
2 0.315732 0.979961 0.0329985 0.0390973 0.0365991
10 0.0305004 0.586004 0.0612378 0.821398 0.03657
2 0.375509 0.128778 0.0554749 0.193165 0.0363581
10 0.0381426 0.583824 0.0766942 0.822909 0.0361167
7 0.990302 0.595992 0.0184952 0.12084 0.0359403
10 0.0424979 0.579813 0.0855279 0.83418 0.0356846
10 0.0191466 0.471684 0.0379512 0.750823 0.035421
2 0.644542 0.494822 0.0151233 0.0277556 0.0350159
11 0.983175 0.715491 0.0366343 0.392131 0.0349378
10 0.98658 0.886895 0.0270342 0.0848231 0.0346824
10 0.755467 0.359948 0.0545257 0.42218 0.034506
10 0.0217869 0.38454 0.0432061 0.419786 0.0343702
11 0.988477 0.408552 0.0238363 0.177777 0.0341743
11 0.98093 0.663645 0.0407425 0.11156 0.0339252
7 0.666506 0.290468 0.0240441 0.0725785 0.033831
10 0.767035 0.414553 0.0759403 0.294115 0.0336806
6 0.189591 0.713487 0.367527 0.576707 0.0336684
11 0.514822 0.438953 0.427504 0.309776 0.0336497
10 0.340206 0.292094 0.042318 0.0635805 0.0336099
6 0.961254 0.396065 0.072138 0.15007 0.0335646
11 0.501751 0.442257 0.45459 0.31001 0.0335226
2 0.360119 0.146815 0.0272847 0.150522 0.0332461
2 0.0114044 0.941954 0.0229295 0.119047 0.0331316
2 0.536412 0.200523 0.0246968 0.0587911 0.032954
10 0.329634 0.289262 0.0257615 0.0648087 0.0329199
10 0.159369 0.563229 0.320539 0.857535 0.0327411
10 0.991625 0.880528 0.0193907 0.237213 0.0326229
6 0.953295 0.590735 0.0953573 0.795087 0.0323245
11 0.612947 0.466455 0.169487 0.371525 0.0322117
2 0.936418 0.480237 0.0355001 0.134587 0.032166
10 0.179469 0.395968 0.216325 0.437687 0.0321613
7 0.60317 0.306399 0.0548571 0.0460396 0.0320825
10 0.991427 0.868875 0.0183502 0.118398 0.031741
10 0.321142 0.286292 0.0245528 0.0640657 0.0314738
2 0.526014 0.251825 0.0299202 0.159382 0.031165
11 0.982761 0.631099 0.0362535 0.15283 0.0310843
2 0.988468 0.516887 0.0243492 0.107162 0.0310816
10 0.988029 0.88277 0.0245283 0.0906032 0.0305405
6 0.892044 0.596905 0.214249 0.80083 0.0300549
10 0.0219378 0.756074 0.0442329 0.494568 0.0298924
10 0.0227564 0.40552 0.04622 0.43824 0.0295821
11 0.647824 0.379918 0.149457 0.201894 0.0295682
6 0.756363 0.454825 0.0932846 0.205056 0.0294927
2 0.631106 0.564715 0.035168 0.104084 0.0293219
10 0.0181857 0.338378 0.0350518 0.334326 0.0292591
6 0.421375 0.769328 0.063588 0.177321 0.0292364
10 0.84328 0.357753 0.17995 0.401955 0.0291298
2 0.723255 0.398643 0.0312444 0.0914016 0.0290469
11 0.72302 0.770793 0.556565 0.455339 0.028967
2 0.531737 0.252721 0.0267391 0.164953 0.028575
10 0.197022 0.584549 0.37234 0.826749 0.0282316
2 0.464753 0.204703 0.0194335 0.0630677 0.0282139
2 0.455677 0.815333 0.0297654 0.074432 0.0281606
10 0.97595 0.588632 0.0482641 0.160215 0.0279024
7 0.543091 0.627956 0.0310527 0.0488249 0.0278669
6 0.762887 0.463521 0.0597471 0.191314 0.0276707
6 0.309911 0.510097 0.10844 0.164418 0.0273948
6 0.711867 0.471544 0.0482904 0.22769 0.0272095
10 0.199863 0.384878 0.171685 0.402488 0.0269971
2 0.463814 0.311366 0.0207323 0.0492133 0.0269084
10 0.317298 0.285239 0.0232943 0.0653137 0.0268135
2 0.451103 0.802579 0.0330214 0.0961485 0.0267458
10 0.204645 0.588226 0.320166 0.811631 0.026558
10 0.845158 0.360192 0.0579771 0.394296 0.0262105
11 0.986005 0.677779 0.0290277 0.11204 0.026108
10 0.148329 0.352351 0.103507 0.34163 0.0260004
6 0.773134 0.475554 0.0600525 0.166777 0.0259625
10 0.19551 0.412672 0.338614 0.466137 0.0258583
11 0.372294 0.450553 0.732495 0.299748 0.0257655
10 0.135042 0.396157 0.174196 0.443153 0.0257519
10 0.117614 0.334889 0.0873386 0.30993 0.0255535
11 0.66986 0.432721 0.132945 0.295066 0.0252827
7 0.642074 0.307618 0.0376382 0.0384816 0.0251656
6 0.0210194 0.679694 0.042862 0.637908 0.0250088
2 0.373454 0.293714 0.0336836 0.0652471 0.0248393
6 0.704625 0.462594 0.0415574 0.188444 0.0246426
6 0.027032 0.700279 0.054833 0.602813 0.0243938
6 0.769172 0.461503 0.0448114 0.202545 0.024383
11 0.586067 0.36326 0.272597 0.163997 0.0243413
6 0.653189 0.271623 0.0603966 0.105819 0.0242751
11 0.663799 0.806876 0.404459 0.38036 0.0242209
11 0.510586 0.442812 0.430407 0.307134 0.0241677
2 0.258578 0.987015 0.0807988 0.0260193 0.0240195
11 0.985857 0.377985 0.0285791 0.0463678 0.023764
7 0.662991 0.309529 0.038185 0.0385849 0.0236703
7 0.587896 0.582526 0.0289695 0.0468342 0.0236498
6 0.298501 0.977074 0.285222 0.046328 0.023387
10 0.754833 0.363124 0.0662798 0.412458 0.0233743
10 0.813899 0.445262 0.0724396 0.231132 0.0227719
7 0.673533 0.276841 0.0332034 0.0998033 0.0224981
6 0.0514132 0.921044 0.103089 0.161188 0.0223936
7 0.146624 0.284023 0.0344075 0.0607611 0.0223175
2 0.296656 0.98047 0.0748977 0.0394226 0.0222816
7 0.672321 0.309223 0.0181488 0.0452412 0.0221911
10 0.116986 0.341819 0.0888445 0.325173 0.0216994
10 0.197461 0.590454 0.373587 0.815638 0.0216614
6 0.277374 0.507132 0.176335 0.156667 0.0211359
10 0.215695 0.386951 0.258938 0.417175 0.0210811
11 0.708826 0.484204 0.0376083 0.145234 0.0204919
2 0.394714 0.289821 0.0324442 0.0698327 0.020292
6 0.0526413 0.880816 0.106166 0.239291 0.0202094
6 0.889206 0.492071 0.030924 0.108505 0.0201233
6 0.259487 0.976929 0.32715 0.0472281 0.0200189
6 0.054163 0.699677 0.10791 0.597753 0.0198821
2 0.363164 0.0648375 0.0236978 0.0600705 0.0194943
6 0.697759 0.459677 0.0387875 0.201 0.019455
11 0.598794 0.818023 0.279729 0.361489 0.0194242
2 0.515142 0.301576 0.0273045 0.0576582 0.0193095
10 0.786643 0.457966 0.0779022 0.204579 0.0189773
10 0.0082189 0.372555 0.0163805 0.249955 0.0189728
2 0.593076 0.556289 0.0338599 0.0890757 0.0189567
6 0.420999 0.800067 0.0581221 0.118212 0.0189149
6 0.356414 0.833502 0.0568505 0.171438 0.0187361
6 0.7506 0.461792 0.0371272 0.191817 0.0187024
10 0.837689 0.357403 0.106522 0.400725 0.0186555
11 0.741759 0.860326 0.520138 0.279231 0.0185853
6 0.0597642 0.79949 0.118579 0.403031 0.0185667
6 0.0569669 0.756378 0.113472 0.487333 0.0185537
10 0.833524 0.365651 0.150185 0.396924 0.0185501
6 0.182212 0.886586 0.35867 0.229072 0.0185434
10 0.976617 0.356718 0.0480453 0.0767802 0.0185264
10 0.81176 0.254786 0.0692225 0.200428 0.0184899
6 0.892389 0.467299 0.0353565 0.167441 0.0184827
7 0.427531 0.293725 0.0541258 0.0837113 0.0184583
2 0.626068 0.302961 0.0229244 0.0477702 0.018357
11 0.987744 0.389907 0.0247068 0.0995021 0.0183021
4 0.901337 0.994338 0.0739744 0.0121672 0.0183008
6 0.690712 0.801404 0.137277 0.394014 0.0182495
10 0.755903 0.42685 0.0688025 0.274004 0.0182384
2 0.392288 0.0639647 0.0252978 0.0618463 0.0179844
6 0.0555444 0.832841 0.110671 0.335293 0.0179765
6 0.30758 0.593234 0.140721 0.335221 0.0179178
5 0.225792 0.9871 0.169757 0.0267325 0.0178774
11 0.748658 0.800121 0.505509 0.406582 0.0178708
6 0.869598 0.476837 0.0427801 0.136814 0.0178474
6 0.177875 0.827984 0.350412 0.345163 0.0177294
6 0.106161 0.759967 0.208741 0.457771 0.0169994
10 0.790733 0.461535 0.0624831 0.193877 0.0169073
10 0.959075 0.979745 0.081509 0.0405445 0.0169026
6 0.317511 0.904015 0.260548 0.197429 0.0168407
6 0.188492 0.793936 0.362509 0.414454 0.0168001
10 0.310407 0.286684 0.0264082 0.0709088 0.0165473
2 0.402803 0.291653 0.0337106 0.0738788 0.0165341
10 0.798972 0.422621 0.151424 0.294457 0.0164644
5 0.335306 0.989974 0.16464 0.0199858 0.016314
6 0.115099 0.79593 0.226205 0.406591 0.0160427
7 0.625963 0.308025 0.0355573 0.0443351 0.0155913
6 0.236021 0.551951 0.257415 0.369359 0.0155801
7 0.333585 0.978818 0.0215746 0.0390057 0.0154743
10 0.748563 0.456342 0.065437 0.216005 0.0153015
2 0.397171 0.12564 0.0392892 0.20509 0.0152747
6 0.327545 0.501961 0.0936038 0.14271 0.015214
10 0.817002 0.522357 0.19415 0.747434 0.0151849
2 0.587629 0.255973 0.0293556 0.131636 0.0151667
10 0.784402 0.470657 0.0683836 0.18217 0.0149145
7 0.133482 0.249733 0.0735461 0.13837 0.0148315
6 0.605126 0.892417 0.228281 0.211745 0.0147222
11 0.727472 0.602927 0.543066 0.796168 0.0146677
11 0.585533 0.80065 0.235986 0.384994 0.0146514
11 0.614211 0.273324 0.0805988 0.100755 0.0146457
2 0.644978 0.221508 0.0253653 0.0625998 0.0146389
5 0.0145333 0.217542 0.0291278 0.0915382 0.0145563
11 0.56201 0.811119 0.243913 0.377433 0.0145171
6 0.397226 0.766863 0.103992 0.304073 0.0144588
6 0.419201 0.789411 0.0781291 0.145243 0.0143703
10 0.751895 0.453625 0.0571125 0.223666 0.0142392
6 0.962167 0.334241 0.0658075 0.102772 0.0141006
11 0.522827 0.800943 0.459454 0.396516 0.013946
11 0.734577 0.552144 0.529274 0.908248 0.0137298
6 0.10364 0.901503 0.204971 0.200717 0.0137296
10 0.849444 0.446871 0.02491 0.202246 0.0136885
6 0.103862 0.852341 0.205057 0.299113 0.0136403
11 0.48201 0.480114 0.450894 0.218042 0.013638
10 0.853076 0.418815 0.0255928 0.249638 0.0134779
10 0.506299 0.805321 0.151603 0.390393 0.0131876
6 0.350464 0.829098 0.108014 0.198097 0.0129852
10 0.634279 0.0824215 0.106349 0.171019 0.0129278
11 0.55353 0.665209 0.410316 0.668307 0.0125935
2 0.502129 0.28137 0.0262298 0.111822 0.0125116
6 0.341975 0.8408 0.150172 0.320443 0.0124313
10 0.851048 0.461384 0.0236938 0.17634 0.0123645
10 0.183225 0.443355 0.201428 0.303678 0.012318
2 0.481449 0.312413 0.0167047 0.0474857 0.0121962
11 0.394677 0.486745 0.578916 0.175873 0.012175
6 0.117406 0.471137 0.245543 0.316197 0.0121708
10 0.27407 0.054812 0.0544152 0.110198 0.0120244
10 0.116883 0.309211 0.0850095 0.248816 0.0119717
6 0.340931 0.834897 0.0505514 0.160586 0.0118788
2 0.572761 0.582993 0.0473049 0.117016 0.0109402
7 0.579912 0.276042 0.0492759 0.0971914 0.010782
11 0.759476 0.795075 0.29406 0.410004 0.0100971
11 0.579753 0.684528 0.248293 0.18744 0.00998024
10 0.0685644 0.0474932 0.137555 0.0996672 0.00984077
11 0.663195 0.708575 0.156101 0.230869 0.00940219
6 0.0733854 0.73557 0.0978193 0.224971 0.00865307
5 0.517904 0.103396 0.961006 0.226715 0.00833969
10 0.794098 0.515102 0.0463851 0.0911443 0.00815745
