10 0.783765 0.350253 0.082292 0.421058 0.849926
6 0.204456 0.595666 0.405991 0.812695 0.77664
11 0.716613 0.795528 0.562269 0.407374 0.440602
6 0.966445 0.442278 0.0692831 0.48817 0.323403
10 0.146065 0.38122 0.114492 0.358291 0.221056
2 0.991843 0.579126 0.0172077 0.156286 0.199854
6 0.962947 0.566899 0.0750145 0.725831 0.176563
11 0.629452 0.451995 0.162466 0.334815 0.172068
6 0.965806 0.365895 0.0697434 0.336119 0.156913
6 0.961522 0.573206 0.0771206 0.739405 0.150509
6 0.102055 0.385224 0.198009 0.384214 0.147136
11 0.631613 0.350832 0.158421 0.127412 0.144702
2 0.620602 0.562233 0.0367615 0.10417 0.130474
6 0.102267 0.588168 0.20291 0.820386 0.123474
10 0.201521 0.395586 0.228007 0.38623 0.115633
6 0.969064 0.343348 0.0637238 0.288365 0.114939
11 0.325635 0.74649 0.113122 0.171429 0.114604
2 0.609696 0.617517 0.0560556 0.229887 0.102895
6 0.203094 0.522669 0.395972 0.654439 0.0995787
10 0.761938 0.407747 0.0503841 0.292361 0.0994783
11 0.633453 0.346849 0.154877 0.115793 0.0985727
6 0.96868 0.572757 0.0653324 0.73495 0.0958647
6 0.957088 0.360381 0.0877531 0.325462 0.09175
6 0.729153 0.461302 0.0391266 0.177051 0.0912412
7 0.967866 0.783608 0.0660852 0.293064 0.0911429
6 0.159612 0.397211 0.309018 0.395901 0.0901848
2 0.619281 0.577155 0.0371756 0.134909 0.0892069
2 0.752411 0.314994 0.0226665 0.0835122 0.0873146
11 0.630236 0.802539 0.366562 0.393769 0.0812359
2 0.441467 0.204515 0.0176485 0.0606734 0.0784119
2 0.452253 0.205037 0.0181815 0.061441 0.075745
2 0.750079 0.315238 0.0261455 0.0815049 0.0756115
6 0.199951 0.592067 0.402582 0.803618 0.0734679
6 0.10879 0.587885 0.218384 0.821681 0.0729844
10 0.982637 0.561175 0.036339 0.268824 0.072952
6 0.322349 0.527536 0.144175 0.196415 0.0725341
6 0.101928 0.405521 0.200964 0.427985 0.0722329
2 0.62726 0.560986 0.0366426 0.103268 0.0716302
6 0.328429 0.498664 0.124809 0.138696 0.0715144
6 0.973893 0.504282 0.0545843 0.358167 0.0706265
6 0.96154 0.50457 0.0752462 0.402808 0.0682881
10 0.99227 0.550718 0.016641 0.228506 0.0673649
10 0.782216 0.404799 0.0868351 0.297316 0.0669768
2 0.992173 0.57877 0.0153341 0.167148 0.0657948
2 0.989987 0.586437 0.0195244 0.135388 0.0646811
6 0.991507 0.3605 0.0188292 0.325198 0.0644337
10 0.98808 0.525616 0.0238098 0.331705 0.0640233
6 0.153332 0.593879 0.306826 0.81167 0.0640088
6 0.386547 0.555428 0.255254 0.254821 0.0605523
6 0.180691 0.530473 0.354195 0.684238 0.0603449
7 0.440408 0.87555 0.036492 0.112327 0.0598181
7 0.771607 0.313649 0.026322 0.0821423 0.0597113
11 0.597917 0.797928 0.310162 0.40128 0.0590019
6 0.388876 0.552174 0.237091 0.245996 0.0586745
6 0.0159895 0.898927 0.0320275 0.206969 0.0581685
6 0.0176293 0.862337 0.035478 0.27716 0.0581126
11 0.971235 0.637081 0.05979 0.596586 0.0566442
6 0.728679 0.449072 0.0396916 0.196594 0.0555109
6 0.958711 0.433278 0.0852045 0.455207 0.0552149
2 0.99258 0.562106 0.0158779 0.190345 0.0549012
11 0.983584 0.424117 0.0337843 0.161333 0.054164
6 0.23299 0.551299 0.323319 0.697829 0.0536393
7 0.763627 0.313076 0.0336424 0.0782332 0.0534468
6 0.111136 0.593664 0.221817 0.81161 0.0525654
6 0.236664 0.546896 0.466144 0.707575 0.0519161
6 0.114405 0.593952 0.230598 0.810833 0.0518767
2 0.447183 0.875257 0.0324842 0.111047 0.0515661
11 0.983984 0.445079 0.0319155 0.170135 0.0514312
2 0.601768 0.619225 0.0320097 0.228772 0.0513348
10 0.0366975 0.583299 0.0730361 0.833116 0.0510822
2 0.636984 0.495246 0.0169043 0.029714 0.0506459
2 0.453595 0.205117 0.0196456 0.0626319 0.0502215
7 0.760717 0.298271 0.0157271 0.045974 0.0501429
7 0.529203 0.202465 0.0248209 0.0603336 0.0499287
7 0.967628 0.806019 0.0662556 0.327753 0.0495508
2 0.99157 0.54758 0.0177443 0.206479 0.0491375
6 0.0134575 0.809856 0.0268906 0.388292 0.0489541
10 0.0106324 0.380106 0.0217016 0.566521 0.0486796
6 0.720042 0.468496 0.0379162 0.158955 0.0483004
10 0.803727 0.347709 0.0703668 0.416619 0.0479801
6 0.243798 0.588872 0.482786 0.820494 0.0477635
7 0.438204 0.872665 0.0527236 0.115413 0.0477005
6 0.242654 0.439423 0.440331 0.458453 0.0472409
6 0.957507 0.516737 0.0840183 0.334555 0.0470169
6 0.0891152 0.5235 0.179321 0.675578 0.0469985
6 0.991621 0.368764 0.0185165 0.355274 0.0467414
10 0.237114 0.439316 0.321249 0.457969 0.0462541
10 0.762326 0.3174 0.0352759 0.0862272 0.0454587
6 0.0167906 0.939608 0.0336984 0.123787 0.0454392
11 0.970151 0.75377 0.063658 0.312402 0.0449597
6 0.189273 0.777412 0.371057 0.448299 0.0441121
10 0.0115509 0.390674 0.0242753 0.593942 0.0440289
6 0.183944 0.594386 0.37641 0.813655 0.0433198
10 0.0176161 0.380153 0.0355124 0.413068 0.0428181
10 0.128029 0.378039 0.14594 0.350517 0.042683
10 0.990146 0.871278 0.0213047 0.113763 0.0422365
10 0.0404113 0.581513 0.0807092 0.833665 0.042031
10 0.785121 0.324477 0.0763566 0.37378 0.0417854
11 0.974937 0.599176 0.0502672 0.173853 0.0414911
11 0.986123 0.419957 0.0280127 0.163277 0.0411704
6 0.722018 0.470443 0.0366458 0.153746 0.0408262
6 0.139819 0.784599 0.279655 0.43614 0.0408179
6 0.249561 0.713279 0.488024 0.577829 0.0404357
10 0.812468 0.3459 0.0518969 0.418469 0.0403973
6 0.314302 0.970771 0.28006 0.0583122 0.0400474
10 0.752172 0.408995 0.0470702 0.282074 0.0400228
7 0.447818 0.874702 0.0398922 0.114229 0.0397943
6 0.204276 0.591185 0.414448 0.819854 0.0397855
7 0.458483 0.311482 0.0210872 0.051632 0.0397382
7 0.426991 0.872539 0.0430777 0.115088 0.0396902
7 0.9897 0.594641 0.0184296 0.117122 0.0395851
10 0.0187818 0.390918 0.0384121 0.41761 0.0394486
2 0.830386 0.83789 0.0344229 0.128219 0.0388609
10 0.150198 0.378401 0.087275 0.34637 0.0388294
6 0.37829 0.564513 0.264699 0.279076 0.0388187
11 0.284015 0.794365 0.0347264 0.0689632 0.0388097
7 0.014882 0.961089 0.0300873 0.0797688 0.0387174
6 0.954201 0.586953 0.0928667 0.780453 0.0384658
11 0.541906 0.440415 0.37629 0.312091 0.0374681
11 0.612505 0.803067 0.273018 0.389518 0.036596
7 0.771607 0.302539 0.0162954 0.0583633 0.0359034
11 0.651658 0.402153 0.205194 0.238493 0.0357389
6 0.227397 0.600816 0.454761 0.803969 0.0355834
6 0.294355 0.493639 0.435268 0.384647 0.0351873
2 0.458055 0.874379 0.0293794 0.1127 0.0349226
10 0.329067 0.287621 0.0315024 0.065483 0.0348778
6 0.0555407 0.921907 0.111662 0.159287 0.0346939
10 0.0460577 0.451167 0.0913204 0.858821 0.0343695
6 0.955052 0.588051 0.0931557 0.769616 0.033419
6 0.440697 0.594635 0.158532 0.150017 0.0333932
2 0.0111043 0.937335 0.0224458 0.129872 0.0333182
2 0.315457 0.979064 0.0273002 0.0395914 0.0327953
11 0.647794 0.449683 0.218089 0.339989 0.0324331
11 0.640353 0.808242 0.355676 0.380046 0.0323263
6 0.196293 0.591121 0.396384 0.817021 0.0321915
7 0.645393 0.307671 0.0357209 0.0371985 0.0318419
11 0.975581 0.59192 0.0482183 0.167322 0.0318218
11 0.990944 0.492197 0.0186628 0.0983814 0.0317733
6 0.959231 0.475057 0.083082 0.155718 0.031586
10 0.810189 0.349045 0.0646173 0.420083 0.0313219
10 0.342223 0.29518 0.0403966 0.0569889 0.0313082
2 0.594335 0.572426 0.0373855 0.129154 0.0311246
2 0.6031 0.585109 0.0298437 0.0491853 0.0308605
10 0.206745 0.395462 0.21239 0.372525 0.0305526
6 0.37393 0.629183 0.236012 0.403496 0.0304388
11 0.505 0.774147 0.985072 0.450323 0.0302673
10 0.788875 0.279731 0.0717885 0.281381 0.0301984
6 0.236578 0.97195 0.450994 0.056449 0.0300222
11 0.980228 0.654676 0.0413538 0.0889199 0.0299846
11 0.665154 0.802757 0.41969 0.38427 0.029975
6 0.352094 0.968042 0.215098 0.0634371 0.029942
10 0.0240832 0.46641 0.0493004 0.570487 0.0297672
11 0.517055 0.438722 0.432389 0.313415 0.0296556
6 0.0585901 0.953664 0.116976 0.0950983 0.0294206
6 0.0605691 0.376591 0.123286 0.385816 0.0293746
2 0.736681 0.314912 0.0216138 0.0872784 0.029365
6 0.0549842 0.88266 0.111201 0.236706 0.0293469
6 0.191823 0.594411 0.387628 0.811685 0.029264
11 0.329089 0.728933 0.124675 0.214661 0.0290623
11 0.983045 0.625925 0.0358322 0.138875 0.0289042
2 0.525442 0.211361 0.0288101 0.0824598 0.0288678
11 0.987158 0.719653 0.0260651 0.436935 0.0288635
6 0.712017 0.47323 0.0365337 0.168852 0.0288623
10 0.779685 0.326249 0.0980587 0.380425 0.0288483
10 0.0187303 0.570396 0.0388495 0.776365 0.0287641
7 0.59068 0.583703 0.0305473 0.0506156 0.0287337
7 0.538072 0.200589 0.0245008 0.0599522 0.0285534
10 0.768956 0.32861 0.117898 0.384957 0.0283297
2 0.825716 0.846712 0.0470026 0.145892 0.0281857
6 0.346617 0.601061 0.68477 0.805271 0.0281681
11 0.404503 0.605935 0.801316 0.790306 0.0280011
10 0.111417 0.379815 0.186281 0.355253 0.027912
2 0.469641 0.311844 0.0209294 0.0492836 0.0278957
11 0.415833 0.787315 0.807265 0.422178 0.0278242
6 0.931659 0.594971 0.143097 0.791655 0.0277389
2 0.744947 0.344171 0.0288821 0.148058 0.0277223
11 0.60339 0.304563 0.0555799 0.0442661 0.0277157
2 0.376347 0.293546 0.0322604 0.0645578 0.0274588
10 0.387747 0.993849 0.051999 0.0125299 0.0272074
6 0.0508696 0.595612 0.103273 0.801396 0.0269972
6 0.801147 0.394361 0.0649758 0.317277 0.0269826
2 0.520285 0.300213 0.0270511 0.0603786 0.0269393
10 0.990945 0.865304 0.0196062 0.130471 0.0269272
6 0.654609 0.271413 0.061741 0.103544 0.0268884
11 0.720099 0.552087 0.564921 0.903693 0.0266504
6 0.114414 0.775851 0.2288 0.446344 0.0266068
11 0.984855 0.374069 0.0315374 0.0918857 0.0265805
10 0.987 0.886939 0.0257465 0.083506 0.0264801
7 0.662558 0.3093 0.0388385 0.0379097 0.0264338
10 0.315471 0.284571 0.0234842 0.0668461 0.026377
6 0.268756 0.527047 0.422877 0.622881 0.025784
7 0.588662 0.645901 0.0351645 0.174908 0.0256694
6 0.229814 0.796154 0.447236 0.413915 0.0256461
6 0.252033 0.593992 0.499936 0.809278 0.0255168
5 0.353295 0.992612 0.107984 0.0150072 0.0252138
10 0.20868 0.39598 0.207191 0.374298 0.0251992
7 0.674041 0.276569 0.0332722 0.0990712 0.0251921
7 0.681163 0.309625 0.0241383 0.0398769 0.0251031
6 0.0965753 0.703426 0.19325 0.588894 0.0250868
6 0.73734 0.420109 0.0409145 0.254791 0.0250158
2 0.383171 0.0652131 0.0290974 0.0633237 0.0249583
2 0.597164 0.56031 0.0563842 0.104058 0.024882
6 0.732884 0.451796 0.0471734 0.196718 0.0245394
2 0.829598 0.772185 0.0273521 0.19444 0.0243599
6 0.0596472 0.364651 0.122758 0.358051 0.024327
11 0.716067 0.687163 0.57619 0.628589 0.0241994
6 0.0500584 0.764834 0.100499 0.468218 0.0241611
6 0.193785 0.432324 0.272237 0.325351 0.0241062
2 0.73989 0.392067 0.0253053 0.0758802 0.023823
11 0.986074 0.41562 0.0274809 0.131812 0.0237196
10 0.759896 0.363939 0.0386293 0.107605 0.0236272
10 0.738896 0.400662 0.0436807 0.304826 0.0236175
6 0.154527 0.849546 0.302729 0.30413 0.0236149
2 0.828545 0.716475 0.0259167 0.390933 0.0233718
7 0.668457 0.308997 0.0323448 0.0418755 0.0233287
6 0.0575996 0.786258 0.114837 0.430638 0.0231837
2 0.732244 0.3181 0.0203264 0.0891856 0.023006
10 0.157037 0.41665 0.102199 0.297796 0.0227883
6 0.0544007 0.837299 0.109622 0.325709 0.0227602
11 0.731879 0.601697 0.544171 0.805987 0.0225661
11 0.659901 0.830257 0.403165 0.336572 0.0224718
10 0.00955646 0.307317 0.0181633 0.224384 0.0223391
2 0.740788 0.330705 0.0202975 0.0462421 0.0220816
10 0.741384 0.402883 0.0467404 0.303284 0.0220398
6 0.733869 0.410883 0.047313 0.280699 0.022011
6 0.310772 0.497608 0.100829 0.116137 0.0219923
10 0.0136934 0.919229 0.0255487 0.378822 0.0218719
10 0.160455 0.40904 0.0943604 0.31416 0.0215634
11 0.706486 0.809665 0.514876 0.377544 0.0215088
6 0.695074 0.468623 0.0414367 0.180025 0.0214049
10 0.987697 0.87923 0.025491 0.105714 0.0206874
6 0.152783 0.90078 0.300179 0.203201 0.0206543
11 0.721834 0.751825 0.561718 0.494362 0.0206383
10 0.810449 0.376887 0.0589285 0.357217 0.0205942
2 0.839413 0.726089 0.022304 0.0821197 0.020377
11 0.710824 0.680398 0.562478 0.640512 0.0201997
10 0.755769 0.355931 0.076735 0.414596 0.0201582
11 0.536114 0.975817 0.871253 0.0467367 0.0200097
6 0.0398811 0.720446 0.0804023 0.552623 0.0199103
6 0.404183 0.973859 0.395642 0.0531004 0.0198081
2 0.654381 0.49211 0.0165213 0.0290305 0.0197633
7 0.427811 0.293934 0.0521287 0.0820717 0.0195642
10 0.145687 0.406551 0.103731 0.316773 0.0194726
10 0.754635 0.447473 0.0355313 0.2033 0.0194361
6 0.67661 0.487523 0.0419443 0.228387 0.0194015
11 0.242316 0.663507 0.47037 0.672589 0.0192887
10 0.152036 0.381863 0.107896 0.340733 0.01918
11 0.720986 0.829726 0.542085 0.341874 0.0191647
10 0.167684 0.395737 0.0931942 0.343866 0.0191439
11 0.678741 0.761994 0.293214 0.370697 0.0189265
6 0.103703 0.906209 0.205963 0.190756 0.018679
11 0.720936 0.58048 0.563239 0.84618 0.0185146
6 0.109167 0.860069 0.218473 0.280258 0.018406
10 0.126261 0.390592 0.0984123 0.357556 0.0183921
11 0.733081 0.822656 0.543424 0.356051 0.018313
11 0.776782 0.447688 0.097234 0.222462 0.0182897
11 0.720308 0.803541 0.544847 0.393388 0.0182517
11 0.756968 0.733916 0.500429 0.53805 0.0182309
10 0.144773 0.431054 0.102331 0.271832 0.0181569
11 0.611078 0.273822 0.0902685 0.105768 0.0179217
6 0.439025 0.472334 0.0492848 0.160477 0.0175031
10 0.237853 0.602329 0.45645 0.788786 0.017496
7 0.990164 0.372505 0.0198553 0.0620317 0.0174516
7 0.580553 0.596406 0.0334629 0.0575528 0.0171663
6 0.977423 0.357043 0.0468596 0.080404 0.0170773
11 0.454121 0.476783 0.576963 0.396602 0.0168462
2 0.585711 0.568237 0.0702955 0.123463 0.0166808
10 0.959503 0.981539 0.083499 0.0364093 0.0165908
10 0.779902 0.336191 0.0797543 0.145921 0.0162815
2 0.492506 0.200095 0.0173961 0.0602301 0.0162473
2 0.326116 0.975575 0.0163185 0.0329731 0.0161722
7 0.626152 0.3071 0.0312787 0.0417177 0.0159839
6 0.705466 0.485524 0.0325204 0.145544 0.0159372
10 0.76024 0.37046 0.0851243 0.408075 0.0158585
6 0.271252 0.79433 0.520505 0.412208 0.0157876
11 0.337809 0.763263 0.19675 0.319442 0.0157507
2 0.644081 0.221761 0.0260158 0.0646427 0.0154532
11 0.604348 0.714828 0.291665 0.235932 0.0154348
11 0.782501 0.771176 0.456382 0.46057 0.0151678
2 0.740676 0.359348 0.0315308 0.133152 0.0151046
11 0.511992 0.941824 0.855544 0.11702 0.0150305
7 0.482271 0.312794 0.0181381 0.0495479 0.0149034
11 0.455312 0.458811 0.703435 0.363531 0.0145277
10 0.153109 0.337327 0.0959648 0.254204 0.0142769
2 0.723305 0.397957 0.0262445 0.0848473 0.0139298
10 0.781925 0.60772 0.0538829 0.172749 0.0138693
2 0.63718 0.546478 0.0284372 0.0679082 0.0137893
11 0.584359 0.57017 0.390697 0.112249 0.0135242
10 0.634482 0.0857288 0.105171 0.178076 0.0134642
7 0.394526 0.873446 0.0422041 0.110952 0.0132037
2 0.504034 0.263165 0.0275551 0.145281 0.0131871
2 0.394206 0.0637922 0.0272354 0.0627908 0.0129565
6 0.288403 0.494001 0.0905175 0.112664 0.0126886
11 0.58101 0.27559 0.0516566 0.0991225 0.0125605
11 0.361572 0.761127 0.0768844 0.115119 0.0117721
10 0.156527 0.323339 0.0889574 0.227071 0.0117127
6 0.389596 0.730888 0.0634416 0.167923 0.0103475
11 0.548809 0.671547 0.191983 0.184472 0.0099622
10 0.0615112 0.0319427 0.112495 0.0646516 0.00987463
10 0.737674 0.160431 0.336932 0.318682 0.00887555
