11 0.570204 0.801606 0.36895 0.395228 0.872134
10 0.683157 0.512745 0.194043 0.271614 0.757755
4 0.0571076 0.852679 0.115423 0.295053 0.297237
6 0.0547664 0.776446 0.109758 0.450866 0.253405
10 0.537312 0.341113 0.0489561 0.266139 0.223721
2 0.179909 0.562762 0.0350998 0.118813 0.216685
10 0.988287 0.760853 0.0245731 0.47379 0.189332
10 0.986335 0.677783 0.0279835 0.63522 0.185167
10 0.984378 0.518657 0.0303078 0.950225 0.181171
2 0.591138 0.617933 0.0215565 0.0552189 0.162243
10 0.988389 0.654106 0.0242006 0.683022 0.154292
10 0.98815 0.85946 0.0244936 0.279381 0.142675
10 0.68883 0.609299 0.195741 0.467896 0.125011
2 0.910829 0.617817 0.0204525 0.0631473 0.102015
7 0.044352 0.780107 0.090797 0.13708 0.100809
10 0.989482 0.820554 0.0216038 0.362029 0.100461
7 0.490072 0.61468 0.0724367 0.135204 0.100124
10 0.685246 0.669212 0.198192 0.592343 0.0942519
6 0.0552438 0.774461 0.11393 0.457065 0.0938855
6 0.047727 0.697413 0.093027 0.301241 0.092626
2 0.182655 0.561705 0.033223 0.117647 0.0905993
6 0.0432211 0.709292 0.0847404 0.326012 0.0902265
10 0.534895 0.297034 0.0476789 0.179992 0.0858007
10 0.989789 0.535469 0.0197863 0.921586 0.0852186
2 0.91548 0.620173 0.0206223 0.0650873 0.0845961
7 0.0383993 0.821149 0.0793293 0.210734 0.0832293
7 0.449352 0.630645 0.049572 0.0817574 0.0819056
10 0.950594 0.501842 0.0957609 0.987313 0.0788495
10 0.592347 0.313918 0.029738 0.0928834 0.0779582
2 0.912619 0.618048 0.0192696 0.062391 0.0772062
6 0.0645644 0.778246 0.131926 0.444737 0.0764618
10 0.058601 0.56481 0.117869 0.880981 0.0757273
6 0.0473049 0.787903 0.0963773 0.426575 0.0749445
7 0.486797 0.65557 0.0574673 0.0551412 0.0738684
10 0.0283854 0.518644 0.0566095 0.964169 0.0717976
7 0.472263 0.632861 0.0959748 0.0952537 0.0708772
10 0.017775 0.622414 0.0355602 0.746717 0.0696413
10 0.0148169 0.549532 0.0291491 0.852079 0.0694628
11 0.866641 0.911032 0.259817 0.179847 0.069271
2 0.935874 0.838034 0.0218307 0.0651094 0.0672737
7 0.655943 0.497277 0.0397618 0.0654142 0.0666153
10 0.990863 0.456522 0.0182114 0.410268 0.0653996
10 0.98884 0.904127 0.0225046 0.191945 0.0650259
10 0.586378 0.314909 0.0274246 0.0929973 0.0646049
7 0.440024 0.630099 0.0461316 0.0799007 0.0645062
2 0.766478 0.629454 0.0645745 0.384489 0.0643322
7 0.0568737 0.851171 0.108247 0.298548 0.0636139
7 0.60172 0.617215 0.0219085 0.0545915 0.0635854
2 0.0596597 0.718541 0.018025 0.0498478 0.0634064
4 0.0627191 0.70711 0.129725 0.593652 0.063389
7 0.00979836 0.734994 0.0201127 0.212136 0.062895
10 0.958358 0.712245 0.0854801 0.568509 0.0622209
10 0.598291 0.31383 0.0281031 0.0941826 0.0619255
10 0.0182104 0.667802 0.0354824 0.38163 0.0616713
7 0.477949 0.615048 0.074017 0.135807 0.0615877
7 0.603006 0.618549 0.0227644 0.0517512 0.0615217
10 0.0156393 0.54503 0.0322384 0.905354 0.0611763
6 0.0105869 0.702475 0.0205865 0.29303 0.0604871
10 0.912105 0.501722 0.175059 0.99157 0.0601459
6 0.751445 0.670023 0.0720022 0.310707 0.0599839
10 0.990568 0.423259 0.018532 0.469325 0.0598957
7 0.00814687 0.703059 0.01572 0.102118 0.0579619
10 0.52969 0.251692 0.0461563 0.0846359 0.0579502
7 0.475333 0.613262 0.0838291 0.136596 0.0577811
7 0.392169 0.0550198 0.246216 0.111617 0.057253
2 0.577972 0.614798 0.0200642 0.0486457 0.0567112
10 0.0324381 0.515327 0.0651664 0.968949 0.056502
7 0.514264 0.644892 0.0279228 0.0689793 0.0555735
4 0.0797678 0.849075 0.159942 0.303165 0.0547278
10 0.941166 0.774153 0.119124 0.446865 0.054318
6 0.753935 0.63388 0.0851698 0.384265 0.0531876
6 0.748465 0.627042 0.098143 0.401367 0.0523464
7 0.551886 0.574762 0.0290104 0.0421259 0.0522155
7 0.656268 0.505421 0.0333463 0.0499332 0.0520121
11 0.0570284 0.893354 0.115157 0.213919 0.0517829
10 0.730835 0.517501 0.138234 0.278396 0.0509857
6 0.736977 0.74875 0.114916 0.489394 0.050763
4 0.0609267 0.519812 0.121545 0.964957 0.0506674
6 0.702254 0.746403 0.19205 0.498266 0.0501382
10 0.00888699 0.44485 0.0189902 0.683084 0.0500009
7 0.00878352 0.69547 0.0166028 0.0990915 0.0498961
10 0.993156 0.593511 0.0137745 0.128922 0.04958
2 0.77981 0.499674 0.0364038 0.101907 0.0491657
6 0.728397 0.675696 0.120103 0.336359 0.0490331
2 0.773824 0.552297 0.0478518 0.225805 0.0488832
7 0.573469 0.615228 0.0243458 0.0530288 0.0484721
2 0.0600076 0.718395 0.0151069 0.0447901 0.0481668
10 0.547915 0.306946 0.0431279 0.199946 0.0480493
10 0.00860828 0.471858 0.0172153 0.564339 0.047803
11 0.0425322 0.860556 0.0867727 0.283934 0.0465511
7 0.576685 0.619776 0.0221521 0.0488272 0.0459932
10 0.0343718 0.464641 0.0692511 0.857652 0.0459131
10 0.011601 0.473015 0.0218583 0.542178 0.0456732
7 0.534812 0.64759 0.0272863 0.073214 0.0451809
10 0.547711 0.274478 0.0409967 0.132868 0.0442917
10 0.994024 0.573023 0.0120771 0.385632 0.0424587
7 0.434291 0.628991 0.046223 0.0810844 0.0423715
2 0.577527 0.592782 0.0217501 0.0732487 0.04231
2 0.595582 0.579641 0.0230123 0.0742235 0.0422252
10 0.946106 0.818618 0.106469 0.359741 0.0419622
7 0.484311 0.646438 0.0631959 0.0744028 0.0418339
6 0.429516 0.0534125 0.248261 0.110317 0.0415096
10 0.957966 0.529494 0.079187 0.864749 0.0414256
2 0.193312 0.559525 0.0261058 0.116652 0.0409832
7 0.0359471 0.781332 0.0757275 0.12804 0.0403842
10 0.99439 0.599099 0.0120312 0.192391 0.0403556
2 0.783765 0.499601 0.0341311 0.101998 0.0403071
2 0.863338 0.888097 0.0410124 0.156268 0.0401912
11 0.334291 0.0511714 0.395065 0.104184 0.0401164
11 0.868454 0.942946 0.25547 0.115377 0.0394215
11 0.686321 0.787843 0.599349 0.425263 0.0383801
7 0.476171 0.614955 0.068142 0.131546 0.0380393
10 0.912672 0.871837 0.174615 0.256913 0.0378762
7 0.527581 0.664333 0.0322259 0.046489 0.0376468
7 0.499996 0.649364 0.0270876 0.0673908 0.0373797
11 0.644376 0.62049 0.100999 0.0433473 0.0370596
7 0.612754 0.571362 0.0359673 0.0671241 0.0368564
7 0.455895 0.652726 0.0346249 0.0405264 0.0367359
7 0.502292 0.639092 0.0669808 0.0849941 0.0363813
10 0.708417 0.435992 0.0721968 0.120202 0.0360882
10 0.898695 0.504656 0.201956 0.986653 0.03599
11 0.841754 0.904117 0.316325 0.193762 0.0351486
10 0.987857 0.932609 0.0241978 0.136032 0.0344439
11 0.827913 0.919131 0.341943 0.163272 0.0343426
10 0.993208 0.320313 0.0136744 0.235317 0.0340787
7 0.979346 0.0458992 0.0435556 0.0928001 0.0339825
7 0.764646 0.72045 0.0441121 0.196599 0.0339126
7 0.502226 0.610735 0.0673633 0.124479 0.0336149
10 0.715512 0.376881 0.0315351 0.0454943 0.033562
7 0.0322234 0.797184 0.0669171 0.128324 0.0334925
6 0.711444 0.796937 0.147435 0.406386 0.0331875
7 0.546366 0.653264 0.0630328 0.0754126 0.0331404
10 0.781072 0.611701 0.0378719 0.472999 0.033074
11 0.365764 0.0497013 0.390969 0.102172 0.0330264
10 0.960786 0.438951 0.0756611 0.714539 0.0326675
7 0.547918 0.675207 0.0377386 0.0276535 0.0324251
11 0.917656 0.916281 0.164872 0.169673 0.0322688
7 0.511557 0.627757 0.0246679 0.0883609 0.032192
10 0.748299 0.3782 0.0262836 0.0537183 0.0321268
11 0.0415477 0.741302 0.0855224 0.0648612 0.0318374
2 0.163291 0.562838 0.0312318 0.115016 0.0316458
6 0.0652924 0.728448 0.135358 0.549078 0.0316173
10 0.984418 0.918103 0.0239298 0.167899 0.0314607
2 0.68707 0.323592 0.0156981 0.0300386 0.0313497
10 0.733574 0.37645 0.0271777 0.0434579 0.0311622
7 0.552376 0.645798 0.0606892 0.0833398 0.03115
10 0.345348 0.360561 0.104065 0.133462 0.0311181
10 0.737583 0.377308 0.0245328 0.0478944 0.0309849
7 0.602193 0.632978 0.0381701 0.0310787 0.030894
2 0.771947 0.495609 0.0410372 0.107181 0.0303603
11 0.637622 0.623776 0.120135 0.0427798 0.0303063
7 0.51776 0.648355 0.0399261 0.0743069 0.0302201
7 0.63109 0.558896 0.0303376 0.0585511 0.0301578
10 0.985762 0.90364 0.0202215 0.197735 0.0296437
10 0.984513 0.9202 0.0248936 0.163941 0.02954
7 0.0482005 0.81035 0.0821109 0.105766 0.0294308
10 0.726538 0.451523 0.108532 0.151178 0.0294084
10 0.304558 0.384243 0.113059 0.147176 0.0288952
7 0.858249 0.0158523 0.0904726 0.0314147 0.0287557
6 0.736898 0.720097 0.121972 0.549547 0.0283325
7 0.0289801 0.818297 0.05978 0.171727 0.0277219
10 0.0378026 0.369803 0.0770269 0.726075 0.0276124
2 0.939252 0.834293 0.0160938 0.0555321 0.0274526
10 0.316035 0.367002 0.109129 0.109568 0.0271247
10 0.920427 0.51089 0.147176 0.97512 0.0269068
10 0.748565 0.376134 0.0272936 0.0532257 0.0268664
7 0.76197 0.494798 0.0388788 0.108448 0.0261455
11 0.287404 0.0653799 0.548789 0.132087 0.0259003
7 0.511202 0.662417 0.0268733 0.0408852 0.0257522
10 0.37561 0.342476 0.096931 0.156571 0.0255911
7 0.618776 0.650657 0.0755598 0.0465747 0.0254341
10 0.00711776 0.371003 0.0142312 0.335978 0.025408
2 0.495836 0.523233 0.0357601 0.112754 0.0253997
2 0.512569 0.516781 0.0294329 0.0894193 0.0250589
11 0.0312538 0.915325 0.0637899 0.172496 0.0250264
11 0.0575268 0.967895 0.115303 0.0652949 0.0247486
2 0.778653 0.719565 0.0369026 0.200696 0.0245567
7 0.778416 0.609153 0.0368856 0.186346 0.0245458
2 0.780881 0.675143 0.0366222 0.306017 0.0244489
7 0.434436 0.644119 0.0405957 0.0507824 0.0238896
10 0.687889 0.382965 0.0260131 0.0471183 0.0237706
7 0.526709 0.585402 0.0466935 0.0774483 0.0237227
7 0.517887 0.569218 0.0308344 0.0510933 0.0237081
2 0.197042 0.55934 0.0302228 0.116978 0.0236853
10 0.985257 0.947751 0.0266663 0.106564 0.0236311
6 0.733063 0.807393 0.276931 0.383829 0.0235435
6 0.676535 0.570773 0.182994 0.16138 0.02352
2 0.775153 0.540885 0.0401498 0.18721 0.0232691
10 0.727905 0.429199 0.0704449 0.111572 0.0230881
11 0.804813 0.959983 0.368567 0.081896 0.0229803
11 0.262334 0.0410121 0.429739 0.0816712 0.0226387
7 0.413853 0.626354 0.0444397 0.0822599 0.0225005
7 0.622755 0.647009 0.07883 0.0456398 0.0224561
11 0.887533 0.896471 0.160018 0.207956 0.0224359
11 0.631867 0.952202 0.708372 0.098897 0.0223864
10 0.362857 0.306746 0.0943922 0.0865472 0.0222924
2 0.538107 0.527151 0.028519 0.13604 0.0220133
10 0.46807 0.293792 0.16985 0.319819 0.0219538
7 0.572541 0.63814 0.0608809 0.0894852 0.0219076
7 0.766225 0.466296 0.0378179 0.0612609 0.0218784
7 0.616481 0.642687 0.0788525 0.0377777 0.0217869
11 0.690658 0.827588 0.599218 0.348349 0.0216689
10 0.397084 0.32011 0.0974898 0.15101 0.0215902
11 0.689757 0.791852 0.602234 0.417215 0.0213802
6 0.820183 0.807567 0.356828 0.385614 0.0213357
10 0.757767 0.37764 0.0242218 0.0563213 0.0212687
10 0.557554 0.300029 0.0394751 0.189964 0.021117
7 0.754867 0.491451 0.0340551 0.100619 0.0206506
10 0.725768 0.445268 0.116397 0.143726 0.0205178
6 0.505976 0.794085 0.229698 0.411247 0.0203667
11 0.489027 0.323079 0.98778 0.66023 0.0203039
11 0.587635 0.696135 0.364017 0.202322 0.0201706
10 0.736771 0.516097 0.130153 0.26743 0.0200028
7 0.656111 0.651166 0.0468694 0.040452 0.019779
7 0.451291 0.654641 0.0783731 0.045357 0.0195895
11 0.724383 0.958394 0.537082 0.0841087 0.0195245
6 0.926958 0.957028 0.146584 0.0875404 0.0191733
10 0.558723 0.293495 0.0418466 0.170937 0.0191576
10 0.279468 0.367514 0.101333 0.0909797 0.0191065
10 0.425724 0.288993 0.093985 0.18655 0.0191053
7 0.643315 0.649227 0.0741579 0.046764 0.0189211
2 0.899126 0.619308 0.0206543 0.0681277 0.0188287
10 0.495306 0.43186 0.997724 0.886236 0.0187358
10 0.732939 0.519706 0.120799 0.269489 0.0186771
2 0.786695 0.709718 0.0316111 0.200839 0.0184791
10 0.442287 0.324556 0.173646 0.306312 0.0184387
6 0.687364 0.801725 0.588111 0.397661 0.0181997
2 0.755249 0.505537 0.0286368 0.0721392 0.0181482
6 0.629029 0.807426 0.31015 0.382145 0.0180645
10 0.686286 0.487752 0.184722 0.730359 0.0179287
6 0.636179 0.803053 0.298893 0.394832 0.0177507
11 0.55017 0.808143 0.789984 0.390437 0.0176809
7 0.523906 0.605745 0.0715369 0.117798 0.0174324
6 0.67437 0.808287 0.420712 0.383606 0.0173063
6 0.735492 0.716006 0.070266 0.202972 0.0173051
11 0.494287 0.253089 0.990047 0.520551 0.0171109
11 0.50323 0.104505 0.976982 0.211965 0.0168222
7 0.442494 0.0487067 0.776826 0.0963696 0.0166812
11 0.0825413 0.272746 0.165554 0.540351 0.0166524
11 0.0911767 0.500232 0.183507 0.993562 0.0163661
10 0.242579 0.366456 0.107102 0.0914669 0.0163304
10 0.939306 0.643065 0.123919 0.209733 0.016128
7 0.568655 0.66716 0.0488192 0.0508962 0.0159549
10 0.320487 0.264669 0.0300484 0.0364075 0.0157614
11 0.572847 0.810167 0.314019 0.381931 0.0157246
7 0.0561105 0.983261 0.111029 0.0346573 0.0157239
11 0.506961 0.10766 0.990515 0.220433 0.0155006
11 0.269029 0.255214 0.544366 0.51752 0.0154408
10 0.556804 0.534387 0.245344 0.237905 0.0153353
6 0.759461 0.94018 0.16851 0.122583 0.0152987
11 0.348095 0.0560825 0.664517 0.113907 0.0151499
10 0.398979 0.248266 0.0792156 0.109432 0.0150331
10 0.222123 0.451386 0.446279 0.907311 0.0149564
7 0.484447 0.0596197 0.926819 0.121536 0.0144039
9 0.281857 0.252749 0.0174126 0.0282447 0.0142051
10 0.383169 0.440649 0.358098 0.89156 0.0141385
10 0.568714 0.314443 0.0457024 0.112183 0.0141289
11 0.394469 0.248494 0.791537 0.504756 0.0140914
10 0.247703 0.245717 0.0392449 0.0258018 0.0136573
11 0.515621 0.687616 0.400406 0.415561 0.0136479
11 0.0796219 0.230444 0.161082 0.468521 0.0133001
11 0.791249 0.990715 0.124419 0.0190338 0.0127422
11 0.494012 0.286832 0.985884 0.59408 0.0127067
10 0.735545 0.483582 0.0586482 0.109677 0.0125191
3 0.312424 0.194757 0.0359441 0.043967 0.0116643
3 0.353466 0.203861 0.0308664 0.0552031 0.0113618
7 0.432493 0.0577107 0.844568 0.115681 0.0113282
10 0.444929 0.32655 0.752483 0.653753 0.0113026
3 0.269664 0.180377 0.0919148 0.0514332 0.0110207
7 0.473186 0.0406377 0.386548 0.0827991 0.0109744
10 0.20179 0.2508 0.0596405 0.0586087 0.0109476
11 0.475569 0.114476 0.931034 0.222536 0.0108493
6 0.253366 0.3069 0.518406 0.440183 0.0107616
6 0.294642 0.154523 0.126835 0.0562092 0.010712
6 0.399063 0.239473 0.238717 0.489775 0.0106238
10 0.496401 0.325406 0.965445 0.665601 0.0105912
6 0.261945 0.152927 0.159092 0.0558605 0.0105831
10 0.69323 0.106489 0.0886879 0.0935469 0.0105735
3 0.334562 0.158903 0.101738 0.0634293 0.0104294
10 0.573882 0.299659 0.428221 0.502687 0.0103817
6 0.311255 0.234636 0.44452 0.481823 0.0102735
6 0.256085 0.257863 0.505903 0.518502 0.0102178
3 0.635813 0.0523877 0.0725554 0.0643604 0.0101865
6 0.228301 0.261805 0.482563 0.530649 0.0101294
11 0.455002 0.193269 0.919828 0.397167 0.00997072
11 0.647722 0.114958 0.0791975 0.090867 0.00974994
11 0.229302 0.170084 0.118235 0.0723864 0.00921682
11 0.416978 0.229457 0.842175 0.475149 0.00909507
3 0.384407 0.176828 0.0891624 0.103821 0.00906482
11 0.218291 0.316206 0.45938 0.456829 0.00903554
6 0.319329 0.252225 0.390542 0.499515 0.00866129
6 0.379775 0.243952 0.274632 0.492368 0.00860046
11 0.192124 0.178892 0.128737 0.0872254 0.00857482
11 0.457354 0.232206 0.935317 0.469932 0.00839971
7 0.778842 0.077095 0.454784 0.160393 0.00831711
6 0.315387 0.302791 0.440135 0.41795 0.00823762
7 0.7319 0.0734117 0.549261 0.157764 0.00796874
7 0.638733 0.071544 0.604912 0.153419 0.00784284
11 0.476406 0.233888 0.935787 0.474838 0.00757647
10 0.573165 0.177453 0.599205 0.370504 0.00724175
