11 0.568289 0.801805 0.364299 0.392169 0.872509
10 0.805198 0.666286 0.220823 0.653156 0.445634
10 0.711804 0.49419 0.269149 0.298133 0.379531
4 0.0575869 0.853026 0.115827 0.294025 0.316624
10 0.747627 0.509758 0.327232 0.330504 0.307971
4 0.0559139 0.777872 0.113242 0.44592 0.30141
4 0.0543821 0.772405 0.109483 0.457789 0.247073
10 0.803271 0.616993 0.216366 0.544956 0.239127
10 0.809696 0.541298 0.204334 0.393365 0.208854
10 0.986094 0.534977 0.0269014 0.915828 0.200412
2 0.179619 0.564436 0.0355345 0.122392 0.182339
10 0.988075 0.771599 0.0245117 0.448282 0.180266
10 0.53674 0.341745 0.0507306 0.265742 0.180081
10 0.987878 0.705887 0.0238161 0.580335 0.172964
10 0.762423 0.666173 0.354751 0.662663 0.165709
11 0.937295 0.65578 0.12183 0.0924644 0.156263
2 0.909471 0.6213 0.0215191 0.0656387 0.152807
10 0.988284 0.856388 0.0245089 0.284967 0.144139
10 0.988393 0.534997 0.0232018 0.916783 0.136254
2 0.916994 0.620494 0.0203999 0.0667915 0.130756
10 0.756976 0.667812 0.328626 0.660741 0.122998
2 0.914138 0.625297 0.0197754 0.0697173 0.112294
10 0.9884 0.809857 0.0238792 0.379865 0.111329
6 0.780107 0.843241 0.083284 0.308884 0.108436
10 0.536825 0.27584 0.0492438 0.13363 0.106997
6 0.78113 0.798111 0.0915893 0.394944 0.103726
7 0.69118 0.469785 0.0269874 0.0534434 0.102552
11 0.868367 0.905373 0.255466 0.1905 0.0965371
6 0.0541039 0.676527 0.10868 0.656313 0.0947065
2 0.178806 0.563511 0.0355201 0.120887 0.0928289
7 0.476593 0.63436 0.105873 0.0897731 0.091815
3 0.0615404 0.50766 0.122471 0.994244 0.0886584
10 0.775304 0.635833 0.138733 0.524648 0.0886508
7 0.449004 0.630842 0.0491889 0.0797807 0.0866601
11 0.932131 0.799798 0.136963 0.399015 0.0861287
10 0.770438 0.667208 0.139279 0.653638 0.0846962
6 0.0497076 0.798687 0.103406 0.410889 0.0817959
2 0.0597845 0.718686 0.0180872 0.0513768 0.0817901
10 0.788201 0.547882 0.238825 0.406552 0.0812148
10 0.752872 0.628883 0.330362 0.574618 0.0811386
7 0.490012 0.65526 0.0611328 0.052589 0.0807582
6 0.05701 0.849036 0.112179 0.302163 0.0790404
11 0.915499 0.800954 0.167155 0.397106 0.0781984
7 0.683447 0.471365 0.0258349 0.0550607 0.0781458
10 0.801219 0.545033 0.215972 0.399156 0.0776971
10 0.940216 0.502691 0.117226 0.976723 0.0774439
4 0.0613191 0.530285 0.122648 0.944956 0.0762759
7 0.492724 0.615054 0.083462 0.133703 0.0748347
6 0.064897 0.790838 0.132777 0.420998 0.0726232
10 0.806927 0.665479 0.208713 0.650511 0.0717893
10 0.752719 0.549534 0.352495 0.417374 0.0715559
10 0.988942 0.902032 0.0222612 0.196174 0.0713976
10 0.592207 0.313718 0.0308366 0.0925211 0.0703306
11 0.0444099 0.770112 0.0909524 0.117953 0.0692306
7 0.65189 0.49633 0.0392231 0.0675877 0.0685313
2 0.993537 0.595772 0.013195 0.116939 0.0685191
4 0.0636084 0.715769 0.131632 0.576625 0.0681985
7 0.692943 0.480533 0.0343825 0.0795464 0.067246
10 0.031352 0.624574 0.0629431 0.753457 0.0669897
10 0.0152947 0.545664 0.0299274 0.88221 0.0664118
10 0.94907 0.743943 0.106463 0.506638 0.0662087
7 0.00882455 0.702015 0.0166955 0.0834124 0.0656794
10 0.0166713 0.682258 0.032837 0.399463 0.0650748
10 0.588115 0.314307 0.0280733 0.0928562 0.0646074
10 0.991626 0.468263 0.0164427 0.410097 0.0644678
6 0.777366 0.75879 0.122347 0.469752 0.0641664
10 0.596747 0.313644 0.0285495 0.0935252 0.0634438
11 0.892654 0.907049 0.211627 0.187394 0.0632425
10 0.769564 0.620678 0.140037 0.371812 0.0624179
10 0.753112 0.684811 0.34239 0.626801 0.0621886
10 0.775019 0.476804 0.13054 0.26145 0.0615754
3 0.0511291 0.508861 0.102155 0.994081 0.0615375
10 0.810476 0.734192 0.209061 0.517475 0.0612643
10 0.0276384 0.518566 0.0560121 0.964079 0.0611554
6 0.0440461 0.715986 0.0901295 0.564701 0.0607958
7 0.439061 0.630133 0.0471593 0.0794297 0.0607188
7 0.596341 0.579745 0.0312099 0.0711205 0.0607044
11 0.964188 0.650011 0.0709934 0.0828714 0.0604951
7 0.438789 0.630589 0.0467382 0.0781497 0.0604089
10 0.324092 0.3783 0.0710185 0.14373 0.0600184
7 0.655445 0.500326 0.0329267 0.0568982 0.0599068
10 0.0109023 0.698541 0.0217276 0.279965 0.0598403
11 0.865872 0.832962 0.261247 0.332783 0.05979
10 0.749952 0.665638 0.359434 0.663288 0.0596897
10 0.742675 0.376345 0.034507 0.0619039 0.0578512
7 0.607009 0.576832 0.031443 0.0745953 0.0578031
4 0.0775573 0.849596 0.156215 0.301533 0.0575864
2 0.93585 0.836764 0.0217821 0.0622246 0.0572023
7 0.648475 0.497069 0.0410353 0.0652402 0.0567465
2 0.0591225 0.718058 0.0154799 0.0468744 0.0567021
11 0.859912 0.878692 0.274853 0.24177 0.0565156
7 0.0366876 0.818074 0.0752709 0.204056 0.0563107
10 0.0174691 0.54634 0.0357629 0.906649 0.0561583
10 0.990849 0.459332 0.0170681 0.522652 0.0558897
2 0.801295 0.495133 0.0411732 0.0964972 0.0542432
7 0.700078 0.468088 0.0272008 0.0512269 0.0538674
7 0.0103506 0.730781 0.0212248 0.198199 0.0526675
10 0.767446 0.617154 0.30564 0.5541 0.052498
4 0.0575457 0.898832 0.115291 0.201824 0.0517922
7 0.482509 0.614933 0.0865921 0.136767 0.0517672
10 0.806371 0.646794 0.209542 0.393562 0.0517112
10 0.027 0.518804 0.054381 0.964282 0.0502573
2 0.694314 0.383047 0.0256366 0.0539835 0.0498859
6 0.00746968 0.73719 0.0149256 0.195433 0.0498779
10 0.00841974 0.461409 0.0179899 0.677908 0.0495566
7 0.697884 0.598464 0.0233606 0.0458719 0.0494282
11 0.0460029 0.862443 0.0946128 0.279766 0.0488663
7 0.592528 0.600806 0.020953 0.0294481 0.0485442
6 0.995096 0.609439 0.0104042 0.159689 0.0483027
11 0.833636 0.915077 0.32507 0.169556 0.0478707
10 0.993387 0.590962 0.0134235 0.384122 0.047715
11 0.922239 0.893114 0.156897 0.213478 0.0470807
10 0.00936948 0.472548 0.018126 0.565107 0.0449037
11 0.914958 0.914005 0.169196 0.17354 0.0445275
7 0.487694 0.647146 0.0684009 0.0702927 0.0437898
7 0.504827 0.612546 0.0719358 0.130243 0.0431664
10 0.03058 0.502791 0.0617558 0.908207 0.0431526
6 0.820807 0.816739 0.193335 0.362975 0.0429925
7 0.550374 0.574236 0.0268876 0.0407313 0.0426388
10 0.689211 0.528322 0.215163 0.218459 0.042353
2 0.772991 0.767452 0.0641824 0.247273 0.0419119
11 0.0420959 0.746277 0.0866583 0.0705092 0.0415817
7 0.579104 0.605937 0.0207 0.0303177 0.0413576
4 0.0672669 0.722291 0.139112 0.562717 0.0409668
10 0.816056 0.592728 0.202957 0.483272 0.0408405
6 0.767497 0.840622 0.0505144 0.113867 0.0405758
7 0.775631 0.765513 0.0507014 0.222767 0.0404342
11 0.488574 0.340472 0.988881 0.69833 0.0404081
7 0.701549 0.596954 0.0272933 0.0398418 0.040309
7 0.758467 0.499644 0.0377557 0.0759087 0.0402588
10 0.853331 0.545848 0.108527 0.325473 0.0401302
2 0.0656366 0.719667 0.0245229 0.0541746 0.0400029
11 0.871799 0.945182 0.249691 0.111539 0.0400017
6 0.397411 0.049419 0.2541 0.101135 0.0397428
10 0.663764 0.505454 0.169134 0.274421 0.0396182
6 0.765832 0.854565 0.048856 0.0823219 0.0393671
7 0.507972 0.637744 0.0698071 0.0805134 0.0391623
11 0.676414 0.616855 0.0849051 0.0362282 0.0389563
10 0.797506 0.671567 0.214228 0.650184 0.0386674
4 0.0625675 0.515449 0.127084 0.979325 0.0386546
10 0.0110563 0.470271 0.0203902 0.520559 0.0385495
10 0.523413 0.24927 0.0452302 0.0797892 0.0380936
10 0.810982 0.750899 0.364784 0.500304 0.0380724
7 0.98078 0.0394164 0.0394152 0.0797873 0.0377896
7 0.636688 0.560638 0.0290762 0.0685548 0.0376433
7 0.476359 0.659402 0.0567189 0.0466498 0.0367306
10 0.993208 0.347267 0.0136961 0.286498 0.0356816
2 0.899927 0.622815 0.0216793 0.0716746 0.0356469
7 0.458746 0.653188 0.0321971 0.0401605 0.0354789
11 0.671627 0.614026 0.0881042 0.0441833 0.035195
10 0.988764 0.93037 0.0226187 0.14153 0.0351361
7 0.571019 0.584036 0.0384723 0.0654831 0.0348363
7 0.499215 0.607591 0.0760919 0.114408 0.0347136
7 0.566052 0.587961 0.0343122 0.0720999 0.0340874
10 0.550713 0.27186 0.0411449 0.123244 0.0338766
7 0.547825 0.643761 0.0598598 0.0807334 0.033418
2 0.714844 0.382075 0.0313721 0.0573786 0.0333497
7 0.702674 0.585946 0.0449293 0.0850776 0.0327172
6 0.777096 0.913508 0.0822815 0.173167 0.0325659
11 0.685303 0.802778 0.585814 0.403312 0.0323614
11 0.660813 0.619416 0.131345 0.0475162 0.0322932
7 0.528116 0.665165 0.0368336 0.0446789 0.0320927
11 0.687675 0.803602 0.593244 0.398473 0.0319707
7 0.576295 0.589461 0.0221941 0.0644198 0.0317191
10 0.707911 0.493618 0.23377 0.289293 0.031598
7 0.510606 0.646638 0.032296 0.0664252 0.0312089
7 0.547714 0.674948 0.0385063 0.0248397 0.0307958
7 0.573942 0.605856 0.0174619 0.0335539 0.0307883
7 0.603163 0.601528 0.0197708 0.0291466 0.0306727
2 0.811075 0.494692 0.0511461 0.110546 0.0303251
11 0.282905 0.0549026 0.538099 0.110084 0.030248
7 0.587824 0.617251 0.0370075 0.0520882 0.0300046
10 0.984151 0.919126 0.0242073 0.16615 0.0299085
10 0.985883 0.904536 0.0187202 0.194721 0.0295074
10 0.69401 0.489978 0.19614 0.280363 0.0292807
7 0.44088 0.648428 0.0391581 0.0459929 0.0290067
2 0.193935 0.559647 0.0274189 0.119283 0.0289909
10 0.755015 0.374626 0.0321582 0.0635603 0.0288001
11 0.103798 0.411102 0.211167 0.819174 0.0286374
11 0.268218 0.0423869 0.444768 0.0849239 0.0284337
11 0.113731 0.292616 0.231276 0.591129 0.0283299
10 0.73163 0.490116 0.130497 0.284531 0.0282683
6 0.370229 0.0460683 0.254596 0.0940148 0.0282087
6 0.765281 0.81644 0.313817 0.371263 0.0277948
10 0.34928 0.36798 0.109073 0.139192 0.0276456
7 0.703492 0.584377 0.0558427 0.0901032 0.0274877
2 0.497577 0.521888 0.0353954 0.109311 0.026902
11 0.709656 0.799051 0.488219 0.393192 0.026505
2 0.518992 0.516942 0.0301956 0.098512 0.0262102
11 0.333274 0.0452765 0.329329 0.0918623 0.026027
6 0.721066 0.734534 0.202287 0.25989 0.025998
7 0.75509 0.487004 0.0494152 0.102412 0.025912
7 0.548198 0.650087 0.064374 0.0787048 0.0255781
2 0.744202 0.767927 0.0252523 0.275828 0.0253231
11 0.822643 0.958589 0.304002 0.0849507 0.0249855
10 0.508368 0.323901 0.125795 0.241454 0.0248312
10 0.00677063 0.385446 0.0132128 0.387962 0.0246005
7 0.779331 0.490686 0.111534 0.118938 0.0245851
7 0.419895 0.626922 0.044736 0.0808312 0.0245342
6 0.761273 0.902617 0.0530352 0.190339 0.0243482
10 0.510908 0.325932 0.047025 0.236801 0.0243235
10 0.0391048 0.359004 0.0794216 0.708855 0.0240826
10 0.313212 0.374992 0.109768 0.119877 0.0239401
2 0.94147 0.82732 0.0148373 0.0425587 0.0237444
10 0.985218 0.943347 0.025988 0.116085 0.0237311
10 0.786485 0.491228 0.179226 0.279471 0.0235843
7 0.542959 0.585648 0.0410068 0.072338 0.0231435
10 0.712687 0.379571 0.040124 0.0619512 0.0229555
11 0.693862 0.623484 0.0718685 0.0339051 0.0224417
7 0.776034 0.492184 0.0936022 0.109502 0.022343
7 0.511074 0.66543 0.0339744 0.0330478 0.022085
11 0.636583 0.623974 0.140998 0.0407543 0.0219647
6 0.505804 0.79516 0.226969 0.409374 0.0217175
11 0.91802 0.951126 0.164792 0.0990974 0.021542
7 0.031525 0.812378 0.0654355 0.129671 0.0214986
7 0.523744 0.570452 0.0292745 0.0508173 0.0210589
10 0.5132 0.360104 0.0896952 0.325453 0.0209999
11 0.0303617 0.921258 0.0614133 0.160792 0.020969
10 0.558837 0.298444 0.0407784 0.187393 0.0209539
10 0.842323 0.535667 0.175093 0.366645 0.0208706
6 0.691097 0.616754 0.0524778 0.0459631 0.0207691
7 0.624435 0.497929 0.0339392 0.0624129 0.0207684
10 0.485726 0.336757 0.160241 0.275403 0.0206612
2 0.827034 0.495389 0.0542448 0.119742 0.0205853
2 0.619234 0.52765 0.0399372 0.114037 0.0200166
4 0.0573072 0.981665 0.114615 0.0380686 0.0199435
10 0.734838 0.540785 0.0892865 0.160968 0.0197617
7 0.791436 0.424268 0.0225667 0.030879 0.0197334
10 0.274047 0.37499 0.109133 0.106354 0.0194328
7 0.675693 0.523179 0.0263577 0.0414769 0.0193456
2 0.540031 0.526703 0.0289093 0.134575 0.0185501
11 0.435117 0.0473735 0.291092 0.0980696 0.0184758
10 0.0372236 0.225318 0.0757679 0.44862 0.0184265
10 0.503128 0.34573 0.116321 0.29319 0.0184125
7 0.452111 0.655015 0.0947858 0.0448145 0.0183182
6 0.709157 0.588125 0.258225 0.122661 0.0181645
10 0.371675 0.300535 0.0877432 0.0933195 0.017956
10 0.240735 0.377803 0.102158 0.114214 0.0179223
6 0.743864 0.874995 0.0462822 0.247935 0.0179023
11 0.496202 0.713045 0.198512 0.352769 0.0176531
11 0.708673 0.677689 0.516836 0.193903 0.0176439
11 0.508927 0.124781 0.995637 0.256353 0.0175328
10 0.633734 0.47908 0.302494 0.325187 0.0174756
7 0.745665 0.502387 0.0530335 0.0854434 0.0174425
11 0.111666 0.140692 0.224806 0.289727 0.0174167
10 0.403628 0.317499 0.0963101 0.178983 0.0173019
11 0.563883 0.812217 0.277232 0.378028 0.0171724
10 0.668611 0.376469 0.0201533 0.054394 0.0169257
10 0.229685 0.479178 0.465775 0.96068 0.0168458
11 0.0995103 0.219368 0.203679 0.442412 0.0165145
6 0.64161 0.808469 0.349546 0.381104 0.016463
10 0.0444085 0.141952 0.0908921 0.284484 0.0164044
7 0.474987 0.0427977 0.881194 0.0830732 0.015591
6 0.707918 0.740609 0.0977931 0.248763 0.0154679
11 0.580872 0.672997 0.333876 0.164827 0.0153
6 0.707697 0.755384 0.0975554 0.277552 0.0152794
11 0.144973 0.246757 0.289714 0.50012 0.0151829
11 0.642381 0.805465 0.288503 0.38968 0.0151689
10 0.556359 0.250083 0.0321812 0.0827428 0.0151476
11 0.290631 0.247093 0.575263 0.501084 0.0149679
10 0.488196 0.433367 0.99277 0.867045 0.0149373
7 0.503604 0.0573541 0.960236 0.115856 0.0147116
11 0.49501 0.240116 0.984169 0.496503 0.0143034
7 0.570356 0.670488 0.0477475 0.041116 0.0137792
10 0.317067 0.249602 0.0203173 0.0433768 0.0136765
11 0.479245 0.132795 0.947613 0.260387 0.0136484
11 0.491796 0.304608 0.975543 0.624463 0.0135697
11 0.896275 0.632433 0.0520998 0.10994 0.0134366
10 0.905293 0.574317 0.154516 0.275552 0.0133533
11 0.115841 0.446302 0.228282 0.880417 0.0133146
7 0.399206 0.637451 0.036552 0.0748733 0.012934
10 0.271555 0.240569 0.0297231 0.0381387 0.0128513
6 0.781674 0.674334 0.16685 0.227984 0.0124964
11 0.170875 0.419089 0.350305 0.834436 0.0123427
10 0.770563 0.382399 0.0787146 0.0726374 0.0120218
7 0.416035 0.0530118 0.815343 0.106077 0.0119761
11 0.97815 0.924749 0.298176 0.149714 0.0117195
10 0.773138 0.374282 0.057077 0.0627697 0.0113029
7 0.746328 0.850571 0.0376216 0.0994202 0.0112625
11 0.218594 0.259104 0.455465 0.521755 0.0108274
11 0.481907 0.242755 0.963597 0.490784 0.0104918
11 0.50048 0.0986298 0.964104 0.203735 0.0103375
11 0.163578 0.149539 0.338762 0.300922 0.0102767
7 0.487571 0.0354086 0.367018 0.0715272 0.010226
7 0.436434 0.0555847 0.85376 0.109772 0.0100887
6 0.257159 0.169605 0.129703 0.0777015 0.0100199
6 0.270162 0.258967 0.458794 0.507656 0.00997282
11 0.429763 0.224182 0.835126 0.452977 0.00982338
6 0.253643 0.294891 0.512371 0.489549 0.00966573
11 0.485968 0.25701 0.9588 0.524914 0.00952438
6 0.29874 0.172645 0.10173 0.0744368 0.00951317
10 0.392793 0.241952 0.0802744 0.146161 0.00925067
3 0.351568 0.187178 0.0814741 0.0830112 0.00904904
5 0.525368 0.10873 0.823351 0.216176 0.00874262
3 0.224823 0.228936 0.0765221 0.0610563 0.00870124
6 0.321271 0.257122 0.349099 0.485564 0.00856697
7 0.784249 0.0776444 0.468182 0.164353 0.00847626
7 0.746954 0.0754237 0.555452 0.158076 0.00839628
11 0.214932 0.289646 0.443492 0.538044 0.00833877
7 0.648767 0.0750855 0.582978 0.172197 0.00819133
