6 0.835694 0.727286 0.146489 0.457922 0.878914
11 0.568809 0.79393 0.361493 0.409263 0.862658
10 0.751299 0.501571 0.159519 0.569978 0.624693
6 0.054181 0.775056 0.109691 0.45331 0.273265
6 0.0570729 0.85174 0.115603 0.296178 0.234883
10 0.538454 0.340743 0.0484881 0.26393 0.232849
2 0.180009 0.56533 0.0338978 0.120954 0.207039
10 0.985556 0.520137 0.0277124 0.941319 0.20088
6 0.0560031 0.779583 0.113494 0.445266 0.193033
10 0.986797 0.759867 0.0265228 0.474913 0.147938
10 0.985663 0.708628 0.0279221 0.573217 0.139176
10 0.988361 0.525528 0.0227413 0.933533 0.131481
2 0.894112 0.726276 0.0240625 0.0996661 0.127438
2 0.895444 0.726762 0.0223539 0.097616 0.121962
10 0.98762 0.808298 0.024966 0.380691 0.1172
6 0.0548362 0.641586 0.110469 0.726017 0.113529
10 0.988194 0.851039 0.0243687 0.296652 0.109248
10 0.535931 0.306036 0.0471734 0.195053 0.106823
7 0.471521 0.634319 0.0961312 0.0921935 0.104564
10 0.756429 0.443167 0.154987 0.457036 0.0911873
7 0.449427 0.631057 0.0493615 0.0816772 0.0909104
6 0.0486485 0.715889 0.0991032 0.571297 0.0905308
2 0.181388 0.563801 0.0343663 0.119257 0.0897311
10 0.592813 0.31463 0.0295629 0.0937546 0.0896824
7 0.603259 0.58215 0.0266826 0.0668542 0.0886823
6 0.0500996 0.807866 0.103003 0.391597 0.088555
10 0.9931 0.647142 0.0137583 0.691823 0.0855149
10 0.739833 0.441728 0.134592 0.446239 0.0841369
11 0.93431 0.806122 0.131525 0.384237 0.0821838
11 0.949399 0.658646 0.0993334 0.0881654 0.0815886
7 0.442027 0.629842 0.0473435 0.0800162 0.0804352
6 0.0604899 0.556494 0.122179 0.899221 0.0792146
7 0.489597 0.616419 0.0718919 0.133989 0.0772082
10 0.990971 0.446427 0.0176659 0.416976 0.0757227
2 0.059855 0.719921 0.0200089 0.0533427 0.0744064
7 0.0374367 0.816531 0.0773177 0.202635 0.0735428
10 0.586676 0.315653 0.0273453 0.0940589 0.0733046
3 0.0595194 0.50874 0.119565 0.993825 0.0728017
7 0.00896633 0.699803 0.0171826 0.0899163 0.0724507
10 0.0140327 0.521055 0.0272422 0.689011 0.0711083
6 0.0122439 0.703747 0.0240036 0.3359 0.070721
10 0.991586 0.421084 0.01674 0.469713 0.0702493
6 0.0647292 0.786215 0.132084 0.429887 0.0697602
7 0.580173 0.585549 0.0246201 0.0576756 0.0697324
11 0.913246 0.912987 0.175167 0.177505 0.0695407
10 0.0278544 0.536742 0.0564182 0.928133 0.0675902
10 0.0291293 0.630409 0.0587542 0.732176 0.0668169
7 0.485942 0.615286 0.0808284 0.136406 0.066307
7 0.488784 0.616369 0.0722476 0.135993 0.0652523
10 0.734443 0.571084 0.146161 0.710692 0.0646246
11 0.955527 0.635404 0.0884365 0.0564464 0.0636297
10 0.530512 0.250204 0.0448694 0.0807681 0.0625877
6 0.993384 0.591362 0.0132959 0.129667 0.062359
6 0.835242 0.778676 0.142195 0.352276 0.061639
6 0.00765581 0.734149 0.015198 0.250856 0.0615738
10 0.95255 0.503564 0.0906458 0.97576 0.061529
7 0.011698 0.73318 0.0238625 0.223101 0.0607158
7 0.0423855 0.785441 0.0883708 0.139492 0.0606524
10 0.735949 0.430695 0.119845 0.429673 0.0602649
11 0.0442883 0.773563 0.090873 0.12929 0.0600704
7 0.00904829 0.696831 0.0170129 0.0979467 0.0596089
10 0.0184679 0.681653 0.0368481 0.413205 0.0594046
11 0.941148 0.704861 0.113806 0.179171 0.0588105
11 0.0569851 0.897421 0.114328 0.204739 0.0586716
11 0.957777 0.639604 0.0855387 0.0609371 0.0585724
10 0.988445 0.902726 0.0230915 0.194238 0.0585702
11 0.0422524 0.771291 0.0864046 0.120132 0.057441
7 0.438186 0.629681 0.0475815 0.0802797 0.0568949
10 0.0192055 0.547062 0.0391468 0.89743 0.0559944
6 0.057809 0.848983 0.108078 0.302623 0.0559627
11 0.971102 0.636498 0.059338 0.0529903 0.0550951
11 0.877711 0.898902 0.244333 0.203971 0.0550424
11 0.981716 0.668464 0.0356773 0.258297 0.055009
10 0.0275757 0.516769 0.0558507 0.96889 0.0549987
10 0.543936 0.273751 0.038551 0.126628 0.0541171
10 0.00819489 0.470002 0.0179588 0.7273 0.0537176
11 0.912544 0.834619 0.178128 0.332861 0.0529652
10 0.992576 0.379249 0.0150332 0.547545 0.0518965
11 0.0431663 0.861676 0.0882152 0.279815 0.0516547
10 0.758095 0.595931 0.180781 0.765776 0.0506901
10 0.722316 0.543865 0.118349 0.653484 0.0502302
6 0.850464 0.476044 0.0700285 0.0873226 0.0500737
6 0.0618175 0.519789 0.124288 0.970639 0.0498211
2 0.0595605 0.718688 0.0167308 0.047956 0.0497195
7 0.484681 0.655482 0.0678393 0.0552429 0.0488616
10 0.00843428 0.476075 0.0168652 0.57499 0.0483685
10 0.0430286 0.508535 0.086526 0.99102 0.0483348
10 0.988522 0.538325 0.023411 0.243734 0.0482032
6 0.0642175 0.719322 0.132567 0.568135 0.0477173
7 0.514654 0.644515 0.0276577 0.0734349 0.0476077
11 0.987942 0.636997 0.0235474 0.168121 0.0465924
10 0.0282215 0.493088 0.0572769 0.893325 0.0460454
7 0.493064 0.615155 0.079176 0.130266 0.0459557
6 0.99492 0.617365 0.0112501 0.216171 0.0439853
10 0.011988 0.471669 0.0223919 0.539296 0.0428269
11 0.0730064 0.849615 0.146958 0.301243 0.0426355
10 0.534078 0.24589 0.0401081 0.0761018 0.0420383
7 0.554749 0.583103 0.0302129 0.0605824 0.0411991
7 0.551928 0.576244 0.03101 0.0424831 0.0408506
11 0.988392 0.636618 0.0223915 0.0490257 0.0405011
7 0.785022 0.683055 0.0340026 0.105705 0.0402551
11 0.633015 0.615229 0.103241 0.0473062 0.0398497
2 0.0657595 0.720587 0.0255213 0.0553376 0.0396148
10 0.604896 0.316247 0.0273208 0.0968425 0.0395918
7 0.581937 0.58613 0.0282411 0.0620327 0.03959
2 0.885713 0.728815 0.0224648 0.100451 0.0392981
7 0.979803 0.0566028 0.0407784 0.113648 0.0380095
11 0.958776 0.747428 0.0875015 0.489815 0.0375932
7 0.524779 0.659228 0.0295695 0.0563325 0.0361221
7 0.542709 0.644718 0.0282897 0.0825738 0.0360167
10 0.993858 0.308661 0.0126823 0.213625 0.0357631
6 0.395882 0.049817 0.241156 0.102095 0.0348634
7 0.525272 0.649282 0.0367077 0.0747136 0.0344786
7 0.50334 0.647775 0.025928 0.0697845 0.0337785
11 0.0420859 0.74606 0.0869203 0.0779749 0.0336775
11 0.636211 0.616544 0.104291 0.0449335 0.0336485
7 0.50969 0.648163 0.0266235 0.066028 0.0334605
6 0.851039 0.637591 0.105001 0.28038 0.0332288
7 0.692579 0.0160457 0.101291 0.0318397 0.0331702
7 0.550289 0.643758 0.0630784 0.0876679 0.0330893
7 0.500246 0.614399 0.0694841 0.135191 0.0327646
7 0.553023 0.651382 0.0620378 0.0751192 0.0325956
7 0.784448 0.0181903 0.0864623 0.035101 0.0325616
7 0.035453 0.812379 0.0728637 0.115042 0.0325251
7 0.666566 0.0163927 0.081753 0.0328505 0.0324696
7 0.824297 0.0201446 0.103305 0.0393556 0.0321486
7 0.484059 0.646938 0.0718527 0.0759365 0.0319152
7 0.799489 0.0198218 0.107085 0.0384217 0.0317143
11 0.876251 0.808663 0.244652 0.374845 0.0311071
7 0.624044 0.57927 0.0276797 0.0721405 0.0310862
10 0.522321 0.318795 0.041237 0.208721 0.0309353
2 0.163967 0.563694 0.0323678 0.118602 0.0309207
10 0.988353 0.930011 0.0235367 0.141378 0.0308021
7 0.810157 0.0202223 0.10601 0.0394177 0.0307251
7 0.981177 0.0448592 0.0396788 0.0908518 0.0305584
10 0.346989 0.357854 0.109655 0.133812 0.0305577
6 0.0684261 0.733586 0.1396 0.5411 0.0305444
7 0.580173 0.642985 0.0188798 0.0815114 0.0304097
7 0.837497 0.0194613 0.09605 0.0380701 0.0303566
10 0.984169 0.914842 0.0258518 0.173814 0.0301753
11 0.486877 0.366658 0.992242 0.74138 0.0300546
11 0.576209 0.715307 0.351705 0.256862 0.0298946
7 0.718179 0.0155401 0.0922187 0.0306207 0.0295432
10 0.513461 0.328665 0.0441198 0.235873 0.029498
10 0.985601 0.895763 0.0217695 0.214728 0.0293607
7 0.591899 0.585787 0.0210765 0.0615823 0.0292445
2 0.194634 0.560569 0.026465 0.118123 0.0291232
10 0.984271 0.917639 0.0267029 0.168693 0.0287798
10 0.315876 0.365589 0.107867 0.116652 0.0287047
7 0.448027 0.651577 0.0373973 0.0475787 0.0284185
7 0.0507361 0.810448 0.0837929 0.100892 0.0282963
10 0.516257 0.340752 0.100864 0.281086 0.0282743
7 0.509975 0.654523 0.022717 0.0548537 0.0281886
6 0.379669 0.0481244 0.30564 0.0987179 0.0276542
7 0.505926 0.638982 0.0711881 0.087075 0.0274602
6 0.84064 0.643149 0.131657 0.297752 0.0273819
10 0.0408356 0.369386 0.0828826 0.726299 0.0272846
11 0.613863 0.614409 0.173426 0.0496902 0.0272144
10 0.909596 0.505513 0.179565 0.982353 0.0269756
6 0.84228 0.789164 0.138815 0.336228 0.0268161
6 0.842507 0.627738 0.125042 0.267108 0.0264438
10 0.369229 0.3408 0.0949611 0.151616 0.0262593
6 0.839379 0.731265 0.145446 0.467919 0.0262245
2 0.905663 0.728999 0.0165222 0.0943907 0.0261278
7 0.681291 0.0145211 0.119671 0.0301311 0.0260113
11 0.879893 0.948678 0.239097 0.103639 0.0259716
7 0.477392 0.654464 0.082762 0.0575411 0.0257658
7 0.550382 0.63429 0.0209596 0.0442312 0.0257612
10 0.00672521 0.377434 0.0131494 0.326982 0.0253609
7 0.658035 0.503189 0.0246496 0.0491698 0.0253258
11 0.101275 0.502039 0.204699 0.998429 0.0252452
2 0.685356 0.388521 0.0171982 0.0923936 0.0250311
11 0.0297267 0.920138 0.0604241 0.16334 0.0247517
2 0.678515 0.499141 0.019473 0.118235 0.024631
7 0.636348 0.604057 0.0300831 0.0386178 0.0245334
7 0.48452 0.636175 0.104995 0.0902044 0.0245034
11 0.246994 0.471436 0.493466 0.957085 0.0244592
11 0.106052 0.269684 0.215564 0.54381 0.0241635
2 0.674666 0.428094 0.0203755 0.218767 0.0240019
10 0.359754 0.333309 0.100144 0.112943 0.0238912
6 0.912301 0.950081 0.179028 0.102243 0.0236151
7 0.0336047 0.83492 0.0695791 0.224583 0.0235638
11 0.102435 0.355472 0.207749 0.715107 0.0233219
7 0.734464 0.0153967 0.139156 0.0302927 0.0232258
11 0.284632 0.0438649 0.449625 0.088501 0.0232237
7 0.592628 0.635565 0.0253643 0.0840677 0.0231534
11 0.860161 0.950007 0.239801 0.101853 0.0229456
11 0.336278 0.0457893 0.408453 0.0936517 0.0228384
6 0.44449 0.0470159 0.254318 0.0967054 0.0227588
10 0.318123 0.290389 0.0650813 0.0592738 0.0226861
7 0.420412 0.627012 0.0453731 0.0813384 0.0225062
11 0.493674 0.248195 0.983944 0.50559 0.0222134
11 0.577688 0.691552 0.358866 0.208419 0.022185
7 0.656313 0.49692 0.0330255 0.0632204 0.0218261
7 0.463405 0.658485 0.0763008 0.045551 0.021808
7 0.51337 0.633476 0.0645422 0.0971543 0.0214753
10 0.725418 0.335688 0.0977923 0.23049 0.0212846
6 0.833477 0.856526 0.139693 0.203172 0.0211341
10 0.984922 0.947286 0.02654 0.107396 0.0210919
11 0.882435 0.865002 0.225625 0.272084 0.0207492
7 0.856719 0.0166163 0.106462 0.0330706 0.0207357
7 0.798789 0.676308 0.0366466 0.113191 0.02073
10 0.482179 0.334038 0.162933 0.272729 0.020678
10 0.476159 0.309839 0.165223 0.270076 0.0206715
11 0.115214 0.438555 0.226839 0.871663 0.0206291
10 0.415003 0.295891 0.0882653 0.209862 0.0206107
10 0.549717 0.249779 0.0311469 0.083228 0.0202555
4 0.766462 0.988438 0.0487819 0.0230164 0.0202314
2 0.774793 0.535343 0.0286608 0.0757454 0.0200416
10 0.0660808 0.507728 0.129914 0.975632 0.0199964
2 0.622158 0.499643 0.016369 0.0561226 0.0198642
2 0.680687 0.377706 0.0273851 0.138044 0.0197344
6 0.843445 0.649322 0.125736 0.309741 0.0195551
10 0.27633 0.274443 0.0314095 0.0492795 0.019433
10 0.501397 0.341894 0.124897 0.283195 0.0193529
10 0.269938 0.373389 0.105607 0.115435 0.0192632
10 0.390084 0.324261 0.0992911 0.158916 0.0191734
2 0.0149853 0.969501 0.0295648 0.0623425 0.0190574
7 0.696485 0.381041 0.017422 0.0864672 0.0189464
10 0.0364973 0.231923 0.0738181 0.46194 0.0186067
11 0.66797 0.784847 0.201412 0.404412 0.0185161
2 0.777053 0.568282 0.0342398 0.145806 0.0184791
10 0.483915 0.399271 0.0359812 0.411316 0.018429
11 0.590957 0.791008 0.337405 0.415053 0.018422
2 0.685165 0.483654 0.0242048 0.13234 0.018337
2 0.686448 0.374001 0.0272949 0.133539 0.0181125
7 0.0585503 0.981127 0.116358 0.0394597 0.0175868
10 0.561826 0.302406 0.0385798 0.181256 0.0175484
7 0.518181 0.613896 0.0699554 0.129557 0.0175262
11 0.494222 0.445982 0.992697 0.890861 0.0174749
7 0.625343 0.614491 0.0534124 0.0472196 0.0173765
11 0.25688 0.0683141 0.495109 0.136217 0.0171951
7 0.525249 0.569032 0.0316566 0.0500631 0.0171647
11 0.297923 0.0607442 0.559489 0.123125 0.0170636
11 0.583007 0.730836 0.342542 0.299872 0.0168901
2 0.493304 0.522855 0.0336492 0.119801 0.0167235
11 0.924833 0.763181 0.0742289 0.285217 0.016507
11 0.610948 0.661316 0.410384 0.155185 0.0161818
11 0.543528 0.81107 0.30302 0.383287 0.0159937
11 0.501642 0.0621966 0.955092 0.125594 0.0159427
7 0.383784 0.0514442 0.535825 0.104948 0.0158952
10 0.570614 0.314493 0.0446031 0.117444 0.0157318
2 0.693366 0.33566 0.0244241 0.0534411 0.0155648
10 0.0425698 0.139895 0.0870016 0.279704 0.0154854
11 0.496116 0.251972 0.981437 0.515193 0.0154114
11 0.49501 0.288871 0.985378 0.587146 0.0153095
7 0.413888 0.637664 0.0434491 0.0718117 0.0152494
11 0.106281 0.142013 0.214896 0.292937 0.015226
10 0.558622 0.28386 0.0387881 0.144057 0.0151005
11 0.496045 0.791222 0.216878 0.413351 0.0150023
11 0.0864297 0.500947 0.17264 0.994226 0.0148847
10 0.393437 0.268099 0.0852567 0.144143 0.0148515
10 0.509128 0.25133 0.0313506 0.0562379 0.0147201
11 0.479875 0.0512662 0.860668 0.104349 0.0146261
6 0.873835 0.682371 0.083276 0.370134 0.014596
6 0.833026 0.896822 0.139179 0.147053 0.0145153
11 0.436536 0.0545374 0.829061 0.108449 0.0139211
2 0.657482 0.431467 0.0206561 0.268369 0.0134507
10 0.783554 0.674023 0.237639 0.579383 0.0134023
10 0.0766449 0.22658 0.154617 0.456157 0.0131596
7 0.516207 0.0321523 0.361159 0.0651145 0.0129214
10 0.489518 0.38602 0.972119 0.783653 0.0126538
10 0.220921 0.446864 0.441291 0.89294 0.0126209
11 0.493542 0.172711 0.959544 0.361695 0.0126057
6 0.773754 0.734083 0.253561 0.479626 0.012099
11 0.59019 0.712857 0.221522 0.261091 0.0120894
11 0.501898 0.126511 0.993836 0.264503 0.0119906
10 0.193595 0.488858 0.391559 0.973555 0.0119531
2 0.693634 0.363358 0.0310872 0.140686 0.0117921
10 0.562581 0.247163 0.0282527 0.0766314 0.0117299
6 0.779341 0.730473 0.0783073 0.459259 0.0115204
11 0.135433 0.349942 0.261581 0.700554 0.0113572
2 0.2016 0.558489 0.0280226 0.111871 0.0113161
11 0.16042 0.255514 0.316696 0.516741 0.0113105
6 0.294345 0.156711 0.134824 0.0643526 0.0109381
11 0.61501 0.57334 0.157137 0.144199 0.0109
11 0.277535 0.240535 0.56018 0.488869 0.0108399
11 0.437813 0.161491 0.857885 0.334406 0.0106069
3 0.313023 0.199377 0.0466648 0.0525758 0.0105611
10 0.35304 0.212254 0.0417342 0.0683997 0.0105516
6 0.260216 0.251754 0.510082 0.511743 0.0103274
6 0.372998 0.273699 0.222326 0.545944 0.0101524
10 0.220822 0.277325 0.0874118 0.0697425 0.01009
6 0.257032 0.154819 0.156515 0.0658834 0.0100704
6 0.334693 0.162885 0.109904 0.0722932 0.00983915
10 0.430484 0.305636 0.830749 0.61965 0.00972549
11 0.22073 0.251884 0.451665 0.511593 0.00931424
6 0.328568 0.247598 0.367076 0.503325 0.0092061
11 0.256498 0.282172 0.521573 0.538166 0.00918832
3 0.255055 0.174867 0.103893 0.0630984 0.0091414
10 0.138072 0.609632 0.113372 0.433849 0.00903686
10 0.360489 0.4521 0.364212 0.853857 0.00898278
11 0.528638 0.073132 0.877821 0.149444 0.00881983
10 0.405201 0.230467 0.0871036 0.244787 0.00850159
6 0.384675 0.243157 0.262703 0.487905 0.00840528
3 0.382097 0.181212 0.0894295 0.1134 0.00808071
10 0.347889 0.192545 0.524175 0.397009 0.00805532
11 0.211776 0.304206 0.429147 0.53011 0.00796254
6 0.327959 0.291544 0.383573 0.458014 0.0079443
6 0.220064 0.17724 0.111461 0.0848255 0.00771073
