6 0.821382 0.702067 0.15719 0.595385 0.876416
11 0.562742 0.791909 0.34804 0.412235 0.857679
10 0.759426 0.389641 0.122985 0.348925 0.443609
10 0.758335 0.430859 0.126931 0.427928 0.369798
6 0.0533072 0.777309 0.107417 0.449294 0.289699
10 0.76046 0.584759 0.127078 0.743878 0.279522
6 0.0560404 0.851029 0.113988 0.296664 0.265202
10 0.986281 0.524663 0.0265688 0.937008 0.212798
2 0.179657 0.564184 0.033511 0.119333 0.206431
10 0.987353 0.654424 0.0255199 0.679506 0.199851
6 0.0549008 0.779293 0.111558 0.446397 0.194796
7 0.474953 0.634959 0.0999463 0.0920928 0.176283
10 0.986718 0.700846 0.0263725 0.590109 0.172765
11 0.869898 0.911037 0.254943 0.179738 0.168553
10 0.538357 0.340388 0.0487497 0.261187 0.162701
10 0.986717 0.754591 0.0267572 0.485582 0.161163
11 0.900053 0.811757 0.195378 0.37639 0.156883
6 0.810131 0.808405 0.13447 0.375148 0.1387
6 0.80776 0.810684 0.127958 0.371936 0.136142
11 0.901052 0.915299 0.195515 0.17164 0.128634
10 0.989989 0.5336 0.0199497 0.91808 0.127389
11 0.929163 0.809418 0.144395 0.380578 0.119987
10 0.987886 0.814079 0.0249117 0.370182 0.118875
2 0.699074 0.579194 0.0211693 0.0654708 0.115249
7 0.449187 0.631212 0.0494063 0.0810252 0.113238
6 0.84951 0.619662 0.0914835 0.43145 0.111967
10 0.991838 0.592979 0.0165052 0.799559 0.109349
6 0.050545 0.694509 0.101847 0.614354 0.105638
10 0.988293 0.856004 0.0243994 0.287603 0.104357
6 0.849604 0.698717 0.100296 0.588299 0.102259
11 0.897889 0.886868 0.202586 0.226622 0.0987022
6 0.0507303 0.805586 0.104743 0.39691 0.0957398
7 0.440621 0.629866 0.0476706 0.0802319 0.0920586
7 0.493663 0.617664 0.0787975 0.134184 0.0916771
11 0.869521 0.870463 0.257348 0.259519 0.0908074
10 0.536356 0.268825 0.0477628 0.118659 0.0872042
2 0.182179 0.561433 0.0337523 0.118431 0.0860446
10 0.99087 0.44833 0.0178244 0.414734 0.0820126
2 0.706005 0.580955 0.0204047 0.068928 0.0809509
6 0.0587645 0.557045 0.118499 0.897836 0.0806205
2 0.0593055 0.719352 0.0189528 0.0521712 0.0795567
6 0.0558557 0.848184 0.108889 0.303452 0.0788486
10 0.014816 0.557191 0.0290566 0.784056 0.0771757
10 0.99141 0.420047 0.0165924 0.463432 0.0763176
11 0.0421327 0.770605 0.0867602 0.121098 0.0762934
7 0.0402634 0.818407 0.083306 0.208001 0.0760604
6 0.0111329 0.718617 0.0223403 0.387604 0.0757576
2 0.718324 0.580528 0.0196534 0.0719653 0.0745218
7 0.602457 0.580501 0.0264954 0.0663432 0.0735952
7 0.828379 0.964297 0.0791123 0.0739615 0.0732375
10 0.018478 0.640916 0.036902 0.705787 0.0732044
11 0.0438859 0.771911 0.0911433 0.128978 0.0726453
6 0.0647181 0.792464 0.13255 0.418129 0.0721008
6 0.0105602 0.732627 0.0215897 0.207698 0.0718209
6 0.00781685 0.739498 0.0156607 0.222575 0.0717283
10 0.961903 0.507766 0.0750803 0.969186 0.0703399
6 0.0157701 0.674892 0.0302407 0.362749 0.0692565
3 0.0611676 0.507643 0.12289 0.994367 0.0692485
10 0.0291563 0.524172 0.0585358 0.950891 0.0689305
7 0.514516 0.644544 0.0302131 0.0664046 0.0667689
7 0.484127 0.65762 0.0531924 0.0506852 0.0665805
7 0.489259 0.617374 0.0760101 0.136429 0.0655608
10 0.949091 0.506701 0.101512 0.975768 0.0643641
7 0.00890188 0.700419 0.0171501 0.0914452 0.0620873
6 0.822422 0.665163 0.146609 0.520203 0.06161
10 0.93958 0.506327 0.120687 0.98049 0.0611054
6 0.0405255 0.704237 0.0809815 0.511703 0.0605029
11 0.044062 0.862123 0.0897784 0.278598 0.0601992
11 0.0419491 0.778451 0.0867024 0.135692 0.0595376
11 0.0564943 0.898939 0.113269 0.201888 0.0593015
10 0.987909 0.906977 0.0240017 0.184574 0.0588525
7 0.00954083 0.696358 0.0178012 0.0911644 0.058689
6 0.0635712 0.717069 0.131169 0.574294 0.0585264
10 0.0271558 0.51653 0.0544257 0.963116 0.0579977
7 0.807745 0.959828 0.138341 0.0811512 0.0571317
10 0.0476374 0.509353 0.0951484 0.991238 0.0569612
6 0.793422 0.700996 0.109933 0.591528 0.0547453
7 0.831918 0.958829 0.0791269 0.0849455 0.0545135
10 0.994893 0.6595 0.0108997 0.501477 0.0543411
2 0.656512 0.503521 0.0244325 0.0435295 0.0541923
10 0.012774 0.468387 0.0240046 0.579574 0.0533943
6 0.846226 0.701055 0.11603 0.590588 0.0531359
11 0.0423357 0.746194 0.0868998 0.0770771 0.0530579
2 0.0592809 0.718188 0.0161706 0.0467844 0.0527397
10 0.774644 0.603196 0.148774 0.7787 0.0526729
6 0.0612088 0.517512 0.123375 0.971117 0.0526663
10 0.767012 0.508356 0.123583 0.580963 0.0520561
6 0.853294 0.625821 0.0881466 0.438663 0.0518438
10 0.00819788 0.468365 0.017664 0.674066 0.0514517
7 0.483503 0.646226 0.0617416 0.0745744 0.0513973
7 0.508272 0.641146 0.0660699 0.082801 0.0513618
11 0.947774 0.749738 0.105901 0.268784 0.0503427
6 0.993937 0.589726 0.0122114 0.130205 0.0500254
6 0.793955 0.804556 0.104826 0.379109 0.0492083
11 0.0794311 0.851151 0.160319 0.298714 0.0492036
11 0.0416294 0.748199 0.0859751 0.0758122 0.0486261
10 0.527763 0.251393 0.0452139 0.0820565 0.0478487
10 0.790776 0.599822 0.184291 0.793536 0.0473552
2 0.686386 0.579503 0.0195627 0.0643674 0.0473356
10 0.0310728 0.484841 0.062661 0.877654 0.0471858
6 0.81012 0.857695 0.135834 0.282126 0.0468175
7 0.0392063 0.785264 0.0824969 0.13653 0.0467121
11 0.86634 0.954111 0.255433 0.0933505 0.0464428
10 0.594158 0.314221 0.0278776 0.0953886 0.0463882
7 0.546434 0.643196 0.062287 0.0874949 0.0453936
7 0.434304 0.630653 0.0470759 0.08015 0.0453751
10 0.735041 0.601324 0.178539 0.773945 0.0447133
10 0.994247 0.300043 0.0119957 0.197748 0.0445108
7 0.581244 0.585077 0.0231065 0.0581849 0.0443439
7 0.663404 0.0173583 0.0844281 0.0343453 0.0441733
10 0.736236 0.524819 0.105673 0.618033 0.0437514
2 0.0650005 0.719628 0.0233893 0.0537155 0.0437011
10 0.769761 0.613065 0.117295 0.739363 0.0428955
11 0.873236 0.705231 0.253521 0.593507 0.0420865
6 0.780438 0.708915 0.0902353 0.57868 0.0418101
7 0.696883 0.0162427 0.129029 0.0328814 0.0417831
11 0.900839 0.949458 0.194633 0.102393 0.0414495
10 0.749873 0.482345 0.128318 0.535561 0.0409043
7 0.549357 0.65177 0.0598622 0.0745568 0.0408815
10 0.986662 0.919646 0.0263029 0.161495 0.0408419
10 0.00857581 0.463621 0.016858 0.559993 0.0405081
7 0.548596 0.647591 0.031341 0.0741606 0.0403944
7 0.499695 0.650857 0.0282653 0.0626195 0.0401991
10 0.737151 0.436467 0.122701 0.445961 0.0394086
6 0.399425 0.051819 0.253758 0.105729 0.0389703
7 0.728279 0.582331 0.0226738 0.0814201 0.0388673
11 0.0421442 0.743528 0.0867779 0.0736651 0.0384208
11 0.853615 0.814789 0.221192 0.368677 0.038176
6 0.783703 0.67415 0.0795727 0.393446 0.0376926
7 0.521714 0.659879 0.0304195 0.0525608 0.037215
7 0.527701 0.650139 0.0424197 0.0728563 0.0367768
10 0.75008 0.597405 0.135972 0.762618 0.0363624
11 0.781599 0.693603 0.0704649 0.121563 0.036251
6 0.822907 0.660009 0.155245 0.509414 0.0362088
10 0.348355 0.363895 0.107194 0.139473 0.035747
6 0.00980416 0.824264 0.0186688 0.238981 0.0353523
7 0.685651 0.0152753 0.126822 0.0316829 0.0349934
11 0.654547 0.613315 0.148546 0.0497411 0.0349062
7 0.647155 0.0179397 0.099935 0.0358028 0.0345645
7 0.72056 0.0146517 0.0992423 0.0289736 0.0344389
11 0.831465 0.911326 0.180985 0.175826 0.0342906
2 0.193185 0.560103 0.025908 0.117132 0.0340376
6 0.822419 0.703242 0.17426 0.596391 0.0339482
10 0.591193 0.316572 0.0343981 0.102659 0.0339437
7 0.585512 0.640326 0.0190274 0.0821343 0.0338119
10 0.768703 0.346867 0.112285 0.266521 0.0334267
10 0.547039 0.266947 0.0385453 0.112898 0.0333814
7 0.501154 0.614059 0.0773841 0.126504 0.0333728
11 0.571055 0.635265 0.314783 0.080577 0.0333661
7 0.797451 0.961978 0.118281 0.0768944 0.0331226
7 0.833648 0.0194387 0.0928569 0.0373565 0.0329543
10 0.926854 0.529921 0.145591 0.924569 0.0329209
7 0.446259 0.651966 0.0392797 0.0416715 0.0324269
10 0.310693 0.37303 0.119256 0.119593 0.031752
10 0.75752 0.39567 0.133457 0.368533 0.0314206
7 0.843269 0.969429 0.0655939 0.0622475 0.0312155
7 0.0342078 0.811237 0.0710782 0.154432 0.0311975
2 0.163264 0.562257 0.0313625 0.115888 0.0310296
7 0.724542 0.588768 0.024395 0.074378 0.0308154
10 0.517247 0.327886 0.0447223 0.24285 0.0307185
10 0.691266 0.38341 0.0271893 0.0578495 0.0306537
10 0.984602 0.917431 0.0257719 0.169252 0.0303555
7 0.819733 0.0199908 0.0999496 0.0385199 0.0303306
7 0.620744 0.577683 0.0275553 0.0713399 0.0301329
6 0.848786 0.695935 0.0876699 0.270478 0.0300123
6 0.0658476 0.737378 0.135018 0.533765 0.0296598
7 0.0488656 0.811407 0.0848106 0.11987 0.029561
7 0.738627 0.0141258 0.127742 0.0280756 0.028796
7 0.984867 0.920156 0.026403 0.165238 0.0283241
10 0.986576 0.901946 0.0217802 0.201759 0.0283056
11 0.111342 0.27435 0.225731 0.551905 0.0282691
7 0.442545 0.0500208 0.273416 0.102005 0.0281591
7 0.806994 0.0198829 0.0968436 0.0384747 0.0279322
11 0.778484 0.662692 0.0687324 0.0610825 0.02783
10 0.983063 0.86789 0.0266514 0.274587 0.0276106
7 0.796858 0.0184016 0.1084 0.035658 0.0275414
2 0.669389 0.502268 0.0228931 0.0482452 0.0270934
7 0.0348121 0.837156 0.071393 0.230242 0.027017
7 0.551792 0.674484 0.0391568 0.0257927 0.0266445
7 0.531564 0.631501 0.0588228 0.0984029 0.0265287
10 0.375445 0.338353 0.089468 0.161216 0.0262715
7 0.785698 0.966543 0.0962412 0.0681813 0.0261321
7 0.779183 0.0163563 0.0973159 0.031611 0.0259903
11 0.572171 0.675069 0.329873 0.181501 0.025989
7 0.50939 0.658678 0.0294539 0.046029 0.0259342
11 0.222813 0.491696 0.457838 0.982859 0.0259139
6 0.799182 0.870183 0.120015 0.259783 0.0259095
11 0.0365773 0.740088 0.0780787 0.0586945 0.0258489
7 0.547459 0.573651 0.0330316 0.0423473 0.0257663
10 0.728245 0.380255 0.0938701 0.321126 0.0256105
11 0.106342 0.367285 0.21658 0.736019 0.0255467
11 0.0341426 0.92333 0.068832 0.156892 0.0255298
6 0.367268 0.0472453 0.27685 0.0962792 0.0249619
11 0.281169 0.0495658 0.530093 0.0987314 0.0248367
11 0.778427 0.693065 0.0693462 0.117769 0.0247204
7 0.85375 0.0174659 0.107759 0.0343895 0.0246985
7 0.465334 0.65823 0.0535675 0.0455121 0.02468
11 0.0579915 0.971337 0.116029 0.0583504 0.0245989
7 0.735182 0.58379 0.0208998 0.0801234 0.0245913
6 0.8581 0.588082 0.0815804 0.371605 0.0245211
7 0.746563 0.0138459 0.105786 0.027198 0.0245185
7 0.607812 0.633855 0.0237295 0.0805455 0.0244956
10 0.0402789 0.354609 0.0817248 0.698879 0.0244413
7 0.555349 0.641002 0.0645333 0.0899982 0.0237034
7 0.544991 0.584077 0.0354649 0.068163 0.0236303
7 0.799631 0.966449 0.081181 0.0682312 0.0235798
10 0.00778914 0.341759 0.0149682 0.311265 0.0233804
11 0.136831 0.449483 0.26728 0.896753 0.0230828
10 0.679603 0.3796 0.0197644 0.0548971 0.0230582
7 0.418812 0.627325 0.0453533 0.0809846 0.0228042
10 0.365605 0.327298 0.0935945 0.11071 0.0227166
11 0.488173 0.328294 0.98756 0.664466 0.022619
7 0.816719 0.987284 0.098247 0.0259651 0.0225356
6 0.783584 0.641676 0.0843995 0.296971 0.0223357
7 0.985251 0.949526 0.0272938 0.103817 0.0223136
7 0.839354 0.98649 0.055228 0.0266954 0.0221941
6 0.839028 0.729883 0.0935606 0.20667 0.0220246
11 0.634688 0.615718 0.102113 0.0442899 0.0219123
11 0.78644 0.688038 0.079284 0.114218 0.0219009
11 0.327519 0.0455227 0.362172 0.0920945 0.0218011
11 0.0996096 0.502022 0.20062 0.997699 0.0216656
10 0.262433 0.375733 0.10193 0.116762 0.0215568
10 0.774272 0.319311 0.108452 0.207236 0.0215535
7 0.562372 0.625448 0.0186936 0.049837 0.0213684
11 0.569861 0.677862 0.337144 0.187307 0.0212024
10 0.549117 0.25159 0.0337048 0.0853603 0.0211784
11 0.140421 0.431963 0.277011 0.864025 0.0209705
10 0.505424 0.31615 0.127621 0.229727 0.0205659
10 0.844707 0.674945 0.23083 0.641156 0.0204322
11 0.669265 0.61736 0.115221 0.0405176 0.0201781
7 0.640319 0.602786 0.0341887 0.0358692 0.0198323
7 0.39983 0.0525975 0.54067 0.107392 0.0197233
11 0.502989 0.0561117 0.953766 0.113407 0.0196354
7 0.51614 0.572018 0.0372993 0.0559127 0.0195071
10 0.558107 0.304864 0.0786872 0.193303 0.0194954
6 0.770003 0.730435 0.0595625 0.202399 0.01946
11 0.491106 0.291742 0.982739 0.591001 0.0194049
7 0.506296 0.0476246 0.679148 0.0983241 0.0193894
10 0.0378834 0.227608 0.0764197 0.451274 0.0193745
11 0.672344 0.759932 0.159883 0.347448 0.0188539
10 0.787641 0.387767 0.105185 0.347573 0.0188023
10 0.317023 0.266727 0.0314393 0.0470233 0.0184942
10 0.397407 0.316553 0.0930855 0.176997 0.0184329
11 0.606242 0.730362 0.276561 0.294753 0.0180892
10 0.495015 0.331961 0.142052 0.264446 0.0180471
11 0.588535 0.79135 0.312207 0.417504 0.0180017
11 0.495845 0.250231 0.985355 0.508474 0.0178589
7 0.847333 0.957685 0.0617313 0.0861522 0.0177731
11 0.498031 0.791058 0.21899 0.415368 0.0177273
11 0.584727 0.689927 0.31256 0.22052 0.0175888
7 0.431304 0.0513291 0.81987 0.102306 0.017536
11 0.891247 0.896489 0.146426 0.209688 0.0172296
10 0.50477 0.342124 0.110337 0.285877 0.0170801
10 0.673474 0.399362 0.0287211 0.104025 0.0170258
10 0.044934 0.145792 0.0913778 0.292632 0.0166911
11 0.75984 0.694394 0.037117 0.112142 0.0166617
6 0.860367 0.560453 0.0798851 0.319574 0.0166163
11 0.541709 0.819637 0.271837 0.361647 0.0164648
11 0.483069 0.440891 0.983767 0.884377 0.0164365
7 0.519323 0.0336237 0.447615 0.0680477 0.0163646
10 0.268444 0.260427 0.0378221 0.0426377 0.0163384
7 0.71593 0.616362 0.0517565 0.0682223 0.0161917
6 0.763501 0.706423 0.045482 0.131291 0.016118
10 0.743594 0.539332 0.142145 0.406261 0.0158823
11 0.126524 0.411145 0.248951 0.815014 0.0158641
2 0.494808 0.519925 0.0361989 0.12112 0.0156938
7 0.421769 0.641649 0.0421618 0.057992 0.015589
11 0.150768 0.256554 0.299885 0.518378 0.0154898
10 0.0811874 0.234736 0.162825 0.47041 0.0151707
11 0.807043 0.959063 0.14465 0.0854605 0.0151267
6 0.796352 0.500996 0.0551864 0.211471 0.0148307
6 0.827635 0.881418 0.124704 0.231595 0.0146744
2 0.200895 0.559592 0.0271007 0.114451 0.014517
10 0.780062 0.275372 0.0682089 0.106771 0.0144319
10 0.661141 0.374009 0.0232657 0.0651331 0.0139582
10 0.204883 0.469501 0.411992 0.943774 0.0135619
7 0.619583 0.614366 0.0718079 0.0443944 0.0131045
11 0.0917687 0.501133 0.182226 0.993121 0.0129045
11 0.504546 0.118706 0.994085 0.240956 0.0121225
11 0.49144 0.25584 0.971578 0.521381 0.0119695
11 0.255146 0.25028 0.516026 0.506933 0.0119124
10 0.138769 0.501731 0.280238 0.9926 0.0116505
7 0.778185 0.384176 0.0102475 0.021767 0.0116263
10 0.563076 0.247941 0.0273533 0.0779901 0.0113197
11 0.52581 0.6405 0.209446 0.0947238 0.0112322
6 0.329547 0.16372 0.102904 0.0841474 0.0108546
11 0.489743 0.118262 0.940937 0.236453 0.0107746
7 0.576437 0.050065 0.738232 0.0990818 0.00996296
6 0.273397 0.250893 0.456705 0.506647 0.00967384
10 0.383383 0.186506 0.0795797 0.124738 0.00964665
6 0.256811 0.282053 0.512731 0.542284 0.00962227
11 0.222344 0.292281 0.464523 0.574286 0.00946307
6 0.250649 0.172078 0.126569 0.085003 0.00905937
3 0.355262 0.198634 0.0776958 0.087625 0.00898335
3 0.297811 0.174167 0.0941263 0.0781719 0.00884645
10 0.386684 0.251741 0.0835881 0.229461 0.0085585
6 0.32603 0.299874 0.382354 0.403039 0.00837669
6 0.32327 0.261792 0.36277 0.484346 0.00836991
10 0.213177 0.268552 0.0846525 0.0736792 0.00777559
11 0.217645 0.192937 0.0967854 0.0827356 0.00774246
