6 0.813632 0.706527 0.146445 0.585963 0.882386
11 0.566263 0.794066 0.355378 0.408583 0.852093
10 0.730623 0.365846 0.179951 0.530207 0.289351
4 0.0569266 0.852469 0.114919 0.295241 0.283628
6 0.0537872 0.776642 0.108128 0.45017 0.210943
10 0.985395 0.523256 0.0283298 0.936601 0.200633
4 0.0555242 0.780743 0.112376 0.443231 0.174007
10 0.986646 0.688989 0.0266159 0.613745 0.161914
2 0.180455 0.561378 0.0329767 0.118192 0.155387
10 0.987383 0.760634 0.025489 0.47373 0.147521
10 0.986565 0.634658 0.0261818 0.721428 0.147234
11 0.869649 0.909277 0.254222 0.181261 0.128942
11 0.911532 0.809668 0.175407 0.380872 0.12793
11 0.924824 0.806858 0.150121 0.385494 0.123156
10 0.72775 0.531114 0.178734 0.874447 0.120088
7 0.471839 0.635562 0.0979224 0.089639 0.114938
10 0.988417 0.816019 0.0236458 0.366479 0.110714
10 0.988902 0.53312 0.0224621 0.918652 0.10753
10 0.988327 0.854892 0.0241238 0.288448 0.107148
10 0.730367 0.353179 0.17501 0.505875 0.0917255
6 0.0536697 0.644136 0.108147 0.722268 0.0906706
6 0.0509254 0.806638 0.104794 0.394389 0.0847132
11 0.906446 0.915303 0.187197 0.171398 0.0829744
10 0.966142 0.505728 0.0667507 0.970764 0.0827059
10 0.954369 0.505048 0.0904547 0.977927 0.0821348
10 0.993199 0.642743 0.0133841 0.700582 0.0759589
7 0.488908 0.616472 0.0791319 0.135641 0.0742767
6 0.0124828 0.70519 0.0243758 0.317618 0.0730542
7 0.448995 0.631542 0.0503919 0.0805599 0.0729322
7 0.49072 0.657623 0.057347 0.0489958 0.0721845
7 0.0357107 0.816944 0.0735957 0.201058 0.0715718
10 0.943138 0.504707 0.113723 0.981603 0.0702839
11 0.869409 0.866971 0.254709 0.265963 0.0701946
10 0.0226087 0.630891 0.0455386 0.731828 0.0685331
10 0.988939 0.434997 0.0218029 0.442639 0.0669559
6 0.0440164 0.721382 0.0898739 0.556189 0.0664848
2 0.760016 0.698701 0.0243873 0.0900025 0.0662174
10 0.0150298 0.567323 0.0296262 0.823248 0.0661063
11 0.913344 0.880971 0.174929 0.239789 0.0652434
4 0.0601676 0.56638 0.121135 0.880389 0.0644976
2 0.173946 0.560868 0.0342672 0.117266 0.0644869
10 0.0180639 0.683031 0.0355314 0.446147 0.0637224
6 0.810455 0.805861 0.135005 0.383849 0.0623696
10 0.0325755 0.520879 0.065916 0.960308 0.0622823
10 0.989597 0.416547 0.0205189 0.517189 0.0621163
3 0.0591858 0.509281 0.118967 0.993976 0.0619973
10 0.733145 0.266247 0.172761 0.317651 0.0611078
6 0.0146639 0.735989 0.0299667 0.231883 0.0606118
6 0.810151 0.820085 0.133588 0.357137 0.0600576
11 0.869494 0.809826 0.2566 0.377033 0.0575955
11 0.0438364 0.773319 0.0903361 0.132272 0.0567841
7 0.549345 0.647422 0.0739029 0.0837881 0.0558998
10 0.733619 0.276005 0.174895 0.340676 0.0557969
7 0.00948915 0.701109 0.0181727 0.088366 0.0549194
11 0.930566 0.662567 0.135763 0.0935164 0.0541847
6 0.00776605 0.74039 0.015542 0.242309 0.0541739
6 0.0492756 0.509434 0.0987493 0.993339 0.053899
10 0.988502 0.905174 0.0231018 0.188332 0.0528508
7 0.48188 0.660818 0.0579912 0.0467402 0.0523216
6 0.0603834 0.530261 0.122367 0.951604 0.0520475
7 0.993559 0.592003 0.0129902 0.127705 0.0518874
10 0.0275061 0.525595 0.05515 0.944948 0.0514579
6 0.0568933 0.847918 0.108131 0.302322 0.0513363
10 0.821944 0.529098 0.338525 0.944703 0.0511876
10 0.541153 0.338327 0.0450466 0.273392 0.0498331
7 0.542504 0.650074 0.0703373 0.0773163 0.0495108
2 0.764356 0.701121 0.0240054 0.0954922 0.0493072
2 0.0596152 0.719269 0.0184917 0.051687 0.0486554
6 0.00939133 0.696228 0.0175324 0.0983879 0.0474557
11 0.0424944 0.747012 0.0867123 0.0753146 0.0472133
4 0.0561271 0.891652 0.113506 0.218468 0.0464891
7 0.438011 0.629905 0.0491556 0.0805403 0.0457954
6 0.066404 0.790295 0.135662 0.421843 0.0457316
7 0.483984 0.616321 0.0800785 0.137911 0.0457225
10 0.536228 0.254998 0.0428102 0.0925756 0.0455825
11 0.0402625 0.860527 0.0828239 0.282044 0.0455221
10 0.964505 0.334296 0.0716848 0.64856 0.045175
10 0.964318 0.393596 0.0702808 0.748914 0.0449957
10 0.023669 0.523134 0.0477567 0.94033 0.0449149
10 0.992524 0.367418 0.0153799 0.52575 0.044067
11 0.8687 0.952537 0.254477 0.096136 0.0436337
10 0.0335366 0.492544 0.067866 0.892431 0.0427935
4 0.078531 0.849866 0.158948 0.300602 0.0426404
7 0.437598 0.630682 0.0483092 0.0803492 0.042548
10 0.00834417 0.474215 0.0180236 0.678263 0.0424677
4 0.0647526 0.720167 0.133766 0.566183 0.0417235
7 0.483066 0.644225 0.0701852 0.0789403 0.0404072
2 0.0597379 0.719311 0.0157391 0.0458569 0.0403635
11 0.950824 0.764484 0.100275 0.299648 0.0393094
6 0.826913 0.595181 0.117789 0.365912 0.0388512
10 0.724101 0.529364 0.165219 0.852127 0.0388199
7 0.755103 0.587386 0.0201129 0.0679056 0.0384052
2 0.752857 0.704177 0.0214828 0.0668009 0.0380365
7 0.762543 0.687045 0.0303531 0.128911 0.0379363
10 0.815815 0.523569 0.361154 0.953613 0.0378097
11 0.987091 0.635604 0.0236961 0.0465901 0.0374566
7 0.557709 0.583383 0.0386266 0.0642501 0.0364685
10 0.0115509 0.460952 0.0220794 0.551694 0.0360443
7 0.00975963 0.801435 0.0183452 0.180272 0.0359959
10 0.00841294 0.466473 0.0170482 0.568303 0.0359834
10 0.870298 0.513081 0.256318 0.966102 0.0358581
10 0.817707 0.348163 0.357946 0.559408 0.0357715
11 0.0407008 0.741933 0.0840843 0.0621506 0.0356082
10 0.993095 0.283895 0.0142881 0.218599 0.0349031
10 0.885564 0.51306 0.223859 0.970526 0.0348201
2 0.190733 0.560024 0.0283028 0.116789 0.0347035
4 0.0921795 0.896058 0.181326 0.209748 0.0345574
7 0.547498 0.641795 0.0786348 0.0899482 0.0341387
2 0.0651346 0.720469 0.0278858 0.055749 0.0331121
6 0.380081 0.0512267 0.232876 0.104705 0.0330999
7 0.0328892 0.809129 0.0667532 0.130009 0.032645
2 0.604135 0.580876 0.0296119 0.0698984 0.0322419
7 0.549308 0.67479 0.0469357 0.0283754 0.0318767
11 0.0420914 0.737644 0.0864548 0.0643076 0.0317354
2 0.698121 0.585522 0.0203671 0.0635729 0.0309406
7 0.980188 0.0419037 0.0405849 0.0849411 0.0306814
10 0.814444 0.508964 0.332789 0.875114 0.0306504
10 0.349917 0.354432 0.105069 0.148099 0.0306338
10 0.381551 0.329395 0.0881638 0.175511 0.0302205
6 0.80342 0.81176 0.126324 0.373695 0.0301982
7 0.500782 0.612069 0.0709377 0.127203 0.0298248
7 0.484796 0.636411 0.104272 0.0898384 0.0296601
11 0.903224 0.954565 0.192364 0.0925969 0.0295898
10 0.726115 0.377769 0.181651 0.561602 0.0294776
7 0.685153 0.534615 0.0226448 0.0549385 0.0293642
10 0.988144 0.925446 0.0236244 0.151695 0.0287854
11 0.321257 0.0433674 0.366085 0.0876567 0.0285079
2 0.544694 0.247714 0.0307201 0.0811701 0.0284458
7 0.739129 0.698575 0.0200304 0.0856801 0.0284383
7 0.509344 0.639069 0.0667795 0.0844202 0.0283975
7 0.502924 0.646436 0.0316768 0.0739152 0.0282078
6 0.994787 0.626646 0.0113523 0.253753 0.0281807
6 0.824914 0.646102 0.123211 0.464944 0.0281213
10 0.316152 0.362958 0.105391 0.121974 0.0281046
7 0.0297101 0.822182 0.0608157 0.152213 0.0279411
11 0.356719 0.0463576 0.264091 0.0944645 0.0274962
7 0.552169 0.634685 0.0761649 0.106099 0.0272998
6 0.789851 0.735008 0.114152 0.529904 0.0271355
7 0.984882 0.918711 0.0256819 0.167465 0.0270947
7 0.773336 0.698242 0.0260424 0.108787 0.0269722
7 0.437007 0.0483349 0.288692 0.0984436 0.0267742
2 0.654096 0.504318 0.0286346 0.0435239 0.0264342
2 0.585008 0.585103 0.0308187 0.060505 0.0262193
7 0.984418 0.915562 0.0252693 0.172554 0.0260909
10 0.986309 0.90239 0.0217024 0.201076 0.0260153
7 0.517239 0.644585 0.0373307 0.0697607 0.025999
7 0.521615 0.658584 0.042696 0.0533312 0.0258742
7 0.0471427 0.810513 0.08618 0.123615 0.0256675
7 0.514792 0.665688 0.031426 0.0389197 0.0256259
10 0.715489 0.549644 0.34186 0.900368 0.0255075
6 0.797921 0.83557 0.118899 0.330152 0.0254839
10 0.896177 0.35313 0.214633 0.606003 0.0254689
10 0.545746 0.265149 0.0371062 0.111464 0.0254134
7 0.46231 0.65803 0.0710765 0.0426858 0.0253595
6 0.820072 0.902799 0.156034 0.192931 0.025251
7 0.0269819 0.834107 0.0553442 0.223909 0.0244879
7 0.439854 0.647282 0.0395122 0.0515146 0.0241789
6 0.829767 0.680079 0.121491 0.535914 0.0240202
11 0.0573217 0.96687 0.114792 0.0675627 0.0238469
2 0.499406 0.522654 0.0382146 0.112844 0.0238032
11 0.579515 0.680584 0.346299 0.190978 0.0236054
10 0.982425 0.867067 0.0260971 0.275629 0.0233051
10 0.51919 0.247311 0.0412864 0.078554 0.0232875
9 0.0679957 0.739758 0.13973 0.529603 0.0232043
2 0.622581 0.577628 0.0337814 0.0755263 0.023074
10 0.521306 0.245239 0.0359061 0.0753281 0.0227987
7 0.659743 0.0166497 0.0777633 0.0331054 0.0227691
11 0.650133 0.797597 0.507198 0.411461 0.0227554
11 0.0302377 0.914739 0.0611909 0.173766 0.0226483
7 0.498674 0.659675 0.0663837 0.0476938 0.0226313
7 0.549787 0.578075 0.0362777 0.0508522 0.0225776
10 0.0438143 0.363096 0.0888551 0.716549 0.022505
2 0.630005 0.0402654 0.0659821 0.0813719 0.0223873
10 0.375668 0.324205 0.0955411 0.149333 0.0221725
10 0.281604 0.362234 0.101595 0.104136 0.0221626
10 0.00831383 0.34591 0.0164885 0.334578 0.0219939
7 0.516197 0.661918 0.0440271 0.0513284 0.0218306
11 0.58502 0.717051 0.339967 0.272473 0.0218185
11 0.0969311 0.274068 0.194507 0.548994 0.0217082
6 0.832297 0.541942 0.108744 0.258817 0.0216175
10 0.324166 0.290328 0.0649952 0.0657946 0.0214992
7 0.530375 0.629094 0.0586803 0.104376 0.0214584
11 0.818761 0.969107 0.155567 0.0630098 0.0214412
11 0.246994 0.0523455 0.481233 0.104154 0.0213978
2 0.833302 0.0205855 0.0832509 0.0398976 0.0213866
7 0.590225 0.631961 0.023239 0.0746013 0.0213143
7 0.454978 0.63441 0.0874801 0.084859 0.0212384
10 0.620003 0.537357 0.500118 0.926876 0.0212083
7 0.985564 0.948737 0.025799 0.105139 0.0210542
11 0.582664 0.623947 0.326938 0.0693409 0.0208599
11 0.0888866 0.377786 0.17891 0.755192 0.0208098
11 0.261501 0.0373083 0.419785 0.074106 0.020732
7 0.55438 0.67277 0.0543951 0.0375879 0.020515
7 0.421107 0.627325 0.0461442 0.0825125 0.0204156
7 0.634938 0.602921 0.0341175 0.0369811 0.0202875
7 0.574807 0.646283 0.05251 0.0821752 0.0202176
10 0.899253 0.453979 0.180201 0.798371 0.0201782
11 0.565742 0.63391 0.292752 0.0875108 0.0201076
10 0.758363 0.3161 0.161052 0.429447 0.0199945
7 0.753169 0.654281 0.0470975 0.0675545 0.0198924
11 0.494854 0.0584211 0.939957 0.11697 0.0198263
7 0.516819 0.649439 0.0629902 0.0753045 0.019725
10 0.0384931 0.256838 0.0778925 0.511845 0.0197163
10 0.248589 0.361343 0.101251 0.103416 0.0196809
11 0.278241 0.0566248 0.532655 0.113694 0.0194068
11 0.633063 0.613835 0.099976 0.0426496 0.0192347
10 0.621438 0.547012 0.469894 0.904201 0.019219
11 0.596805 0.793489 0.333726 0.41305 0.019103
11 0.673382 0.779377 0.181011 0.391823 0.0190874
10 0.782396 0.705239 0.105756 0.584419 0.0190655
7 0.649954 0.0285826 0.102381 0.0582927 0.0190582
11 0.393325 0.0527999 0.718272 0.106235 0.0190376
2 0.196704 0.558312 0.0271258 0.114096 0.0189392
6 0.729401 0.751378 0.0589172 0.408321 0.0189041
11 0.665002 0.61191 0.121385 0.0405016 0.018717
10 0.753267 0.251897 0.160751 0.284398 0.0187016
7 0.714576 0.572993 0.0648172 0.129485 0.0185708
7 0.585239 0.625427 0.025562 0.0670662 0.0184976
10 0.863615 0.687244 0.260354 0.621773 0.0183648
6 0.837162 0.707209 0.169294 0.584014 0.0180904
11 0.497957 0.791104 0.216785 0.414209 0.0179285
11 0.55275 0.817793 0.29551 0.366668 0.0179066
7 0.674632 0.0142918 0.101552 0.0289846 0.0178295
10 0.282822 0.268941 0.0140547 0.0426031 0.0177145
7 0.450757 0.637905 0.0911621 0.0818626 0.0176835
6 0.731518 0.753451 0.04273 0.378953 0.0175056
11 0.234353 0.476523 0.477612 0.961137 0.0174501
6 0.783462 0.960821 0.0862735 0.0785303 0.0173154
7 0.507639 0.0476769 0.561027 0.0972637 0.0173102
11 0.419815 0.0553024 0.803865 0.109731 0.0172429
10 0.250127 0.259171 0.0278704 0.0401306 0.0167735
2 0.157492 0.561113 0.0289385 0.11827 0.0165949
4 0.0569095 0.982549 0.112763 0.0363037 0.0164062
10 0.809448 0.303058 0.327558 0.432735 0.0163473
2 0.621315 0.493127 0.0252945 0.0431557 0.0162629
11 0.495181 0.0986675 0.987091 0.199395 0.0161699
10 0.273836 0.253294 0.000208044 0.000380834 0.0155923
7 0.52246 0.580401 0.0369925 0.0679608 0.0155875
10 0.0415032 0.146629 0.0849452 0.294504 0.0154948
7 0.561418 0.666071 0.063773 0.060783 0.0154852
10 0.264497 0.238515 0.000202179 0.000427818 0.015434
10 0.289317 0.253291 0.000158596 0.000372802 0.0152381
7 0.416791 0.639913 0.0437866 0.0632451 0.0151946
10 0.275342 0.239543 0.000199366 0.00044331 0.0150907
10 0.280214 0.224476 0.000594044 0.000739521 0.0150808
7 0.686848 0.0144511 0.0990589 0.0288128 0.0150029
2 0.855031 0.0176565 0.113472 0.0342854 0.014813
10 0.338107 0.229037 0.000370979 0.000727971 0.0145628
11 0.0819026 0.251764 0.16587 0.507227 0.0145015
10 0.350477 0.230399 0.000436258 0.000891028 0.0144356
10 0.249105 0.457091 0.497888 0.918938 0.0143803
6 0.832267 0.651675 0.098784 0.154212 0.0142734
10 0.404434 0.296897 0.0939996 0.240795 0.0142016
2 0.556645 0.244927 0.027774 0.0758187 0.0141908
7 0.0679881 0.984405 0.102631 0.0322124 0.0141758
10 0.334382 0.24081 0.000200415 0.000534291 0.0140702
11 0.485177 0.264052 0.983414 0.531423 0.0140202
10 0.347014 0.24383 0.000276518 0.000672574 0.0139489
11 0.649832 0.616927 0.116985 0.0358295 0.0139272
11 0.279727 0.258993 0.56403 0.529815 0.0138371
11 0.0901509 0.129171 0.182667 0.267921 0.0136129
2 0.463948 0.535495 0.0437223 0.135274 0.013076
10 0.351232 0.220313 0.000781918 0.00166001 0.0129093
3 0.215741 0.237581 0.000528955 0.00122558 0.0128647
11 0.584506 0.716588 0.207567 0.263603 0.0125602
11 0.440888 0.226859 0.893635 0.462407 0.0121891
3 0.221688 0.225319 0.00145674 0.00137367 0.0120282
10 0.206963 0.263367 0.0690555 0.0674304 0.0120161
4 0.0483122 0.986524 0.108246 0.0297791 0.0119731
10 0.424736 0.29293 0.859676 0.592756 0.0118862
2 0.65572 0.528503 0.0234767 0.0598628 0.0117774
3 0.227011 0.215729 0.00349884 0.00259677 0.011682
11 0.472748 0.301794 0.963344 0.610574 0.0114525
6 0.861947 0.893658 0.0976709 0.216304 0.0114174
3 0.224736 0.211154 0.00465779 0.00424137 0.0111979
10 0.44739 0.354082 0.961275 0.654407 0.0109513
11 0.224993 0.260327 0.469594 0.533618 0.0109258
11 0.227688 0.28946 0.484593 0.568849 0.010602
3 0.224129 0.199065 0.00599656 0.00693143 0.010376
11 0.172549 0.267911 0.353288 0.545649 0.0103022
6 0.339096 0.166677 0.0969904 0.0918358 0.01011
3 0.318722 0.193924 0.06203 0.0626289 0.0100779
11 0.173231 0.376719 0.347982 0.759017 0.00995716
10 0.377361 0.191334 0.083652 0.135966 0.00991616
11 0.0852677 0.516417 0.167509 0.965115 0.00986045
6 0.295565 0.161291 0.113923 0.0746667 0.00983446
6 0.254067 0.156145 0.143771 0.0674307 0.00970165
3 0.274378 0.181536 0.0836729 0.0610453 0.00969223
8 0.101556 0.987255 0.0475927 0.0254192 0.00901863
6 0.276066 0.260184 0.441735 0.512023 0.00877363
6 0.257992 0.30977 0.501141 0.431586 0.00870099
6 0.387539 0.293207 0.207347 0.451171 0.00859101
6 0.231392 0.158464 0.137336 0.0700129 0.0085821
3 0.359676 0.209462 0.0749054 0.0988759 0.00856022
11 0.228758 0.170093 0.105504 0.0765558 0.00825843
10 0.383672 0.258977 0.0981726 0.307424 0.00817751
11 0.193863 0.183249 0.112536 0.0864112 0.00813461
6 0.333196 0.314869 0.382147 0.435296 0.00810751
10 0.339377 0.297432 0.374664 0.395427 0.00801873
10 0.342379 0.228381 0.56189 0.460636 0.00771228
