10 0.215816 0.299899 0.0739542 0.230859 0.703429
11 0.926027 0.597273 0.0739334 0.138622 0.648386
6 0.936242 0.515345 0.117589 0.291072 0.451911
11 0.514276 0.738342 0.461757 0.507415 0.295909
10 0.984576 0.645467 0.0313202 0.413604 0.289822
2 0.921763 0.950562 0.0613527 0.099415 0.286299
6 0.985492 0.550382 0.029797 0.199038 0.266926
5 0.170094 0.46471 0.0441198 0.0866538 0.258802
6 0.269324 0.974529 0.284828 0.0508527 0.224165
5 0.180779 0.44715 0.0775442 0.13311 0.217139
10 0.986107 0.711956 0.0281792 0.279129 0.193435
5 0.165199 0.464828 0.0450517 0.0873209 0.168875
4 0.499362 0.157337 0.0251587 0.0335235 0.153693
6 0.971644 0.557325 0.0571143 0.211964 0.14791
11 0.985067 0.592738 0.0302357 0.114478 0.141593
2 0.92986 0.951894 0.0398824 0.0969046 0.14158
11 0.974958 0.602072 0.0441942 0.09559 0.137886
10 0.983462 0.537621 0.0341604 0.650295 0.135979
6 0.200725 0.97838 0.393497 0.0438894 0.129864
6 0.983517 0.570434 0.0319466 0.181048 0.129403
6 0.303949 0.167425 0.0324293 0.0558222 0.129201
5 0.181395 0.46589 0.0466648 0.0819467 0.128179
10 0.983608 0.739168 0.0334652 0.506356 0.127994
11 0.972243 0.604178 0.0435432 0.0924337 0.125875
6 0.985739 0.729503 0.0289875 0.247821 0.125106
10 0.212612 0.349724 0.0749928 0.334933 0.124701
6 0.229122 0.976626 0.191377 0.0459386 0.124482
6 0.977761 0.579207 0.04303 0.204726 0.120622
2 0.917267 0.954317 0.0437414 0.0927902 0.119967
4 0.502356 0.158132 0.0261881 0.029906 0.114474
11 0.976355 0.599324 0.0442078 0.104349 0.10804
6 0.982822 0.590294 0.0336411 0.160066 0.104615
6 0.618504 0.827717 0.17314 0.217348 0.103446
10 0.98754 0.373106 0.0259951 0.524551 0.101422
6 0.277594 0.967215 0.370483 0.0657781 0.10036
6 0.478566 0.86595 0.164619 0.247796 0.0971792
6 0.617709 0.844498 0.181585 0.25142 0.096891
6 0.362917 0.974895 0.493524 0.050657 0.0964837
10 0.987352 0.462599 0.0265781 0.385429 0.0963793
6 0.93733 0.482845 0.115765 0.20815 0.0960189
10 0.988802 0.334016 0.0235247 0.201254 0.0945784
10 0.990637 0.605686 0.0193586 0.47732 0.0942765
10 0.985715 0.598683 0.0292946 0.449899 0.0935257
6 0.227593 0.96942 0.447753 0.0624353 0.0926261
6 0.170412 0.973393 0.33622 0.052754 0.0923746
10 0.300406 0.167936 0.0350419 0.058804 0.0906648
6 0.979993 0.578705 0.0403339 0.267384 0.0884927
11 0.973391 0.520988 0.0553744 0.134185 0.086701
2 0.0144144 0.946681 0.0295044 0.108587 0.0865356
6 0.555739 0.863805 0.321916 0.269194 0.0859434
6 0.986493 0.600457 0.0281174 0.0918726 0.0848417
10 0.935942 0.675984 0.125167 0.644499 0.0845649
6 0.213481 0.962349 0.420557 0.0757601 0.0844553
10 0.97768 0.795111 0.0449379 0.396633 0.0828691
6 0.992369 0.536869 0.0161648 0.180484 0.0790587
6 0.0141823 0.924158 0.0291507 0.152878 0.0776458
10 0.318545 0.0137307 0.0536287 0.0284484 0.0773851
10 0.300766 0.0506414 0.0224278 0.0453898 0.0739078
6 0.0609412 0.911178 0.123011 0.178643 0.0731369
2 0.0127366 0.981251 0.0251833 0.0381296 0.0716896
6 0.474858 0.850852 0.151885 0.215269 0.0711066
4 0.568902 0.166641 0.0455557 0.0311005 0.0710817
10 0.986503 0.666337 0.0263748 0.39148 0.0706842
7 0.0124927 0.976537 0.0250455 0.0474476 0.0698948
6 0.685486 0.674813 0.124477 0.344309 0.0695703
10 0.0235056 0.594963 0.0471811 0.538265 0.0693289
11 0.933662 0.764326 0.134976 0.474491 0.0690609
10 0.313853 0.0361155 0.0674082 0.0703372 0.0680974
6 0.0324924 0.88612 0.0668163 0.226296 0.0676859
6 0.639525 0.728489 0.204707 0.461457 0.0671476
10 0.981437 0.331418 0.0385061 0.49674 0.0671286
10 0.993145 0.493814 0.0142658 0.282189 0.0670369
11 0.980547 0.508081 0.0400583 0.147385 0.0669689
7 0.0120618 0.956274 0.0230465 0.0914601 0.0669199
4 0.462917 0.16763 0.0326124 0.0263402 0.066831
10 0.991034 0.500885 0.0186874 0.281117 0.066321
6 0.937663 0.886549 0.127197 0.227378 0.0660292
11 0.940172 0.759432 0.120411 0.480995 0.0655118
11 0.0552799 0.880235 0.112179 0.238891 0.0654512
10 0.0205647 0.710319 0.0419963 0.563253 0.0654314
6 0.625225 0.784768 0.174017 0.256448 0.0653996
10 0.986827 0.725306 0.0259775 0.23925 0.0649903
10 0.0200356 0.572782 0.0410135 0.312129 0.0648745
6 0.532193 0.869921 0.278955 0.256887 0.0642548
6 0.206138 0.974941 0.137564 0.0499256 0.0640818
10 0.305324 0.0514955 0.0257119 0.043363 0.0639736
10 0.023199 0.666425 0.0471565 0.557169 0.0635499
10 0.990345 0.500612 0.0204729 0.276149 0.0630493
6 0.982781 0.738153 0.0322681 0.254316 0.062744
6 0.973417 0.949352 0.0525426 0.103805 0.0625717
10 0.298301 0.0121048 0.0317801 0.0258243 0.0625024
10 0.318407 0.0330409 0.0518054 0.067143 0.0618523
6 0.894861 0.945502 0.201859 0.109813 0.0618423
6 0.991051 0.542651 0.0181782 0.194832 0.06125
11 0.981659 0.511215 0.0370374 0.182429 0.0606997
6 0.0619038 0.963096 0.126273 0.0748437 0.0606891
7 0.0117087 0.948686 0.0220703 0.105575 0.0594301
2 0.80933 0.989882 0.0471422 0.019753 0.0589582
11 0.937044 0.643613 0.122569 0.572785 0.0583881
10 0.331904 0.0329293 0.0441636 0.0670812 0.0579502
10 0.282889 0.168876 0.0306751 0.0610429 0.0578128
2 0.937646 0.941409 0.120903 0.119163 0.0573517
6 0.624388 0.82063 0.19096 0.350076 0.0570129
2 0.937303 0.949224 0.0329807 0.10345 0.0567922
10 0.987496 0.376588 0.0251467 0.0695224 0.0566399
2 0.916746 0.987061 0.0521112 0.0257957 0.0566211
10 0.0156386 0.53731 0.0325043 0.320537 0.0562461
4 0.48102 0.165836 0.0247856 0.0242181 0.0559499
10 0.0109823 0.517628 0.0232079 0.573049 0.0558318
6 0.9858 0.618749 0.0294565 0.0856042 0.0554769
6 0.686005 0.646605 0.117377 0.292894 0.0553274
6 0.276572 0.913827 0.27971 0.175289 0.0552238
6 0.0261484 0.862003 0.0540165 0.27603 0.0547432
10 0.982791 0.740859 0.0308735 0.250848 0.0546784
10 0.987836 0.363972 0.0246363 0.0993914 0.0544795
6 0.164779 0.927375 0.327646 0.147406 0.0542632
10 0.039735 0.534662 0.0800825 0.915052 0.0542433
10 0.956101 0.515476 0.0923963 0.783709 0.0541665
6 0.983359 0.91071 0.0326101 0.178963 0.0541433
10 0.318964 0.163903 0.0282188 0.0559737 0.0540331
4 0.642358 0.182827 0.0280523 0.0371437 0.0539326
10 0.284246 0.166257 0.0273239 0.0591213 0.0538172
6 0.940386 0.505904 0.119567 0.305511 0.0536942
10 0.436679 0.169619 0.0276199 0.0295871 0.0530885
4 0.476181 0.163908 0.0220201 0.0278164 0.0525865
6 0.0578963 0.837694 0.117277 0.325197 0.0524732
6 0.56406 0.74209 0.381465 0.51068 0.051692
6 0.564996 0.740137 0.337372 0.505239 0.0515051
10 0.280641 0.049462 0.0218075 0.0504774 0.0513613
10 0.28004 0.0492524 0.0254114 0.0503377 0.0504887
6 0.986278 0.7643 0.0286538 0.177854 0.0503901
10 0.988188 0.717611 0.0234995 0.244028 0.0498841
10 0.341518 0.0867934 0.0227741 0.04539 0.0496114
2 0.924999 0.959777 0.0600391 0.081953 0.0495968
6 0.939916 0.516675 0.118479 0.149918 0.049279
6 0.0585954 0.769279 0.11859 0.458035 0.0487545
6 0.466242 0.975985 0.703646 0.0484671 0.048636
6 0.554771 0.808396 0.327078 0.374857 0.0481837
6 0.215424 0.989308 0.157377 0.0213103 0.0473022
6 0.0272146 0.756922 0.0556302 0.478046 0.0470393
10 0.0499248 0.524953 0.099067 0.944881 0.0467279
6 0.47252 0.820545 0.150055 0.27382 0.0465559
11 0.213053 0.733807 0.424684 0.532228 0.0457821
11 0.187204 0.748824 0.378974 0.499147 0.0449219
10 0.295554 0.0567803 0.0249808 0.0347108 0.0449122
11 0.928647 0.596353 0.0644243 0.130404 0.0448223
4 0.545871 0.166192 0.0238526 0.0271578 0.044746
5 0.668025 0.426234 0.022696 0.042863 0.0440203
10 0.984758 0.951745 0.0307594 0.0991943 0.0436929
10 0.322395 0.048849 0.0242785 0.0452385 0.0435144
10 0.300025 0.0377823 0.0525418 0.0760122 0.0432797
10 0.339027 0.012626 0.0383091 0.0264848 0.0432735
11 0.532079 0.742248 0.865934 0.509794 0.0421468
7 0.00909096 0.945274 0.0169465 0.109774 0.0416901
10 0.0057346 0.209747 0.013765 0.238184 0.0413877
5 0.989229 0.794337 0.0228571 0.103886 0.0413809
10 0.00552837 0.148948 0.0123289 0.126863 0.0411857
6 0.838628 0.986539 0.168671 0.027477 0.041113
11 0.984636 0.473181 0.0326224 0.181487 0.0408141
10 0.0447117 0.198241 0.0174001 0.0455499 0.0403136
6 0.354725 0.675558 0.1365 0.307548 0.0401065
11 0.927952 0.598232 0.118504 0.147865 0.040074
6 0.337601 0.990467 0.240313 0.0196087 0.0399293
4 0.615444 0.175332 0.0267452 0.0286744 0.0398481
5 0.160921 0.439691 0.0534524 0.138059 0.0395486
4 0.45321 0.167781 0.024609 0.0260263 0.0395024
6 0.480352 0.978465 0.824084 0.0426678 0.0387724
6 0.916318 0.524919 0.147135 0.322436 0.0386524
6 0.878463 0.969457 0.237583 0.0624321 0.038365
10 0.992774 0.496179 0.0155253 0.116332 0.0382927
5 0.66097 0.183458 0.0282101 0.0410666 0.0382688
2 0.557494 0.248288 0.0175048 0.0308805 0.0380383
6 0.180754 0.442583 0.0714608 0.127178 0.038038
11 0.221693 0.741853 0.437464 0.512315 0.0379645
6 0.704165 0.627009 0.0910028 0.255151 0.0369279
6 0.912767 0.477244 0.0808923 0.16882 0.0368543
11 0.933581 0.59976 0.0669241 0.127703 0.0367283
4 0.584642 0.163408 0.0466593 0.036923 0.0364143
4 0.510478 0.159211 0.0318869 0.031379 0.036085
10 0.313616 0.211089 0.0259157 0.0452516 0.0360171
6 0.160146 0.987883 0.163672 0.0252638 0.035499
10 0.329023 0.0513475 0.0289543 0.038677 0.035195
6 0.4409 0.968291 0.663548 0.0631231 0.0351112
10 0.988678 0.708292 0.0215998 0.234407 0.0349942
10 0.305317 0.0734078 0.0306355 0.0880315 0.0348227
10 0.452963 0.168732 0.0197169 0.0275101 0.0345457
4 0.51565 0.157809 0.025748 0.0347043 0.0344314
11 0.94227 0.493984 0.120682 0.167015 0.0344051
4 0.473834 0.161605 0.0309202 0.0300037 0.0339449
6 0.182191 0.98998 0.121055 0.0203732 0.0336495
10 0.00672123 0.48601 0.0135819 0.256783 0.033423
7 0.733228 0.986733 0.0589316 0.0265799 0.0331424
6 0.104797 0.774139 0.208603 0.454511 0.0325084
4 0.592208 0.163827 0.0586829 0.0446974 0.0323597
11 0.948252 0.676932 0.162506 0.323432 0.0322681
4 0.635688 0.181205 0.0271831 0.0391434 0.0319809
6 0.573673 0.711622 0.0629028 0.070554 0.0318765
6 0.400181 0.167329 0.038979 0.0409395 0.0317517
11 0.465121 0.75159 0.919394 0.484241 0.0315797
4 0.0116325 0.133647 0.0233868 0.0885193 0.0314041
11 0.442115 0.608895 0.855939 0.787445 0.0312603
2 0.898606 0.958937 0.066858 0.0830002 0.031111
10 0.256541 0.0464071 0.02063 0.0478036 0.0310828
10 0.346035 0.147366 0.0202174 0.0556238 0.0309761
10 0.33401 0.0453156 0.032243 0.048107 0.0309337
2 0.825874 0.989328 0.0702706 0.0212488 0.0307847
2 0.477361 0.284665 0.0289791 0.0979087 0.0306552
10 0.0065448 0.41473 0.0132206 0.158877 0.0306349
10 0.988012 0.703045 0.0220339 0.227086 0.0303174
10 0.00579986 0.26676 0.0123056 0.144333 0.0301443
11 0.915736 0.598174 0.0600367 0.130587 0.02994
10 0.326353 0.143551 0.0252392 0.0612916 0.0299202
11 0.463939 0.744001 0.909149 0.503297 0.0299197
2 0.894254 0.990952 0.0944195 0.0189328 0.0296916
10 0.338494 0.142591 0.0325799 0.0546919 0.0296199
6 0.0914217 0.871485 0.182662 0.258845 0.029572
10 0.297671 0.0793121 0.0331637 0.0973669 0.0294561
11 0.938982 0.596303 0.0652435 0.120547 0.0291966
10 0.250483 0.0106673 0.0579813 0.0217577 0.0290374
11 0.0522618 0.9843 0.109477 0.0326777 0.0289659
10 0.309008 0.788072 0.240256 0.427437 0.0289615
6 0.584296 0.708647 0.0730146 0.0818443 0.0288955
10 0.61072 0.0491537 0.025051 0.0603664 0.0287199
6 0.921616 0.514457 0.10702 0.303029 0.0285088
6 0.140233 0.989335 0.169614 0.0219252 0.0281651
6 0.893999 0.788703 0.223847 0.430886 0.0279962
10 0.269 0.825375 0.285481 0.352735 0.027764
11 0.911657 0.600016 0.0614079 0.135109 0.0277223
11 0.883124 0.683677 0.237051 0.630152 0.0276262
6 0.501341 0.983236 0.630376 0.0321871 0.02743
6 0.134406 0.990356 0.266513 0.0204316 0.0273674
6 0.650828 0.714915 0.193286 0.449787 0.0272392
4 0.540593 0.156429 0.0530476 0.0419232 0.0269214
4 0.594709 0.165959 0.0259371 0.0320138 0.026883
11 0.639639 0.745159 0.646553 0.503528 0.0264098
2 0.56501 0.248066 0.0171564 0.0291528 0.0261341
5 0.158962 0.437299 0.0517362 0.143446 0.0261032
10 0.355196 0.0124594 0.0289008 0.0250191 0.0258636
4 0.0789144 0.18609 0.0712577 0.0634114 0.0258473
11 0.104189 0.676735 0.206749 0.297633 0.0254113
10 0.3391 0.898872 0.162768 0.205285 0.0253442
6 0.199242 0.45457 0.0902265 0.145373 0.0251148
10 0.609423 0.708882 0.0792193 0.0894136 0.0251133
10 0.353524 0.141047 0.024895 0.0537478 0.0243785
10 0.190067 0.3651 0.115451 0.361142 0.0242913
11 0.558764 0.746874 0.797206 0.506539 0.0242192
11 0.757273 0.745317 0.366833 0.503695 0.0241698
4 0.0106624 0.156921 0.0221956 0.123506 0.0240188
6 0.591985 0.705027 0.0611143 0.0865727 0.024002
5 0.199297 0.467362 0.0466221 0.0782323 0.0235049
10 0.190256 0.314119 0.0572378 0.253919 0.0231886
10 0.983728 0.706233 0.106578 0.298236 0.022838
10 0.296511 0.767762 0.29724 0.466485 0.0227033
11 0.456054 0.590489 0.884934 0.824335 0.0226976
6 0.655781 0.739077 0.279882 0.489814 0.0225725
10 0.359849 0.0834076 0.0206865 0.0455687 0.0223427
5 0.328282 0.205591 0.0243442 0.0461616 0.0221963
10 0.342447 0.162216 0.0202254 0.055377 0.0221737
11 0.923963 0.634029 0.116503 0.56093 0.0221496
6 0.209067 0.436761 0.0677842 0.10239 0.0219892
11 0.530067 0.614909 0.407206 0.3526 0.0210264
6 0.61127 0.924896 0.167364 0.152983 0.0208872
10 0.244262 0.0510329 0.0212338 0.0598624 0.0208399
10 0.196153 0.582989 0.396177 0.832079 0.0207198
10 0.197419 0.250995 0.0362319 0.115491 0.020685
10 0.186654 0.318505 0.0597953 0.263378 0.0203209
6 0.574778 0.746217 0.315021 0.492337 0.0202886
6 0.459827 0.923426 0.857763 0.158709 0.0202661
10 0.414879 0.170481 0.0233753 0.0288416 0.0201354
11 0.513184 0.747642 0.39367 0.483294 0.0199441
5 0.70584 0.194985 0.0273654 0.0388342 0.0198931
10 0.342556 0.045084 0.0330293 0.0470275 0.0197591
10 0.98359 0.650582 0.150385 0.377565 0.0196936
11 0.120639 0.645133 0.230781 0.268948 0.0196234
10 0.261603 0.173929 0.0269119 0.0636287 0.0193819
6 0.664134 0.635492 0.178736 0.485216 0.0191308
6 0.55217 0.948331 0.324561 0.105163 0.0186423
11 0.509929 0.572371 0.491431 0.84353 0.0186189
10 0.207672 0.55431 0.411612 0.886254 0.0184194
6 0.465221 0.778797 0.482723 0.439229 0.0182564
6 0.147858 0.443045 0.0832402 0.164169 0.0180367
11 0.176138 0.685535 0.360441 0.623787 0.0179993
6 0.154228 0.431549 0.0414943 0.12554 0.0175697
2 0.472607 0.431766 0.0273509 0.0273802 0.017505
6 0.483779 0.753087 0.516234 0.497528 0.0167655
10 0.362837 0.0307696 0.032083 0.0617738 0.0166232
10 0.982733 0.72742 0.126368 0.286971 0.0159296
6 0.835144 0.794203 0.222514 0.413007 0.0158902
5 0.434617 0.431901 0.0174479 0.0277471 0.0156212
11 0.536935 0.653239 0.506612 0.681177 0.0155519
5 0.141509 0.463453 0.0287926 0.0944786 0.015476
11 0.444064 0.725548 0.345496 0.398025 0.0154073
10 0.18316 0.253843 0.0351249 0.129995 0.0153538
10 0.321451 0.0854965 0.0198936 0.045772 0.0152103
10 0.648288 0.93399 0.0342094 0.0660444 0.0148769
11 0.523146 0.567992 0.477113 0.846111 0.0144244
10 0.179327 0.286626 0.0320656 0.140208 0.0141652
10 0.189247 0.276072 0.0353354 0.104155 0.0140985
11 0.539226 0.592149 0.424873 0.753902 0.013265
10 0.184366 0.263744 0.0272309 0.0917457 0.01211
