1 0.204665 0.187229 0.409638 0.37557 0.869141
1 0.237518 0.60899 0.372099 0.504884 0.525324
1 0.0875192 0.585008 0.174714 0.818584 0.427368
1 0.63482 0.225201 0.728509 0.46087 0.270696
1 0.243171 0.642089 0.479673 0.711487 0.210113
1 0.0934664 0.510505 0.183753 0.967755 0.184168
1 0.0828467 0.50741 0.166163 0.977935 0.17223
1 0.248098 0.660064 0.486193 0.67694 0.166102
1 0.0760401 0.505598 0.155196 0.978078 0.161652
1 0.275983 0.185541 0.270136 0.37041 0.126732
1 0.922198 0.245838 0.157508 0.493635 0.123562
1 0.879941 0.242463 0.247698 0.491217 0.10427
1 0.563142 0.227603 0.871834 0.467995 0.100567
9 0.0877938 0.726363 0.173454 0.544936 0.0975141
1 0.077922 0.501468 0.158111 0.96766 0.0942945
1 0.230207 0.671842 0.452496 0.653745 0.0915855
1 0.944882 0.231697 0.119215 0.467505 0.0905106
1 0.530789 0.23308 0.92334 0.47801 0.0894717
1 0.278466 0.185436 0.279455 0.369048 0.0890432
1 0.25121 0.672038 0.498414 0.653801 0.0889038
1 0.353006 0.0892351 0.190464 0.182636 0.0881229
1 0.914606 0.288655 0.172378 0.577058 0.0880279
1 0.972983 0.251064 0.0577692 0.488655 0.0867562
1 0.151587 0.60235 0.300382 0.795055 0.0848957
1 0.108293 0.520998 0.213125 0.945896 0.0837658
1 0.312761 0.0894574 0.247944 0.182122 0.083258
1 0.609644 0.201829 0.709264 0.417479 0.0825296
1 0.205002 0.582372 0.410288 0.831782 0.0820082
1 0.218409 0.683966 0.437419 0.630798 0.0803406
9 0.111695 0.682789 0.218137 0.633823 0.0802675
1 0.670344 0.235861 0.664096 0.477345 0.0796214
1 0.0861315 0.792014 0.172073 0.415407 0.0791199
1 0.058405 0.52659 0.117459 0.630686 0.0766469
1 0.964175 0.266557 0.0752432 0.448045 0.0753848
1 0.401064 0.106364 0.451992 0.217891 0.0753564
10 0.542741 0.0152071 0.0804415 0.0310956 0.07071
1 0.90685 0.221849 0.196183 0.454887 0.0691372
1 0.446768 0.0899698 0.3532 0.186258 0.0683885
1 0.0562319 0.503296 0.112113 0.645596 0.0679768
1 0.0259171 0.343049 0.0514659 0.669674 0.0670441
1 0.115713 0.610513 0.231995 0.77788 0.0669331
10 0.207319 0.0240704 0.0712362 0.0481091 0.0663492
1 0.823008 0.235455 0.362469 0.474356 0.0651709
1 0.0864232 0.854298 0.172937 0.293423 0.0648288
1 0.0781258 0.623588 0.158065 0.749503 0.0641291
1 0.0169457 0.392109 0.0337063 0.415336 0.0638395
1 0.0386256 0.577303 0.077183 0.818574 0.0637606
1 0.0229363 0.377514 0.0458685 0.689363 0.0631011
1 0.279462 0.0887291 0.200803 0.181399 0.0626919
1 0.08491 0.63396 0.171668 0.732187 0.0626778
1 0.201411 0.680083 0.402165 0.63322 0.0622194
9 0.106477 0.764036 0.209842 0.469724 0.0615272
1 0.025452 0.217713 0.0517316 0.421605 0.0610592
1 0.825999 0.287053 0.342277 0.574818 0.0604156
1 0.254907 0.832967 0.51058 0.332295 0.0587416
1 0.486341 0.106251 0.469794 0.220168 0.0581539
10 0.535103 0.0206171 0.117468 0.0423284 0.0573607
1 0.342443 0.668323 0.665178 0.66372 0.0571655
1 0.248979 0.524889 0.360105 0.682061 0.0568159
1 0.118046 0.0245692 0.185759 0.0496163 0.0564828
1 0.0251789 0.541818 0.0505039 0.875083 0.0562977
1 0.490742 0.106709 0.369328 0.218107 0.0561117
1 0.154804 0.026002 0.217449 0.052153 0.0554396
1 0.247686 0.826517 0.493391 0.346494 0.0542565
1 0.253974 0.88654 0.50746 0.22448 0.0538825
1 0.583086 0.184436 0.681094 0.382076 0.0537043
1 0.234419 0.574376 0.465857 0.852349 0.0536228
1 0.105072 0.850489 0.205302 0.302185 0.0534621
1 0.200383 0.59712 0.399985 0.803607 0.0532279
1 0.0156261 0.389859 0.0309569 0.330221 0.0524259
1 0.0138002 0.358168 0.0273521 0.168704 0.0517322
1 0.0118775 0.364483 0.0237888 0.221406 0.0516006
1 0.247216 0.887608 0.496814 0.223004 0.0515658
1 0.505665 0.224337 0.963721 0.452055 0.0505451
1 0.033636 0.568761 0.0686094 0.840652 0.0505329
1 0.576346 0.022958 0.20377 0.0468958 0.0504456
1 0.775638 0.0335118 0.174288 0.0680099 0.0501491
1 0.210122 0.0951844 0.405275 0.190137 0.0494945
1 0.766143 0.368216 0.0621801 0.0676961 0.0494701
1 0.522651 0.112124 0.374877 0.225316 0.0493142
1 0.579804 0.335611 0.823545 0.669728 0.049263
10 0.561735 0.0156125 0.0778636 0.0317339 0.0485717
1 0.563563 0.35732 0.864252 0.714849 0.0482142
1 0.0179326 0.485678 0.0364945 0.640434 0.0480193
1 0.768945 0.367733 0.0543029 0.0648299 0.0480146
1 0.589407 0.187519 0.521065 0.38236 0.0478127
1 0.503097 0.676753 0.987349 0.648018 0.047668
1 0.0117833 0.366978 0.0237673 0.207319 0.047582
10 0.591413 0.0213504 0.0682672 0.0427599 0.0473642
10 0.496667 0.0151111 0.13365 0.0305753 0.0469058
1 0.986565 0.226901 0.0278873 0.409603 0.0468133
1 0.0777825 0.366228 0.155744 0.717655 0.0467809
1 0.949424 0.318951 0.104887 0.339151 0.0466473
1 0.221505 0.492929 0.429738 0.973777 0.0462657
10 0.487282 0.0146873 0.0928411 0.0299332 0.0461546
1 0.474886 0.0632278 0.211236 0.129891 0.0459756
1 0.538353 0.0592638 0.362303 0.121822 0.0454843
1 0.438654 0.667615 0.860292 0.664366 0.045118
1 0.381015 0.676095 0.74882 0.64789 0.0446526
1 0.0736062 0.586599 0.152436 0.819565 0.0446352
10 0.589403 0.016276 0.115641 0.0330416 0.044322
1 0.657865 0.496358 0.686121 0.988813 0.0442245
1 0.786752 0.218319 0.389819 0.435047 0.0441853
1 0.57364 0.280384 0.834915 0.557724 0.0440384
1 0.440824 0.0230526 0.400236 0.0473267 0.0439874
10 0.481485 0.0147906 0.0829891 0.030227 0.0437334
1 0.973218 0.330427 0.0554737 0.268134 0.0433376
1 0.735868 0.251556 0.532894 0.504347 0.0431544
1 0.0117277 0.342582 0.0230497 0.267885 0.0431396
1 0.48673 0.670408 0.941964 0.65908 0.0431191
1 0.831938 0.240899 0.248454 0.427268 0.0427482
1 0.612817 0.417875 0.768634 0.837444 0.0425355
1 0.125661 0.0358208 0.249666 0.0726231 0.0424135
1 0.0703731 0.584456 0.141715 0.77958 0.0419741
1 0.224516 0.0247072 0.320194 0.0503154 0.0419628
1 0.595583 0.391963 0.793258 0.777317 0.0415292
1 0.117264 0.0506721 0.229082 0.101859 0.0414602
1 0.285957 0.652143 0.446861 0.597138 0.0410924
1 0.208438 0.489142 0.414839 0.95742 0.040976
1 0.506791 0.241435 0.950938 0.481555 0.0401568
1 0.480425 0.0237803 0.207888 0.0480762 0.0399866
1 0.639037 0.342447 0.720577 0.686024 0.0395069
10 0.371976 0.0172509 0.0820908 0.0344239 0.0394707
1 0.0220677 0.115967 0.0456313 0.230384 0.0393903
1 0.0656177 0.017437 0.128934 0.0360588 0.0393527
1 0.624888 0.0227973 0.200951 0.0465879 0.0391954
10 0.469714 0.0205815 0.0917729 0.0417552 0.0391663
10 0.479182 0.0154532 0.119771 0.0317449 0.0391388
1 0.0645846 0.164316 0.131475 0.329651 0.0391012
1 0.309226 0.120338 0.300992 0.23993 0.0388739
1 0.939175 0.499559 0.125997 0.986517 0.0387918
1 0.0825391 0.0154526 0.164115 0.0324471 0.03861
1 0.0703791 0.0141626 0.123173 0.028584 0.0381484
1 0.282536 0.263555 0.255686 0.216807 0.038098
10 0.190952 0.0179086 0.11249 0.0360759 0.0380488
10 0.307564 0.014345 0.105598 0.0284123 0.037865
1 0.373833 0.0248457 0.217079 0.0503532 0.0375061
1 0.288901 0.87138 0.566122 0.256925 0.0374617
1 0.903879 0.150934 0.198882 0.310575 0.037447
1 0.232148 0.681427 0.382339 0.626452 0.0372114
1 0.0614419 0.0131438 0.122213 0.027624 0.0371507
1 0.423761 0.658185 0.828627 0.677315 0.0364653
10 0.13292 0.017924 0.104342 0.0357064 0.0361361
10 0.483238 0.0183098 0.144005 0.0371163 0.0358855
1 0.876168 0.196669 0.257523 0.407734 0.0356208
10 0.452904 0.0186572 0.10959 0.0381969 0.0356073
1 0.275667 0.678008 0.442043 0.6428 0.0351142
1 0.660733 0.493798 0.680009 0.981634 0.0350126
1 0.560374 0.125358 0.403715 0.252288 0.0347556
1 0.947796 0.181123 0.112871 0.374571 0.0345703
1 0.181276 0.0627361 0.351504 0.127986 0.0343002
1 0.960069 0.360588 0.0823841 0.445447 0.0342
10 0.280187 0.0133918 0.11025 0.0265983 0.0341868
10 0.281162 0.0287304 0.282971 0.0585574 0.0340913
10 0.22856 0.0190563 0.0735878 0.0380326 0.0339941
1 0.681438 0.490372 0.642558 0.977923 0.0339368
10 0.262763 0.0152473 0.155494 0.0307215 0.0338357
1 0.979917 0.491041 0.0419571 0.941308 0.0338214
1 0.111716 0.893619 0.217784 0.216083 0.0338006
1 0.162755 0.859063 0.322118 0.282784 0.0336128
1 0.503043 0.837466 0.991692 0.323361 0.0335411
1 0.269982 0.129801 0.224677 0.261851 0.0335311
1 0.986265 0.521912 0.0291937 0.108676 0.0334888
10 0.192056 0.029918 0.117855 0.0605242 0.0331002
1 0.961055 0.499792 0.0833927 0.962291 0.0328708
1 0.914126 0.0758216 0.174413 0.1529 0.03286
1 0.97915 0.45054 0.0439621 0.869967 0.0327383
10 0.143416 0.0164675 0.0995094 0.0327978 0.032429
10 0.631818 0.0181763 0.108761 0.0370809 0.0323468
10 0.243643 0.0181179 0.134512 0.0362923 0.0321454
10 0.321744 0.0131309 0.132191 0.0262241 0.0321309
1 0.985462 0.397601 0.0293018 0.379038 0.0321077
1 0.624302 0.0171076 0.151562 0.0343491 0.0320575
10 0.160751 0.027457 0.146808 0.0553977 0.0320178
1 0.512622 0.679118 0.967669 0.632059 0.0319002
10 0.244579 0.0282784 0.134579 0.0568785 0.0318187
1 0.0833925 0.898665 0.167241 0.209121 0.0317864
10 0.247759 0.0287624 0.149812 0.0577971 0.0316211
1 0.499859 0.790987 0.965084 0.418985 0.0316151
1 0.205012 0.751864 0.40431 0.496539 0.0315421
1 0.615008 0.345077 0.765176 0.684937 0.0314527
10 0.10614 0.016448 0.0634748 0.0321275 0.0313409
1 0.982899 0.555896 0.0355537 0.168998 0.0313143
10 0.2678 0.0129459 0.110712 0.0260546 0.0310698
1 0.825615 0.220482 0.160865 0.360078 0.0310048
10 0.180555 0.0179082 0.10172 0.0361356 0.0310018
10 0.3327 0.0274357 0.202923 0.0555756 0.0309843
1 0.835025 0.0363814 0.30672 0.0735068 0.030854
1 0.0267935 0.644208 0.0540682 0.700095 0.0308442
1 0.0125173 0.301088 0.025667 0.324712 0.030836
1 0.309303 0.186301 0.23822 0.367719 0.0307438
1 0.754489 0.808959 0.493021 0.379418 0.0304357
1 0.478589 0.740045 0.923562 0.521855 0.030268
1 0.436752 0.17891 0.644534 0.360432 0.0301881
1 0.404891 0.873309 0.800945 0.250951 0.0300214
10 0.429034 0.0165864 0.0902973 0.033694 0.0299173
10 0.221843 0.0299047 0.147611 0.0605116 0.029635
1 0.94802 0.706093 0.109791 0.580005 0.0295905
1 0.134204 0.547441 0.270074 0.894291 0.0295443
10 0.328939 0.0132403 0.122591 0.0263989 0.0294864
1 0.173737 0.901001 0.344606 0.200149 0.0294563
1 0.424329 0.13595 0.428988 0.276179 0.0294139
1 0.0553701 0.0635461 0.111721 0.128976 0.0294051
1 0.581371 0.0597117 0.623114 0.121055 0.0292966
10 0.260997 0.0142802 0.161114 0.0288415 0.0292563
1 0.0765689 0.508344 0.15568 0.964043 0.0292111
10 0.780776 0.2649 0.0251213 0.0582967 0.0290797
1 0.705436 0.339118 0.600949 0.682304 0.0290375
1 0.0885942 0.112764 0.177803 0.225192 0.0288964
1 0.241644 0.639303 0.365665 0.534957 0.028804
10 0.638577 0.018711 0.0687338 0.0380812 0.0286977
10 0.160975 0.0177869 0.0674246 0.0352826 0.0283502
1 0.933815 0.871355 0.135327 0.257273 0.0283499
10 0.785606 0.264977 0.0249511 0.05768 0.0282132
1 0.269975 0.188534 0.272803 0.37414 0.0281505
10 0.43397 0.016553 0.0978701 0.0342421 0.0281362
10 0.0319178 0.747665 0.063439 0.493234 0.0281194
1 0.0488666 0.122621 0.102413 0.243088 0.0281079
10 0.258205 0.0128375 0.136882 0.0262103 0.0279997
1 0.210479 0.3161 0.419399 0.628371 0.027835
1 0.73606 0.15736 0.332019 0.318385 0.0276544
10 0.408558 0.014092 0.141529 0.0292071 0.0275628
1 0.98194 0.609499 0.0370588 0.269825 0.0274258
1 0.955549 0.505904 0.0927963 0.957515 0.0273816
1 0.0162415 0.0822935 0.0334684 0.163862 0.0273763
10 0.615641 0.0170568 0.0752151 0.0346791 0.0273688
1 0.193687 0.702711 0.371669 0.591438 0.0268969
1 0.740744 0.736758 0.520292 0.524369 0.0268291
1 0.861902 0.964182 0.275104 0.073224 0.0265064
10 0.733864 0.018453 0.109874 0.0380016 0.026408
1 0.310197 0.492615 0.613505 0.963552 0.0263965
1 0.632488 0.230243 0.71137 0.471369 0.0263232
1 0.621301 0.0760169 0.699784 0.154665 0.0262175
1 0.784991 0.27279 0.440968 0.542382 0.0261322
1 0.882685 0.302669 0.234094 0.466693 0.0260683
10 0.0301252 0.798282 0.0603087 0.400503 0.0259742
1 0.228015 0.476784 0.330535 0.201904 0.0259219
1 0.955356 0.775663 0.0929703 0.441982 0.0259173
1 0.501782 0.875244 0.986128 0.249174 0.0258879
1 0.477743 0.882529 0.918109 0.234014 0.0257134
1 0.989073 0.503603 0.0220242 0.274501 0.0255415
1 0.837519 0.459603 0.335396 0.917559 0.0254873
1 0.986332 0.553271 0.0270742 0.394845 0.0254028
1 0.412723 0.177202 0.546588 0.358419 0.02505
1 0.655547 0.498142 0.68178 0.985289 0.0249316
10 0.25737 0.129442 0.246524 0.262954 0.0247632
1 0.814789 0.167879 0.26187 0.339951 0.0243053
1 0.560288 0.248691 0.847994 0.505821 0.0242715
1 0.436157 0.165547 0.109277 0.103883 0.0242636
1 0.989638 0.153618 0.0203716 0.232945 0.0240307
1 0.804689 0.97011 0.384755 0.0613069 0.0239772
1 0.0111723 0.284639 0.0229833 0.271746 0.0235383
1 0.11392 0.960439 0.223853 0.0807596 0.0235168
1 0.924599 0.957715 0.152375 0.0866274 0.0234507
1 0.395162 0.189358 0.109688 0.0991059 0.0234367
4 0.982699 0.125843 0.0373018 0.152659 0.0233614
1 0.771458 0.501537 0.470817 0.982465 0.0233232
1 0.259916 0.479545 0.390803 0.94735 0.0232987
1 0.983978 0.597538 0.0329252 0.228155 0.0232505
1 0.264283 0.556242 0.31912 0.37293 0.023133
1 0.382986 0.663209 0.673407 0.611717 0.0230354
1 0.106363 0.450418 0.212729 0.602568 0.0229973
10 0.654359 0.0185404 0.0828219 0.0375872 0.0227046
1 0.847042 0.335429 0.313578 0.555205 0.022321
1 0.776192 0.292838 0.0369833 0.135191 0.0220584
1 0.331 0.266551 0.178124 0.211851 0.0217567
1 0.403047 0.700413 0.735664 0.58654 0.0217497
1 0.921357 0.368466 0.161808 0.3864 0.0216179
1 0.206522 0.179545 0.382946 0.364834 0.0215691
1 0.62182 0.216952 0.71133 0.438503 0.0215499
1 0.203137 0.966517 0.395369 0.0680237 0.0214381
1 0.570279 0.205881 0.784741 0.410631 0.021353
1 0.201708 0.202287 0.415769 0.398273 0.0207448
10 0.663699 0.0163847 0.112973 0.0333469 0.0207098
1 0.123603 0.176282 0.249304 0.349934 0.0199949
10 0.821798 0.280937 0.0233358 0.0452024 0.0197846
1 0.694666 0.408579 0.127872 0.164196 0.0197122
10 0.74568 0.0177267 0.0801465 0.0361769 0.0196499
4 0.78648 0.0194493 0.102818 0.0400512 0.0196414
1 0.17344 0.545748 0.226236 0.33516 0.0190707
1 0.0315092 0.31161 0.0639143 0.34443 0.0187038
1 0.188352 0.222226 0.386945 0.331982 0.0185816
1 0.0400405 0.334537 0.0809772 0.29427 0.018268
1 0.46826 0.964103 0.9045 0.0742176 0.018222
1 0.0380924 0.324127 0.076207 0.290606 0.0177648
10 0.0283291 0.855144 0.0563821 0.294164 0.0176584
1 0.112578 0.462754 0.219649 0.41726 0.0174228
1 0.370649 0.232606 0.0781838 0.166371 0.0166697
1 0.362917 0.249082 0.0866884 0.188537 0.0163141
1 0.164534 0.628856 0.280701 0.41473 0.0162685
1 0.0297994 0.24176 0.0611102 0.405595 0.0162132
1 0.763712 0.397056 0.202037 0.219796 0.0156772
1 0.501003 0.961139 0.951285 0.0790344 0.0152554
1 0.166955 0.598738 0.21577 0.41288 0.0148785
1 0.153391 0.281371 0.312765 0.200799 0.0135182
1 0.946586 0.975263 0.112082 0.0520441 0.0132997
1 0.0447956 0.21312 0.0908111 0.284631 0.0115087
1 0.101728 0.54909 0.131457 0.515361 0.0103893
1 0.109274 0.583266 0.101807 0.420206 0.00937646
1 0.104961 0.568147 0.127274 0.48558 0.00930702
