10 0.972966 0.908303 0.0561366 0.180131 0.320453
10 0.596613 0.367275 0.0550154 0.158813 0.196061
10 0.984293 0.913582 0.0319517 0.169081 0.185227
10 0.98551 0.904347 0.0294902 0.187001 0.184225
10 0.984517 0.907792 0.031637 0.180578 0.182668
4 0.716706 0.393586 0.100141 0.118769 0.17772
9 0.961204 0.836319 0.0794417 0.324886 0.159158
1 0.93816 0.82963 0.128939 0.340394 0.155527
10 0.589513 0.369255 0.067605 0.170567 0.141455
10 0.970373 0.866944 0.0606176 0.266501 0.135017
10 0.952474 0.905384 0.0974335 0.1892 0.133502
1 0.962644 0.795695 0.0772876 0.407637 0.129894
1 0.936428 0.793948 0.130395 0.408268 0.129845
1 0.932423 0.845896 0.138272 0.307488 0.124265
10 0.955464 0.912429 0.0651934 0.17137 0.121061
1 0.862023 0.820179 0.287636 0.360437 0.109326
1 0.279942 0.880999 0.553515 0.239168 0.108856
4 0.479571 0.389768 0.18896 0.161178 0.107685
1 0.513765 0.879996 0.988039 0.240352 0.104644
1 0.83617 0.846308 0.340395 0.307016 0.101487
1 0.511458 0.850618 0.986304 0.299818 0.0974391
1 0.872615 0.788156 0.265766 0.422218 0.0971665
1 0.784754 0.806703 0.443678 0.386549 0.0950065
1 0.50844 0.843249 0.993596 0.317154 0.0933186
1 0.33145 0.881671 0.65451 0.239183 0.092918
4 0.708713 0.0372205 0.581153 0.0741464 0.0918878
1 0.268224 0.91509 0.530122 0.171954 0.0918109
1 0.315334 0.914168 0.619437 0.173966 0.0915305
1 0.757405 0.831337 0.502812 0.33971 0.0897104
4 0.766239 0.464102 0.0750187 0.140513 0.0896788
1 0.35397 0.883558 0.695511 0.234309 0.0896206
1 0.50969 0.874041 0.974706 0.251922 0.0887999
10 0.881725 0.482616 0.0409368 0.104493 0.0880989
1 0.277668 0.846028 0.551776 0.310421 0.0873039
4 0.277944 0.45402 0.170244 0.22515 0.0845068
10 0.895246 0.480791 0.0366284 0.108412 0.0834558
1 0.759489 0.81269 0.503999 0.375089 0.082193
4 0.335941 0.315206 0.0622883 0.0845753 0.0816402
4 0.767979 0.480539 0.0544189 0.095741 0.0815456
1 0.319064 0.937856 0.519928 0.124526 0.0799749
1 0.738046 0.847219 0.545887 0.303119 0.0797599
10 0.767158 0.300245 0.0836829 0.20309 0.0794928
4 0.719661 0.407879 0.0807583 0.0819056 0.0793958
1 0.974557 0.773072 0.0535867 0.449829 0.0774273
1 0.925136 0.720883 0.152433 0.551591 0.0772307
4 0.338614 0.318375 0.0638941 0.0885549 0.0771825
1 0.379692 0.887122 0.745113 0.226923 0.0771247
1 0.504854 0.898066 0.986806 0.205698 0.0742914
1 0.505498 0.878809 0.967534 0.243629 0.0742809
1 0.360293 0.845513 0.714366 0.310969 0.0742706
10 0.892058 0.480497 0.0611997 0.111238 0.0740436
1 0.790618 0.91868 0.426378 0.162289 0.0733075
10 0.89668 0.481169 0.0654786 0.116406 0.073296
4 0.762516 0.448181 0.0877176 0.181014 0.0731878
10 0.785084 0.309237 0.0508049 0.172059 0.0715218
10 0.762874 0.312314 0.0851332 0.188051 0.0708614
4 0.511327 0.372366 0.255815 0.202251 0.0706336
10 0.952366 0.908696 0.0560836 0.182302 0.070615
1 0.633109 0.916818 0.742005 0.164698 0.0703039
1 0.171202 0.891651 0.343208 0.219327 0.0700014
1 0.12693 0.889041 0.253009 0.223488 0.0699165
10 0.873245 0.482771 0.0371958 0.0969193 0.0693632
1 0.529041 0.878828 0.93508 0.24268 0.0687889
1 0.765126 0.920608 0.480595 0.15846 0.0686875
4 0.488643 0.387667 0.282988 0.181701 0.0685102
10 0.943149 0.909037 0.0635332 0.18053 0.0679495
1 0.411526 0.945563 0.503998 0.108049 0.0676987
1 0.113713 0.32515 0.224221 0.227383 0.0668186
1 0.921274 0.608088 0.158708 0.775773 0.0667606
1 0.115435 0.931487 0.230177 0.138033 0.0665371
6 0.0208082 0.307032 0.0419946 0.210305 0.0663983
1 0.26741 0.961471 0.519021 0.0785159 0.0663396
1 0.753268 0.962327 0.501149 0.0762949 0.0661538
1 0.798795 0.75732 0.412735 0.485071 0.0656454
1 0.158017 0.933432 0.315507 0.135083 0.0656232
1 0.801883 0.960288 0.399131 0.0797131 0.0655924
1 0.175178 0.854313 0.352642 0.291404 0.0654479
1 0.961012 0.677622 0.0816017 0.644172 0.0654375
4 0.392787 0.425661 0.135903 0.217223 0.0653843
10 0.891256 0.483131 0.0408266 0.105573 0.0649288
1 0.0693315 0.92523 0.1388 0.151485 0.0646856
1 0.438974 0.885498 0.857104 0.229446 0.064469
4 0.33257 0.320759 0.0826922 0.0995606 0.0644103
10 0.769627 0.352517 0.0426 0.0993286 0.0640801
1 0.926206 0.648561 0.147701 0.696911 0.0639442
4 0.629286 0.345499 0.110174 0.158227 0.0639332
1 0.498337 0.847396 0.966324 0.308506 0.0634802
1 0.50874 0.947887 0.976173 0.104342 0.0632867
1 0.0785807 0.868926 0.157789 0.263728 0.063052
1 0.120376 0.849512 0.242426 0.300785 0.0628057
10 0.640954 0.349064 0.0498691 0.142431 0.0627143
4 0.720344 0.397737 0.131341 0.127232 0.0626388
1 0.64025 0.953365 0.726199 0.0945087 0.0624114
1 0.406586 0.847735 0.809856 0.305907 0.0622787
4 0.283038 0.451083 0.151492 0.203771 0.0622178
1 0.843264 0.927734 0.319048 0.144251 0.0621073
10 0.968751 0.918179 0.05108 0.158905 0.0613951
10 0.787168 0.310394 0.047571 0.161693 0.0611451
1 0.5831 0.925633 0.843748 0.148216 0.0608872
1 0.384055 0.941045 0.247328 0.118753 0.0605742
1 0.296822 0.966087 0.566566 0.0692634 0.0603713
1 0.957754 0.623083 0.0885183 0.747565 0.0602749
10 0.786037 0.319329 0.0461876 0.147353 0.060063
10 0.539635 0.378877 0.0517501 0.176917 0.0594853
10 0.971579 0.892132 0.0576892 0.219663 0.0592907
10 0.520545 0.345426 0.0479266 0.0839015 0.0584201
10 0.62619 0.354197 0.0497153 0.144362 0.0583764
10 0.530107 0.345398 0.0483155 0.0802346 0.0581717
1 0.251049 0.78698 0.503438 0.431233 0.0578981
1 0.233356 0.364604 0.463698 0.53532 0.0577734
4 0.849303 0.968917 0.304971 0.0626834 0.0565034
10 0.867352 0.479507 0.0337173 0.0990771 0.0564185
1 0.452387 0.85781 0.901153 0.285401 0.0553271
10 0.777999 0.343446 0.0496388 0.109995 0.0552745
1 0.508889 0.949482 0.981364 0.101485 0.055227
10 0.954476 0.939843 0.0914437 0.12028 0.0543502
10 0.611799 0.355184 0.0458174 0.130979 0.054246
1 0.499552 0.94079 0.951617 0.119505 0.0540254
1 0.508281 0.950706 0.982971 0.0991818 0.0537677
1 0.944446 0.606379 0.11399 0.785837 0.053609
4 0.671525 0.0585176 0.652313 0.115695 0.053484
4 0.322868 0.426094 0.283147 0.315176 0.0527358
1 0.342752 0.966525 0.300155 0.0678585 0.0525381
10 0.60702 0.369971 0.0478261 0.151734 0.0520511
4 0.499904 0.381848 0.277572 0.199343 0.0509478
4 0.287965 0.317165 0.171922 0.133749 0.0506589
4 0.285121 0.304271 0.160033 0.130777 0.0501694
1 0.171698 0.970325 0.340501 0.0601022 0.0496812
1 0.507938 0.711398 0.985208 0.581522 0.0495387
1 0.125806 0.966968 0.249387 0.0666512 0.0494755
4 0.708994 0.0256726 0.566233 0.0521124 0.0491862
4 0.623321 0.024719 0.353643 0.0494679 0.0491722
4 0.710567 0.41451 0.0742508 0.0756967 0.0490013
4 0.72048 0.397053 0.0822573 0.0980924 0.0485973
1 0.0373139 0.914141 0.0768433 0.17558 0.0485563
9 0.40136 0.452238 0.109231 0.142894 0.0484329
4 0.233297 0.454977 0.458453 0.323397 0.0479605
9 0.404422 0.422333 0.127292 0.217621 0.047738
1 0.821356 0.654188 0.36869 0.691175 0.047321
1 0.337122 0.761548 0.671184 0.483635 0.0472621
10 0.864109 0.479533 0.0346413 0.0974433 0.0472181
10 0.971471 0.949528 0.06024 0.100618 0.0471846
10 0.571081 0.363913 0.046627 0.148952 0.0469571
1 0.0730742 0.965162 0.145782 0.0707034 0.0468841
10 0.96603 0.921583 0.0620806 0.157833 0.0464442
10 0.766785 0.351467 0.0516765 0.0991766 0.0463341
1 0.379874 0.96796 0.261072 0.064624 0.0462515
1 0.229997 0.390676 0.463237 0.488248 0.0457677
1 0.429876 0.971593 0.284823 0.0569603 0.0456887
10 0.977709 0.89548 0.0425708 0.165819 0.0451365
1 0.514224 0.928991 0.971654 0.142583 0.0447148
1 0.68591 0.0639159 0.623391 0.126169 0.0444253
6 0.0149007 0.323002 0.0311548 0.207608 0.043837
10 0.984493 0.929738 0.0323542 0.14146 0.0436255
1 0.817504 0.609883 0.376056 0.777865 0.0436115
10 0.988427 0.441493 0.0237587 0.198413 0.0435816
4 0.706085 0.0588216 0.578748 0.115841 0.0433978
4 0.275248 0.305799 0.178973 0.112378 0.0433025
4 0.316827 0.319878 0.069156 0.0933258 0.0432937
1 0.187328 0.379487 0.377606 0.419005 0.0431808
10 0.379034 0.460227 0.0559027 0.111022 0.0425929
4 0.11458 0.464568 0.232145 0.302387 0.0425401
4 0.689575 0.405919 0.0751473 0.0850853 0.04251
4 0.720303 0.0304054 0.555553 0.0610904 0.0424838
10 0.0120436 0.415541 0.025355 0.388513 0.0423851
10 0.0104181 0.410604 0.0223122 0.382038 0.0423331
10 0.735961 0.324699 0.0506763 0.14219 0.0422853
10 0.843553 0.481925 0.044105 0.0983242 0.0418473
1 0.289741 0.731982 0.577484 0.539602 0.0415321
4 0.155913 0.307889 0.134969 0.180551 0.0412704
4 0.388568 0.402664 0.143869 0.277444 0.0404934
4 0.827311 0.0290516 0.352425 0.058484 0.039863
10 0.617142 0.351699 0.0449197 0.132056 0.0398173
4 0.570914 0.0248197 0.254658 0.050265 0.039523
10 0.52315 0.377012 0.0491292 0.146456 0.0394835
10 0.011529 0.371515 0.0232778 0.109756 0.0394353
4 0.900566 0.961642 0.201746 0.0782805 0.0385879
10 0.0204165 0.427145 0.0423335 0.447889 0.0382873
4 0.100008 0.424987 0.20461 0.277189 0.0382553
1 0.988507 0.60711 0.0230303 0.556216 0.0381955
10 0.0114849 0.375666 0.0231225 0.0965639 0.0380019
10 0.987157 0.292433 0.0263874 0.134793 0.0376779
10 0.956764 0.949424 0.0904851 0.102126 0.0376263
4 0.10397 0.368362 0.204038 0.131448 0.037596
4 0.340501 0.334211 0.092322 0.130009 0.0374602
1 0.477578 0.974847 0.512004 0.0511354 0.037433
4 0.495603 0.394293 0.139388 0.150545 0.0371298
10 0.99298 0.520818 0.014382 0.16882 0.0370657
10 0.843693 0.343255 0.0477814 0.0872221 0.0367828
4 0.847927 0.0319109 0.307994 0.0632708 0.0366534
4 0.0606702 0.368128 0.111114 0.113237 0.0366453
8 0.0268107 0.53702 0.054457 0.180464 0.0364602
4 0.540397 0.375911 0.135283 0.198226 0.0363627
10 0.986158 0.297985 0.0286022 0.121834 0.0361978
1 0.947588 0.602535 0.106229 0.785942 0.0360718
10 0.943939 0.311949 0.021442 0.0877913 0.0360103
1 0.039209 0.961744 0.0799512 0.078656 0.0359432
1 0.488647 0.016338 0.0860867 0.0330341 0.0355711
4 0.274615 0.291775 0.136828 0.0896638 0.0353309
5 0.028109 0.516828 0.0563391 0.113604 0.0352527
10 0.986843 0.486488 0.0266747 0.314965 0.0343183
10 0.99011 0.900409 0.0196493 0.153835 0.0340748
6 0.0088773 0.316875 0.0184617 0.192888 0.0338173
4 0.933826 0.971955 0.136427 0.057335 0.033713
10 0.967638 0.958834 0.0681772 0.0835067 0.0335852
10 0.759496 0.360244 0.0448522 0.0968768 0.0335404
10 0.730636 0.326772 0.0521634 0.14072 0.0335301
10 0.840724 0.347084 0.0435644 0.077356 0.0334313
10 0.747611 0.252238 0.0556226 0.118067 0.0330638
10 0.936032 0.922945 0.0567878 0.15566 0.0329809
4 0.323105 0.349924 0.0886222 0.147572 0.0326753
1 0.0443081 0.330225 0.091314 0.207189 0.0321319
10 0.790403 0.332562 0.0432822 0.131518 0.0321272
10 0.946157 0.953413 0.108317 0.0947746 0.0319601
1 0.508469 0.0157839 0.104625 0.0328636 0.0316807
1 0.677044 0.0533991 0.631893 0.10651 0.0315132
4 0.593128 0.0250237 0.748753 0.0521872 0.0310881
10 0.607116 0.349602 0.0459124 0.118626 0.0310767
1 0.502617 0.627403 0.975708 0.748095 0.0308705
1 0.0503764 0.977443 0.104523 0.0458462 0.0308523
1 0.505907 0.650203 0.982185 0.701007 0.0307941
10 0.945708 0.98649 0.0690164 0.0267281 0.0307191
10 0.00996329 0.35489 0.0201779 0.137383 0.0305033
6 0.141814 0.314786 0.171851 0.208381 0.0304935
1 0.644531 0.659895 0.724862 0.676814 0.0304291
4 0.55295 0.0232275 0.3716 0.0480158 0.0303976
10 0.942877 0.972204 0.0713665 0.0563469 0.0302376
4 0.569274 0.430217 0.060573 0.0726598 0.0300768
1 0.252411 0.526854 0.51147 0.825171 0.0295313
10 0.962084 0.981497 0.0778845 0.0379104 0.0287702
1 0.308391 0.975497 0.148416 0.049626 0.0284785
10 0.952804 0.31207 0.021678 0.0930486 0.0284677
4 0.266637 0.223377 0.0788673 0.0964218 0.028389
10 0.986631 0.954643 0.0276449 0.0894111 0.0276489
4 0.228671 0.476276 0.295164 0.280447 0.0272806
10 0.0232688 0.5485 0.0477666 0.186493 0.0269858
4 0.650608 0.343714 0.0899946 0.156155 0.0269318
1 0.05938 0.983514 0.120156 0.0340258 0.0269088
10 0.79158 0.354082 0.0409687 0.0947836 0.0266523
4 0.917465 0.0298167 0.169983 0.0596185 0.0265548
4 0.493273 0.352309 0.288495 0.277341 0.0263585
10 0.54503 0.337346 0.0511815 0.0844307 0.026213
10 0.98304 0.980211 0.0349892 0.0401132 0.0259392
4 0.377802 0.461327 0.134974 0.153274 0.0258791
10 0.953509 0.984361 0.094769 0.032725 0.0257485
10 0.736659 0.267867 0.0590849 0.143907 0.0256769
4 0.356088 0.313182 0.0598134 0.0845899 0.0255084
4 0.426294 0.392626 0.480889 0.309561 0.0255042
10 0.697209 0.28414 0.0562448 0.180106 0.0253747
1 0.438616 0.749629 0.877473 0.501515 0.0251346
0 0.144733 0.0864353 0.287479 0.170398 0.0248701
10 0.737689 0.369444 0.0618798 0.112417 0.0247994
4 0.727579 0.448621 0.059003 0.132889 0.024787
1 0.442877 0.808 0.909849 0.381466 0.0246252
5 0.426287 0.0301921 0.205306 0.0614677 0.0244141
10 0.0174542 0.511961 0.0368798 0.102156 0.0242947
10 0.250541 0.440517 0.0672124 0.174272 0.0242193
4 0.562683 0.389283 0.052387 0.154283 0.0240372
10 0.830487 0.230153 0.0676179 0.136485 0.0238639
10 0.947799 0.311345 0.0151731 0.0743696 0.0238134
10 0.952648 0.564815 0.0925713 0.656791 0.0236843
2 0.082669 0.273167 0.0403935 0.131343 0.0236259
4 0.102257 0.499235 0.207118 0.314835 0.0228996
10 0.0136321 0.520921 0.0282486 0.121046 0.0227207
10 0.927985 0.987494 0.103189 0.0255991 0.0226764
10 0.94929 0.31059 0.0158394 0.100023 0.0226345
10 0.225042 0.442273 0.0639529 0.167808 0.0224773
4 0.892672 0.985201 0.176833 0.0303827 0.0223448
10 0.726393 0.398271 0.0654936 0.158908 0.0220805
10 0.488187 0.346 0.0558344 0.100745 0.0218094
10 0.714592 0.331467 0.0557923 0.155035 0.0215942
1 0.483263 0.723747 0.950022 0.549925 0.0214829
4 0.321572 0.454908 0.0846819 0.14615 0.0212997
10 0.0120119 0.540415 0.0245693 0.152724 0.0210605
1 0.0368822 0.983999 0.0741256 0.0326353 0.0209305
4 0.24841 0.224781 0.0943166 0.106029 0.0207736
1 0.50535 0.618063 0.965779 0.7605 0.0207225
1 0.39391 0.36691 0.422376 0.496725 0.0203787
4 0.697169 0.363147 0.0654532 0.178934 0.0203244
1 0.439326 0.636981 0.872388 0.72466 0.0192437
4 0.82423 0.483026 0.0394863 0.0922112 0.0190295
1 0.413191 0.323205 0.832373 0.629213 0.0189804
1 0.0315223 0.984342 0.0648659 0.0332546 0.0185564
4 0.0162508 0.0411098 0.0333957 0.0851321 0.0184185
4 0.876301 0.141754 0.0223139 0.084339 0.0181356
10 0.855053 0.338416 0.0443617 0.0913767 0.0178651
1 0.0672257 0.985982 0.0874922 0.0278274 0.0176892
10 0.0396375 0.230463 0.0807271 0.137668 0.0174934
10 0.428526 0.454509 0.0710593 0.106956 0.0173894
4 0.735623 0.380363 0.105127 0.142755 0.0166827
10 0.986548 0.245686 0.0261909 0.100704 0.0158796
2 0.0731599 0.299757 0.0458452 0.188355 0.0156825
1 0.40569 0.431102 0.820461 0.825263 0.0154719
4 0.826654 0.155822 0.0225912 0.0331918 0.0151217
10 0.986496 0.915596 0.187059 0.174963 0.0150144
1 0.474448 0.650546 0.798893 0.699537 0.0149767
10 0.985209 0.891965 0.174733 0.227532 0.0147536
3 0.66468 0.39441 0.398902 0.287037 0.0145156
4 0.825109 0.163993 0.0214569 0.0507062 0.0138707
6 0.648437 0.121592 0.0669257 0.16347 0.0129042
