11 0.925859 0.597825 0.0743417 0.142259 0.629609
6 0.934075 0.519542 0.114866 0.290417 0.433722
5 0.31318 0.213241 0.0287034 0.0424719 0.321364
6 0.984987 0.552465 0.0308153 0.196833 0.289985
2 0.92264 0.950855 0.0585649 0.0984729 0.27492
11 0.110701 0.756778 0.219838 0.48047 0.269625
10 0.984589 0.647237 0.0313073 0.413342 0.258038
10 0.986038 0.711219 0.0281282 0.281116 0.191832
5 0.32646 0.210967 0.0285588 0.0434858 0.191373
6 0.304313 0.166311 0.0325351 0.0531599 0.188394
11 0.496575 0.740791 0.496352 0.508275 0.17895
7 0.269479 0.769397 0.0510145 0.0871417 0.165375
6 0.267095 0.974617 0.303242 0.0508093 0.161802
6 0.98462 0.592945 0.0309381 0.114889 0.154944
2 0.930046 0.952158 0.0386837 0.0959053 0.149238
0 0.216506 0.226 0.0410407 0.0776629 0.144318
4 0.500821 0.157535 0.0249548 0.0337045 0.142672
6 0.968945 0.561367 0.0614616 0.223587 0.140957
6 0.984354 0.576321 0.0301629 0.167113 0.135875
6 0.977955 0.580797 0.042753 0.205536 0.131913
6 0.985957 0.728895 0.0285576 0.25077 0.130267
10 0.98281 0.734648 0.0350765 0.512565 0.126983
5 0.316811 0.211361 0.0348541 0.0508177 0.126935
11 0.477856 0.74002 0.927146 0.513074 0.126105
6 0.982829 0.589498 0.0340748 0.166705 0.12582
10 0.983301 0.540334 0.0345453 0.656886 0.125146
11 0.975335 0.601366 0.0451106 0.0961685 0.122876
11 0.973189 0.602859 0.0453146 0.0947744 0.117832
7 0.0125105 0.975265 0.0245549 0.0501751 0.113755
5 0.303003 0.212175 0.0325167 0.0445362 0.113486
11 0.976719 0.598878 0.045193 0.104872 0.111545
6 0.98017 0.5742 0.0397814 0.24978 0.110355
7 0.0127789 0.981049 0.0252734 0.0386688 0.108216
4 0.50356 0.157594 0.0262457 0.031281 0.106266
11 0.972241 0.524091 0.0570362 0.132752 0.101779
10 0.988241 0.606312 0.0248072 0.507627 0.101086
6 0.207405 0.979688 0.411082 0.041747 0.100436
2 0.915661 0.953721 0.0420532 0.0943392 0.0988818
6 0.61965 0.823801 0.169769 0.213319 0.0942004
6 0.986659 0.59925 0.0277075 0.0927065 0.0940509
6 0.61903 0.844228 0.177981 0.25538 0.0930236
6 0.935543 0.483256 0.113799 0.203919 0.0920871
6 0.992204 0.539215 0.0164198 0.181136 0.0902326
10 0.284388 0.762352 0.314539 0.476238 0.0899729
6 0.225414 0.97671 0.198798 0.046425 0.0888745
2 0.925541 0.951377 0.0336315 0.098912 0.0872626
11 0.204369 0.753679 0.410298 0.492595 0.0872072
10 0.0235801 0.61494 0.0482009 0.475958 0.0856098
10 0.986576 0.455795 0.0278436 0.400581 0.0835831
6 0.476545 0.866054 0.160076 0.253698 0.083148
10 0.99135 0.608075 0.0181087 0.468385 0.0830699
10 0.271781 0.810617 0.30978 0.380852 0.0824926
7 0.25208 0.771523 0.0382089 0.0756855 0.0814798
11 0.411945 0.74415 0.675202 0.512929 0.0813645
10 0.987058 0.329735 0.0265334 0.191195 0.080086
10 0.987538 0.353908 0.0258881 0.430871 0.0795312
6 0.263262 0.966689 0.340909 0.0664041 0.0789998
4 0.64588 0.182973 0.0283473 0.0373343 0.0787383
4 0.300673 0.166571 0.033634 0.0564871 0.0786849
6 0.216 0.230101 0.0348098 0.0593812 0.0783971
6 0.934863 0.674833 0.126652 0.644937 0.077262
10 0.319372 0.0144243 0.049529 0.029921 0.0754299
10 0.976485 0.794526 0.0471251 0.397503 0.0751475
10 0.0227474 0.703578 0.0459337 0.562971 0.0746297
11 0.140626 0.747883 0.280907 0.504002 0.0744073
11 0.109273 0.682201 0.21795 0.310715 0.0742147
11 0.980082 0.510207 0.04182 0.129379 0.0734339
6 0.685095 0.672554 0.125988 0.341143 0.0733442
10 0.986623 0.661299 0.0256144 0.400217 0.0728511
2 0.0149153 0.94916 0.0303327 0.103522 0.0727856
10 0.300348 0.050235 0.0237053 0.046159 0.0721122
6 0.554575 0.863586 0.319347 0.270644 0.0706591
6 0.475243 0.850952 0.15187 0.222248 0.0703227
10 0.984928 0.731843 0.0293311 0.241072 0.0696598
6 0.0147557 0.919568 0.0301348 0.161747 0.0692356
10 0.330817 0.0323058 0.0431025 0.0659899 0.0691998
6 0.161941 0.967476 0.324527 0.0655103 0.0690438
11 0.0347597 0.881096 0.0711797 0.235252 0.0679303
11 0.981913 0.508908 0.0374694 0.145447 0.0679109
10 0.0208607 0.54671 0.0425379 0.337104 0.0671356
10 0.302409 0.0509091 0.0271349 0.0449174 0.0666149
10 0.316576 0.0348509 0.0646224 0.0677086 0.0663861
10 0.0231858 0.66871 0.0476618 0.505794 0.0663422
10 0.986732 0.324964 0.0273703 0.172668 0.0660273
2 0.936696 0.951582 0.0320295 0.0983085 0.065756
11 0.933979 0.76306 0.13439 0.477171 0.065626
6 0.0224304 0.575855 0.0462852 0.275512 0.0655055
11 0.93767 0.632629 0.121538 0.549745 0.0641107
6 0.62382 0.781052 0.165441 0.22564 0.0631756
4 0.60751 0.164592 0.0534442 0.0492086 0.0630441
2 0.809401 0.98986 0.0474518 0.0198157 0.062672
6 0.366332 0.975527 0.506268 0.0492479 0.0625689
10 0.0350236 0.556148 0.0707464 0.871541 0.0624593
7 0.0115859 0.956694 0.0223529 0.0907081 0.0624508
7 0.286627 0.772546 0.046695 0.0904432 0.0622454
6 0.0642779 0.914976 0.130423 0.171224 0.0621836
6 0.985888 0.615542 0.0291561 0.0859318 0.0618882
10 0.298548 0.0130395 0.0292246 0.0273609 0.0618
11 0.942542 0.756834 0.116888 0.486757 0.0613972
6 0.983182 0.738258 0.0311527 0.249512 0.0604953
6 0.0623405 0.953473 0.127024 0.0950179 0.0599643
6 0.938758 0.887434 0.124569 0.225503 0.0599343
10 0.0315693 0.656015 0.0644564 0.663721 0.0598435
11 0.0547066 0.886698 0.111432 0.226817 0.0597848
10 0.314868 0.0315559 0.0484196 0.0647 0.0594282
6 0.939602 0.507555 0.119897 0.315034 0.0592507
10 0.990806 0.497216 0.0187315 0.285549 0.0589059
6 0.896348 0.94574 0.199853 0.109034 0.0583208
10 0.989733 0.49869 0.0212894 0.283941 0.057832
4 0.569174 0.166273 0.0451643 0.031671 0.0576279
10 0.0461051 0.52172 0.091642 0.947022 0.057012
4 0.463647 0.16731 0.0311491 0.026437 0.0564168
11 0.498806 0.739323 0.481161 0.49841 0.0563955
6 0.991871 0.531792 0.0157233 0.168164 0.0559191
11 0.0191417 0.778045 0.0404085 0.437831 0.0551814
10 0.981091 0.329193 0.0391532 0.488212 0.0541724
6 0.920933 0.477006 0.0913818 0.168258 0.0541225
6 0.686626 0.646503 0.116858 0.291401 0.0538339
10 0.987434 0.376981 0.0250065 0.0693645 0.0537719
10 0.967936 0.94957 0.0634367 0.103652 0.0536144
7 0.24125 0.774792 0.0386543 0.0836585 0.0535536
10 0.0125657 0.508134 0.0263412 0.492828 0.0533812
10 0.280516 0.0490805 0.0222475 0.0507657 0.0529507
2 0.916785 0.987492 0.0491524 0.0247794 0.052715
11 0.0778142 0.778461 0.157218 0.439732 0.0525477
10 0.342728 0.0869 0.022246 0.0443969 0.0522607
10 0.982821 0.740593 0.0305234 0.251593 0.0516203
10 0.284811 0.164916 0.0282245 0.0578406 0.0515847
10 0.438649 0.168971 0.0275985 0.0307199 0.0511181
10 0.282623 0.167656 0.0311629 0.0604719 0.0509859
6 0.63918 0.716464 0.20169 0.437687 0.0508774
6 0.982758 0.915086 0.0338731 0.170636 0.050769
7 0.249077 0.776296 0.0451732 0.0791134 0.0506057
2 0.924148 0.956889 0.0595646 0.088171 0.0500631
4 0.480506 0.165377 0.0276149 0.0252136 0.0500544
6 0.509286 0.870609 0.233484 0.258274 0.0495984
10 0.988029 0.716403 0.0232871 0.247867 0.0494018
11 0.92801 0.598325 0.0661713 0.132693 0.0492851
10 0.987331 0.366827 0.025374 0.0986224 0.0486749
6 0.0626503 0.830439 0.124931 0.339302 0.0483331
10 0.948261 0.495534 0.105404 0.726037 0.0477841
6 0.212773 0.95347 0.422162 0.0947764 0.0473465
6 0.90738 0.891458 0.188693 0.220022 0.0470968
10 0.321906 0.161407 0.0292472 0.0540627 0.0468931
10 0.339382 0.0141472 0.0387627 0.0296182 0.0467961
6 0.986152 0.771987 0.0289318 0.160858 0.0466587
2 0.939334 0.942582 0.114731 0.117018 0.0466093
11 0.108311 0.769555 0.220958 0.462157 0.0464858
6 0.193658 0.231303 0.03661 0.0780653 0.0462038
10 0.31825 0.0476998 0.0280647 0.0487996 0.0460346
7 0.266604 0.774187 0.0842166 0.116445 0.0456322
11 0.490934 0.744317 0.511798 0.509053 0.0455983
11 0.38282 0.736698 0.730932 0.517245 0.0447242
10 0.299466 0.7714 0.40335 0.455608 0.0446887
5 0.285833 0.2147 0.0366428 0.0479303 0.0446666
6 0.199682 0.244896 0.0346567 0.0572314 0.0445602
10 0.298905 0.0377278 0.0468532 0.0758886 0.044408
4 0.476497 0.162322 0.0219879 0.0297608 0.044138
6 0.19961 0.22369 0.0337429 0.075691 0.044116
11 0.231747 0.753402 0.461219 0.491166 0.0437363
6 0.829444 0.985553 0.139774 0.0294977 0.0436761
11 0.982651 0.473749 0.0376921 0.204052 0.0433763
4 0.546656 0.165849 0.0226749 0.0273839 0.0430199
5 0.194634 0.424993 0.0618877 0.0672418 0.0429887
7 0.0104624 0.945383 0.0204023 0.11224 0.0429121
4 0.620485 0.175128 0.0290331 0.0294043 0.0426447
6 0.616509 0.739156 0.22508 0.501382 0.0425475
11 0.930224 0.600078 0.109899 0.149729 0.0422591
6 0.558922 0.74059 0.387608 0.509914 0.0421982
10 0.238296 0.848964 0.335729 0.304286 0.041578
10 0.98421 0.951004 0.0319283 0.100598 0.0414831
10 0.277479 0.0488269 0.0258582 0.0507124 0.041414
11 0.477827 0.744716 0.941595 0.498761 0.0410148
11 0.109576 0.640996 0.220635 0.238195 0.0408288
11 0.216124 0.750414 0.432887 0.496134 0.0406312
10 0.296938 0.0582704 0.0257981 0.0336246 0.0403567
6 0.938923 0.496609 0.122847 0.190678 0.0402465
10 0.00544249 0.1444 0.0121319 0.124381 0.0396686
6 0.0183862 0.846162 0.0378685 0.281934 0.0396547
10 0.223427 0.756095 0.40176 0.483807 0.0395854
11 0.985159 0.476843 0.0305943 0.0996045 0.039568
6 0.13581 0.924823 0.271901 0.153597 0.0395603
5 0.637701 0.181886 0.0281005 0.0393035 0.0395013
10 0.216256 0.766579 0.434936 0.466213 0.038783
6 0.458947 0.977965 0.695589 0.04373 0.0387646
11 0.104092 0.764486 0.21324 0.472955 0.0385786
7 0.733493 0.985915 0.0579203 0.0280276 0.0384838
7 0.292808 0.767272 0.0456678 0.0859523 0.0383694
11 0.933201 0.601288 0.0678381 0.129193 0.0382965
10 0.329493 0.0512577 0.0295288 0.0392235 0.0377658
6 0.704499 0.62606 0.0917765 0.253148 0.0374197
10 0.992564 0.497866 0.0161163 0.114007 0.036445
10 0.988802 0.708699 0.0214207 0.241623 0.0361789
6 0.23199 0.222044 0.0329298 0.0693512 0.0361678
10 0.332022 0.0452053 0.0321812 0.0489154 0.0360111
6 0.551981 0.80899 0.317228 0.37603 0.0359967
6 0.196077 0.97535 0.123931 0.0494454 0.0355054
10 0.250845 0.0461833 0.020415 0.0468064 0.0354893
11 0.946703 0.654042 0.158415 0.290451 0.0353911
6 0.18511 0.242722 0.0366007 0.0709911 0.035372
11 0.486635 0.757221 0.94514 0.475974 0.0350872
6 0.402744 0.167423 0.0397585 0.0422236 0.0349398
2 0.903855 0.990753 0.0649813 0.0188275 0.0348352
4 0.564877 0.162072 0.156896 0.0440286 0.0346924
5 0.663703 0.183754 0.0285362 0.0412935 0.0344718
6 0.877525 0.977823 0.234774 0.0448301 0.0341566
6 0.472955 0.977349 0.809557 0.0453663 0.0341187
6 0.206642 0.909259 0.40602 0.185112 0.0341043
11 0.0913899 0.889266 0.181075 0.227067 0.0338464
11 0.218847 0.751662 0.437288 0.492288 0.0336863
2 0.562654 0.248404 0.0176161 0.0279072 0.0332603
6 0.210472 0.989912 0.158169 0.0202807 0.0332046
6 0.33222 0.989896 0.23915 0.0206581 0.0330657
11 0.917594 0.597759 0.0618408 0.132224 0.0330097
10 0.26984 0.888109 0.297321 0.225608 0.0329203
6 0.62859 0.72734 0.219235 0.481615 0.0329067
10 0.811822 0.352896 0.0298492 0.0607146 0.0328889
11 0.164042 0.644749 0.324471 0.270124 0.0321893
11 0.938369 0.598255 0.0657631 0.122593 0.0321195
4 0.516841 0.15798 0.0256283 0.0347433 0.032114
4 0.0115958 0.133248 0.0231233 0.0853194 0.0320704
10 0.609903 0.0488055 0.0245523 0.0605686 0.0317891
10 0.43572 0.550168 0.645335 0.893485 0.031588
6 0.472368 0.792082 0.164616 0.395465 0.0315179
2 0.00914106 0.93526 0.0178851 0.137069 0.0313473
4 0.45638 0.167604 0.0238025 0.0261788 0.0309875
11 0.0476178 0.981018 0.0995642 0.03838 0.0309451
10 0.598585 0.706071 0.062651 0.0860569 0.0308542
2 0.898607 0.956596 0.0681549 0.0875616 0.0308039
11 0.913334 0.599956 0.0629686 0.136856 0.0306582
6 0.43324 0.968613 0.658034 0.0626661 0.0305225
2 0.826865 0.989448 0.0722997 0.0211556 0.0304897
6 0.902489 0.799524 0.200749 0.407718 0.0301094
6 0.906387 0.526914 0.149161 0.312219 0.0300203
4 0.589379 0.161874 0.0459305 0.0380717 0.0300124
6 0.57078 0.711877 0.0645305 0.0707837 0.0298768
4 0.457436 0.168174 0.0195023 0.0280317 0.0296849
11 0.455146 0.750972 0.857429 0.493778 0.0292475
10 0.252924 0.0112879 0.0517323 0.0230565 0.0286875
10 0.308852 0.0735145 0.0318495 0.088651 0.0279781
10 0.172926 0.0150573 0.0328462 0.0307535 0.0279428
6 0.589788 0.709584 0.0710869 0.0810193 0.0278713
11 0.554175 0.746732 0.347842 0.495542 0.0275022
10 0.300527 0.0857474 0.0347666 0.114295 0.0274157
4 0.475701 0.159849 0.0310694 0.0317102 0.027049
10 0.00588376 0.48182 0.011876 0.241486 0.0267684
10 0.207155 0.551465 0.385228 0.900406 0.0267213
6 0.908505 0.483853 0.0808048 0.174742 0.0267056
11 0.886672 0.683537 0.228953 0.629267 0.0267025
6 0.0378764 0.714665 0.0768194 0.340426 0.0265787
10 0.357282 0.0128258 0.0282656 0.0257316 0.026557
10 0.334672 0.889411 0.221127 0.219729 0.0264887
10 0.988112 0.694769 0.0216946 0.21853 0.0262465
10 0.00694658 0.413121 0.0137891 0.147649 0.0261415
11 0.484153 0.57831 0.923267 0.83827 0.0259996
6 0.487747 0.983109 0.609137 0.032628 0.0259633
10 0.275517 0.757218 0.232082 0.480658 0.0259521
6 0.13707 0.987652 0.172768 0.0252131 0.0259326
6 0.357081 0.991113 0.138212 0.0185935 0.0257913
11 0.918739 0.622663 0.108724 0.536481 0.0255884
10 0.359717 0.0836475 0.0200211 0.0448 0.0255847
6 0.539922 0.156281 0.049284 0.0423115 0.0253091
4 0.0103543 0.153916 0.0214109 0.113286 0.0252826
6 0.18421 0.990128 0.13596 0.0201258 0.0250356
11 0.487879 0.947562 0.920016 0.106078 0.0248634
10 0.326759 0.13857 0.0274462 0.0714847 0.0243521
2 0.480142 0.280894 0.0283421 0.0937693 0.0242336
10 0.983842 0.699805 0.106978 0.310484 0.0234133
11 0.536765 0.749742 0.86876 0.49934 0.0233231
10 0.353288 0.139767 0.0264723 0.0548112 0.022677
10 0.616639 0.709743 0.0819342 0.0896544 0.0219251
11 0.584589 0.641037 0.288467 0.328845 0.0218055
6 0.415085 0.164741 0.0389661 0.0432166 0.0216109
6 0.611739 0.922527 0.162933 0.156166 0.0211545
5 0.707645 0.195232 0.0274438 0.0381188 0.0211218
6 0.643061 0.73139 0.253657 0.481284 0.0207428
11 0.981522 0.643407 0.175343 0.376356 0.0203426
6 0.667867 0.607813 0.157422 0.423357 0.0203338
11 0.0485787 0.680225 0.0975165 0.268794 0.020315
10 0.345239 0.0446597 0.0310267 0.0464192 0.0202604
6 0.173654 0.24143 0.0419427 0.0843577 0.0199588
10 0.260377 0.172317 0.0269782 0.0634236 0.0196345
11 0.666416 0.74551 0.531745 0.502614 0.0192463
11 0.551462 0.568644 0.380823 0.360627 0.0185749
11 0.716185 0.741762 0.448969 0.505349 0.0183682
10 0.187791 0.0631025 0.0190882 0.0314 0.0183225
11 0.535335 0.749858 0.84971 0.493558 0.0182487
6 0.448297 0.924359 0.776562 0.155013 0.018212
10 0.423327 0.170453 0.0229815 0.0283605 0.0180369
10 0.364044 0.0298439 0.0320172 0.0602448 0.0179693
10 0.439683 0.431686 0.0171622 0.027947 0.0179464
10 0.323365 0.0862437 0.0201317 0.0442281 0.0175082
6 0.557586 0.950033 0.298231 0.100906 0.0167921
6 0.455981 0.761885 0.570039 0.478177 0.0161009
11 0.444474 0.732023 0.613258 0.445238 0.0157347
11 0.838199 0.672564 0.311632 0.651357 0.0152728
11 0.466353 0.889903 0.77302 0.223623 0.0147095
10 0.651543 0.933682 0.0333359 0.0634234 0.0139644
10 0.318883 0.0302254 0.323086 0.0618389 0.0138575
11 0.553768 0.564705 0.390763 0.59527 0.0126208
