6 0.429266 0.520158 0.12197 0.279212 0.82609
10 0.495356 0.0880734 0.0554238 0.173204 0.800469
11 0.695325 0.655649 0.241857 0.360729 0.780401
6 0.589807 0.62761 0.116318 0.36029 0.748418
2 0.760993 0.231536 0.0218706 0.0986661 0.726008
6 0.517709 0.332938 0.101403 0.245845 0.682624
11 0.348233 0.463043 0.186357 0.294434 0.669062
7 0.740384 0.261318 0.0282259 0.0914824 0.667371
6 0.346234 0.231165 0.0780356 0.189002 0.659296
10 0.718241 0.148028 0.0874451 0.203892 0.64675
11 0.776751 0.353093 0.17731 0.266337 0.62009
11 0.315795 0.15329 0.169254 0.203289 0.609665
6 0.704244 0.372133 0.10742 0.298707 0.57113
11 0.464568 0.286581 0.175178 0.275167 0.566045
10 0.87623 0.260082 0.10404 0.293919 0.538627
11 0.159706 0.750991 0.309489 0.481087 0.50925
7 0.668971 0.627795 0.0225328 0.0715408 0.450298
6 0.288083 0.275453 0.0764384 0.15672 0.413142
10 0.568304 0.0941507 0.0416421 0.1291 0.407908
7 0.236062 0.651391 0.0256119 0.0548304 0.348459
6 0.891908 0.361671 0.124236 0.343525 0.345388
7 0.736565 0.591209 0.0301237 0.0595708 0.283124
6 0.835494 0.808676 0.219275 0.358014 0.26451
