6 0.429199 0.519921 0.124235 0.278539 0.8248
6 0.590211 0.62794 0.116678 0.362101 0.784441
2 0.761138 0.230242 0.0223096 0.0993939 0.742965
11 0.697477 0.654385 0.240715 0.361852 0.735278
11 0.316761 0.148609 0.169891 0.192817 0.732159
6 0.34643 0.235565 0.0779518 0.181952 0.678074
10 0.495466 0.0867972 0.0517881 0.169755 0.670454
6 0.518326 0.33291 0.0998908 0.246775 0.647
11 0.464694 0.275351 0.169161 0.254935 0.617565
11 0.776628 0.347084 0.17618 0.27362 0.587415
6 0.704298 0.371777 0.107206 0.298356 0.564213
7 0.738949 0.268309 0.0223271 0.0683048 0.561593
11 0.349473 0.462907 0.18784 0.292877 0.553195
10 0.714128 0.136018 0.0880707 0.192506 0.539064
11 0.158649 0.715059 0.309449 0.550906 0.492797
10 0.881951 0.289452 0.0994133 0.187245 0.416667
7 0.66919 0.624209 0.0249699 0.072337 0.370494
6 0.891308 0.386432 0.128381 0.39261 0.322404
6 0.428327 0.334535 0.0652725 0.140456 0.287713
11 0.278037 0.252368 0.0950042 0.191132 0.284191
10 0.153759 0.310366 0.122683 0.269863 0.270763
6 0.412441 0.278293 0.0910022 0.235757 0.261754
