6 0.429494 0.520238 0.124992 0.28096 0.850339
11 0.697164 0.655032 0.23747 0.36031 0.775191
6 0.590145 0.628004 0.117065 0.362761 0.772865
11 0.351065 0.462782 0.186205 0.293776 0.76225
2 0.760714 0.232487 0.0226217 0.0995166 0.751267
10 0.495005 0.086808 0.0522475 0.171231 0.731034
6 0.516844 0.330855 0.101845 0.248869 0.656402
11 0.315835 0.150609 0.173322 0.196999 0.648214
6 0.348721 0.234167 0.0747319 0.176895 0.640984
6 0.287682 0.275304 0.0755366 0.156842 0.635137
6 0.721105 0.383214 0.144013 0.315493 0.619845
11 0.46407 0.278997 0.174594 0.263153 0.598941
11 0.779099 0.29924 0.195553 0.353987 0.580807
11 0.157418 0.75149 0.306723 0.477708 0.499783
6 0.428004 0.335245 0.0657791 0.13925 0.44132
7 0.740118 0.263099 0.0252397 0.0849098 0.417004
6 0.834313 0.805903 0.2236 0.367513 0.408392
10 0.568361 0.0953828 0.0424445 0.129338 0.400296
7 0.669298 0.624749 0.0230244 0.0699661 0.366474
10 0.881275 0.2611 0.102617 0.24936 0.361508
6 0.889591 0.402815 0.126529 0.350777 0.360536
10 0.716404 0.162021 0.0826891 0.148276 0.337827
7 0.73667 0.590312 0.0294474 0.0607218 0.316946
6 0.306255 0.772596 0.140699 0.253124 0.277699
