6 0.428971 0.520429 0.125211 0.279824 0.839498
11 0.31669 0.156226 0.175114 0.208666 0.795056
2 0.760697 0.230322 0.0227831 0.101879 0.788519
6 0.345413 0.232324 0.0731156 0.18409 0.76724
11 0.696979 0.655521 0.241315 0.366172 0.76209
6 0.58992 0.627534 0.116739 0.36114 0.75699
10 0.49487 0.0878679 0.0527824 0.171074 0.740422
11 0.34974 0.464246 0.186704 0.298782 0.722208
11 0.776501 0.341991 0.177975 0.289555 0.701967
10 0.718339 0.137839 0.0851761 0.194882 0.690953
6 0.516887 0.330768 0.101947 0.250289 0.661191
6 0.722528 0.376593 0.145856 0.31163 0.630306
11 0.464477 0.283632 0.175728 0.269766 0.570133
6 0.28988 0.273144 0.0749522 0.157943 0.566542
7 0.740437 0.265813 0.0256396 0.0828138 0.531396
11 0.160277 0.752178 0.311635 0.478901 0.517155
7 0.66915 0.625465 0.0243783 0.0726466 0.43413
10 0.882721 0.261911 0.0990002 0.254687 0.425321
6 0.306653 0.77261 0.140232 0.251612 0.408909
6 0.892635 0.379247 0.131822 0.381672 0.373112
7 0.736608 0.591411 0.028784 0.0603485 0.280674
6 0.827187 0.843936 0.211787 0.297824 0.259672
6 0.461011 0.103776 0.0334169 0.143095 0.259393
