6 0.428442 0.520141 0.120735 0.27708 0.811323
6 0.590833 0.622654 0.116224 0.353348 0.798312
10 0.494858 0.0882699 0.053154 0.171466 0.792945
2 0.760569 0.230274 0.0227724 0.101511 0.791004
11 0.696702 0.653255 0.240507 0.361844 0.781762
6 0.723586 0.378649 0.147726 0.315165 0.676524
10 0.881672 0.272698 0.0946169 0.274351 0.649813
11 0.346492 0.457359 0.191226 0.297381 0.630554
11 0.775632 0.351479 0.175087 0.270671 0.619745
10 0.384929 0.220217 0.117159 0.260167 0.598733
6 0.515746 0.33262 0.10534 0.247927 0.594615
10 0.713943 0.146789 0.0909282 0.179021 0.564245
7 0.669279 0.621893 0.024902 0.0725349 0.428365
11 0.15963 0.743273 0.311344 0.493818 0.365526
10 0.187505 0.253724 0.10932 0.252755 0.356079
11 0.474705 0.283064 0.151924 0.273211 0.344415
6 0.137234 0.281498 0.0887175 0.194069 0.320396
10 0.567018 0.100275 0.0407036 0.139411 0.288631
2 0.73985 0.258194 0.0300556 0.0972842 0.27133
7 0.31283 0.42094 0.0310267 0.0662389 0.269257
