6 0.430061 0.517029 0.122988 0.278924 0.854662
10 0.496422 0.0870081 0.0535983 0.170521 0.796589
6 0.590989 0.623946 0.11611 0.35482 0.768865
11 0.699428 0.65856 0.232503 0.364161 0.760795
11 0.464645 0.263747 0.152151 0.233901 0.757906
2 0.760813 0.231915 0.0210306 0.0971767 0.736705
6 0.514104 0.333381 0.104178 0.242426 0.651635
11 0.775451 0.362392 0.170791 0.27046 0.582196
10 0.715201 0.13518 0.0896841 0.194252 0.501214
11 0.160467 0.755702 0.311484 0.4713 0.497359
10 0.567378 0.0939766 0.0395098 0.123397 0.488795
10 0.672261 0.302274 0.178626 0.389911 0.486887
7 0.669606 0.623408 0.0239098 0.067465 0.458703
10 0.879023 0.260159 0.104851 0.25863 0.451609
11 0.342386 0.4651 0.185976 0.305621 0.347623
6 0.364748 0.231722 0.120573 0.267023 0.340771
6 0.888831 0.41088 0.123721 0.311814 0.332201
10 0.0770625 0.234267 0.049559 0.110793 0.276687
11 0.31414 0.158208 0.164955 0.198962 0.275713
