11 0.474767 0.302883 0.186895 0.305261 0.922345
6 0.700816 0.364566 0.100289 0.303444 0.903358
11 0.315232 0.163044 0.169076 0.22573 0.852709
11 0.810579 0.345534 0.240313 0.331112 0.852546
2 0.760603 0.234995 0.0240351 0.104758 0.804222
11 0.363719 0.48595 0.223892 0.352442 0.747444
11 0.670074 0.640254 0.276277 0.381632 0.577115
7 0.739441 0.264915 0.0256887 0.0785444 0.466404
6 0.719429 0.170795 0.100543 0.125132 0.401484
6 0.725925 0.175372 0.110285 0.120432 0.319108
10 0.494744 0.0850888 0.05223 0.166521 0.275126
