11 0.475281 0.303689 0.186676 0.303833 0.92172
11 0.317003 0.155291 0.165268 0.210331 0.902586
6 0.7015 0.365695 0.10198 0.305587 0.900433
11 0.812501 0.334354 0.243206 0.35681 0.871974
6 0.714922 0.168452 0.092412 0.123983 0.797205
10 0.15211 0.291834 0.124548 0.361856 0.696914
2 0.7614 0.236457 0.0231558 0.0948181 0.684817
11 0.36398 0.486633 0.225511 0.351843 0.666473
7 0.739084 0.26711 0.025282 0.0742845 0.627443
6 0.344274 0.227898 0.0785981 0.185731 0.531923
11 0.670497 0.640346 0.275941 0.38276 0.526671
2 0.7615 0.235353 0.022396 0.0981536 0.518114
10 0.494795 0.0858895 0.0519039 0.168345 0.297811
6 0.182649 0.705541 0.351235 0.547333 0.294283
6 0.15211 0.291834 0.124548 0.361856 0.282722
6 0.670497 0.640346 0.275941 0.38276 0.262481
