11 0.475936 0.303519 0.187156 0.30336 0.9249
6 0.701638 0.365945 0.101782 0.303017 0.896134
11 0.317242 0.152416 0.165189 0.204613 0.886899
11 0.812236 0.34761 0.243168 0.328833 0.853352
2 0.760206 0.23388 0.0243513 0.0980239 0.738605
11 0.365254 0.486307 0.224449 0.350299 0.695889
11 0.670495 0.64039 0.275647 0.381762 0.55586
6 0.344139 0.228586 0.0774034 0.18272 0.555219
7 0.740665 0.263556 0.0287245 0.082628 0.420006
2 0.760505 0.23389 0.0256646 0.0957242 0.322759
6 0.711498 0.169582 0.0837606 0.122933 0.313381
10 0.494813 0.0851988 0.0531684 0.16688 0.307575
