11 0.476181 0.302736 0.187891 0.302732 0.922824
6 0.701359 0.365367 0.101386 0.30275 0.89796
11 0.317986 0.153464 0.164486 0.205038 0.887286
11 0.811375 0.339511 0.245034 0.344951 0.864685
11 0.364551 0.486892 0.22364 0.353599 0.671962
11 0.670499 0.640976 0.275682 0.383615 0.664379
2 0.760446 0.233541 0.0238766 0.0983729 0.597243
6 0.344281 0.226649 0.0780129 0.180222 0.584888
7 0.740947 0.264378 0.0292676 0.0801315 0.472963
2 0.760552 0.234034 0.0252904 0.0956708 0.468707
6 0.712887 0.169703 0.0871314 0.122434 0.348493
