6 0.59601 0.623405 0.12403 0.350205 0.913206
6 0.707449 0.365113 0.112863 0.291119 0.881009
6 0.508679 0.328065 0.122447 0.255812 0.841643
11 0.320304 0.146296 0.158899 0.193485 0.804495
11 0.348541 0.440199 0.164514 0.247155 0.792327
2 0.760812 0.237878 0.0220471 0.0838091 0.77595
11 0.773553 0.32125 0.18147 0.324822 0.695424
11 0.704023 0.634347 0.2269 0.345102 0.569243
7 0.738444 0.594804 0.0211914 0.0434005 0.518036
2 0.737757 0.266424 0.022743 0.074096 0.491538
6 0.431067 0.515224 0.127637 0.273053 0.452702
11 0.462581 0.239365 0.166227 0.184599 0.297736
