6 0.595981 0.623201 0.122513 0.349633 0.919187
6 0.704399 0.365143 0.107334 0.291408 0.870972
10 0.160814 0.286316 0.109071 0.358659 0.831659
11 0.348497 0.441509 0.163908 0.244477 0.831243
2 0.760983 0.238537 0.0223128 0.0844191 0.776944
11 0.319061 0.150781 0.161644 0.198329 0.7579
6 0.506133 0.331238 0.121435 0.259469 0.724782
11 0.703178 0.633964 0.225246 0.343208 0.617076
6 0.431061 0.516811 0.127002 0.269894 0.616305
6 0.129604 0.53964 0.0885586 0.233496 0.607035
2 0.736638 0.263009 0.022192 0.0774857 0.590886
11 0.776119 0.301329 0.178937 0.354358 0.555302
7 0.73894 0.595132 0.0212803 0.0431235 0.441366
11 0.776976 0.313643 0.177102 0.332171 0.421537
11 0.461889 0.239278 0.15514 0.181347 0.350026
11 0.462371 0.242426 0.16086 0.183567 0.330074
6 0.445209 0.919667 0.103688 0.154953 0.278178
