6 0.595745 0.623237 0.123902 0.350477 0.912659
6 0.508191 0.328445 0.125797 0.256995 0.839715
11 0.348617 0.440628 0.16388 0.24558 0.829774
2 0.760944 0.23658 0.0222205 0.0850689 0.778062
11 0.319938 0.147324 0.159575 0.190105 0.726287
6 0.707754 0.365801 0.113719 0.291001 0.694452
11 0.774587 0.331419 0.181182 0.293613 0.671621
11 0.703205 0.634119 0.224544 0.343972 0.612869
6 0.430893 0.516309 0.127802 0.272949 0.54835
7 0.738547 0.594946 0.0215651 0.0427195 0.539558
6 0.279498 0.271564 0.0787927 0.156325 0.420778
11 0.46177 0.240746 0.162243 0.184118 0.363739
11 0.461638 0.237129 0.15737 0.183271 0.257397
