6 0.59581 0.623164 0.123147 0.349896 0.917363
6 0.707954 0.365998 0.113506 0.291689 0.884479
6 0.50626 0.328672 0.128183 0.255799 0.842906
11 0.348829 0.436446 0.164219 0.236608 0.827756
2 0.760895 0.236726 0.0220355 0.08482 0.75821
11 0.774762 0.331735 0.179767 0.298917 0.658937
11 0.319711 0.149313 0.160012 0.192299 0.653064
11 0.70305 0.63291 0.224305 0.342762 0.648111
6 0.430994 0.51722 0.128185 0.270806 0.610554
6 0.278826 0.270077 0.0745061 0.152662 0.39231
11 0.46344 0.238091 0.162986 0.180197 0.328241
7 0.739004 0.595456 0.0208878 0.0438552 0.292916
