6 0.595458 0.622559 0.123241 0.348984 0.915853
6 0.706967 0.365837 0.113099 0.289584 0.883932
6 0.504344 0.33351 0.115839 0.249252 0.807072
11 0.348099 0.433017 0.164768 0.237229 0.787918
6 0.431999 0.515405 0.126628 0.271831 0.77388
2 0.761046 0.237018 0.0216773 0.0849579 0.77317
11 0.70341 0.63441 0.224628 0.343902 0.661291
10 0.387733 0.232426 0.120383 0.278658 0.570025
10 0.195042 0.264081 0.0999448 0.268607 0.513597
11 0.77306 0.339934 0.173196 0.276793 0.509829
6 0.261305 0.261439 0.127075 0.289359 0.467842
10 0.169112 0.236941 0.0534606 0.218532 0.362675
7 0.738689 0.594822 0.0216562 0.0438869 0.335834
