6 0.596358 0.62361 0.125561 0.352472 0.919209
6 0.431337 0.514004 0.127711 0.272855 0.895141
10 0.630579 0.33355 0.0972422 0.450235 0.890869
6 0.504088 0.33478 0.11288 0.249251 0.854449
11 0.348395 0.435081 0.16295 0.241163 0.822077
2 0.760919 0.237485 0.0221286 0.0843286 0.800103
10 0.88006 0.281341 0.100506 0.309788 0.788073
10 0.369318 0.231446 0.125293 0.281413 0.739335
6 0.706786 0.359067 0.116531 0.305299 0.727545
11 0.703478 0.636623 0.227018 0.349871 0.579572
10 0.564671 0.0891818 0.0307522 0.105035 0.566722
11 0.76958 0.340227 0.181368 0.295997 0.559759
10 0.496319 0.0869102 0.0481721 0.171181 0.543705
6 0.841693 0.613153 0.230376 0.764518 0.374816
6 0.276614 0.274631 0.0739712 0.167266 0.372287
7 0.738639 0.594695 0.0213655 0.0449852 0.316195
6 0.445222 0.920072 0.105817 0.152793 0.263021
