11 0.347429 0.457853 0.165506 0.278333 0.861427
6 0.429541 0.517315 0.121649 0.274235 0.850152
6 0.515937 0.330801 0.104755 0.246579 0.844475
11 0.694462 0.641579 0.237986 0.341803 0.779121
10 0.495812 0.087688 0.0537737 0.17136 0.773143
6 0.344289 0.234023 0.0727222 0.180107 0.760583
7 0.739633 0.265562 0.0216882 0.0767656 0.759625
6 0.589991 0.626842 0.116775 0.357837 0.757137
2 0.761367 0.231816 0.022797 0.102016 0.672518
6 0.702884 0.367714 0.104217 0.298311 0.668922
11 0.156893 0.751279 0.304283 0.478385 0.656638
11 0.31526 0.146223 0.171797 0.186823 0.636865
6 0.428102 0.334664 0.0651033 0.14291 0.625454
11 0.460321 0.240771 0.160814 0.178845 0.611736
11 0.775085 0.358672 0.172512 0.242275 0.579429
10 0.717337 0.146453 0.0890287 0.207322 0.564952
7 0.669471 0.624006 0.0228701 0.0649821 0.551857
7 0.736666 0.590367 0.027446 0.0582201 0.545482
6 0.828049 0.8214 0.222466 0.346028 0.53804
6 0.896112 0.36222 0.129011 0.367549 0.523403
7 0.236152 0.650061 0.0262815 0.053098 0.447588
10 0.567505 0.0924221 0.0401772 0.12987 0.430252
6 0.46202 0.102609 0.0320107 0.141005 0.367125
6 0.28604 0.275934 0.0688311 0.150304 0.339518
6 0.449741 0.919157 0.136641 0.159681 0.252408
