6 0.516966 0.332655 0.103183 0.24286 0.85972
6 0.42895 0.518972 0.123862 0.276482 0.8485
6 0.702373 0.365919 0.103277 0.294884 0.806124
11 0.346932 0.458119 0.166425 0.280594 0.805827
11 0.316448 0.150518 0.168936 0.196989 0.798465
6 0.590716 0.625937 0.116314 0.354156 0.794213
6 0.345372 0.239059 0.0762422 0.171204 0.781794
2 0.761644 0.22899 0.0236769 0.105011 0.767444
11 0.697327 0.645302 0.238314 0.347552 0.76168
10 0.496921 0.0862047 0.05273 0.17035 0.728629
7 0.738628 0.270927 0.0207064 0.0649729 0.65594
11 0.77496 0.359322 0.172058 0.238439 0.647359
10 0.715813 0.136152 0.0905304 0.201945 0.599624
6 0.429003 0.335859 0.0648466 0.142212 0.583613
7 0.736947 0.590621 0.0269554 0.0595805 0.576713
11 0.155937 0.750518 0.303774 0.474878 0.571153
7 0.670169 0.621509 0.0240105 0.073258 0.565234
11 0.459133 0.242273 0.157268 0.181589 0.51814
6 0.894596 0.382185 0.130976 0.401724 0.50381
6 0.827026 0.813407 0.218592 0.363045 0.466284
10 0.567887 0.0998955 0.0417807 0.140357 0.341252
6 0.290176 0.275413 0.0657149 0.151231 0.314863
7 0.235753 0.649547 0.0260055 0.0597627 0.312585
