11 0.346666 0.456476 0.167604 0.277464 0.883371
6 0.517048 0.326569 0.103208 0.252578 0.857023
6 0.429111 0.519313 0.124225 0.280417 0.850203
6 0.590001 0.626441 0.11715 0.35812 0.814138
10 0.494908 0.088098 0.0504955 0.171971 0.762628
11 0.696863 0.640879 0.238017 0.345593 0.753999
2 0.76091 0.232087 0.0242987 0.103412 0.74327
11 0.314879 0.160661 0.16945 0.212625 0.722332
6 0.347351 0.238386 0.0691858 0.167045 0.717454
6 0.287033 0.27631 0.0718312 0.1508 0.702799
11 0.156186 0.717805 0.304567 0.545815 0.689298
6 0.428128 0.334711 0.0650251 0.141585 0.634146
11 0.779933 0.296105 0.1936 0.33853 0.629692
6 0.702908 0.369255 0.104992 0.301443 0.62413
7 0.736898 0.591143 0.0267218 0.0579263 0.572931
11 0.458932 0.240589 0.158346 0.18096 0.527073
7 0.669981 0.622597 0.0241426 0.071571 0.488884
6 0.894212 0.387013 0.130134 0.400093 0.4678
10 0.568226 0.0941953 0.0412226 0.128835 0.467681
7 0.740492 0.263714 0.0240518 0.0810564 0.466314
7 0.23598 0.650144 0.0256779 0.057292 0.42047
6 0.826428 0.818764 0.218198 0.350969 0.414121
6 0.308397 0.772988 0.134307 0.246722 0.396336
10 0.883861 0.299625 0.10418 0.218257 0.321113
6 0.70954 0.205209 0.0897921 0.161458 0.250024
