11 0.347593 0.457597 0.166024 0.279059 0.874525
6 0.517604 0.330106 0.102147 0.244861 0.869109
6 0.428806 0.518471 0.124063 0.27693 0.854301
6 0.344925 0.233932 0.0696023 0.177038 0.791114
11 0.696746 0.647004 0.239011 0.359847 0.786968
10 0.495207 0.0882785 0.0513493 0.172175 0.785465
2 0.760987 0.231253 0.0240201 0.103835 0.784252
6 0.590142 0.627899 0.116949 0.359681 0.766462
11 0.319164 0.14942 0.168786 0.190113 0.735716
11 0.775484 0.355547 0.173708 0.24185 0.673265
6 0.703306 0.367874 0.105576 0.298469 0.67186
6 0.287853 0.276186 0.0695824 0.151047 0.625029
11 0.156971 0.747441 0.304758 0.48491 0.622207
7 0.740401 0.265774 0.0240623 0.0775582 0.611873
10 0.717265 0.140353 0.0849213 0.205643 0.597606
7 0.737153 0.588824 0.0269867 0.0608636 0.554579
11 0.460173 0.241726 0.15899 0.182932 0.551454
6 0.428558 0.3349 0.0647879 0.141915 0.535038
6 0.894961 0.384051 0.130888 0.396243 0.524538
7 0.669292 0.622384 0.0230897 0.0696571 0.519047
6 0.82549 0.82488 0.215534 0.339674 0.439868
7 0.236076 0.650608 0.0265998 0.0586812 0.338009
10 0.880125 0.284434 0.105353 0.290837 0.31525
10 0.567695 0.0946203 0.0398453 0.126384 0.296442
6 0.30842 0.772638 0.134393 0.2456 0.277707
6 0.461466 0.103739 0.0316753 0.140471 0.270746
