6 0.516916 0.331236 0.103775 0.246882 0.837241
2 0.760932 0.230853 0.0237174 0.103062 0.787325
6 0.591052 0.623751 0.116418 0.352739 0.787224
10 0.496121 0.0886792 0.051511 0.172743 0.765892
6 0.429457 0.518978 0.119781 0.271605 0.760912
11 0.696296 0.639705 0.239791 0.343172 0.75618
11 0.347069 0.451068 0.166978 0.272026 0.700555
6 0.702955 0.366875 0.105174 0.295441 0.67336
11 0.775187 0.353977 0.173543 0.242844 0.624804
10 0.88107 0.264832 0.0972368 0.280428 0.592599
11 0.471327 0.242528 0.132374 0.184161 0.526355
10 0.385105 0.222875 0.109986 0.264084 0.522246
10 0.713233 0.164391 0.0934391 0.215052 0.49764
7 0.73669 0.592133 0.0263107 0.0555625 0.469709
7 0.669723 0.620198 0.0235754 0.0708071 0.449669
11 0.156096 0.741974 0.303079 0.496155 0.436243
6 0.89621 0.356086 0.1311 0.35811 0.427693
6 0.827529 0.822527 0.217491 0.344738 0.384614
11 0.320469 0.142322 0.167564 0.177264 0.32747
10 0.566463 0.0988256 0.03927 0.136881 0.325084
10 0.187312 0.241502 0.104555 0.226944 0.312283
7 0.740338 0.262719 0.0250254 0.0829061 0.309793
7 0.235514 0.648689 0.0292799 0.0576626 0.305244
2 0.837215 0.285039 0.0239172 0.0865256 0.276529
2 0.7407 0.258723 0.0262899 0.0932265 0.268259
