6 0.514109 0.333266 0.105823 0.242222 0.867467
6 0.430009 0.518219 0.120459 0.279197 0.846168
11 0.346966 0.459469 0.168776 0.284538 0.786943
11 0.699513 0.643758 0.230975 0.348318 0.769258
2 0.760761 0.232253 0.0235199 0.100677 0.751958
10 0.49551 0.0876967 0.0500362 0.17069 0.750842
6 0.590161 0.624794 0.11486 0.3533 0.746236
11 0.464623 0.250587 0.147147 0.202593 0.73065
10 0.8767 0.277098 0.10895 0.291505 0.72948
11 0.157898 0.748933 0.306122 0.484144 0.638622
6 0.894564 0.383764 0.131078 0.39199 0.626604
10 0.715341 0.13616 0.0935698 0.197777 0.612998
7 0.73673 0.5923 0.0259474 0.0573964 0.539402
10 0.637343 0.279122 0.107773 0.341736 0.530225
11 0.774711 0.352309 0.177022 0.245845 0.518519
10 0.567272 0.0933712 0.0378887 0.121261 0.479495
7 0.669596 0.62233 0.0231476 0.0682821 0.475953
7 0.73978 0.265733 0.0232058 0.0784385 0.396427
6 0.833396 0.797182 0.228854 0.386459 0.373379
11 0.275717 0.17654 0.0923434 0.17466 0.371512
11 0.315472 0.150108 0.163878 0.190604 0.345319
6 0.286797 0.28148 0.0725507 0.145909 0.333229
6 0.363805 0.234696 0.115674 0.256711 0.306819
6 0.451087 0.919983 0.142739 0.158229 0.306019
2 0.840611 0.249759 0.0248852 0.111046 0.280366
6 0.461556 0.104303 0.0314243 0.135597 0.267202
10 0.076985 0.233052 0.0473469 0.106737 0.254776
10 0.0959181 0.286425 0.0853669 0.21572 0.253935
