11 0.784526 0.313149 0.189287 0.3702 0.9104
11 0.351292 0.45772 0.174822 0.28701 0.835013
11 0.698425 0.64804 0.229685 0.392193 0.8152
11 0.318692 0.162614 0.165064 0.230738 0.784434
6 0.431777 0.516359 0.134243 0.277089 0.772775
11 0.463789 0.243607 0.166138 0.195432 0.754606
11 0.194467 0.739606 0.230527 0.450745 0.751416
6 0.834239 0.599724 0.259055 0.766953 0.751256
6 0.591435 0.623903 0.129528 0.364471 0.721282
6 0.703323 0.366816 0.111147 0.3005 0.700781
10 0.495897 0.0857079 0.0604668 0.171416 0.688477
2 0.761707 0.236604 0.0233082 0.0850859 0.682528
6 0.309587 0.77178 0.135118 0.24668 0.675608
7 0.668469 0.619252 0.0260614 0.0670089 0.599694
6 0.129833 0.539358 0.103257 0.257174 0.548891
6 0.447839 0.914366 0.128705 0.164895 0.545441
10 0.876842 0.284776 0.108103 0.359011 0.541696
6 0.514756 0.332753 0.114205 0.252955 0.541463
2 0.837762 0.277941 0.0263847 0.08852 0.508878
7 0.804278 0.218572 0.0254564 0.0486256 0.507055
7 0.739651 0.263643 0.0276859 0.0885112 0.414944
7 0.737431 0.603749 0.0220467 0.0400397 0.387916
6 0.716255 0.197148 0.10518 0.210557 0.37148
2 0.739772 0.263298 0.0276802 0.0875326 0.34454
6 0.350121 0.230972 0.092211 0.185824 0.342706
11 0.636724 0.156134 0.113799 0.141532 0.321245
6 0.286539 0.37919 0.0803285 0.142462 0.312914
