11 0.784888 0.316606 0.198929 0.368386 0.891897
11 0.7016 0.649045 0.22561 0.388356 0.861406
11 0.315715 0.180524 0.17092 0.270307 0.838687
11 0.352085 0.460337 0.179397 0.293836 0.829881
6 0.429063 0.516523 0.139862 0.278689 0.789435
11 0.194913 0.741662 0.233972 0.456832 0.741156
11 0.465357 0.245775 0.168219 0.201084 0.733429
10 0.496533 0.0871575 0.0646937 0.174315 0.716241
10 0.15583 0.328033 0.125066 0.260001 0.712931
6 0.702875 0.366172 0.11053 0.303071 0.711009
2 0.760974 0.234726 0.0263685 0.0943333 0.653657
6 0.514833 0.334635 0.116958 0.253194 0.64407
6 0.309644 0.77108 0.135333 0.250312 0.62902
6 0.833057 0.598487 0.255662 0.765824 0.628322
6 0.446008 0.914594 0.127571 0.164833 0.609925
7 0.73802 0.603383 0.0217562 0.0450464 0.598514
6 0.592958 0.623011 0.129185 0.362133 0.585707
2 0.838194 0.277063 0.0274614 0.0911044 0.576155
6 0.129937 0.54068 0.100907 0.258729 0.509092
11 0.636894 0.155352 0.114169 0.145136 0.493268
7 0.668455 0.618074 0.0263021 0.0689777 0.42666
7 0.804309 0.218399 0.0258518 0.0490834 0.4027
6 0.710438 0.170978 0.0945993 0.144216 0.357767
7 0.739158 0.262051 0.0258642 0.0878464 0.343797
6 0.818864 0.845629 0.228691 0.284822 0.333786
10 0.148194 0.193503 0.098814 0.198724 0.331659
6 0.356073 0.222779 0.0996405 0.202656 0.281402
2 0.198425 0.325085 0.0298775 0.0656203 0.279281
2 0.739047 0.26135 0.0252335 0.0875186 0.278378
