11 0.785725 0.32609 0.195269 0.37941 0.931372
11 0.703463 0.648939 0.22042 0.390829 0.865839
11 0.352052 0.458642 0.176269 0.288435 0.853844
11 0.194636 0.7379 0.225981 0.454506 0.825943
11 0.316258 0.166047 0.168995 0.2433 0.803795
6 0.431494 0.516168 0.136243 0.280117 0.785156
2 0.76129 0.235861 0.0241146 0.0858039 0.748178
10 0.495651 0.0874059 0.0608071 0.174812 0.7476
11 0.464432 0.242064 0.166642 0.196022 0.735854
6 0.703064 0.366022 0.111789 0.302298 0.714656
6 0.59237 0.623552 0.130294 0.36485 0.683812
6 0.310019 0.772028 0.134096 0.245066 0.653994
6 0.833451 0.595961 0.256593 0.762876 0.641791
7 0.668602 0.618866 0.0255793 0.0656338 0.640683
6 0.447752 0.914661 0.125606 0.164499 0.544351
7 0.804182 0.219058 0.0257061 0.0509932 0.536408
6 0.515358 0.330955 0.115224 0.255544 0.520978
11 0.636853 0.154101 0.113257 0.142433 0.500381
2 0.838676 0.27827 0.0281828 0.0893165 0.480493
2 0.740409 0.260611 0.0289097 0.0884376 0.428162
6 0.366316 0.234701 0.105138 0.180166 0.420538
7 0.738029 0.603764 0.0210037 0.0397018 0.393094
6 0.823373 0.828047 0.235879 0.319213 0.382433
10 0.116664 0.372295 0.118092 0.271319 0.366103
6 0.286563 0.379014 0.0812687 0.141754 0.346756
6 0.725509 0.180386 0.084167 0.135366 0.312093
10 0.863442 0.337016 0.138333 0.312819 0.311167
7 0.740412 0.261567 0.0292765 0.0898359 0.262864
