11 0.78564 0.318624 0.19551 0.378285 0.929228
11 0.351475 0.456006 0.177849 0.283625 0.843237
11 0.699303 0.648677 0.233401 0.389692 0.842349
11 0.19269 0.737072 0.231648 0.457459 0.806803
6 0.431289 0.515746 0.137188 0.281355 0.78195
11 0.464984 0.244033 0.167647 0.19932 0.75265
2 0.760655 0.232717 0.0248796 0.0906777 0.751406
6 0.591197 0.623651 0.129723 0.364369 0.737995
10 0.497094 0.0878142 0.0671228 0.175628 0.729385
11 0.317299 0.156093 0.167503 0.226921 0.716713
6 0.704093 0.366073 0.112756 0.303005 0.700807
6 0.310155 0.771784 0.134669 0.24392 0.678961
7 0.668278 0.616787 0.0261827 0.0655031 0.602132
6 0.515456 0.336291 0.115243 0.245589 0.58704
6 0.446814 0.914318 0.129046 0.165417 0.55944
7 0.804349 0.218049 0.0253563 0.048569 0.549234
6 0.832548 0.625293 0.256568 0.716098 0.416501
7 0.737502 0.604415 0.0216866 0.0420927 0.412555
2 0.838861 0.277683 0.0283825 0.0881715 0.403997
6 0.817865 0.846258 0.230001 0.285341 0.389844
11 0.63438 0.158168 0.118068 0.144752 0.382173
6 0.727159 0.175493 0.0824314 0.144512 0.36816
2 0.740382 0.261859 0.0282639 0.086243 0.343383
7 0.740517 0.262479 0.0287307 0.0882304 0.341138
6 0.362755 0.2247 0.0989301 0.197684 0.312948
6 0.286091 0.379183 0.0829015 0.141824 0.25384
