11 0.780701 0.299766 0.177822 0.401016 0.885835
11 0.70492 0.647259 0.22162 0.385104 0.859443
11 0.351632 0.458626 0.182153 0.295337 0.834379
6 0.432369 0.517528 0.131624 0.274856 0.76338
10 0.495865 0.0866137 0.0620405 0.173227 0.748316
11 0.476163 0.235022 0.14667 0.193456 0.73927
11 0.196213 0.747643 0.232816 0.441058 0.737124
2 0.760671 0.231159 0.0249702 0.0946912 0.735781
11 0.321486 0.142808 0.160008 0.201168 0.715669
6 0.703151 0.365533 0.111584 0.300825 0.704317
6 0.309008 0.769985 0.137686 0.251659 0.676993
10 0.186386 0.255383 0.11153 0.258627 0.6274
6 0.59253 0.622337 0.128861 0.362758 0.623121
10 0.383916 0.229297 0.126284 0.27711 0.6173
7 0.668624 0.616899 0.0259226 0.0680469 0.593068
6 0.513868 0.3369 0.117762 0.247101 0.578423
6 0.832555 0.599414 0.253123 0.757144 0.542491
6 0.448362 0.91449 0.126925 0.164895 0.52464
7 0.737675 0.60369 0.0215908 0.0422562 0.507808
6 0.25227 0.25549 0.129784 0.298994 0.47896
2 0.740026 0.258914 0.0270121 0.0803094 0.459224
7 0.804357 0.21748 0.0252575 0.0478503 0.443935
6 0.710665 0.195484 0.0954464 0.199235 0.434078
6 0.131302 0.538856 0.100971 0.259373 0.426236
10 0.869454 0.287274 0.117218 0.345566 0.398457
2 0.837946 0.276424 0.0274912 0.0909445 0.317541
11 0.635329 0.156185 0.113289 0.144198 0.316319
6 0.822499 0.831014 0.235497 0.311839 0.300044
6 0.286578 0.385049 0.078626 0.139348 0.277676
