11 0.782459 0.308334 0.178099 0.379421 0.912481
11 0.35073 0.455346 0.173642 0.286302 0.86897
11 0.704844 0.647755 0.217195 0.378084 0.835499
11 0.468136 0.246797 0.158794 0.201011 0.830565
6 0.431555 0.515243 0.133795 0.276776 0.786978
6 0.835124 0.599618 0.259107 0.75307 0.782863
11 0.194833 0.737394 0.231432 0.456616 0.76597
10 0.0922911 0.288885 0.0939979 0.231044 0.761728
10 0.495425 0.0847 0.0585055 0.1694 0.718653
6 0.311764 0.772382 0.130705 0.245478 0.704658
7 0.668661 0.616911 0.0249422 0.0647763 0.697605
6 0.704846 0.352516 0.112549 0.330382 0.66153
2 0.760393 0.234589 0.0244699 0.0847047 0.637492
10 0.638145 0.306103 0.123162 0.400812 0.606501
6 0.593162 0.621967 0.128705 0.359957 0.57118
6 0.509038 0.33454 0.110114 0.247588 0.564755
11 0.140412 0.279191 0.0862693 0.192458 0.530619
6 0.447643 0.915076 0.129148 0.16368 0.526955
7 0.804503 0.218028 0.0243673 0.0466098 0.516397
6 0.36597 0.227305 0.135042 0.274055 0.477277
6 0.132971 0.538727 0.0976177 0.253973 0.470728
11 0.35261 0.0942175 0.0929922 0.10278 0.438899
11 0.282911 0.169501 0.11222 0.216649 0.43458
10 0.86383 0.292692 0.139412 0.328637 0.427506
2 0.839648 0.275897 0.0219906 0.0844771 0.40763
7 0.739649 0.260488 0.0281492 0.0846729 0.342577
6 0.2851 0.380482 0.0789422 0.142273 0.341464
2 0.739859 0.25954 0.0278844 0.0826557 0.297426
7 0.737399 0.603265 0.0218473 0.0440157 0.257418
6 0.718942 0.189169 0.104528 0.210178 0.251794
