10 0.266248 0.688073 0.115799 0.294278 0.788782
6 0.354712 0.6741 0.115368 0.295289 0.705804
11 0.52722 0.685541 0.339241 0.406514 0.698241
8 0.218283 0.444893 0.107804 0.141791 0.669069
11 0.691945 0.823419 0.291463 0.324561 0.567401
6 0.685632 0.65903 0.111838 0.321714 0.530909
6 0.474184 0.862658 0.139511 0.226446 0.443032
11 0.926216 0.593032 0.0727848 0.125859 0.338837
6 0.62368 0.8555 0.154363 0.26646 0.302752
5 0.218027 0.446952 0.108537 0.138689 0.293727
6 0.935575 0.532572 0.113296 0.275066 0.252545
