6 0.70412 0.367212 0.10467 0.303436 0.925689
11 0.805649 0.312164 0.246534 0.370726 0.921777
11 0.47235 0.300973 0.184251 0.299741 0.916926
11 0.315091 0.196686 0.169621 0.289616 0.870655
2 0.761221 0.233808 0.0241088 0.0946593 0.562147
2 0.761258 0.232943 0.0231412 0.0967883 0.506942
6 0.445438 0.918219 0.105044 0.152633 0.503025
11 0.363601 0.478989 0.221663 0.323859 0.473254
6 0.34607 0.232633 0.0768473 0.197735 0.473221
10 0.494865 0.0853692 0.0529568 0.167906 0.290919
7 0.739613 0.267102 0.0250872 0.0758095 0.266661
