11 0.811005 0.315491 0.242931 0.364552 0.926066
6 0.704753 0.36817 0.105648 0.302887 0.924242
11 0.473283 0.301609 0.181752 0.298753 0.901409
11 0.317388 0.187887 0.16575 0.273193 0.897289
10 0.155259 0.290646 0.11884 0.358448 0.733369
6 0.34854 0.225744 0.080207 0.188965 0.679629
7 0.739164 0.268505 0.0258159 0.0749912 0.674854
2 0.761796 0.236236 0.0220056 0.0888389 0.656001
6 0.44548 0.918391 0.104616 0.152229 0.597998
6 0.715143 0.168213 0.0897272 0.124684 0.525217
6 0.671439 0.64082 0.273516 0.374812 0.514798
11 0.36369 0.476789 0.224229 0.32809 0.4243
10 0.49474 0.0859462 0.0515042 0.171034 0.393546
11 0.671439 0.64082 0.273516 0.374812 0.298215
