11 0.809054 0.328915 0.245646 0.363069 0.924819
6 0.705167 0.367206 0.106486 0.303679 0.92334
11 0.47435 0.301779 0.182537 0.29822 0.919819
11 0.316988 0.180823 0.166777 0.25915 0.862171
6 0.445632 0.91836 0.104502 0.152684 0.594321
6 0.347625 0.230493 0.0796894 0.189933 0.559726
11 0.67126 0.640836 0.272941 0.373056 0.49957
2 0.761045 0.232891 0.024803 0.0913838 0.473588
2 0.760677 0.232151 0.0235565 0.0928159 0.465379
11 0.366053 0.483842 0.222896 0.336485 0.448
7 0.740667 0.264144 0.0287554 0.0831978 0.373195
6 0.348215 0.228914 0.0806603 0.192309 0.343243
2 0.760445 0.232404 0.0250338 0.09187 0.265616
10 0.49512 0.0859501 0.0541344 0.168937 0.25526
