6 0.705103 0.366815 0.107428 0.302336 0.924178
11 0.492072 0.300426 0.145769 0.303165 0.910764
11 0.80538 0.31701 0.236847 0.376547 0.763987
10 0.251414 0.246249 0.112749 0.317185 0.739151
6 0.445164 0.91819 0.104383 0.153222 0.723939
11 0.671683 0.639824 0.272905 0.374468 0.55658
11 0.322032 0.140426 0.152301 0.171726 0.52295
10 0.494362 0.0867753 0.0512686 0.168965 0.418539
6 0.363404 0.455241 0.212099 0.405684 0.393503
2 0.760907 0.231953 0.0221584 0.0913727 0.358137
7 0.740771 0.263583 0.0293849 0.0800643 0.35743
2 0.761256 0.233071 0.0239267 0.0889319 0.342329
2 0.760464 0.230453 0.0241865 0.0922036 0.334464
6 0.170894 0.703313 0.327916 0.564002 0.250737
