11 0.478717 0.302189 0.165042 0.297581 0.91573
11 0.812914 0.326077 0.252899 0.378269 0.893391
10 0.640805 0.333592 0.115022 0.456823 0.761592
6 0.707168 0.372506 0.102245 0.302981 0.742883
2 0.761448 0.233381 0.0235628 0.0898065 0.608262
2 0.761162 0.232656 0.0224652 0.0913776 0.487683
11 0.672952 0.643233 0.269916 0.371628 0.435213
10 0.494875 0.0873594 0.0501481 0.169175 0.405599
6 0.672952 0.643233 0.269916 0.371628 0.390696
6 0.445961 0.918829 0.105747 0.151956 0.384464
10 0.564994 0.0921589 0.033087 0.116036 0.327818
6 0.432747 0.519158 0.11856 0.275783 0.32274
7 0.739632 0.263436 0.0266 0.0780692 0.278889
